#frame monomers_% popc_isolated_%
0 69.23076923076923 0.0
1 84.61538461538461 0.0
2 76.92307692307692 0.0
3 84.61538461538461 0.0
4 84.61538461538461 0.0
5 88.46153846153847 0.0
6 73.07692307692308 0.0
7 84.61538461538461 0.0
8 92.3076923076923 0.0
9 92.3076923076923 0.0
10 92.3076923076923 0.0
11 76.92307692307692 0.0
12 76.92307692307692 0.0
13 69.23076923076923 0.0
14 84.61538461538461 0.0
15 84.61538461538461 0.0
16 100.0 0.0
17 100.0 0.0
18 100.0 0.0
19 100.0 0.0
20 92.3076923076923 0.0
21 92.3076923076923 0.0
22 92.3076923076923 0.0
23 92.3076923076923 0.0
24 92.3076923076923 0.0
25 84.61538461538461 0.0
26 80.76923076923077 0.0
27 69.23076923076923 0.0
28 69.23076923076923 0.0
29 84.61538461538461 0.0
30 100.0 0.0
31 92.3076923076923 0.0
32 100.0 0.0
33 92.3076923076923 0.0
34 92.3076923076923 0.0
35 84.61538461538461 0.0
36 80.76923076923077 0.0
37 84.61538461538461 0.0
38 80.76923076923077 0.0
39 88.46153846153847 0.0
40 88.46153846153847 0.0
41 84.61538461538461 0.0
42 84.61538461538461 0.0
43 84.61538461538461 0.0
44 84.61538461538461 0.0
45 92.3076923076923 0.0
46 84.61538461538461 0.0
47 92.3076923076923 0.0
48 92.3076923076923 0.0
49 76.92307692307692 0.0
50 73.07692307692308 0.0
51 80.76923076923077 0.0
52 84.61538461538461 0.0
53 84.61538461538461 0.0
54 84.61538461538461 0.0
55 84.61538461538461 0.0
56 84.61538461538461 0.0
57 100.0 0.0
58 84.61538461538461 0.0
59 92.3076923076923 0.0
60 92.3076923076923 0.0
61 92.3076923076923 0.0
62 100.0 0.0
63 84.61538461538461 0.0
64 92.3076923076923 0.0
65 92.3076923076923 0.0
66 88.46153846153847 0.0
67 88.46153846153847 0.0
68 88.46153846153847 0.0
69 88.46153846153847 0.0
70 88.46153846153847 0.0
71 88.46153846153847 0.0
72 88.46153846153847 0.0
73 73.07692307692308 0.0
74 84.61538461538461 0.0
75 100.0 0.0
76 100.0 0.0
77 76.92307692307692 0.0
78 92.3076923076923 0.0
79 100.0 0.0
80 100.0 0.0
81 100.0 0.0
82 92.3076923076923 0.0
83 100.0 0.0
84 92.3076923076923 0.0
85 100.0 0.0
86 100.0 0.0
87 100.0 0.0
88 100.0 0.0
89 100.0 0.0
90 100.0 0.0
91 100.0 0.0
92 92.3076923076923 0.0
93 100.0 0.0
94 92.3076923076923 0.0
95 92.3076923076923 0.0
96 92.3076923076923 0.0
97 100.0 0.0
98 100.0 0.0
99 100.0 0.0
100 100.0 0.0
101 100.0 0.0
102 100.0 0.0
103 84.61538461538461 0.0
104 92.3076923076923 0.0
105 92.3076923076923 0.0
106 100.0 0.0
107 92.3076923076923 0.0
108 92.3076923076923 0.0
109 92.3076923076923 0.0
110 92.3076923076923 0.0
111 84.61538461538461 0.0
112 92.3076923076923 0.0
113 92.3076923076923 0.0
114 92.3076923076923 0.0
115 92.3076923076923 0.0
116 92.3076923076923 0.0
117 84.61538461538461 0.0
118 92.3076923076923 0.0
119 84.61538461538461 0.0
120 76.92307692307692 0.0
121 84.61538461538461 0.0
122 84.61538461538461 0.0
123 92.3076923076923 0.0
124 92.3076923076923 0.0
125 92.3076923076923 0.0
126 92.3076923076923 0.0
127 92.3076923076923 0.0
128 92.3076923076923 0.0
129 84.61538461538461 0.0
130 100.0 0.0
131 92.3076923076923 0.0
132 92.3076923076923 0.0
133 100.0 0.0
134 92.3076923076923 0.0
135 76.92307692307692 0.0
136 84.61538461538461 0.0
137 100.0 0.0
138 100.0 0.0
139 100.0 0.0
140 92.3076923076923 0.0
141 100.0 0.0
142 84.61538461538461 0.0
143 84.61538461538461 0.0
144 76.92307692307692 0.0
145 84.61538461538461 0.0
146 76.92307692307692 0.0
147 69.23076923076923 0.0
148 84.61538461538461 0.0
149 76.92307692307692 0.0
150 76.92307692307692 0.0
151 84.61538461538461 0.0
152 84.61538461538461 0.0
153 92.3076923076923 0.0
154 92.3076923076923 0.0
155 92.3076923076923 0.0
156 84.61538461538461 0.0
157 92.3076923076923 0.0
158 92.3076923076923 0.0
159 84.61538461538461 0.0
160 100.0 0.0
161 100.0 0.0
162 84.61538461538461 0.0
163 92.3076923076923 0.0
164 92.3076923076923 0.0
165 84.61538461538461 0.0
166 92.3076923076923 0.0
167 84.61538461538461 0.0
168 84.61538461538461 0.0
169 84.61538461538461 0.0
170 84.61538461538461 0.0
171 92.3076923076923 0.0
172 92.3076923076923 0.0
173 69.23076923076923 0.0
174 92.3076923076923 0.0
175 84.61538461538461 0.0
176 84.61538461538461 0.0
177 92.3076923076923 0.0
178 84.61538461538461 0.0
179 92.3076923076923 0.0
180 84.61538461538461 0.0
181 84.61538461538461 0.0
182 92.3076923076923 0.0
183 92.3076923076923 0.0
184 92.3076923076923 0.0
185 92.3076923076923 0.0
186 92.3076923076923 0.0
187 92.3076923076923 0.0
188 92.3076923076923 0.0
189 92.3076923076923 0.0
190 92.3076923076923 0.0
191 92.3076923076923 0.0
192 92.3076923076923 0.0
193 84.61538461538461 0.0
194 76.92307692307692 0.0
195 84.61538461538461 0.0
196 76.92307692307692 0.0
197 100.0 0.0
198 84.61538461538461 0.0
199 92.3076923076923 0.0
200 92.3076923076923 0.0
201 84.61538461538461 0.0
202 84.61538461538461 0.0
203 100.0 0.0
204 100.0 0.0
205 84.61538461538461 0.0
206 92.3076923076923 0.0
207 84.61538461538461 0.0
208 92.3076923076923 0.0
209 84.61538461538461 0.0
210 84.61538461538461 0.0
211 76.92307692307692 0.0
212 84.61538461538461 0.0
213 88.46153846153847 0.0
214 76.92307692307692 0.0
215 84.61538461538461 0.0
216 76.92307692307692 0.0
217 92.3076923076923 0.0
218 92.3076923076923 0.0
219 84.61538461538461 0.0
220 92.3076923076923 0.0
221 92.3076923076923 0.0
222 92.3076923076923 0.0
223 92.3076923076923 0.0
224 92.3076923076923 0.0
225 92.3076923076923 0.0
226 92.3076923076923 0.0
227 84.61538461538461 0.0
228 84.61538461538461 0.0
229 76.92307692307692 0.0
230 100.0 0.0
231 92.3076923076923 0.0
232 100.0 0.0
233 92.3076923076923 0.0
234 100.0 0.0
235 84.61538461538461 0.0
236 92.3076923076923 0.0
237 92.3076923076923 0.0
238 84.61538461538461 0.0
239 80.76923076923077 0.0
240 69.23076923076923 0.0
241 57.69230769230769 0.0
242 84.61538461538461 0.0
243 84.61538461538461 0.0
244 100.0 0.0
245 84.61538461538461 0.0
246 92.3076923076923 0.0
247 84.61538461538461 0.0
248 92.3076923076923 0.0
249 92.3076923076923 0.0
250 92.3076923076923 0.0
251 92.3076923076923 0.0
252 84.61538461538461 0.0
253 92.3076923076923 0.0
254 92.3076923076923 0.0
255 92.3076923076923 0.0
256 84.61538461538461 0.0
257 73.07692307692308 0.0
258 84.61538461538461 0.0
259 88.46153846153847 0.0
260 80.76923076923077 0.0
261 84.61538461538461 0.0
262 76.92307692307692 0.0
263 84.61538461538461 0.0
264 80.76923076923077 0.0
265 80.76923076923077 0.0
266 80.76923076923077 0.0
267 84.61538461538461 0.0
268 84.61538461538461 0.0
269 73.07692307692308 0.0
270 76.92307692307692 0.0
271 84.61538461538461 0.0
272 92.3076923076923 0.0
273 84.61538461538461 0.0
274 84.61538461538461 0.0
275 92.3076923076923 0.0
276 92.3076923076923 0.0
277 92.3076923076923 0.0
278 92.3076923076923 0.0
279 92.3076923076923 0.0
280 100.0 0.0
281 92.3076923076923 0.0
282 92.3076923076923 0.0
283 84.61538461538461 0.0
284 84.61538461538461 0.0
285 92.3076923076923 0.0
286 84.61538461538461 0.0
287 84.61538461538461 0.0
288 84.61538461538461 0.0
289 92.3076923076923 0.0
290 92.3076923076923 0.0
291 73.07692307692308 0.0
292 73.07692307692308 0.0
293 84.61538461538461 0.0
294 76.92307692307692 0.0
295 84.61538461538461 0.0
296 80.76923076923077 0.0
297 84.61538461538461 0.0
298 84.61538461538461 0.0
299 84.61538461538461 0.0
300 92.3076923076923 0.0
301 92.3076923076923 0.0
302 92.3076923076923 0.0
303 92.3076923076923 0.0
304 92.3076923076923 0.0
305 92.3076923076923 0.0
306 92.3076923076923 0.0
307 92.3076923076923 0.0
308 92.3076923076923 0.0
309 84.61538461538461 0.0
310 92.3076923076923 0.0
311 92.3076923076923 0.0
312 92.3076923076923 0.0
313 92.3076923076923 0.0
314 84.61538461538461 0.0
315 92.3076923076923 0.0
316 84.61538461538461 0.0
317 84.61538461538461 0.0
318 84.61538461538461 0.0
319 92.3076923076923 0.0
320 92.3076923076923 0.0
321 92.3076923076923 0.0
322 92.3076923076923 0.0
323 69.23076923076923 0.0
324 80.76923076923077 0.0
325 84.61538461538461 0.0
326 76.92307692307692 0.0
327 84.61538461538461 0.0
328 76.92307692307692 0.0
329 92.3076923076923 0.0
330 84.61538461538461 0.0
331 73.07692307692308 0.0
332 73.07692307692308 0.0
333 73.07692307692308 0.0
334 80.76923076923077 0.0
335 76.92307692307692 0.0
336 69.23076923076923 0.0
337 76.92307692307692 0.0
338 80.76923076923077 0.0
339 84.61538461538461 0.0
340 84.61538461538461 0.0
341 69.23076923076923 0.0
342 84.61538461538461 0.0
343 73.07692307692308 0.0
344 73.07692307692308 0.0
345 84.61538461538461 0.0
346 76.92307692307692 0.0
347 84.61538461538461 0.0
348 76.92307692307692 0.0
349 76.92307692307692 0.0
350 76.92307692307692 0.0
351 69.23076923076923 0.0
352 65.38461538461539 0.0
353 76.92307692307692 0.0
354 92.3076923076923 0.0
355 76.92307692307692 0.0
356 84.61538461538461 0.0
357 65.38461538461539 0.0
358 69.23076923076923 0.0
359 84.61538461538461 0.0
360 76.92307692307692 0.0
361 65.38461538461539 0.0
362 76.92307692307692 0.0
363 69.23076923076923 0.0
364 84.61538461538461 0.0
365 84.61538461538461 0.0
366 76.92307692307692 0.0
367 80.76923076923077 0.0
368 80.76923076923077 0.0
369 76.92307692307692 0.0
370 84.61538461538461 0.0
371 76.92307692307692 0.0
372 80.76923076923077 0.0
373 80.76923076923077 0.0
374 80.76923076923077 0.0
375 84.61538461538461 0.0
376 73.07692307692308 0.0
377 73.07692307692308 0.0
378 73.07692307692308 0.0
379 69.23076923076923 0.0
380 69.23076923076923 0.0
381 69.23076923076923 0.0
382 76.92307692307692 0.0
383 61.53846153846154 0.0
384 69.23076923076923 0.0
385 61.53846153846154 0.0
386 61.53846153846154 0.0
387 69.23076923076923 0.0
388 65.38461538461539 0.0
389 76.92307692307692 0.0
390 69.23076923076923 0.0
391 69.23076923076923 0.0
392 69.23076923076923 0.0
393 69.23076923076923 0.0
394 65.38461538461539 0.0
395 69.23076923076923 0.0
396 69.23076923076923 0.0
397 76.92307692307692 0.0
398 73.07692307692308 0.0
399 73.07692307692308 0.0
400 65.38461538461539 0.0
401 80.76923076923077 0.0
402 84.61538461538461 0.0
403 92.3076923076923 0.0
404 84.61538461538461 0.0
405 76.92307692307692 0.0
406 73.07692307692308 0.0
407 69.23076923076923 0.0
408 80.76923076923077 0.0
409 80.76923076923077 0.0
410 80.76923076923077 0.0
411 69.23076923076923 0.0
412 80.76923076923077 0.0
413 73.07692307692308 0.0
414 76.92307692307692 0.0
415 69.23076923076923 0.0
416 84.61538461538461 0.0
417 84.61538461538461 0.0
418 84.61538461538461 0.0
419 73.07692307692308 0.0
420 84.61538461538461 0.0
421 80.76923076923077 0.0
422 84.61538461538461 0.0
423 76.92307692307692 0.0
424 76.92307692307692 0.0
425 61.53846153846154 0.0
426 65.38461538461539 0.0
427 84.61538461538461 0.0
428 80.76923076923077 0.0
429 65.38461538461539 0.0
430 80.76923076923077 0.0
431 88.46153846153847 0.0
432 80.76923076923077 0.0
433 73.07692307692308 0.0
434 88.46153846153847 0.0
435 80.76923076923077 0.0
436 69.23076923076923 0.0
437 69.23076923076923 0.0
438 80.76923076923077 0.0
439 80.76923076923077 0.0
440 73.07692307692308 0.0
441 76.92307692307692 0.0
442 80.76923076923077 0.0
443 80.76923076923077 0.0
444 84.61538461538461 0.0
445 80.76923076923077 0.0
446 80.76923076923077 0.0
447 84.61538461538461 0.0
448 88.46153846153847 0.0
449 92.3076923076923 0.0
450 69.23076923076923 0.0
451 73.07692307692308 0.0
452 69.23076923076923 0.0
453 65.38461538461539 0.0
454 73.07692307692308 0.0
455 73.07692307692308 0.0
456 73.07692307692308 0.0
457 84.61538461538461 0.0
458 76.92307692307692 0.0
459 73.07692307692308 0.0
460 76.92307692307692 0.0
461 76.92307692307692 0.0
462 73.07692307692308 0.0
463 80.76923076923077 0.0
464 69.23076923076923 0.0
465 80.76923076923077 0.0
466 88.46153846153847 0.0
467 88.46153846153847 0.0
468 80.76923076923077 0.0
469 88.46153846153847 0.0
470 80.76923076923077 0.0
471 80.76923076923077 0.0
472 80.76923076923077 0.0
473 76.92307692307692 0.0
474 80.76923076923077 0.0
475 88.46153846153847 0.0
476 80.76923076923077 0.0
477 73.07692307692308 0.0
478 73.07692307692308 0.0
479 80.76923076923077 0.0
480 80.76923076923077 0.0
481 80.76923076923077 0.0
482 80.76923076923077 0.0
483 88.46153846153847 0.0
484 80.76923076923077 0.0
485 88.46153846153847 0.0
486 73.07692307692308 0.0
487 88.46153846153847 0.0
488 88.46153846153847 0.0
489 88.46153846153847 0.0
490 80.76923076923077 0.0
491 80.76923076923077 0.0
492 80.76923076923077 0.0
493 80.76923076923077 0.0
494 80.76923076923077 0.0
495 80.76923076923077 0.0
496 80.76923076923077 0.0
497 80.76923076923077 0.0
498 88.46153846153847 0.0
499 80.76923076923077 0.0
500 80.76923076923077 0.0
501 73.07692307692308 0.0
502 80.76923076923077 0.0
503 80.76923076923077 0.0
504 80.76923076923077 0.0
505 80.76923076923077 0.0
506 80.76923076923077 0.0
507 76.92307692307692 0.0
508 80.76923076923077 0.0
509 73.07692307692308 0.0
510 57.69230769230769 0.0
511 57.69230769230769 0.0
512 73.07692307692308 0.0
513 73.07692307692308 0.0
514 73.07692307692308 0.0
515 73.07692307692308 0.0
516 80.76923076923077 0.0
517 80.76923076923077 0.0
518 65.38461538461539 0.0
519 73.07692307692308 0.0
520 80.76923076923077 0.0
521 80.76923076923077 0.0
522 80.76923076923077 0.0
523 80.76923076923077 0.0
524 73.07692307692308 0.0
525 73.07692307692308 0.0
526 73.07692307692308 0.0
527 80.76923076923077 0.0
528 88.46153846153847 0.0
529 80.76923076923077 0.0
530 88.46153846153847 0.0
531 80.76923076923077 0.0
532 80.76923076923077 0.0
533 88.46153846153847 0.0
534 88.46153846153847 0.0
535 73.07692307692308 0.0
536 80.76923076923077 0.0
537 80.76923076923077 0.0
538 80.76923076923077 0.0
539 84.61538461538461 0.0
540 80.76923076923077 0.0
541 80.76923076923077 0.0
542 88.46153846153847 0.0
543 73.07692307692308 0.0
544 80.76923076923077 0.0
545 88.46153846153847 0.0
546 88.46153846153847 0.0
547 88.46153846153847 0.0
548 80.76923076923077 0.0
549 80.76923076923077 0.0
550 88.46153846153847 0.0
551 80.76923076923077 0.0
552 73.07692307692308 0.0
553 80.76923076923077 0.0
554 88.46153846153847 0.0
555 88.46153846153847 0.0
556 88.46153846153847 0.0
557 80.76923076923077 0.0
558 80.76923076923077 0.0
559 80.76923076923077 0.0
560 80.76923076923077 0.0
561 73.07692307692308 0.0
562 73.07692307692308 0.0
563 65.38461538461539 0.0
564 73.07692307692308 0.0
565 80.76923076923077 0.0
566 88.46153846153847 0.0
567 88.46153846153847 0.0
568 88.46153846153847 0.0
569 80.76923076923077 0.0
570 80.76923076923077 0.0
571 88.46153846153847 0.0
572 73.07692307692308 0.0
573 73.07692307692308 0.0
574 73.07692307692308 0.0
575 80.76923076923077 0.0
576 80.76923076923077 0.0
577 73.07692307692308 0.0
578 80.76923076923077 0.0
579 80.76923076923077 0.0
580 80.76923076923077 0.0
581 88.46153846153847 0.0
582 88.46153846153847 0.0
583 88.46153846153847 0.0
584 80.76923076923077 0.0
585 73.07692307692308 0.0
586 69.23076923076923 0.0
587 61.53846153846154 0.0
588 69.23076923076923 0.0
589 73.07692307692308 0.0
590 80.76923076923077 0.0
591 73.07692307692308 0.0
592 73.07692307692308 0.0
593 73.07692307692308 0.0
594 88.46153846153847 0.0
595 73.07692307692308 0.0
596 73.07692307692308 0.0
597 73.07692307692308 0.0
598 80.76923076923077 0.0
599 80.76923076923077 0.0
600 80.76923076923077 0.0
601 88.46153846153847 0.0
602 80.76923076923077 0.0
603 88.46153846153847 0.0
604 80.76923076923077 0.0
605 88.46153846153847 0.0
606 73.07692307692308 0.0
607 65.38461538461539 0.0
608 80.76923076923077 0.0
609 80.76923076923077 0.0
610 80.76923076923077 0.0
611 65.38461538461539 0.0
612 73.07692307692308 0.0
613 88.46153846153847 0.0
614 88.46153846153847 0.0
615 73.07692307692308 0.0
616 73.07692307692308 0.0
617 73.07692307692308 0.0
618 73.07692307692308 0.0
619 73.07692307692308 0.0
620 84.61538461538461 0.0
621 80.76923076923077 0.0
622 76.92307692307692 0.0
623 80.76923076923077 0.0
624 88.46153846153847 0.0
625 80.76923076923077 0.0
626 80.76923076923077 0.0
627 80.76923076923077 0.0
628 80.76923076923077 0.0
629 73.07692307692308 0.0
630 80.76923076923077 0.0
631 80.76923076923077 0.0
632 80.76923076923077 0.0
633 80.76923076923077 0.0
634 73.07692307692308 0.0
635 80.76923076923077 0.0
636 73.07692307692308 0.0
637 73.07692307692308 0.0
638 73.07692307692308 0.0
639 46.15384615384615 0.0
640 53.84615384615385 0.0
641 57.69230769230769 0.0
642 73.07692307692308 0.0
643 65.38461538461539 0.0
644 69.23076923076923 0.0
645 73.07692307692308 0.0
646 69.23076923076923 0.0
647 76.92307692307692 0.0
648 76.92307692307692 0.0
649 80.76923076923077 0.0
650 88.46153846153847 0.0
651 76.92307692307692 0.0
652 84.61538461538461 0.0
653 73.07692307692308 0.0
654 73.07692307692308 0.0
655 84.61538461538461 0.0
656 76.92307692307692 0.0
657 84.61538461538461 0.0
658 73.07692307692308 0.0
659 73.07692307692308 0.0
660 76.92307692307692 0.0
661 73.07692307692308 0.0
662 73.07692307692308 0.0
663 73.07692307692308 0.0
664 84.61538461538461 0.0
665 80.76923076923077 0.0
666 73.07692307692308 0.0
667 73.07692307692308 0.0
668 80.76923076923077 0.0
669 76.92307692307692 0.0
670 73.07692307692308 0.0
671 76.92307692307692 0.0
672 73.07692307692308 0.0
673 84.61538461538461 0.0
674 80.76923076923077 0.0
675 80.76923076923077 0.0
676 80.76923076923077 0.0
677 73.07692307692308 0.0
678 69.23076923076923 0.0
679 76.92307692307692 0.0
680 57.69230769230769 0.0
681 73.07692307692308 0.0
682 69.23076923076923 0.0
683 65.38461538461539 0.0
684 65.38461538461539 0.0
685 88.46153846153847 0.0
686 80.76923076923077 0.0
687 73.07692307692308 0.0
688 73.07692307692308 0.0
689 73.07692307692308 0.0
690 69.23076923076923 0.0
691 57.69230769230769 0.0
692 65.38461538461539 0.0
693 69.23076923076923 0.0
694 65.38461538461539 0.0
695 76.92307692307692 0.0
696 65.38461538461539 0.0
697 61.53846153846154 0.0
698 61.53846153846154 0.0
699 61.53846153846154 0.0
700 73.07692307692308 0.0
701 80.76923076923077 0.0
702 73.07692307692308 0.0
703 61.53846153846154 0.0
704 61.53846153846154 0.0
705 69.23076923076923 0.0
706 73.07692307692308 0.0
707 76.92307692307692 0.0
708 73.07692307692308 0.0
709 73.07692307692308 0.0
710 73.07692307692308 0.0
711 73.07692307692308 0.0
712 73.07692307692308 0.0
713 76.92307692307692 0.0
714 69.23076923076923 0.0
715 80.76923076923077 0.0
716 80.76923076923077 0.0
717 80.76923076923077 0.0
718 80.76923076923077 0.0
719 88.46153846153847 0.0
720 80.76923076923077 0.0
721 88.46153846153847 0.0
722 80.76923076923077 0.0
723 88.46153846153847 0.0
724 80.76923076923077 0.0
725 80.76923076923077 0.0
726 80.76923076923077 0.0
727 84.61538461538461 0.0
728 76.92307692307692 0.0
729 92.3076923076923 0.0
730 80.76923076923077 0.0
731 84.61538461538461 0.0
732 84.61538461538461 0.0
733 80.76923076923077 0.0
734 80.76923076923077 0.0
735 73.07692307692308 0.0
736 80.76923076923077 0.0
737 65.38461538461539 0.0
738 57.69230769230769 0.0
739 76.92307692307692 0.0
740 76.92307692307692 0.0
741 84.61538461538461 0.0
742 65.38461538461539 0.0
743 61.53846153846154 0.0
744 57.69230769230769 0.0
745 65.38461538461539 0.0
746 69.23076923076923 0.0
747 73.07692307692308 0.0
748 50.0 0.0
749 50.0 0.0
750 65.38461538461539 0.0
751 53.84615384615385 0.0
752 69.23076923076923 0.0
753 61.53846153846154 0.0
754 73.07692307692308 0.0
755 57.69230769230769 0.0
756 65.38461538461539 0.0
757 57.69230769230769 0.0
758 65.38461538461539 0.0
759 65.38461538461539 0.0
760 73.07692307692308 0.0
761 73.07692307692308 0.0
762 65.38461538461539 0.0
763 65.38461538461539 0.0
764 65.38461538461539 0.0
765 65.38461538461539 0.0
766 57.69230769230769 0.0
767 73.07692307692308 0.0
768 69.23076923076923 0.0
769 69.23076923076923 0.0
770 69.23076923076923 0.0
771 69.23076923076923 0.0
772 69.23076923076923 0.0
773 73.07692307692308 0.0
774 73.07692307692308 0.0
775 73.07692307692308 0.0
776 65.38461538461539 0.0
777 69.23076923076923 0.0
778 65.38461538461539 0.0
779 73.07692307692308 0.0
780 73.07692307692308 0.0
781 80.76923076923077 0.0
782 73.07692307692308 0.0
783 73.07692307692308 0.0
784 73.07692307692308 0.0
785 80.76923076923077 0.0
786 88.46153846153847 0.0
787 80.76923076923077 0.0
788 65.38461538461539 0.0
789 73.07692307692308 0.0
790 65.38461538461539 0.0
791 61.53846153846154 0.0
792 57.69230769230769 0.0
793 57.69230769230769 0.0
794 65.38461538461539 0.0
795 57.69230769230769 0.0
796 65.38461538461539 0.0
797 84.61538461538461 0.0
798 53.84615384615385 0.0
799 65.38461538461539 0.0
800 76.92307692307692 0.0
801 61.53846153846154 0.0
802 73.07692307692308 0.0
803 73.07692307692308 0.0
804 65.38461538461539 0.0
805 57.69230769230769 0.0
806 73.07692307692308 0.0
807 76.92307692307692 0.0
808 80.76923076923077 0.0
809 57.69230769230769 0.0
810 61.53846153846154 0.0
811 65.38461538461539 0.0
812 73.07692307692308 0.0
813 69.23076923076923 0.0
814 69.23076923076923 0.0
815 69.23076923076923 0.0
816 73.07692307692308 0.0
817 65.38461538461539 0.0
818 80.76923076923077 0.0
819 65.38461538461539 0.0
820 65.38461538461539 0.0
821 80.76923076923077 0.0
822 80.76923076923077 0.0
823 80.76923076923077 0.0
824 80.76923076923077 0.0
825 80.76923076923077 0.0
826 73.07692307692308 0.0
827 73.07692307692308 0.0
828 69.23076923076923 0.0
829 80.76923076923077 0.0
830 73.07692307692308 0.0
831 73.07692307692308 0.0
832 80.76923076923077 0.0
833 88.46153846153847 0.0
834 80.76923076923077 0.0
835 80.76923076923077 0.0
836 73.07692307692308 0.0
837 73.07692307692308 0.0
838 73.07692307692308 0.0
839 84.61538461538461 0.0
840 80.76923076923077 0.0
841 76.92307692307692 0.0
842 80.76923076923077 0.0
843 88.46153846153847 0.0
844 61.53846153846154 0.0
845 65.38461538461539 0.0
846 88.46153846153847 0.0
847 73.07692307692308 0.0
848 73.07692307692308 0.0
849 80.76923076923077 0.0
850 84.61538461538461 0.0
851 76.92307692307692 0.0
852 69.23076923076923 0.0
853 88.46153846153847 0.0
854 80.76923076923077 0.0
855 73.07692307692308 0.0
856 73.07692307692308 0.0
857 80.76923076923077 0.0
858 76.92307692307692 0.0
859 76.92307692307692 0.0
860 73.07692307692308 0.0
861 73.07692307692308 0.0
862 73.07692307692308 0.0
863 73.07692307692308 0.0
864 76.92307692307692 0.0
865 80.76923076923077 0.0
866 73.07692307692308 0.0
867 69.23076923076923 0.0
868 73.07692307692308 0.0
869 73.07692307692308 0.0
870 73.07692307692308 0.0
871 73.07692307692308 0.0
872 73.07692307692308 0.0
873 73.07692307692308 0.0
874 65.38461538461539 0.0
875 65.38461538461539 0.0
876 73.07692307692308 0.0
877 73.07692307692308 0.0
878 80.76923076923077 0.0
879 73.07692307692308 0.0
880 69.23076923076923 0.0
881 69.23076923076923 0.0
882 73.07692307692308 0.0
883 65.38461538461539 0.0
884 80.76923076923077 0.0
885 80.76923076923077 0.0
886 65.38461538461539 0.0
887 65.38461538461539 0.0
888 65.38461538461539 0.0
889 73.07692307692308 0.0
890 80.76923076923077 0.0
891 69.23076923076923 0.0
892 69.23076923076923 0.0
893 73.07692307692308 0.0
894 84.61538461538461 0.0
895 80.76923076923077 0.0
896 88.46153846153847 0.0
897 80.76923076923077 0.0
898 80.76923076923077 0.0
899 73.07692307692308 0.0
900 80.76923076923077 0.0
901 80.76923076923077 0.0
902 73.07692307692308 0.0
903 73.07692307692308 0.0
904 88.46153846153847 0.0
905 88.46153846153847 0.0
906 80.76923076923077 0.0
907 80.76923076923077 0.0
908 80.76923076923077 0.0
909 80.76923076923077 0.0
910 80.76923076923077 0.0
911 80.76923076923077 0.0
912 80.76923076923077 0.0
913 73.07692307692308 0.0
914 80.76923076923077 0.0
915 65.38461538461539 0.0
916 80.76923076923077 0.0
917 69.23076923076923 0.0
918 69.23076923076923 0.0
919 76.92307692307692 0.0
920 80.76923076923077 0.0
921 76.92307692307692 0.0
922 76.92307692307692 0.0
923 80.76923076923077 0.0
924 88.46153846153847 0.0
925 73.07692307692308 0.0
926 73.07692307692308 0.0
927 65.38461538461539 0.0
928 46.15384615384615 0.0
929 61.53846153846154 0.0
930 57.69230769230769 0.0
931 76.92307692307692 0.0
932 76.92307692307692 0.0
933 69.23076923076923 0.0
934 69.23076923076923 0.0
935 73.07692307692308 0.0
936 73.07692307692308 0.0
937 73.07692307692308 0.0
938 73.07692307692308 0.0
939 73.07692307692308 0.0
940 80.76923076923077 0.0
941 92.3076923076923 0.0
942 80.76923076923077 0.0
943 80.76923076923077 0.0
944 80.76923076923077 0.0
945 80.76923076923077 0.0
946 84.61538461538461 0.0
947 69.23076923076923 0.0
948 73.07692307692308 0.0
949 73.07692307692308 0.0
950 73.07692307692308 0.0
951 65.38461538461539 0.0
952 73.07692307692308 0.0
953 73.07692307692308 0.0
954 69.23076923076923 0.0
955 80.76923076923077 0.0
956 76.92307692307692 0.0
957 84.61538461538461 0.0
958 73.07692307692308 0.0
959 73.07692307692308 0.0
960 73.07692307692308 0.0
961 84.61538461538461 0.0
962 92.3076923076923 0.0
963 84.61538461538461 0.0
964 80.76923076923077 0.0
965 80.76923076923077 0.0
966 80.76923076923077 0.0
967 80.76923076923077 0.0
968 88.46153846153847 0.0
969 73.07692307692308 0.0
970 73.07692307692308 0.0
971 65.38461538461539 0.0
972 73.07692307692308 0.0
973 73.07692307692308 0.0
974 80.76923076923077 0.0
975 88.46153846153847 0.0
976 88.46153846153847 0.0
977 88.46153846153847 0.0
978 88.46153846153847 0.0
979 80.76923076923077 0.0
980 80.76923076923077 0.0
981 88.46153846153847 0.0
982 88.46153846153847 0.0
983 88.46153846153847 0.0
984 88.46153846153847 0.0
985 76.92307692307692 0.0
986 80.76923076923077 0.0
987 80.76923076923077 0.0
988 76.92307692307692 0.0
989 73.07692307692308 0.0
990 69.23076923076923 0.0
991 73.07692307692308 0.0
992 73.07692307692308 0.0
993 73.07692307692308 0.0
994 73.07692307692308 0.0
995 73.07692307692308 0.0
996 73.07692307692308 0.0
997 65.38461538461539 0.0
998 80.76923076923077 0.0
999 73.07692307692308 0.0
