#frame monomers_% popc_isolated_%
0 84.61538461538461 0.0
1 84.61538461538461 0.0
2 84.61538461538461 0.0
3 84.61538461538461 0.0
4 69.23076923076923 0.0
5 76.92307692307692 0.0
6 84.61538461538461 0.0
7 76.92307692307692 0.0
8 84.61538461538461 0.0
9 84.61538461538461 0.0
10 69.23076923076923 0.0
11 84.61538461538461 0.0
12 84.61538461538461 0.0
13 84.61538461538461 0.0
14 80.76923076923077 0.0
15 76.92307692307692 0.0
16 84.61538461538461 0.0
17 76.92307692307692 0.0
18 84.61538461538461 0.0
19 76.92307692307692 0.0
20 76.92307692307692 0.0
21 76.92307692307692 0.0
22 100.0 0.0
23 84.61538461538461 0.0
24 92.3076923076923 0.0
25 76.92307692307692 0.0
26 100.0 0.0
27 76.92307692307692 0.0
28 76.92307692307692 0.0
29 92.3076923076923 0.0
30 84.61538461538461 0.0
31 92.3076923076923 0.0
32 84.61538461538461 0.0
33 76.92307692307692 0.0
34 84.61538461538461 0.0
35 76.92307692307692 0.0
36 76.92307692307692 0.0
37 76.92307692307692 0.0
38 69.23076923076923 0.0
39 69.23076923076923 0.0
40 69.23076923076923 0.0
41 69.23076923076923 0.0
42 69.23076923076923 0.0
43 69.23076923076923 0.0
44 69.23076923076923 0.0
45 76.92307692307692 0.0
46 76.92307692307692 0.0
47 84.61538461538461 0.0
48 84.61538461538461 0.0
49 80.76923076923077 0.0
50 76.92307692307692 0.0
51 84.61538461538461 0.0
52 84.61538461538461 0.0
53 84.61538461538461 0.0
54 73.07692307692308 0.0
55 84.61538461538461 0.0
56 65.38461538461539 0.0
57 73.07692307692308 0.0
58 73.07692307692308 0.0
59 73.07692307692308 0.0
60 73.07692307692308 0.0
61 80.76923076923077 0.0
62 73.07692307692308 0.0
63 92.3076923076923 0.0
64 80.76923076923077 0.0
65 80.76923076923077 0.0
66 92.3076923076923 0.0
67 92.3076923076923 0.0
68 84.61538461538461 0.0
69 76.92307692307692 0.0
70 76.92307692307692 0.0
71 88.46153846153847 0.0
72 84.61538461538461 0.0
73 73.07692307692308 0.0
74 80.76923076923077 0.0
75 69.23076923076923 0.0
76 69.23076923076923 0.0
77 65.38461538461539 0.0
78 73.07692307692308 0.0
79 69.23076923076923 0.0
80 80.76923076923077 0.0
81 57.69230769230769 0.0
82 80.76923076923077 0.0
83 73.07692307692308 0.0
84 80.76923076923077 0.0
85 73.07692307692308 0.0
86 65.38461538461539 0.0
87 80.76923076923077 0.0
88 73.07692307692308 0.0
89 73.07692307692308 0.0
90 73.07692307692308 0.0
91 80.76923076923077 0.0
92 80.76923076923077 0.0
93 65.38461538461539 0.0
94 65.38461538461539 0.0
95 80.76923076923077 0.0
96 73.07692307692308 0.0
97 65.38461538461539 0.0
98 65.38461538461539 0.0
99 80.76923076923077 0.0
100 84.61538461538461 0.0
101 92.3076923076923 0.0
102 80.76923076923077 0.0
103 92.3076923076923 0.0
104 76.92307692307692 0.0
105 76.92307692307692 0.0
106 73.07692307692308 0.0
107 92.3076923076923 0.0
108 84.61538461538461 0.0
109 92.3076923076923 0.0
110 92.3076923076923 0.0
111 92.3076923076923 0.0
112 88.46153846153847 0.0
113 80.76923076923077 0.0
114 80.76923076923077 0.0
115 80.76923076923077 0.0
116 69.23076923076923 0.0
117 80.76923076923077 0.0
118 73.07692307692308 0.0
119 80.76923076923077 0.0
120 65.38461538461539 0.0
121 65.38461538461539 0.0
122 80.76923076923077 0.0
123 80.76923076923077 0.0
124 88.46153846153847 0.0
125 80.76923076923077 0.0
126 65.38461538461539 0.0
127 88.46153846153847 0.0
128 80.76923076923077 0.0
129 88.46153846153847 0.0
130 88.46153846153847 0.0
131 88.46153846153847 0.0
132 88.46153846153847 0.0
133 73.07692307692308 0.0
134 80.76923076923077 0.0
135 80.76923076923077 0.0
136 80.76923076923077 0.0
137 88.46153846153847 0.0
138 80.76923076923077 0.0
139 80.76923076923077 0.0
140 80.76923076923077 0.0
141 88.46153846153847 0.0
142 65.38461538461539 0.0
143 88.46153846153847 0.0
144 88.46153846153847 0.0
145 80.76923076923077 0.0
146 88.46153846153847 0.0
147 73.07692307692308 0.0
148 88.46153846153847 0.0
149 80.76923076923077 0.0
150 84.61538461538461 0.0
151 80.76923076923077 0.0
152 92.3076923076923 0.0
153 88.46153846153847 0.0
154 73.07692307692308 0.0
155 80.76923076923077 0.0
156 80.76923076923077 0.0
157 80.76923076923077 0.0
158 80.76923076923077 0.0
159 73.07692307692308 0.0
160 80.76923076923077 0.0
161 88.46153846153847 0.0
162 88.46153846153847 0.0
163 88.46153846153847 0.0
164 88.46153846153847 0.0
165 88.46153846153847 0.0
166 73.07692307692308 0.0
167 80.76923076923077 0.0
168 80.76923076923077 0.0
169 73.07692307692308 0.0
170 73.07692307692308 0.0
171 73.07692307692308 0.0
172 76.92307692307692 0.0
173 84.61538461538461 0.0
174 92.3076923076923 0.0
175 92.3076923076923 0.0
176 100.0 0.0
177 92.3076923076923 0.0
178 100.0 0.0
179 92.3076923076923 0.0
180 100.0 0.0
181 80.76923076923077 0.0
182 84.61538461538461 0.0
183 92.3076923076923 0.0
184 92.3076923076923 0.0
185 84.61538461538461 0.0
186 88.46153846153847 0.0
187 84.61538461538461 0.0
188 88.46153846153847 0.0
189 80.76923076923077 0.0
190 80.76923076923077 0.0
191 80.76923076923077 0.0
192 84.61538461538461 0.0
193 88.46153846153847 0.0
194 80.76923076923077 0.0
195 88.46153846153847 0.0
196 84.61538461538461 0.0
197 84.61538461538461 0.0
198 84.61538461538461 0.0
199 76.92307692307692 0.0
200 73.07692307692308 0.0
201 73.07692307692308 0.0
202 73.07692307692308 0.0
203 80.76923076923077 0.0
204 69.23076923076923 0.0
205 80.76923076923077 0.0
206 88.46153846153847 0.0
207 88.46153846153847 0.0
208 80.76923076923077 0.0
209 92.3076923076923 0.0
210 84.61538461538461 0.0
211 92.3076923076923 0.0
212 92.3076923076923 0.0
213 92.3076923076923 0.0
214 92.3076923076923 0.0
215 84.61538461538461 0.0
216 92.3076923076923 0.0
217 84.61538461538461 0.0
218 84.61538461538461 0.0
219 92.3076923076923 0.0
220 76.92307692307692 0.0
221 76.92307692307692 0.0
222 69.23076923076923 0.0
223 57.69230769230769 0.0
224 65.38461538461539 0.0
225 61.53846153846154 0.0
226 80.76923076923077 0.0
227 73.07692307692308 0.0
228 65.38461538461539 0.0
229 57.69230769230769 0.0
230 65.38461538461539 0.0
231 57.69230769230769 0.0
232 57.69230769230769 0.0
233 57.69230769230769 0.0
234 65.38461538461539 0.0
235 65.38461538461539 0.0
236 65.38461538461539 0.0
237 57.69230769230769 0.0
238 65.38461538461539 0.0
239 65.38461538461539 0.0
240 80.76923076923077 0.0
241 73.07692307692308 0.0
242 76.92307692307692 0.0
243 53.84615384615385 0.0
244 57.69230769230769 0.0
245 76.92307692307692 0.0
246 84.61538461538461 0.0
247 80.76923076923077 0.0
248 80.76923076923077 0.0
249 80.76923076923077 0.0
250 80.76923076923077 0.0
251 76.92307692307692 0.0
252 80.76923076923077 0.0
253 80.76923076923077 0.0
254 92.3076923076923 0.0
255 88.46153846153847 0.0
256 84.61538461538461 0.0
257 80.76923076923077 0.0
258 76.92307692307692 0.0
259 76.92307692307692 0.0
260 69.23076923076923 0.0
261 69.23076923076923 0.0
262 84.61538461538461 0.0
263 76.92307692307692 0.0
264 84.61538461538461 0.0
265 76.92307692307692 0.0
266 84.61538461538461 0.0
267 76.92307692307692 0.0
268 69.23076923076923 0.0
269 73.07692307692308 0.0
270 76.92307692307692 0.0
271 69.23076923076923 0.0
272 69.23076923076923 0.0
273 76.92307692307692 0.0
274 69.23076923076923 0.0
275 69.23076923076923 0.0
276 69.23076923076923 0.0
277 61.53846153846154 0.0
278 61.53846153846154 0.0
279 69.23076923076923 0.0
280 76.92307692307692 0.0
281 84.61538461538461 0.0
282 76.92307692307692 0.0
283 76.92307692307692 0.0
284 84.61538461538461 0.0
285 76.92307692307692 0.0
286 76.92307692307692 0.0
287 76.92307692307692 0.0
288 84.61538461538461 0.0
289 69.23076923076923 0.0
290 76.92307692307692 0.0
291 76.92307692307692 0.0
292 84.61538461538461 0.0
293 76.92307692307692 0.0
294 84.61538461538461 0.0
295 84.61538461538461 0.0
296 76.92307692307692 0.0
297 76.92307692307692 0.0
298 76.92307692307692 0.0
299 84.61538461538461 0.0
300 84.61538461538461 0.0
301 84.61538461538461 0.0
302 73.07692307692308 0.0
303 84.61538461538461 0.0
304 84.61538461538461 0.0
305 84.61538461538461 0.0
306 76.92307692307692 0.0
307 69.23076923076923 0.0
308 84.61538461538461 0.0
309 84.61538461538461 0.0
310 84.61538461538461 0.0
311 84.61538461538461 0.0
312 84.61538461538461 0.0
313 84.61538461538461 0.0
314 84.61538461538461 0.0
315 76.92307692307692 0.0
316 76.92307692307692 0.0
317 76.92307692307692 0.0
318 84.61538461538461 0.0
319 84.61538461538461 0.0
320 84.61538461538461 0.0
321 76.92307692307692 0.0
322 76.92307692307692 0.0
323 65.38461538461539 0.0
324 76.92307692307692 0.0
325 84.61538461538461 0.0
326 76.92307692307692 0.0
327 69.23076923076923 0.0
328 69.23076923076923 0.0
329 92.3076923076923 0.0
330 65.38461538461539 0.0
331 53.84615384615385 0.0
332 61.53846153846154 0.0
333 61.53846153846154 0.0
334 69.23076923076923 0.0
335 69.23076923076923 0.0
336 61.53846153846154 0.0
337 61.53846153846154 0.0
338 53.84615384615385 0.0
339 69.23076923076923 0.0
340 76.92307692307692 0.0
341 76.92307692307692 0.0
342 61.53846153846154 0.0
343 61.53846153846154 0.0
344 61.53846153846154 0.0
345 61.53846153846154 0.0
346 69.23076923076923 0.0
347 76.92307692307692 0.0
348 76.92307692307692 0.0
349 65.38461538461539 0.0
350 69.23076923076923 0.0
351 61.53846153846154 0.0
352 69.23076923076923 0.0
353 69.23076923076923 0.0
354 61.53846153846154 0.0
355 69.23076923076923 0.0
356 76.92307692307692 0.0
357 76.92307692307692 0.0
358 84.61538461538461 0.0
359 76.92307692307692 0.0
360 84.61538461538461 0.0
361 84.61538461538461 0.0
362 76.92307692307692 0.0
363 76.92307692307692 0.0
364 76.92307692307692 0.0
365 76.92307692307692 0.0
366 69.23076923076923 0.0
367 84.61538461538461 0.0
368 84.61538461538461 0.0
369 84.61538461538461 0.0
370 84.61538461538461 0.0
371 84.61538461538461 0.0
372 76.92307692307692 0.0
373 84.61538461538461 0.0
374 80.76923076923077 0.0
375 80.76923076923077 0.0
376 80.76923076923077 0.0
377 80.76923076923077 0.0
378 88.46153846153847 0.0
379 80.76923076923077 0.0
380 88.46153846153847 0.0
381 73.07692307692308 0.0
382 80.76923076923077 0.0
383 65.38461538461539 0.0
384 73.07692307692308 0.0
385 57.69230769230769 0.0
386 69.23076923076923 0.0
387 76.92307692307692 0.0
388 80.76923076923077 0.0
389 80.76923076923077 0.0
390 80.76923076923077 0.0
391 73.07692307692308 0.0
392 76.92307692307692 0.0
393 73.07692307692308 0.0
394 80.76923076923077 0.0
395 88.46153846153847 0.0
396 80.76923076923077 0.0
397 88.46153846153847 0.0
398 88.46153846153847 0.0
399 88.46153846153847 0.0
400 88.46153846153847 0.0
401 76.92307692307692 0.0
402 80.76923076923077 0.0
403 80.76923076923077 0.0
404 88.46153846153847 0.0
405 88.46153846153847 0.0
406 88.46153846153847 0.0
407 80.76923076923077 0.0
408 73.07692307692308 0.0
409 88.46153846153847 0.0
410 80.76923076923077 0.0
411 80.76923076923077 0.0
412 80.76923076923077 0.0
413 73.07692307692308 0.0
414 73.07692307692308 0.0
415 73.07692307692308 0.0
416 61.53846153846154 0.0
417 61.53846153846154 0.0
418 69.23076923076923 0.0
419 69.23076923076923 0.0
420 69.23076923076923 0.0
421 76.92307692307692 0.0
422 69.23076923076923 0.0
423 69.23076923076923 0.0
424 76.92307692307692 0.0
425 80.76923076923077 0.0
426 76.92307692307692 0.0
427 76.92307692307692 0.0
428 76.92307692307692 0.0
429 73.07692307692308 0.0
430 80.76923076923077 0.0
431 80.76923076923077 0.0
432 73.07692307692308 0.0
433 73.07692307692308 0.0
434 65.38461538461539 0.0
435 65.38461538461539 0.0
436 73.07692307692308 0.0
437 69.23076923076923 0.0
438 80.76923076923077 0.0
439 80.76923076923077 0.0
440 80.76923076923077 0.0
441 80.76923076923077 0.0
442 80.76923076923077 0.0
443 80.76923076923077 0.0
444 88.46153846153847 0.0
445 80.76923076923077 0.0
446 80.76923076923077 0.0
447 88.46153846153847 0.0
448 88.46153846153847 0.0
449 88.46153846153847 0.0
450 88.46153846153847 0.0
451 80.76923076923077 0.0
452 80.76923076923077 0.0
453 80.76923076923077 0.0
454 80.76923076923077 0.0
455 80.76923076923077 0.0
456 80.76923076923077 0.0
457 88.46153846153847 0.0
458 80.76923076923077 0.0
459 88.46153846153847 0.0
460 88.46153846153847 0.0
461 88.46153846153847 0.0
462 80.76923076923077 0.0
463 80.76923076923077 0.0
464 88.46153846153847 0.0
465 80.76923076923077 0.0
466 80.76923076923077 0.0
467 80.76923076923077 0.0
468 80.76923076923077 0.0
469 80.76923076923077 0.0
470 73.07692307692308 0.0
471 65.38461538461539 0.0
472 65.38461538461539 0.0
473 73.07692307692308 0.0
474 65.38461538461539 0.0
475 73.07692307692308 0.0
476 73.07692307692308 0.0
477 73.07692307692308 0.0
478 73.07692307692308 0.0
479 73.07692307692308 0.0
480 65.38461538461539 0.0
481 73.07692307692308 0.0
482 65.38461538461539 0.0
483 65.38461538461539 0.0
484 73.07692307692308 0.0
485 65.38461538461539 0.0
486 73.07692307692308 0.0
487 65.38461538461539 0.0
488 73.07692307692308 0.0
489 73.07692307692308 0.0
490 73.07692307692308 0.0
491 73.07692307692308 0.0
492 73.07692307692308 0.0
493 73.07692307692308 0.0
494 73.07692307692308 0.0
495 80.76923076923077 0.0
496 65.38461538461539 0.0
497 73.07692307692308 0.0
498 65.38461538461539 0.0
499 65.38461538461539 0.0
500 73.07692307692308 0.0
501 73.07692307692308 0.0
502 73.07692307692308 0.0
503 73.07692307692308 0.0
504 65.38461538461539 0.0
505 73.07692307692308 0.0
506 73.07692307692308 0.0
507 73.07692307692308 0.0
508 73.07692307692308 0.0
509 73.07692307692308 0.0
510 65.38461538461539 0.0
511 73.07692307692308 0.0
512 69.23076923076923 0.0
513 73.07692307692308 0.0
514 61.53846153846154 0.0
515 61.53846153846154 0.0
516 61.53846153846154 0.0
517 61.53846153846154 0.0
518 61.53846153846154 0.0
519 69.23076923076923 0.0
520 69.23076923076923 0.0
521 69.23076923076923 0.0
522 69.23076923076923 0.0
523 69.23076923076923 0.0
524 57.69230769230769 0.0
525 53.84615384615385 0.0
526 50.0 0.0
527 57.69230769230769 0.0
528 61.53846153846154 0.0
529 57.69230769230769 0.0
530 65.38461538461539 0.0
531 57.69230769230769 0.0
532 65.38461538461539 0.0
533 57.69230769230769 0.0
534 61.53846153846154 0.0
535 57.69230769230769 0.0
536 73.07692307692308 0.0
537 73.07692307692308 0.0
538 73.07692307692308 0.0
539 73.07692307692308 0.0
540 73.07692307692308 0.0
541 61.53846153846154 0.0
542 61.53846153846154 0.0
543 73.07692307692308 0.0
544 73.07692307692308 0.0
545 73.07692307692308 0.0
546 80.76923076923077 0.0
547 80.76923076923077 0.0
548 73.07692307692308 0.0
549 73.07692307692308 0.0
550 65.38461538461539 0.0
551 57.69230769230769 0.0
552 61.53846153846154 0.0
553 65.38461538461539 0.0
554 65.38461538461539 0.0
555 73.07692307692308 0.0
556 73.07692307692308 0.0
557 73.07692307692308 0.0
558 65.38461538461539 0.0
559 65.38461538461539 0.0
560 73.07692307692308 0.0
561 73.07692307692308 0.0
562 73.07692307692308 0.0
563 73.07692307692308 0.0
564 73.07692307692308 0.0
565 76.92307692307692 0.0
566 65.38461538461539 0.0
567 69.23076923076923 0.0
568 76.92307692307692 0.0
569 76.92307692307692 0.0
570 76.92307692307692 0.0
571 69.23076923076923 0.0
572 50.0 0.0
573 46.15384615384615 0.0
574 57.69230769230769 0.0
575 73.07692307692308 0.0
576 84.61538461538461 0.0
577 84.61538461538461 0.0
578 53.84615384615385 0.0
579 76.92307692307692 0.0
580 80.76923076923077 0.0
581 80.76923076923077 0.0
582 88.46153846153847 0.0
583 73.07692307692308 0.0
584 65.38461538461539 0.0
585 84.61538461538461 0.0
586 73.07692307692308 0.0
587 69.23076923076923 0.0
588 73.07692307692308 0.0
589 76.92307692307692 0.0
590 76.92307692307692 0.0
591 76.92307692307692 0.0
592 69.23076923076923 0.0
593 84.61538461538461 0.0
594 84.61538461538461 0.0
595 84.61538461538461 0.0
596 69.23076923076923 0.0
597 80.76923076923077 0.0
598 84.61538461538461 0.0
599 76.92307692307692 0.0
600 76.92307692307692 0.0
601 92.3076923076923 0.0
602 76.92307692307692 0.0
603 76.92307692307692 0.0
604 92.3076923076923 0.0
605 76.92307692307692 0.0
606 84.61538461538461 0.0
607 76.92307692307692 0.0
608 69.23076923076923 0.0
609 84.61538461538461 0.0
610 76.92307692307692 0.0
611 84.61538461538461 0.0
612 84.61538461538461 0.0
613 92.3076923076923 0.0
614 92.3076923076923 0.0
615 84.61538461538461 0.0
616 76.92307692307692 0.0
617 84.61538461538461 0.0
618 65.38461538461539 0.0
619 76.92307692307692 0.0
620 76.92307692307692 0.0
621 84.61538461538461 0.0
622 73.07692307692308 0.0
623 80.76923076923077 0.0
624 76.92307692307692 0.0
625 73.07692307692308 0.0
626 73.07692307692308 0.0
627 65.38461538461539 0.0
628 50.0 0.0
629 57.69230769230769 0.0
630 65.38461538461539 0.0
631 69.23076923076923 0.0
632 69.23076923076923 0.0
633 57.69230769230769 0.0
634 65.38461538461539 0.0
635 65.38461538461539 0.0
636 73.07692307692308 0.0
637 73.07692307692308 0.0
638 57.69230769230769 0.0
639 65.38461538461539 0.0
640 57.69230769230769 0.0
641 69.23076923076923 0.0
642 53.84615384615385 0.0
643 69.23076923076923 0.0
644 69.23076923076923 0.0
645 65.38461538461539 0.0
646 69.23076923076923 0.0
647 76.92307692307692 0.0
648 76.92307692307692 0.0
649 84.61538461538461 0.0
650 84.61538461538461 0.0
651 84.61538461538461 0.0
652 84.61538461538461 0.0
653 73.07692307692308 0.0
654 92.3076923076923 0.0
655 92.3076923076923 0.0
656 84.61538461538461 0.0
657 92.3076923076923 0.0
658 92.3076923076923 0.0
659 84.61538461538461 0.0
660 84.61538461538461 0.0
661 84.61538461538461 0.0
662 84.61538461538461 0.0
663 80.76923076923077 0.0
664 84.61538461538461 0.0
665 84.61538461538461 0.0
666 92.3076923076923 0.0
667 84.61538461538461 0.0
668 76.92307692307692 0.0
669 84.61538461538461 0.0
670 84.61538461538461 0.0
671 76.92307692307692 0.0
672 76.92307692307692 0.0
673 76.92307692307692 0.0
674 76.92307692307692 0.0
675 84.61538461538461 0.0
676 76.92307692307692 0.0
677 76.92307692307692 0.0
678 76.92307692307692 0.0
679 84.61538461538461 0.0
680 76.92307692307692 0.0
681 69.23076923076923 0.0
682 69.23076923076923 0.0
683 69.23076923076923 0.0
684 69.23076923076923 0.0
685 69.23076923076923 0.0
686 69.23076923076923 0.0
687 76.92307692307692 0.0
688 69.23076923076923 0.0
689 76.92307692307692 0.0
690 76.92307692307692 0.0
691 69.23076923076923 0.0
692 92.3076923076923 0.0
693 76.92307692307692 0.0
694 76.92307692307692 0.0
695 76.92307692307692 0.0
696 84.61538461538461 0.0
697 84.61538461538461 0.0
698 84.61538461538461 0.0
699 92.3076923076923 0.0
700 76.92307692307692 0.0
701 84.61538461538461 0.0
702 84.61538461538461 0.0
703 76.92307692307692 0.0
704 84.61538461538461 0.0
705 84.61538461538461 0.0
706 76.92307692307692 0.0
707 69.23076923076923 0.0
708 84.61538461538461 0.0
709 84.61538461538461 0.0
710 69.23076923076923 0.0
711 73.07692307692308 0.0
712 76.92307692307692 0.0
713 65.38461538461539 0.0
714 92.3076923076923 0.0
715 69.23076923076923 0.0
716 57.69230769230769 0.0
717 69.23076923076923 0.0
718 76.92307692307692 0.0
719 76.92307692307692 0.0
720 76.92307692307692 0.0
721 76.92307692307692 0.0
722 69.23076923076923 0.0
723 76.92307692307692 0.0
724 69.23076923076923 0.0
725 84.61538461538461 0.0
726 84.61538461538461 0.0
727 76.92307692307692 0.0
728 76.92307692307692 0.0
729 73.07692307692308 0.0
730 76.92307692307692 0.0
731 80.76923076923077 0.0
732 80.76923076923077 0.0
733 80.76923076923077 0.0
734 80.76923076923077 0.0
735 92.3076923076923 0.0
736 92.3076923076923 0.0
737 84.61538461538461 0.0
738 84.61538461538461 0.0
739 84.61538461538461 0.0
740 84.61538461538461 0.0
741 92.3076923076923 0.0
742 84.61538461538461 0.0
743 92.3076923076923 0.0
744 92.3076923076923 0.0
745 92.3076923076923 0.0
746 92.3076923076923 0.0
747 92.3076923076923 0.0
748 92.3076923076923 0.0
749 92.3076923076923 0.0
750 92.3076923076923 0.0
751 92.3076923076923 0.0
752 92.3076923076923 0.0
753 92.3076923076923 0.0
754 92.3076923076923 0.0
755 92.3076923076923 0.0
756 92.3076923076923 0.0
757 92.3076923076923 0.0
758 92.3076923076923 0.0
759 92.3076923076923 0.0
760 92.3076923076923 0.0
761 92.3076923076923 0.0
762 84.61538461538461 0.0
763 92.3076923076923 0.0
764 84.61538461538461 0.0
765 84.61538461538461 0.0
766 92.3076923076923 0.0
767 84.61538461538461 0.0
768 92.3076923076923 0.0
769 92.3076923076923 0.0
770 92.3076923076923 0.0
771 92.3076923076923 0.0
772 84.61538461538461 0.0
773 92.3076923076923 0.0
774 92.3076923076923 0.0
775 92.3076923076923 0.0
776 69.23076923076923 0.0
777 84.61538461538461 0.0
778 100.0 0.0
779 92.3076923076923 0.0
780 92.3076923076923 0.0
781 84.61538461538461 0.0
782 69.23076923076923 0.0
783 84.61538461538461 0.0
784 92.3076923076923 0.0
785 84.61538461538461 0.0
786 84.61538461538461 0.0
787 84.61538461538461 0.0
788 92.3076923076923 0.0
789 92.3076923076923 0.0
790 84.61538461538461 0.0
791 92.3076923076923 0.0
792 92.3076923076923 0.0
793 84.61538461538461 0.0
794 92.3076923076923 0.0
795 76.92307692307692 0.0
796 76.92307692307692 0.0
797 100.0 0.0
798 92.3076923076923 0.0
799 80.76923076923077 0.0
800 80.76923076923077 0.0
801 76.92307692307692 0.0
802 88.46153846153847 0.0
803 84.61538461538461 0.0
804 92.3076923076923 0.0
805 84.61538461538461 0.0
806 84.61538461538461 0.0
807 84.61538461538461 0.0
808 92.3076923076923 0.0
809 92.3076923076923 0.0
810 92.3076923076923 0.0
811 84.61538461538461 0.0
812 84.61538461538461 0.0
813 84.61538461538461 0.0
814 80.76923076923077 0.0
815 92.3076923076923 0.0
816 92.3076923076923 0.0
817 76.92307692307692 0.0
818 100.0 0.0
819 100.0 0.0
820 92.3076923076923 0.0
821 92.3076923076923 0.0
822 100.0 0.0
823 92.3076923076923 0.0
824 88.46153846153847 0.0
825 88.46153846153847 0.0
826 88.46153846153847 0.0
827 92.3076923076923 0.0
828 84.61538461538461 0.0
829 84.61538461538461 0.0
830 73.07692307692308 0.0
831 73.07692307692308 0.0
832 73.07692307692308 0.0
833 88.46153846153847 0.0
834 88.46153846153847 0.0
835 80.76923076923077 0.0
836 73.07692307692308 0.0
837 84.61538461538461 0.0
838 88.46153846153847 0.0
839 88.46153846153847 0.0
840 80.76923076923077 0.0
841 88.46153846153847 0.0
842 80.76923076923077 0.0
843 88.46153846153847 0.0
844 80.76923076923077 0.0
845 80.76923076923077 0.0
846 88.46153846153847 0.0
847 80.76923076923077 0.0
848 88.46153846153847 0.0
849 80.76923076923077 0.0
850 88.46153846153847 0.0
851 88.46153846153847 0.0
852 88.46153846153847 0.0
853 88.46153846153847 0.0
854 88.46153846153847 0.0
855 88.46153846153847 0.0
856 88.46153846153847 0.0
857 88.46153846153847 0.0
858 80.76923076923077 0.0
859 76.92307692307692 0.0
860 80.76923076923077 0.0
861 73.07692307692308 0.0
862 76.92307692307692 0.0
863 88.46153846153847 0.0
864 80.76923076923077 0.0
865 88.46153846153847 0.0
866 88.46153846153847 0.0
867 88.46153846153847 0.0
868 80.76923076923077 0.0
869 88.46153846153847 0.0
870 80.76923076923077 0.0
871 80.76923076923077 0.0
872 88.46153846153847 0.0
873 88.46153846153847 0.0
874 88.46153846153847 0.0
875 88.46153846153847 0.0
876 88.46153846153847 0.0
877 88.46153846153847 0.0
878 88.46153846153847 0.0
879 80.76923076923077 0.0
880 92.3076923076923 0.0
881 84.61538461538461 0.0
882 84.61538461538461 0.0
883 84.61538461538461 0.0
884 80.76923076923077 0.0
885 84.61538461538461 0.0
886 84.61538461538461 0.0
887 84.61538461538461 0.0
888 76.92307692307692 0.0
889 76.92307692307692 0.0
890 76.92307692307692 0.0
891 76.92307692307692 0.0
892 76.92307692307692 0.0
893 92.3076923076923 0.0
894 76.92307692307692 0.0
895 76.92307692307692 0.0
896 76.92307692307692 0.0
897 76.92307692307692 0.0
898 84.61538461538461 0.0
899 61.53846153846154 0.0
900 84.61538461538461 0.0
901 84.61538461538461 0.0
902 84.61538461538461 0.0
903 84.61538461538461 0.0
904 84.61538461538461 0.0
905 76.92307692307692 0.0
906 84.61538461538461 0.0
907 76.92307692307692 0.0
908 76.92307692307692 0.0
909 76.92307692307692 0.0
910 73.07692307692308 0.0
911 73.07692307692308 0.0
912 69.23076923076923 0.0
913 84.61538461538461 0.0
914 84.61538461538461 0.0
915 84.61538461538461 0.0
916 92.3076923076923 0.0
917 84.61538461538461 0.0
918 84.61538461538461 0.0
919 84.61538461538461 0.0
920 84.61538461538461 0.0
921 84.61538461538461 0.0
922 92.3076923076923 0.0
923 100.0 0.0
924 84.61538461538461 0.0
925 84.61538461538461 0.0
926 84.61538461538461 0.0
927 84.61538461538461 0.0
928 84.61538461538461 0.0
929 84.61538461538461 0.0
930 84.61538461538461 0.0
931 76.92307692307692 0.0
932 76.92307692307692 0.0
933 69.23076923076923 0.0
934 69.23076923076923 0.0
935 84.61538461538461 0.0
936 76.92307692307692 0.0
937 80.76923076923077 0.0
938 84.61538461538461 0.0
939 92.3076923076923 0.0
940 84.61538461538461 0.0
941 80.76923076923077 0.0
942 76.92307692307692 0.0
943 84.61538461538461 0.0
944 69.23076923076923 0.0
945 88.46153846153847 0.0
946 80.76923076923077 0.0
947 92.3076923076923 0.0
948 88.46153846153847 0.0
949 80.76923076923077 0.0
950 80.76923076923077 0.0
951 84.61538461538461 0.0
952 76.92307692307692 0.0
953 92.3076923076923 0.0
954 76.92307692307692 0.0
955 88.46153846153847 0.0
956 88.46153846153847 0.0
957 84.61538461538461 0.0
958 69.23076923076923 0.0
959 76.92307692307692 0.0
960 65.38461538461539 0.0
961 84.61538461538461 0.0
962 92.3076923076923 0.0
963 65.38461538461539 0.0
964 73.07692307692308 0.0
965 73.07692307692308 0.0
966 84.61538461538461 0.0
967 92.3076923076923 0.0
968 92.3076923076923 0.0
969 84.61538461538461 0.0
970 76.92307692307692 0.0
971 84.61538461538461 0.0
972 84.61538461538461 0.0
973 84.61538461538461 0.0
974 92.3076923076923 0.0
975 84.61538461538461 0.0
976 92.3076923076923 0.0
977 92.3076923076923 0.0
978 84.61538461538461 0.0
979 92.3076923076923 0.0
980 76.92307692307692 0.0
981 76.92307692307692 0.0
982 73.07692307692308 0.0
983 73.07692307692308 0.0
984 65.38461538461539 0.0
985 65.38461538461539 0.0
986 57.69230769230769 0.0
987 65.38461538461539 0.0
988 76.92307692307692 0.0
989 61.53846153846154 0.0
990 73.07692307692308 0.0
991 76.92307692307692 0.0
992 69.23076923076923 0.0
993 76.92307692307692 0.0
994 84.61538461538461 0.0
995 76.92307692307692 0.0
996 73.07692307692308 0.0
997 80.76923076923077 0.0
998 80.76923076923077 0.0
999 92.3076923076923 0.0
