#frame monomers_% popc_isolated_%
0 84.61538461538461 0.0
1 84.61538461538461 0.0
2 76.92307692307692 0.0
3 65.38461538461539 0.0
4 76.92307692307692 0.0
5 76.92307692307692 0.0
6 84.61538461538461 0.0
7 92.3076923076923 0.0
8 84.61538461538461 0.0
9 92.3076923076923 0.0
10 69.23076923076923 0.0
11 73.07692307692308 0.0
12 76.92307692307692 0.0
13 76.92307692307692 0.0
14 80.76923076923077 0.0
15 84.61538461538461 0.0
16 84.61538461538461 0.0
17 92.3076923076923 0.0
18 84.61538461538461 0.0
19 84.61538461538461 0.0
20 76.92307692307692 0.0
21 76.92307692307692 0.0
22 76.92307692307692 0.0
23 76.92307692307692 0.0
24 76.92307692307692 0.0
25 69.23076923076923 0.0
26 69.23076923076923 0.0
27 76.92307692307692 0.0
28 76.92307692307692 0.0
29 73.07692307692308 0.0
30 76.92307692307692 0.0
31 65.38461538461539 0.0
32 65.38461538461539 0.0
33 69.23076923076923 0.0
34 73.07692307692308 0.0
35 50.0 0.0
36 53.84615384615385 0.0
37 73.07692307692308 0.0
38 69.23076923076923 0.0
39 65.38461538461539 0.0
40 53.84615384615385 0.0
41 50.0 0.0
42 80.76923076923077 0.0
43 65.38461538461539 0.0
44 61.53846153846154 0.0
45 53.84615384615385 0.0
46 42.30769230769231 0.0
47 69.23076923076923 0.0
48 69.23076923076923 0.0
49 61.53846153846154 0.0
50 69.23076923076923 0.0
51 69.23076923076923 0.0
52 65.38461538461539 0.0
53 65.38461538461539 0.0
54 57.69230769230769 0.0
55 65.38461538461539 0.0
56 65.38461538461539 0.0
57 65.38461538461539 0.0
58 65.38461538461539 0.0
59 84.61538461538461 0.0
60 76.92307692307692 0.0
61 76.92307692307692 0.0
62 84.61538461538461 0.0
63 76.92307692307692 0.0
64 57.69230769230769 0.0
65 61.53846153846154 0.0
66 50.0 0.0
67 65.38461538461539 0.0
68 65.38461538461539 0.0
69 61.53846153846154 0.0
70 61.53846153846154 0.0
71 69.23076923076923 0.0
72 61.53846153846154 0.0
73 69.23076923076923 0.0
74 61.53846153846154 0.0
75 76.92307692307692 0.0
76 92.3076923076923 0.0
77 76.92307692307692 0.0
78 65.38461538461539 0.0
79 69.23076923076923 0.0
80 73.07692307692308 0.0
81 76.92307692307692 0.0
82 65.38461538461539 0.0
83 53.84615384615385 0.0
84 65.38461538461539 0.0
85 73.07692307692308 0.0
86 65.38461538461539 0.0
87 53.84615384615385 0.0
88 61.53846153846154 0.0
89 61.53846153846154 0.0
90 61.53846153846154 0.0
91 57.69230769230769 0.0
92 57.69230769230769 0.0
93 57.69230769230769 0.0
94 65.38461538461539 0.0
95 65.38461538461539 0.0
96 69.23076923076923 0.0
97 76.92307692307692 0.0
98 76.92307692307692 0.0
99 73.07692307692308 0.0
100 73.07692307692308 0.0
101 73.07692307692308 0.0
102 73.07692307692308 0.0
103 76.92307692307692 0.0
104 73.07692307692308 0.0
105 61.53846153846154 0.0
106 65.38461538461539 0.0
107 61.53846153846154 0.0
108 69.23076923076923 0.0
109 65.38461538461539 0.0
110 69.23076923076923 0.0
111 69.23076923076923 0.0
112 69.23076923076923 0.0
113 69.23076923076923 0.0
114 73.07692307692308 0.0
115 80.76923076923077 0.0
116 80.76923076923077 0.0
117 76.92307692307692 0.0
118 84.61538461538461 0.0
119 69.23076923076923 0.0
120 65.38461538461539 0.0
121 73.07692307692308 0.0
122 73.07692307692308 0.0
123 80.76923076923077 0.0
124 80.76923076923077 0.0
125 76.92307692307692 0.0
126 65.38461538461539 0.0
127 73.07692307692308 0.0
128 73.07692307692308 0.0
129 65.38461538461539 0.0
130 76.92307692307692 0.0
131 84.61538461538461 0.0
132 73.07692307692308 0.0
133 73.07692307692308 0.0
134 73.07692307692308 0.0
135 65.38461538461539 0.0
136 69.23076923076923 0.0
137 69.23076923076923 0.0
138 76.92307692307692 0.0
139 76.92307692307692 0.0
140 69.23076923076923 0.0
141 69.23076923076923 0.0
142 61.53846153846154 0.0
143 69.23076923076923 0.0
144 80.76923076923077 0.0
145 80.76923076923077 0.0
146 80.76923076923077 0.0
147 76.92307692307692 0.0
148 84.61538461538461 0.0
149 84.61538461538461 0.0
150 84.61538461538461 0.0
151 65.38461538461539 0.0
152 73.07692307692308 0.0
153 80.76923076923077 0.0
154 76.92307692307692 0.0
155 69.23076923076923 0.0
156 73.07692307692308 0.0
157 80.76923076923077 0.0
158 76.92307692307692 0.0
159 84.61538461538461 0.0
160 84.61538461538461 0.0
161 76.92307692307692 0.0
162 76.92307692307692 0.0
163 76.92307692307692 0.0
164 76.92307692307692 0.0
165 69.23076923076923 0.0
166 57.69230769230769 0.0
167 65.38461538461539 0.0
168 69.23076923076923 0.0
169 76.92307692307692 0.0
170 65.38461538461539 0.0
171 57.69230769230769 0.0
172 65.38461538461539 0.0
173 65.38461538461539 0.0
174 57.69230769230769 0.0
175 73.07692307692308 0.0
176 65.38461538461539 0.0
177 69.23076923076923 0.0
178 69.23076923076923 0.0
179 76.92307692307692 0.0
180 69.23076923076923 0.0
181 76.92307692307692 0.0
182 76.92307692307692 0.0
183 92.3076923076923 0.0
184 84.61538461538461 0.0
185 84.61538461538461 0.0
186 84.61538461538461 0.0
187 76.92307692307692 0.0
188 69.23076923076923 0.0
189 84.61538461538461 0.0
190 76.92307692307692 0.0
191 65.38461538461539 0.0
192 69.23076923076923 0.0
193 76.92307692307692 0.0
194 76.92307692307692 0.0
195 61.53846153846154 0.0
196 69.23076923076923 0.0
197 76.92307692307692 0.0
198 84.61538461538461 0.0
199 76.92307692307692 0.0
200 76.92307692307692 0.0
201 84.61538461538461 0.0
202 84.61538461538461 0.0
203 84.61538461538461 0.0
204 84.61538461538461 0.0
205 84.61538461538461 0.0
206 92.3076923076923 0.0
207 84.61538461538461 0.0
208 84.61538461538461 0.0
209 84.61538461538461 0.0
210 84.61538461538461 0.0
211 84.61538461538461 0.0
212 84.61538461538461 0.0
213 92.3076923076923 0.0
214 76.92307692307692 0.0
215 69.23076923076923 0.0
216 69.23076923076923 0.0
217 69.23076923076923 0.0
218 69.23076923076923 0.0
219 61.53846153846154 0.0
220 53.84615384615385 0.0
221 61.53846153846154 0.0
222 61.53846153846154 0.0
223 61.53846153846154 0.0
224 76.92307692307692 0.0
225 76.92307692307692 0.0
226 57.69230769230769 0.0
227 69.23076923076923 0.0
228 65.38461538461539 0.0
229 84.61538461538461 0.0
230 76.92307692307692 0.0
231 92.3076923076923 0.0
232 84.61538461538461 0.0
233 84.61538461538461 0.0
234 76.92307692307692 0.0
235 92.3076923076923 0.0
236 92.3076923076923 0.0
237 76.92307692307692 0.0
238 76.92307692307692 0.0
239 69.23076923076923 0.0
240 84.61538461538461 0.0
241 92.3076923076923 0.0
242 84.61538461538461 0.0
243 76.92307692307692 0.0
244 76.92307692307692 0.0
245 69.23076923076923 0.0
246 92.3076923076923 0.0
247 76.92307692307692 0.0
248 92.3076923076923 0.0
249 84.61538461538461 0.0
250 84.61538461538461 0.0
251 69.23076923076923 0.0
252 69.23076923076923 0.0
253 69.23076923076923 0.0
254 76.92307692307692 0.0
255 61.53846153846154 0.0
256 69.23076923076923 0.0
257 76.92307692307692 0.0
258 84.61538461538461 0.0
259 69.23076923076923 0.0
260 84.61538461538461 0.0
261 84.61538461538461 0.0
262 76.92307692307692 0.0
263 84.61538461538461 0.0
264 84.61538461538461 0.0
265 92.3076923076923 0.0
266 76.92307692307692 0.0
267 80.76923076923077 0.0
268 84.61538461538461 0.0
269 92.3076923076923 0.0
270 88.46153846153847 0.0
271 88.46153846153847 0.0
272 88.46153846153847 0.0
273 73.07692307692308 0.0
274 76.92307692307692 0.0
275 73.07692307692308 0.0
276 73.07692307692308 0.0
277 76.92307692307692 0.0
278 92.3076923076923 0.0
279 76.92307692307692 0.0
280 100.0 0.0
281 76.92307692307692 0.0
282 92.3076923076923 0.0
283 84.61538461538461 0.0
284 84.61538461538461 0.0
285 92.3076923076923 0.0
286 92.3076923076923 0.0
287 92.3076923076923 0.0
288 84.61538461538461 0.0
289 92.3076923076923 0.0
290 92.3076923076923 0.0
291 84.61538461538461 0.0
292 84.61538461538461 0.0
293 92.3076923076923 0.0
294 65.38461538461539 0.0
295 69.23076923076923 0.0
296 69.23076923076923 0.0
297 69.23076923076923 0.0
298 76.92307692307692 0.0
299 76.92307692307692 0.0
300 76.92307692307692 0.0
301 76.92307692307692 0.0
302 76.92307692307692 0.0
303 84.61538461538461 0.0
304 84.61538461538461 0.0
305 84.61538461538461 0.0
306 76.92307692307692 0.0
307 61.53846153846154 0.0
308 76.92307692307692 0.0
309 76.92307692307692 0.0
310 84.61538461538461 0.0
311 84.61538461538461 0.0
312 69.23076923076923 0.0
313 53.84615384615385 0.0
314 69.23076923076923 0.0
315 61.53846153846154 0.0
316 65.38461538461539 0.0
317 69.23076923076923 0.0
318 69.23076923076923 0.0
319 69.23076923076923 0.0
320 65.38461538461539 0.0
321 76.92307692307692 0.0
322 76.92307692307692 0.0
323 73.07692307692308 0.0
324 80.76923076923077 0.0
325 80.76923076923077 0.0
326 76.92307692307692 0.0
327 76.92307692307692 0.0
328 73.07692307692308 0.0
329 80.76923076923077 0.0
330 84.61538461538461 0.0
331 80.76923076923077 0.0
332 65.38461538461539 0.0
333 80.76923076923077 0.0
334 73.07692307692308 0.0
335 88.46153846153847 0.0
336 88.46153846153847 0.0
337 69.23076923076923 0.0
338 50.0 0.0
339 53.84615384615385 0.0
340 65.38461538461539 0.0
341 61.53846153846154 0.0
342 84.61538461538461 0.0
343 92.3076923076923 0.0
344 92.3076923076923 0.0
345 84.61538461538461 0.0
346 76.92307692307692 0.0
347 92.3076923076923 0.0
348 100.0 0.0
349 92.3076923076923 0.0
350 84.61538461538461 0.0
351 92.3076923076923 0.0
352 76.92307692307692 0.0
353 84.61538461538461 0.0
354 73.07692307692308 0.0
355 65.38461538461539 0.0
356 65.38461538461539 0.0
357 73.07692307692308 0.0
358 65.38461538461539 0.0
359 80.76923076923077 0.0
360 80.76923076923077 0.0
361 84.61538461538461 0.0
362 73.07692307692308 0.0
363 76.92307692307692 0.0
364 69.23076923076923 0.0
365 84.61538461538461 0.0
366 65.38461538461539 0.0
367 73.07692307692308 0.0
368 76.92307692307692 0.0
369 84.61538461538461 0.0
370 76.92307692307692 0.0
371 84.61538461538461 0.0
372 76.92307692307692 0.0
373 76.92307692307692 0.0
374 69.23076923076923 0.0
375 76.92307692307692 0.0
376 76.92307692307692 0.0
377 73.07692307692308 0.0
378 76.92307692307692 0.0
379 76.92307692307692 0.0
380 80.76923076923077 0.0
381 80.76923076923077 0.0
382 76.92307692307692 0.0
383 76.92307692307692 0.0
384 76.92307692307692 0.0
385 76.92307692307692 0.0
386 76.92307692307692 0.0
387 76.92307692307692 0.0
388 76.92307692307692 0.0
389 80.76923076923077 0.0
390 73.07692307692308 0.0
391 73.07692307692308 0.0
392 76.92307692307692 0.0
393 69.23076923076923 0.0
394 76.92307692307692 0.0
395 84.61538461538461 0.0
396 76.92307692307692 0.0
397 84.61538461538461 0.0
398 84.61538461538461 0.0
399 76.92307692307692 0.0
400 69.23076923076923 0.0
401 61.53846153846154 0.0
402 76.92307692307692 0.0
403 84.61538461538461 0.0
404 76.92307692307692 0.0
405 84.61538461538461 0.0
406 76.92307692307692 0.0
407 61.53846153846154 0.0
408 76.92307692307692 0.0
409 69.23076923076923 0.0
410 92.3076923076923 0.0
411 84.61538461538461 0.0
412 84.61538461538461 0.0
413 84.61538461538461 0.0
414 73.07692307692308 0.0
415 92.3076923076923 0.0
416 92.3076923076923 0.0
417 76.92307692307692 0.0
418 84.61538461538461 0.0
419 84.61538461538461 0.0
420 84.61538461538461 0.0
421 76.92307692307692 0.0
422 76.92307692307692 0.0
423 76.92307692307692 0.0
424 76.92307692307692 0.0
425 84.61538461538461 0.0
426 84.61538461538461 0.0
427 69.23076923076923 0.0
428 65.38461538461539 0.0
429 84.61538461538461 0.0
430 73.07692307692308 0.0
431 84.61538461538461 0.0
432 92.3076923076923 0.0
433 84.61538461538461 0.0
434 76.92307692307692 0.0
435 76.92307692307692 0.0
436 73.07692307692308 0.0
437 84.61538461538461 0.0
438 76.92307692307692 0.0
439 73.07692307692308 0.0
440 76.92307692307692 0.0
441 76.92307692307692 0.0
442 57.69230769230769 0.0
443 69.23076923076923 0.0
444 61.53846153846154 0.0
445 61.53846153846154 0.0
446 61.53846153846154 0.0
447 65.38461538461539 0.0
448 57.69230769230769 0.0
449 65.38461538461539 0.0
450 69.23076923076923 0.0
451 84.61538461538461 0.0
452 53.84615384615385 0.0
453 76.92307692307692 0.0
454 76.92307692307692 0.0
455 92.3076923076923 0.0
456 92.3076923076923 0.0
457 92.3076923076923 0.0
458 92.3076923076923 0.0
459 92.3076923076923 0.0
460 92.3076923076923 0.0
461 84.61538461538461 0.0
462 84.61538461538461 0.0
463 80.76923076923077 0.0
464 84.61538461538461 0.0
465 92.3076923076923 0.0
466 92.3076923076923 0.0
467 100.0 0.0
468 88.46153846153847 0.0
469 92.3076923076923 0.0
470 92.3076923076923 0.0
471 92.3076923076923 0.0
472 92.3076923076923 0.0
473 92.3076923076923 0.0
474 84.61538461538461 0.0
475 92.3076923076923 0.0
476 92.3076923076923 0.0
477 92.3076923076923 0.0
478 92.3076923076923 0.0
479 84.61538461538461 0.0
480 76.92307692307692 0.0
481 76.92307692307692 0.0
482 73.07692307692308 0.0
483 73.07692307692308 0.0
484 80.76923076923077 0.0
485 84.61538461538461 0.0
486 84.61538461538461 0.0
487 69.23076923076923 0.0
488 76.92307692307692 0.0
489 73.07692307692308 0.0
490 84.61538461538461 0.0
491 92.3076923076923 0.0
492 92.3076923076923 0.0
493 76.92307692307692 0.0
494 76.92307692307692 0.0
495 84.61538461538461 0.0
496 92.3076923076923 0.0
497 84.61538461538461 0.0
498 84.61538461538461 0.0
499 84.61538461538461 0.0
500 76.92307692307692 0.0
501 76.92307692307692 0.0
502 84.61538461538461 0.0
503 76.92307692307692 0.0
504 69.23076923076923 0.0
505 84.61538461538461 0.0
506 69.23076923076923 0.0
507 69.23076923076923 0.0
508 76.92307692307692 0.0
509 69.23076923076923 0.0
510 84.61538461538461 0.0
511 76.92307692307692 0.0
512 76.92307692307692 0.0
513 61.53846153846154 0.0
514 76.92307692307692 0.0
515 69.23076923076923 0.0
516 84.61538461538461 0.0
517 88.46153846153847 0.0
518 61.53846153846154 0.0
519 76.92307692307692 0.0
520 69.23076923076923 0.0
521 69.23076923076923 0.0
522 69.23076923076923 0.0
523 80.76923076923077 0.0
524 65.38461538461539 0.0
525 69.23076923076923 0.0
526 69.23076923076923 0.0
527 76.92307692307692 0.0
528 73.07692307692308 0.0
529 76.92307692307692 0.0
530 69.23076923076923 0.0
531 76.92307692307692 0.0
532 80.76923076923077 0.0
533 80.76923076923077 0.0
534 92.3076923076923 0.0
535 80.76923076923077 0.0
536 80.76923076923077 0.0
537 84.61538461538461 0.0
538 73.07692307692308 0.0
539 80.76923076923077 0.0
540 88.46153846153847 0.0
541 80.76923076923077 0.0
542 73.07692307692308 0.0
543 73.07692307692308 0.0
544 84.61538461538461 0.0
545 84.61538461538461 0.0
546 84.61538461538461 0.0
547 76.92307692307692 0.0
548 80.76923076923077 0.0
549 76.92307692307692 0.0
550 76.92307692307692 0.0
551 61.53846153846154 0.0
552 73.07692307692308 0.0
553 57.69230769230769 0.0
554 73.07692307692308 0.0
555 73.07692307692308 0.0
556 88.46153846153847 0.0
557 88.46153846153847 0.0
558 88.46153846153847 0.0
559 73.07692307692308 0.0
560 73.07692307692308 0.0
561 76.92307692307692 0.0
562 92.3076923076923 0.0
563 92.3076923076923 0.0
564 92.3076923076923 0.0
565 100.0 0.0
566 100.0 0.0
567 92.3076923076923 0.0
568 84.61538461538461 0.0
569 92.3076923076923 0.0
570 69.23076923076923 0.0
571 73.07692307692308 0.0
572 73.07692307692308 0.0
573 61.53846153846154 0.0
574 69.23076923076923 0.0
575 73.07692307692308 0.0
576 80.76923076923077 0.0
577 92.3076923076923 0.0
578 92.3076923076923 0.0
579 92.3076923076923 0.0
580 92.3076923076923 0.0
581 84.61538461538461 0.0
582 92.3076923076923 0.0
583 100.0 0.0
584 100.0 0.0
585 76.92307692307692 0.0
586 92.3076923076923 0.0
587 92.3076923076923 0.0
588 92.3076923076923 0.0
589 84.61538461538461 0.0
590 84.61538461538461 0.0
591 92.3076923076923 0.0
592 92.3076923076923 0.0
593 92.3076923076923 0.0
594 84.61538461538461 0.0
595 76.92307692307692 0.0
596 76.92307692307692 0.0
597 84.61538461538461 0.0
598 76.92307692307692 0.0
599 84.61538461538461 0.0
600 76.92307692307692 0.0
601 76.92307692307692 0.0
602 57.69230769230769 0.0
603 80.76923076923077 0.0
604 88.46153846153847 0.0
605 80.76923076923077 0.0
606 76.92307692307692 0.0
607 76.92307692307692 0.0
608 73.07692307692308 0.0
609 84.61538461538461 0.0
610 80.76923076923077 0.0
611 73.07692307692308 0.0
612 84.61538461538461 0.0
613 76.92307692307692 0.0
614 84.61538461538461 0.0
615 84.61538461538461 0.0
616 76.92307692307692 0.0
617 76.92307692307692 0.0
618 76.92307692307692 0.0
619 84.61538461538461 0.0
620 61.53846153846154 0.0
621 61.53846153846154 0.0
622 61.53846153846154 0.0
623 65.38461538461539 0.0
624 92.3076923076923 0.0
625 76.92307692307692 0.0
626 84.61538461538461 0.0
627 84.61538461538461 0.0
628 76.92307692307692 0.0
629 84.61538461538461 0.0
630 84.61538461538461 0.0
631 84.61538461538461 0.0
632 73.07692307692308 0.0
633 80.76923076923077 0.0
634 84.61538461538461 0.0
635 92.3076923076923 0.0
636 84.61538461538461 0.0
637 69.23076923076923 0.0
638 92.3076923076923 0.0
639 73.07692307692308 0.0
640 76.92307692307692 0.0
641 88.46153846153847 0.0
642 92.3076923076923 0.0
643 84.61538461538461 0.0
644 84.61538461538461 0.0
645 92.3076923076923 0.0
646 88.46153846153847 0.0
647 100.0 0.0
648 100.0 0.0
649 100.0 0.0
650 84.61538461538461 0.0
651 84.61538461538461 0.0
652 100.0 0.0
653 92.3076923076923 0.0
654 84.61538461538461 0.0
655 92.3076923076923 0.0
656 92.3076923076923 0.0
657 84.61538461538461 0.0
658 76.92307692307692 0.0
659 76.92307692307692 0.0
660 69.23076923076923 0.0
661 92.3076923076923 0.0
662 76.92307692307692 0.0
663 61.53846153846154 0.0
664 69.23076923076923 0.0
665 73.07692307692308 0.0
666 92.3076923076923 0.0
667 73.07692307692308 0.0
668 61.53846153846154 0.0
669 73.07692307692308 0.0
670 80.76923076923077 0.0
671 80.76923076923077 0.0
672 80.76923076923077 0.0
673 73.07692307692308 0.0
674 80.76923076923077 0.0
675 84.61538461538461 0.0
676 84.61538461538461 0.0
677 80.76923076923077 0.0
678 84.61538461538461 0.0
679 65.38461538461539 0.0
680 76.92307692307692 0.0
681 76.92307692307692 0.0
682 73.07692307692308 0.0
683 73.07692307692308 0.0
684 69.23076923076923 0.0
685 61.53846153846154 0.0
686 73.07692307692308 0.0
687 69.23076923076923 0.0
688 57.69230769230769 0.0
689 65.38461538461539 0.0
690 57.69230769230769 0.0
691 57.69230769230769 0.0
692 76.92307692307692 0.0
693 73.07692307692308 0.0
694 80.76923076923077 0.0
695 84.61538461538461 0.0
696 80.76923076923077 0.0
697 76.92307692307692 0.0
698 73.07692307692308 0.0
699 84.61538461538461 0.0
700 80.76923076923077 0.0
701 84.61538461538461 0.0
702 80.76923076923077 0.0
703 80.76923076923077 0.0
704 80.76923076923077 0.0
705 80.76923076923077 0.0
706 76.92307692307692 0.0
707 61.53846153846154 0.0
708 76.92307692307692 0.0
709 53.84615384615385 0.0
710 53.84615384615385 0.0
711 69.23076923076923 0.0
712 61.53846153846154 0.0
713 69.23076923076923 0.0
714 69.23076923076923 0.0
715 69.23076923076923 0.0
716 69.23076923076923 0.0
717 73.07692307692308 0.0
718 76.92307692307692 0.0
719 69.23076923076923 0.0
720 69.23076923076923 0.0
721 69.23076923076923 0.0
722 65.38461538461539 0.0
723 73.07692307692308 0.0
724 65.38461538461539 0.0
725 73.07692307692308 0.0
726 73.07692307692308 0.0
727 65.38461538461539 0.0
728 57.69230769230769 0.0
729 57.69230769230769 0.0
730 57.69230769230769 0.0
731 65.38461538461539 0.0
732 65.38461538461539 0.0
733 69.23076923076923 0.0
734 61.53846153846154 0.0
735 76.92307692307692 0.0
736 76.92307692307692 0.0
737 84.61538461538461 0.0
738 84.61538461538461 0.0
739 84.61538461538461 0.0
740 76.92307692307692 0.0
741 76.92307692307692 0.0
742 69.23076923076923 0.0
743 76.92307692307692 0.0
744 61.53846153846154 0.0
745 53.84615384615385 0.0
746 61.53846153846154 0.0
747 53.84615384615385 0.0
748 61.53846153846154 0.0
749 61.53846153846154 0.0
750 53.84615384615385 0.0
751 76.92307692307692 0.0
752 69.23076923076923 0.0
753 76.92307692307692 0.0
754 53.84615384615385 0.0
755 61.53846153846154 0.0
756 76.92307692307692 0.0
757 69.23076923076923 0.0
758 73.07692307692308 0.0
759 61.53846153846154 0.0
760 69.23076923076923 0.0
761 69.23076923076923 0.0
762 76.92307692307692 0.0
763 76.92307692307692 0.0
764 69.23076923076923 0.0
765 69.23076923076923 0.0
766 84.61538461538461 0.0
767 76.92307692307692 0.0
768 92.3076923076923 0.0
769 84.61538461538461 0.0
770 84.61538461538461 0.0
771 76.92307692307692 0.0
772 84.61538461538461 0.0
773 84.61538461538461 0.0
774 84.61538461538461 0.0
775 84.61538461538461 0.0
776 76.92307692307692 0.0
777 61.53846153846154 0.0
778 61.53846153846154 0.0
779 76.92307692307692 0.0
780 76.92307692307692 0.0
781 84.61538461538461 0.0
782 84.61538461538461 0.0
783 76.92307692307692 0.0
784 65.38461538461539 0.0
785 76.92307692307692 0.0
786 73.07692307692308 0.0
787 73.07692307692308 0.0
788 76.92307692307692 0.0
789 76.92307692307692 0.0
790 84.61538461538461 0.0
791 84.61538461538461 0.0
792 76.92307692307692 0.0
793 80.76923076923077 0.0
794 84.61538461538461 0.0
795 84.61538461538461 0.0
796 84.61538461538461 0.0
797 65.38461538461539 0.0
798 57.69230769230769 0.0
799 73.07692307692308 0.0
800 73.07692307692308 0.0
801 73.07692307692308 0.0
802 53.84615384615385 0.0
803 69.23076923076923 0.0
804 76.92307692307692 0.0
805 69.23076923076923 0.0
806 76.92307692307692 0.0
807 65.38461538461539 0.0
808 69.23076923076923 0.0
809 69.23076923076923 0.0
810 76.92307692307692 0.0
811 76.92307692307692 0.0
812 76.92307692307692 0.0
813 65.38461538461539 0.0
814 69.23076923076923 0.0
815 69.23076923076923 0.0
816 80.76923076923077 0.0
817 61.53846153846154 0.0
818 61.53846153846154 0.0
819 65.38461538461539 0.0
820 69.23076923076923 0.0
821 69.23076923076923 0.0
822 76.92307692307692 0.0
823 76.92307692307692 0.0
824 61.53846153846154 0.0
825 65.38461538461539 0.0
826 65.38461538461539 0.0
827 61.53846153846154 0.0
828 61.53846153846154 0.0
829 76.92307692307692 0.0
830 69.23076923076923 0.0
831 69.23076923076923 0.0
832 69.23076923076923 0.0
833 69.23076923076923 0.0
834 76.92307692307692 0.0
835 76.92307692307692 0.0
836 76.92307692307692 0.0
837 69.23076923076923 0.0
838 61.53846153846154 0.0
839 61.53846153846154 0.0
840 53.84615384615385 0.0
841 69.23076923076923 0.0
842 65.38461538461539 0.0
843 73.07692307692308 0.0
844 76.92307692307692 0.0
845 69.23076923076923 0.0
846 76.92307692307692 0.0
847 76.92307692307692 0.0
848 76.92307692307692 0.0
849 80.76923076923077 0.0
850 84.61538461538461 0.0
851 92.3076923076923 0.0
852 73.07692307692308 0.0
853 76.92307692307692 0.0
854 69.23076923076923 0.0
855 73.07692307692308 0.0
856 76.92307692307692 0.0
857 76.92307692307692 0.0
858 65.38461538461539 0.0
859 73.07692307692308 0.0
860 80.76923076923077 0.0
861 76.92307692307692 0.0
862 80.76923076923077 0.0
863 69.23076923076923 0.0
864 84.61538461538461 0.0
865 88.46153846153847 0.0
866 65.38461538461539 0.0
867 84.61538461538461 0.0
868 76.92307692307692 0.0
869 65.38461538461539 0.0
870 65.38461538461539 0.0
871 73.07692307692308 0.0
872 73.07692307692308 0.0
873 65.38461538461539 0.0
874 69.23076923076923 0.0
875 69.23076923076923 0.0
876 69.23076923076923 0.0
877 61.53846153846154 0.0
878 69.23076923076923 0.0
879 61.53846153846154 0.0
880 57.69230769230769 0.0
881 73.07692307692308 0.0
882 69.23076923076923 0.0
883 61.53846153846154 0.0
884 61.53846153846154 0.0
885 73.07692307692308 0.0
886 65.38461538461539 0.0
887 61.53846153846154 0.0
888 73.07692307692308 0.0
889 61.53846153846154 0.0
890 57.69230769230769 0.0
891 61.53846153846154 0.0
892 61.53846153846154 0.0
893 69.23076923076923 0.0
894 61.53846153846154 0.0
895 76.92307692307692 0.0
896 69.23076923076923 0.0
897 76.92307692307692 0.0
898 76.92307692307692 0.0
899 73.07692307692308 0.0
900 76.92307692307692 0.0
901 61.53846153846154 0.0
902 73.07692307692308 0.0
903 61.53846153846154 0.0
904 65.38461538461539 0.0
905 73.07692307692308 0.0
906 61.53846153846154 0.0
907 69.23076923076923 0.0
908 69.23076923076923 0.0
909 50.0 0.0
910 65.38461538461539 0.0
911 46.15384615384615 0.0
912 57.69230769230769 0.0
913 57.69230769230769 0.0
914 65.38461538461539 0.0
915 65.38461538461539 0.0
916 73.07692307692308 0.0
917 73.07692307692308 0.0
918 73.07692307692308 0.0
919 69.23076923076923 0.0
920 80.76923076923077 0.0
921 73.07692307692308 0.0
922 65.38461538461539 0.0
923 76.92307692307692 0.0
924 53.84615384615385 0.0
925 53.84615384615385 0.0
926 65.38461538461539 0.0
927 65.38461538461539 0.0
928 57.69230769230769 0.0
929 84.61538461538461 0.0
930 80.76923076923077 0.0
931 80.76923076923077 0.0
932 76.92307692307692 0.0
933 69.23076923076923 0.0
934 65.38461538461539 0.0
935 57.69230769230769 0.0
936 65.38461538461539 0.0
937 57.69230769230769 0.0
938 73.07692307692308 0.0
939 65.38461538461539 0.0
940 69.23076923076923 0.0
941 80.76923076923077 0.0
942 76.92307692307692 0.0
943 76.92307692307692 0.0
944 69.23076923076923 0.0
945 76.92307692307692 0.0
946 73.07692307692308 0.0
947 73.07692307692308 0.0
948 65.38461538461539 0.0
949 65.38461538461539 0.0
950 69.23076923076923 0.0
951 80.76923076923077 0.0
952 80.76923076923077 0.0
953 80.76923076923077 0.0
954 80.76923076923077 0.0
955 61.53846153846154 0.0
956 69.23076923076923 0.0
957 50.0 0.0
958 42.30769230769231 0.0
959 57.69230769230769 0.0
960 50.0 0.0
961 57.69230769230769 0.0
962 65.38461538461539 0.0
963 73.07692307692308 0.0
964 84.61538461538461 0.0
965 84.61538461538461 0.0
966 76.92307692307692 0.0
967 84.61538461538461 0.0
968 73.07692307692308 0.0
969 73.07692307692308 0.0
970 65.38461538461539 0.0
971 73.07692307692308 0.0
972 80.76923076923077 0.0
973 73.07692307692308 0.0
974 80.76923076923077 0.0
975 65.38461538461539 0.0
976 65.38461538461539 0.0
977 80.76923076923077 0.0
978 73.07692307692308 0.0
979 57.69230769230769 0.0
980 65.38461538461539 0.0
981 65.38461538461539 0.0
982 76.92307692307692 0.0
983 73.07692307692308 0.0
984 73.07692307692308 0.0
985 65.38461538461539 0.0
986 76.92307692307692 0.0
987 65.38461538461539 0.0
988 65.38461538461539 0.0
989 80.76923076923077 0.0
990 80.76923076923077 0.0
991 88.46153846153847 0.0
992 73.07692307692308 0.0
993 73.07692307692308 0.0
994 80.76923076923077 0.0
995 73.07692307692308 0.0
996 76.92307692307692 0.0
997 69.23076923076923 0.0
998 73.07692307692308 0.0
999 61.53846153846154 0.0
