#frame monomers_% popc_isolated_%
0 84.61538461538461 0.0
1 76.92307692307692 0.0
2 69.23076923076923 0.0
3 69.23076923076923 0.0
4 76.92307692307692 0.0
5 84.61538461538461 0.0
6 84.61538461538461 0.0
7 92.3076923076923 0.0
8 84.61538461538461 0.0
9 76.92307692307692 0.0
10 69.23076923076923 0.0
11 69.23076923076923 0.0
12 76.92307692307692 0.0
13 69.23076923076923 0.0
14 53.84615384615385 0.0
15 69.23076923076923 0.0
16 69.23076923076923 0.0
17 76.92307692307692 0.0
18 84.61538461538461 0.0
19 76.92307692307692 0.0
20 69.23076923076923 0.0
21 84.61538461538461 0.0
22 73.07692307692308 0.0
23 84.61538461538461 0.0
24 76.92307692307692 0.0
25 69.23076923076923 0.0
26 69.23076923076923 0.0
27 84.61538461538461 0.0
28 76.92307692307692 0.0
29 76.92307692307692 0.0
30 84.61538461538461 0.0
31 92.3076923076923 0.0
32 84.61538461538461 0.0
33 84.61538461538461 0.0
34 92.3076923076923 0.0
35 92.3076923076923 0.0
36 84.61538461538461 0.0
37 80.76923076923077 0.0
38 92.3076923076923 0.0
39 92.3076923076923 0.0
40 76.92307692307692 0.0
41 69.23076923076923 0.0
42 76.92307692307692 0.0
43 84.61538461538461 0.0
44 76.92307692307692 0.0
45 84.61538461538461 0.0
46 69.23076923076923 0.0
47 69.23076923076923 0.0
48 84.61538461538461 0.0
49 84.61538461538461 0.0
50 84.61538461538461 0.0
51 76.92307692307692 0.0
52 92.3076923076923 0.0
53 76.92307692307692 0.0
54 76.92307692307692 0.0
55 80.76923076923077 0.0
56 80.76923076923077 0.0
57 80.76923076923077 0.0
58 80.76923076923077 0.0
59 76.92307692307692 0.0
60 76.92307692307692 0.0
61 76.92307692307692 0.0
62 61.53846153846154 0.0
63 65.38461538461539 0.0
64 73.07692307692308 0.0
65 84.61538461538461 0.0
66 80.76923076923077 0.0
67 76.92307692307692 0.0
68 76.92307692307692 0.0
69 65.38461538461539 0.0
70 69.23076923076923 0.0
71 76.92307692307692 0.0
72 69.23076923076923 0.0
73 84.61538461538461 0.0
74 76.92307692307692 0.0
75 84.61538461538461 0.0
76 65.38461538461539 0.0
77 73.07692307692308 0.0
78 73.07692307692308 0.0
79 76.92307692307692 0.0
80 53.84615384615385 0.0
81 76.92307692307692 0.0
82 84.61538461538461 0.0
83 76.92307692307692 0.0
84 76.92307692307692 0.0
85 76.92307692307692 0.0
86 69.23076923076923 0.0
87 84.61538461538461 0.0
88 76.92307692307692 0.0
89 69.23076923076923 0.0
90 69.23076923076923 0.0
91 76.92307692307692 0.0
92 84.61538461538461 0.0
93 76.92307692307692 0.0
94 69.23076923076923 0.0
95 76.92307692307692 0.0
96 69.23076923076923 0.0
97 69.23076923076923 0.0
98 61.53846153846154 0.0
99 65.38461538461539 0.0
100 61.53846153846154 0.0
101 65.38461538461539 0.0
102 69.23076923076923 0.0
103 76.92307692307692 0.0
104 84.61538461538461 0.0
105 61.53846153846154 0.0
106 76.92307692307692 0.0
107 69.23076923076923 0.0
108 69.23076923076923 0.0
109 76.92307692307692 0.0
110 76.92307692307692 0.0
111 76.92307692307692 0.0
112 76.92307692307692 0.0
113 69.23076923076923 0.0
114 61.53846153846154 0.0
115 76.92307692307692 0.0
116 84.61538461538461 0.0
117 84.61538461538461 0.0
118 84.61538461538461 0.0
119 69.23076923076923 0.0
120 76.92307692307692 0.0
121 61.53846153846154 0.0
122 69.23076923076923 0.0
123 61.53846153846154 0.0
124 76.92307692307692 0.0
125 100.0 0.0
126 84.61538461538461 0.0
127 76.92307692307692 0.0
128 84.61538461538461 0.0
129 69.23076923076923 0.0
130 76.92307692307692 0.0
131 69.23076923076923 0.0
132 61.53846153846154 0.0
133 69.23076923076923 0.0
134 61.53846153846154 0.0
135 61.53846153846154 0.0
136 61.53846153846154 0.0
137 61.53846153846154 0.0
138 69.23076923076923 0.0
139 69.23076923076923 0.0
140 73.07692307692308 0.0
141 84.61538461538461 0.0
142 84.61538461538461 0.0
143 76.92307692307692 0.0
144 76.92307692307692 0.0
145 76.92307692307692 0.0
146 84.61538461538461 0.0
147 76.92307692307692 0.0
148 88.46153846153847 0.0
149 80.76923076923077 0.0
150 84.61538461538461 0.0
151 84.61538461538461 0.0
152 92.3076923076923 0.0
153 92.3076923076923 0.0
154 100.0 0.0
155 84.61538461538461 0.0
156 92.3076923076923 0.0
157 84.61538461538461 0.0
158 84.61538461538461 0.0
159 76.92307692307692 0.0
160 76.92307692307692 0.0
161 84.61538461538461 0.0
162 84.61538461538461 0.0
163 92.3076923076923 0.0
164 84.61538461538461 0.0
165 84.61538461538461 0.0
166 76.92307692307692 0.0
167 76.92307692307692 0.0
168 92.3076923076923 0.0
169 92.3076923076923 0.0
170 84.61538461538461 0.0
171 84.61538461538461 0.0
172 76.92307692307692 0.0
173 76.92307692307692 0.0
174 76.92307692307692 0.0
175 84.61538461538461 0.0
176 84.61538461538461 0.0
177 92.3076923076923 0.0
178 84.61538461538461 0.0
179 69.23076923076923 0.0
180 76.92307692307692 0.0
181 73.07692307692308 0.0
182 76.92307692307692 0.0
183 73.07692307692308 0.0
184 92.3076923076923 0.0
185 69.23076923076923 0.0
186 69.23076923076923 0.0
187 73.07692307692308 0.0
188 92.3076923076923 0.0
189 84.61538461538461 0.0
190 76.92307692307692 0.0
191 84.61538461538461 0.0
192 76.92307692307692 0.0
193 76.92307692307692 0.0
194 76.92307692307692 0.0
195 100.0 0.0
196 92.3076923076923 0.0
197 76.92307692307692 0.0
198 84.61538461538461 0.0
199 76.92307692307692 0.0
200 76.92307692307692 0.0
201 76.92307692307692 0.0
202 84.61538461538461 0.0
203 76.92307692307692 0.0
204 76.92307692307692 0.0
205 69.23076923076923 0.0
206 76.92307692307692 0.0
207 69.23076923076923 0.0
208 69.23076923076923 0.0
209 53.84615384615385 0.0
210 69.23076923076923 0.0
211 57.69230769230769 0.0
212 76.92307692307692 0.0
213 61.53846153846154 0.0
214 76.92307692307692 0.0
215 76.92307692307692 0.0
216 76.92307692307692 0.0
217 84.61538461538461 0.0
218 92.3076923076923 0.0
219 84.61538461538461 0.0
220 84.61538461538461 0.0
221 76.92307692307692 0.0
222 69.23076923076923 0.0
223 76.92307692307692 0.0
224 76.92307692307692 0.0
225 76.92307692307692 0.0
226 76.92307692307692 0.0
227 76.92307692307692 0.0
228 76.92307692307692 0.0
229 69.23076923076923 0.0
230 92.3076923076923 0.0
231 84.61538461538461 0.0
232 84.61538461538461 0.0
233 73.07692307692308 0.0
234 84.61538461538461 0.0
235 84.61538461538461 0.0
236 84.61538461538461 0.0
237 76.92307692307692 0.0
238 76.92307692307692 0.0
239 84.61538461538461 0.0
240 76.92307692307692 0.0
241 76.92307692307692 0.0
242 76.92307692307692 0.0
243 76.92307692307692 0.0
244 76.92307692307692 0.0
245 76.92307692307692 0.0
246 69.23076923076923 0.0
247 61.53846153846154 0.0
248 61.53846153846154 0.0
249 61.53846153846154 0.0
250 69.23076923076923 0.0
251 61.53846153846154 0.0
252 69.23076923076923 0.0
253 65.38461538461539 0.0
254 65.38461538461539 0.0
255 57.69230769230769 0.0
256 65.38461538461539 0.0
257 69.23076923076923 0.0
258 69.23076923076923 0.0
259 69.23076923076923 0.0
260 76.92307692307692 0.0
261 69.23076923076923 0.0
262 69.23076923076923 0.0
263 69.23076923076923 0.0
264 76.92307692307692 0.0
265 69.23076923076923 0.0
266 84.61538461538461 0.0
267 69.23076923076923 0.0
268 65.38461538461539 0.0
269 76.92307692307692 0.0
270 69.23076923076923 0.0
271 76.92307692307692 0.0
272 69.23076923076923 0.0
273 73.07692307692308 0.0
274 61.53846153846154 0.0
275 57.69230769230769 0.0
276 61.53846153846154 0.0
277 80.76923076923077 0.0
278 69.23076923076923 0.0
279 92.3076923076923 0.0
280 80.76923076923077 0.0
281 73.07692307692308 0.0
282 80.76923076923077 0.0
283 80.76923076923077 0.0
284 92.3076923076923 0.0
285 76.92307692307692 0.0
286 80.76923076923077 0.0
287 84.61538461538461 0.0
288 92.3076923076923 0.0
289 92.3076923076923 0.0
290 88.46153846153847 0.0
291 92.3076923076923 0.0
292 84.61538461538461 0.0
293 92.3076923076923 0.0
294 84.61538461538461 0.0
295 88.46153846153847 0.0
296 88.46153846153847 0.0
297 88.46153846153847 0.0
298 84.61538461538461 0.0
299 84.61538461538461 0.0
300 88.46153846153847 0.0
301 76.92307692307692 0.0
302 76.92307692307692 0.0
303 76.92307692307692 0.0
304 84.61538461538461 0.0
305 76.92307692307692 0.0
306 76.92307692307692 0.0
307 84.61538461538461 0.0
308 61.53846153846154 0.0
309 61.53846153846154 0.0
310 65.38461538461539 0.0
311 73.07692307692308 0.0
312 80.76923076923077 0.0
313 76.92307692307692 0.0
314 73.07692307692308 0.0
315 76.92307692307692 0.0
316 76.92307692307692 0.0
317 69.23076923076923 0.0
318 84.61538461538461 0.0
319 57.69230769230769 0.0
320 61.53846153846154 0.0
321 69.23076923076923 0.0
322 84.61538461538461 0.0
323 76.92307692307692 0.0
324 73.07692307692308 0.0
325 65.38461538461539 0.0
326 61.53846153846154 0.0
327 69.23076923076923 0.0
328 57.69230769230769 0.0
329 57.69230769230769 0.0
330 73.07692307692308 0.0
331 76.92307692307692 0.0
332 76.92307692307692 0.0
333 73.07692307692308 0.0
334 65.38461538461539 0.0
335 57.69230769230769 0.0
336 61.53846153846154 0.0
337 65.38461538461539 0.0
338 73.07692307692308 0.0
339 92.3076923076923 0.0
340 76.92307692307692 0.0
341 73.07692307692308 0.0
342 73.07692307692308 0.0
343 92.3076923076923 0.0
344 80.76923076923077 0.0
345 80.76923076923077 0.0
346 76.92307692307692 0.0
347 80.76923076923077 0.0
348 80.76923076923077 0.0
349 73.07692307692308 0.0
350 73.07692307692308 0.0
351 88.46153846153847 0.0
352 73.07692307692308 0.0
353 80.76923076923077 0.0
354 88.46153846153847 0.0
355 80.76923076923077 0.0
356 65.38461538461539 0.0
357 80.76923076923077 0.0
358 80.76923076923077 0.0
359 84.61538461538461 0.0
360 80.76923076923077 0.0
361 73.07692307692308 0.0
362 73.07692307692308 0.0
363 80.76923076923077 0.0
364 57.69230769230769 0.0
365 73.07692307692308 0.0
366 76.92307692307692 0.0
367 76.92307692307692 0.0
368 69.23076923076923 0.0
369 80.76923076923077 0.0
370 76.92307692307692 0.0
371 69.23076923076923 0.0
372 88.46153846153847 0.0
373 88.46153846153847 0.0
374 88.46153846153847 0.0
375 73.07692307692308 0.0
376 73.07692307692308 0.0
377 65.38461538461539 0.0
378 76.92307692307692 0.0
379 65.38461538461539 0.0
380 92.3076923076923 0.0
381 84.61538461538461 0.0
382 84.61538461538461 0.0
383 84.61538461538461 0.0
384 84.61538461538461 0.0
385 80.76923076923077 0.0
386 73.07692307692308 0.0
387 80.76923076923077 0.0
388 84.61538461538461 0.0
389 73.07692307692308 0.0
390 73.07692307692308 0.0
391 73.07692307692308 0.0
392 80.76923076923077 0.0
393 76.92307692307692 0.0
394 84.61538461538461 0.0
395 88.46153846153847 0.0
396 73.07692307692308 0.0
397 65.38461538461539 0.0
398 84.61538461538461 0.0
399 69.23076923076923 0.0
400 84.61538461538461 0.0
401 80.76923076923077 0.0
402 88.46153846153847 0.0
403 92.3076923076923 0.0
404 80.76923076923077 0.0
405 80.76923076923077 0.0
406 92.3076923076923 0.0
407 88.46153846153847 0.0
408 88.46153846153847 0.0
409 92.3076923076923 0.0
410 88.46153846153847 0.0
411 80.76923076923077 0.0
412 88.46153846153847 0.0
413 92.3076923076923 0.0
414 88.46153846153847 0.0
415 92.3076923076923 0.0
416 92.3076923076923 0.0
417 88.46153846153847 0.0
418 88.46153846153847 0.0
419 84.61538461538461 0.0
420 76.92307692307692 0.0
421 76.92307692307692 0.0
422 69.23076923076923 0.0
423 84.61538461538461 0.0
424 76.92307692307692 0.0
425 69.23076923076923 0.0
426 61.53846153846154 0.0
427 65.38461538461539 0.0
428 73.07692307692308 0.0
429 73.07692307692308 0.0
430 61.53846153846154 0.0
431 69.23076923076923 0.0
432 76.92307692307692 0.0
433 65.38461538461539 0.0
434 76.92307692307692 0.0
435 76.92307692307692 0.0
436 61.53846153846154 0.0
437 69.23076923076923 0.0
438 76.92307692307692 0.0
439 76.92307692307692 0.0
440 76.92307692307692 0.0
441 61.53846153846154 0.0
442 61.53846153846154 0.0
443 57.69230769230769 0.0
444 65.38461538461539 0.0
445 69.23076923076923 0.0
446 76.92307692307692 0.0
447 53.84615384615385 0.0
448 61.53846153846154 0.0
449 69.23076923076923 0.0
450 61.53846153846154 0.0
451 69.23076923076923 0.0
452 69.23076923076923 0.0
453 69.23076923076923 0.0
454 61.53846153846154 0.0
455 84.61538461538461 0.0
456 73.07692307692308 0.0
457 69.23076923076923 0.0
458 69.23076923076923 0.0
459 84.61538461538461 0.0
460 84.61538461538461 0.0
461 84.61538461538461 0.0
462 69.23076923076923 0.0
463 69.23076923076923 0.0
464 61.53846153846154 0.0
465 61.53846153846154 0.0
466 61.53846153846154 0.0
467 69.23076923076923 0.0
468 53.84615384615385 0.0
469 61.53846153846154 0.0
470 84.61538461538461 0.0
471 76.92307692307692 0.0
472 61.53846153846154 0.0
473 53.84615384615385 0.0
474 61.53846153846154 0.0
475 57.69230769230769 0.0
476 61.53846153846154 0.0
477 76.92307692307692 0.0
478 53.84615384615385 0.0
479 69.23076923076923 0.0
480 61.53846153846154 0.0
481 76.92307692307692 0.0
482 80.76923076923077 0.0
483 76.92307692307692 0.0
484 80.76923076923077 0.0
485 73.07692307692308 0.0
486 76.92307692307692 0.0
487 53.84615384615385 0.0
488 61.53846153846154 0.0
489 69.23076923076923 0.0
490 80.76923076923077 0.0
491 76.92307692307692 0.0
492 69.23076923076923 0.0
493 69.23076923076923 0.0
494 69.23076923076923 0.0
495 61.53846153846154 0.0
496 61.53846153846154 0.0
497 61.53846153846154 0.0
498 69.23076923076923 0.0
499 76.92307692307692 0.0
500 76.92307692307692 0.0
501 76.92307692307692 0.0
502 76.92307692307692 0.0
503 69.23076923076923 0.0
504 69.23076923076923 0.0
505 65.38461538461539 0.0
506 69.23076923076923 0.0
507 69.23076923076923 0.0
508 69.23076923076923 0.0
509 61.53846153846154 0.0
510 50.0 0.0
511 69.23076923076923 0.0
512 76.92307692307692 0.0
513 69.23076923076923 0.0
514 53.84615384615385 0.0
515 61.53846153846154 0.0
516 69.23076923076923 0.0
517 84.61538461538461 0.0
518 76.92307692307692 0.0
519 84.61538461538461 0.0
520 84.61538461538461 0.0
521 69.23076923076923 0.0
522 76.92307692307692 0.0
523 76.92307692307692 0.0
524 76.92307692307692 0.0
525 61.53846153846154 0.0
526 69.23076923076923 0.0
527 61.53846153846154 0.0
528 61.53846153846154 0.0
529 57.69230769230769 0.0
530 69.23076923076923 0.0
531 69.23076923076923 0.0
532 76.92307692307692 0.0
533 92.3076923076923 0.0
534 84.61538461538461 0.0
535 76.92307692307692 0.0
536 76.92307692307692 0.0
537 84.61538461538461 0.0
538 84.61538461538461 0.0
539 84.61538461538461 0.0
540 92.3076923076923 0.0
541 92.3076923076923 0.0
542 84.61538461538461 0.0
543 76.92307692307692 0.0
544 84.61538461538461 0.0
545 92.3076923076923 0.0
546 84.61538461538461 0.0
547 92.3076923076923 0.0
548 76.92307692307692 0.0
549 76.92307692307692 0.0
550 76.92307692307692 0.0
551 69.23076923076923 0.0
552 92.3076923076923 0.0
553 84.61538461538461 0.0
554 84.61538461538461 0.0
555 76.92307692307692 0.0
556 76.92307692307692 0.0
557 73.07692307692308 0.0
558 73.07692307692308 0.0
559 80.76923076923077 0.0
560 80.76923076923077 0.0
561 80.76923076923077 0.0
562 73.07692307692308 0.0
563 84.61538461538461 0.0
564 73.07692307692308 0.0
565 80.76923076923077 0.0
566 80.76923076923077 0.0
567 84.61538461538461 0.0
568 73.07692307692308 0.0
569 84.61538461538461 0.0
570 84.61538461538461 0.0
571 84.61538461538461 0.0
572 84.61538461538461 0.0
573 73.07692307692308 0.0
574 84.61538461538461 0.0
575 80.76923076923077 0.0
576 80.76923076923077 0.0
577 84.61538461538461 0.0
578 76.92307692307692 0.0
579 80.76923076923077 0.0
580 80.76923076923077 0.0
581 80.76923076923077 0.0
582 84.61538461538461 0.0
583 80.76923076923077 0.0
584 84.61538461538461 0.0
585 84.61538461538461 0.0
586 76.92307692307692 0.0
587 84.61538461538461 0.0
588 69.23076923076923 0.0
589 65.38461538461539 0.0
590 61.53846153846154 0.0
591 61.53846153846154 0.0
592 65.38461538461539 0.0
593 61.53846153846154 0.0
594 53.84615384615385 0.0
595 65.38461538461539 0.0
596 65.38461538461539 0.0
597 65.38461538461539 0.0
598 73.07692307692308 0.0
599 65.38461538461539 0.0
600 76.92307692307692 0.0
601 76.92307692307692 0.0
602 73.07692307692308 0.0
603 73.07692307692308 0.0
604 76.92307692307692 0.0
605 76.92307692307692 0.0
606 73.07692307692308 0.0
607 73.07692307692308 0.0
608 73.07692307692308 0.0
609 61.53846153846154 0.0
610 69.23076923076923 0.0
611 69.23076923076923 0.0
612 69.23076923076923 0.0
613 73.07692307692308 0.0
614 65.38461538461539 0.0
615 84.61538461538461 0.0
616 76.92307692307692 0.0
617 69.23076923076923 0.0
618 69.23076923076923 0.0
619 65.38461538461539 0.0
620 65.38461538461539 0.0
621 76.92307692307692 0.0
622 84.61538461538461 0.0
623 84.61538461538461 0.0
624 84.61538461538461 0.0
625 76.92307692307692 0.0
626 69.23076923076923 0.0
627 84.61538461538461 0.0
628 84.61538461538461 0.0
629 84.61538461538461 0.0
630 84.61538461538461 0.0
631 84.61538461538461 0.0
632 69.23076923076923 0.0
633 69.23076923076923 0.0
634 69.23076923076923 0.0
635 61.53846153846154 0.0
636 73.07692307692308 0.0
637 76.92307692307692 0.0
638 76.92307692307692 0.0
639 76.92307692307692 0.0
640 76.92307692307692 0.0
641 76.92307692307692 0.0
642 65.38461538461539 0.0
643 69.23076923076923 0.0
644 76.92307692307692 0.0
645 76.92307692307692 0.0
646 84.61538461538461 0.0
647 80.76923076923077 0.0
648 69.23076923076923 0.0
649 84.61538461538461 0.0
650 76.92307692307692 0.0
651 73.07692307692308 0.0
652 53.84615384615385 0.0
653 84.61538461538461 0.0
654 76.92307692307692 0.0
655 69.23076923076923 0.0
656 61.53846153846154 0.0
657 73.07692307692308 0.0
658 61.53846153846154 0.0
659 61.53846153846154 0.0
660 57.69230769230769 0.0
661 65.38461538461539 0.0
662 69.23076923076923 0.0
663 76.92307692307692 0.0
664 69.23076923076923 0.0
665 84.61538461538461 0.0
666 92.3076923076923 0.0
667 76.92307692307692 0.0
668 69.23076923076923 0.0
669 65.38461538461539 0.0
670 57.69230769230769 0.0
671 76.92307692307692 0.0
672 61.53846153846154 0.0
673 65.38461538461539 0.0
674 73.07692307692308 0.0
675 69.23076923076923 0.0
676 69.23076923076923 0.0
677 69.23076923076923 0.0
678 69.23076923076923 0.0
679 73.07692307692308 0.0
680 69.23076923076923 0.0
681 53.84615384615385 0.0
682 69.23076923076923 0.0
683 76.92307692307692 0.0
684 65.38461538461539 0.0
685 84.61538461538461 0.0
686 73.07692307692308 0.0
687 69.23076923076923 0.0
688 65.38461538461539 0.0
689 65.38461538461539 0.0
690 53.84615384615385 0.0
691 76.92307692307692 0.0
692 61.53846153846154 0.0
693 69.23076923076923 0.0
694 61.53846153846154 0.0
695 57.69230769230769 0.0
696 69.23076923076923 0.0
697 69.23076923076923 0.0
698 57.69230769230769 0.0
699 69.23076923076923 0.0
700 69.23076923076923 0.0
701 69.23076923076923 0.0
702 61.53846153846154 0.0
703 69.23076923076923 0.0
704 69.23076923076923 0.0
705 84.61538461538461 0.0
706 76.92307692307692 0.0
707 69.23076923076923 0.0
708 65.38461538461539 0.0
709 65.38461538461539 0.0
710 65.38461538461539 0.0
711 76.92307692307692 0.0
712 76.92307692307692 0.0
713 84.61538461538461 0.0
714 84.61538461538461 0.0
715 76.92307692307692 0.0
716 73.07692307692308 0.0
717 84.61538461538461 0.0
718 69.23076923076923 0.0
719 61.53846153846154 0.0
720 50.0 0.0
721 57.69230769230769 0.0
722 61.53846153846154 0.0
723 57.69230769230769 0.0
724 46.15384615384615 0.0
725 53.84615384615385 0.0
726 46.15384615384615 0.0
727 46.15384615384615 0.0
728 46.15384615384615 0.0
729 46.15384615384615 0.0
730 61.53846153846154 0.0
731 61.53846153846154 0.0
732 61.53846153846154 0.0
733 65.38461538461539 0.0
734 61.53846153846154 0.0
735 69.23076923076923 0.0
736 76.92307692307692 0.0
737 76.92307692307692 0.0
738 76.92307692307692 0.0
739 76.92307692307692 0.0
740 76.92307692307692 0.0
741 65.38461538461539 0.0
742 65.38461538461539 0.0
743 61.53846153846154 0.0
744 61.53846153846154 0.0
745 80.76923076923077 0.0
746 80.76923076923077 0.0
747 69.23076923076923 0.0
748 84.61538461538461 0.0
749 80.76923076923077 0.0
750 76.92307692307692 0.0
751 65.38461538461539 0.0
752 61.53846153846154 0.0
753 61.53846153846154 0.0
754 73.07692307692308 0.0
755 69.23076923076923 0.0
756 69.23076923076923 0.0
757 80.76923076923077 0.0
758 76.92307692307692 0.0
759 80.76923076923077 0.0
760 61.53846153846154 0.0
761 73.07692307692308 0.0
762 76.92307692307692 0.0
763 76.92307692307692 0.0
764 76.92307692307692 0.0
765 65.38461538461539 0.0
766 80.76923076923077 0.0
767 69.23076923076923 0.0
768 76.92307692307692 0.0
769 76.92307692307692 0.0
770 65.38461538461539 0.0
771 73.07692307692308 0.0
772 65.38461538461539 0.0
773 65.38461538461539 0.0
774 73.07692307692308 0.0
775 73.07692307692308 0.0
776 65.38461538461539 0.0
777 76.92307692307692 0.0
778 80.76923076923077 0.0
779 69.23076923076923 0.0
780 65.38461538461539 0.0
781 69.23076923076923 0.0
782 73.07692307692308 0.0
783 80.76923076923077 0.0
784 76.92307692307692 0.0
785 76.92307692307692 0.0
786 80.76923076923077 0.0
787 84.61538461538461 0.0
788 69.23076923076923 0.0
789 69.23076923076923 0.0
790 69.23076923076923 0.0
791 65.38461538461539 0.0
792 53.84615384615385 0.0
793 53.84615384615385 0.0
794 53.84615384615385 0.0
795 69.23076923076923 0.0
796 69.23076923076923 0.0
797 57.69230769230769 0.0
798 65.38461538461539 0.0
799 69.23076923076923 0.0
800 76.92307692307692 0.0
801 84.61538461538461 0.0
802 69.23076923076923 0.0
803 69.23076923076923 0.0
804 76.92307692307692 0.0
805 76.92307692307692 0.0
806 84.61538461538461 0.0
807 76.92307692307692 0.0
808 84.61538461538461 0.0
809 92.3076923076923 0.0
810 92.3076923076923 0.0
811 76.92307692307692 0.0
812 84.61538461538461 0.0
813 76.92307692307692 0.0
814 92.3076923076923 0.0
815 92.3076923076923 0.0
816 84.61538461538461 0.0
817 76.92307692307692 0.0
818 84.61538461538461 0.0
819 84.61538461538461 0.0
820 80.76923076923077 0.0
821 84.61538461538461 0.0
822 84.61538461538461 0.0
823 76.92307692307692 0.0
824 84.61538461538461 0.0
825 76.92307692307692 0.0
826 84.61538461538461 0.0
827 84.61538461538461 0.0
828 92.3076923076923 0.0
829 92.3076923076923 0.0
830 92.3076923076923 0.0
831 92.3076923076923 0.0
832 92.3076923076923 0.0
833 92.3076923076923 0.0
834 84.61538461538461 0.0
835 84.61538461538461 0.0
836 76.92307692307692 0.0
837 73.07692307692308 0.0
838 84.61538461538461 0.0
839 76.92307692307692 0.0
840 84.61538461538461 0.0
841 76.92307692307692 0.0
842 84.61538461538461 0.0
843 84.61538461538461 0.0
844 76.92307692307692 0.0
845 84.61538461538461 0.0
846 76.92307692307692 0.0
847 84.61538461538461 0.0
848 84.61538461538461 0.0
849 84.61538461538461 0.0
850 92.3076923076923 0.0
851 76.92307692307692 0.0
852 84.61538461538461 0.0
853 92.3076923076923 0.0
854 92.3076923076923 0.0
855 92.3076923076923 0.0
856 92.3076923076923 0.0
857 84.61538461538461 0.0
858 92.3076923076923 0.0
859 92.3076923076923 0.0
860 92.3076923076923 0.0
861 100.0 0.0
862 84.61538461538461 0.0
863 92.3076923076923 0.0
864 84.61538461538461 0.0
865 76.92307692307692 0.0
866 92.3076923076923 0.0
867 100.0 0.0
868 100.0 0.0
869 92.3076923076923 0.0
870 100.0 0.0
871 92.3076923076923 0.0
872 84.61538461538461 0.0
873 92.3076923076923 0.0
874 88.46153846153847 0.0
875 92.3076923076923 0.0
876 92.3076923076923 0.0
877 84.61538461538461 0.0
878 88.46153846153847 0.0
879 92.3076923076923 0.0
880 92.3076923076923 0.0
881 92.3076923076923 0.0
882 84.61538461538461 0.0
883 92.3076923076923 0.0
884 92.3076923076923 0.0
885 76.92307692307692 0.0
886 92.3076923076923 0.0
887 69.23076923076923 0.0
888 69.23076923076923 0.0
889 73.07692307692308 0.0
890 76.92307692307692 0.0
891 65.38461538461539 0.0
892 80.76923076923077 0.0
893 76.92307692307692 0.0
894 76.92307692307692 0.0
895 69.23076923076923 0.0
896 76.92307692307692 0.0
897 69.23076923076923 0.0
898 73.07692307692308 0.0
899 76.92307692307692 0.0
900 65.38461538461539 0.0
901 80.76923076923077 0.0
902 80.76923076923077 0.0
903 73.07692307692308 0.0
904 88.46153846153847 0.0
905 80.76923076923077 0.0
906 92.3076923076923 0.0
907 84.61538461538461 0.0
908 84.61538461538461 0.0
909 84.61538461538461 0.0
910 84.61538461538461 0.0
911 84.61538461538461 0.0
912 84.61538461538461 0.0
913 84.61538461538461 0.0
914 76.92307692307692 0.0
915 84.61538461538461 0.0
916 92.3076923076923 0.0
917 92.3076923076923 0.0
918 92.3076923076923 0.0
919 84.61538461538461 0.0
920 92.3076923076923 0.0
921 84.61538461538461 0.0
922 92.3076923076923 0.0
923 100.0 0.0
924 100.0 0.0
925 100.0 0.0
926 100.0 0.0
927 92.3076923076923 0.0
928 100.0 0.0
929 100.0 0.0
930 92.3076923076923 0.0
931 100.0 0.0
932 92.3076923076923 0.0
933 92.3076923076923 0.0
934 92.3076923076923 0.0
935 92.3076923076923 0.0
936 92.3076923076923 0.0
937 92.3076923076923 0.0
938 84.61538461538461 0.0
939 80.76923076923077 0.0
940 92.3076923076923 0.0
941 80.76923076923077 0.0
942 73.07692307692308 0.0
943 69.23076923076923 0.0
944 76.92307692307692 0.0
945 76.92307692307692 0.0
946 69.23076923076923 0.0
947 76.92307692307692 0.0
948 76.92307692307692 0.0
949 88.46153846153847 0.0
950 92.3076923076923 0.0
951 100.0 0.0
952 84.61538461538461 0.0
953 100.0 0.0
954 100.0 0.0
955 100.0 0.0
956 100.0 0.0
957 92.3076923076923 0.0
958 100.0 0.0
959 92.3076923076923 0.0
960 92.3076923076923 0.0
961 84.61538461538461 0.0
962 92.3076923076923 0.0
963 84.61538461538461 0.0
964 84.61538461538461 0.0
965 84.61538461538461 0.0
966 84.61538461538461 0.0
967 92.3076923076923 0.0
968 84.61538461538461 0.0
969 84.61538461538461 0.0
970 84.61538461538461 0.0
971 84.61538461538461 0.0
972 88.46153846153847 0.0
973 84.61538461538461 0.0
974 80.76923076923077 0.0
975 80.76923076923077 0.0
976 84.61538461538461 0.0
977 100.0 0.0
978 92.3076923076923 0.0
979 84.61538461538461 0.0
980 76.92307692307692 0.0
981 69.23076923076923 0.0
982 76.92307692307692 0.0
983 76.92307692307692 0.0
984 92.3076923076923 0.0
985 84.61538461538461 0.0
986 84.61538461538461 0.0
987 84.61538461538461 0.0
988 84.61538461538461 0.0
989 92.3076923076923 0.0
990 84.61538461538461 0.0
991 84.61538461538461 0.0
992 76.92307692307692 0.0
993 84.61538461538461 0.0
994 84.61538461538461 0.0
995 76.92307692307692 0.0
996 69.23076923076923 0.0
997 76.92307692307692 0.0
998 76.92307692307692 0.0
999 84.61538461538461 0.0
