#frame monomers_% popc_isolated_%
0 84.61538461538461 0.0
1 92.3076923076923 0.0
2 92.3076923076923 0.0
3 92.3076923076923 0.0
4 92.3076923076923 0.0
5 100.0 0.0
6 100.0 0.0
7 92.3076923076923 0.0
8 92.3076923076923 0.0
9 92.3076923076923 0.0
10 92.3076923076923 0.0
11 92.3076923076923 0.0
12 100.0 0.0
13 92.3076923076923 0.0
14 100.0 0.0
15 100.0 0.0
16 92.3076923076923 0.0
17 76.92307692307692 0.0
18 84.61538461538461 0.0
19 84.61538461538461 0.0
20 80.76923076923077 0.0
21 92.3076923076923 0.0
22 84.61538461538461 0.0
23 80.76923076923077 0.0
24 80.76923076923077 0.0
25 88.46153846153847 0.0
26 84.61538461538461 0.0
27 88.46153846153847 0.0
28 100.0 0.0
29 100.0 0.0
30 92.3076923076923 0.0
31 76.92307692307692 0.0
32 84.61538461538461 0.0
33 76.92307692307692 0.0
34 92.3076923076923 0.0
35 100.0 0.0
36 84.61538461538461 0.0
37 92.3076923076923 0.0
38 92.3076923076923 0.0
39 88.46153846153847 0.0
40 92.3076923076923 0.0
41 92.3076923076923 0.0
42 88.46153846153847 0.0
43 88.46153846153847 0.0
44 88.46153846153847 0.0
45 80.76923076923077 0.0
46 84.61538461538461 0.0
47 100.0 0.0
48 92.3076923076923 0.0
49 76.92307692307692 0.0
50 100.0 0.0
51 84.61538461538461 0.0
52 100.0 0.0
53 69.23076923076923 0.0
54 84.61538461538461 0.0
55 84.61538461538461 0.0
56 92.3076923076923 0.0
57 84.61538461538461 0.0
58 92.3076923076923 0.0
59 100.0 0.0
60 84.61538461538461 0.0
61 84.61538461538461 0.0
62 92.3076923076923 0.0
63 92.3076923076923 0.0
64 84.61538461538461 0.0
65 92.3076923076923 0.0
66 92.3076923076923 0.0
67 84.61538461538461 0.0
68 73.07692307692308 0.0
69 92.3076923076923 0.0
70 84.61538461538461 0.0
71 84.61538461538461 0.0
72 84.61538461538461 0.0
73 73.07692307692308 0.0
74 69.23076923076923 0.0
75 69.23076923076923 0.0
76 76.92307692307692 0.0
77 92.3076923076923 0.0
78 84.61538461538461 0.0
79 84.61538461538461 0.0
80 84.61538461538461 0.0
81 84.61538461538461 0.0
82 84.61538461538461 0.0
83 84.61538461538461 0.0
84 100.0 0.0
85 84.61538461538461 0.0
86 100.0 0.0
87 92.3076923076923 0.0
88 100.0 0.0
89 92.3076923076923 0.0
90 92.3076923076923 0.0
91 84.61538461538461 0.0
92 92.3076923076923 0.0
93 92.3076923076923 0.0
94 92.3076923076923 0.0
95 84.61538461538461 0.0
96 100.0 0.0
97 100.0 0.0
98 84.61538461538461 0.0
99 84.61538461538461 0.0
100 92.3076923076923 0.0
101 92.3076923076923 0.0
102 76.92307692307692 0.0
103 92.3076923076923 0.0
104 84.61538461538461 0.0
105 65.38461538461539 0.0
106 84.61538461538461 0.0
107 84.61538461538461 0.0
108 92.3076923076923 0.0
109 84.61538461538461 0.0
110 92.3076923076923 0.0
111 84.61538461538461 0.0
112 92.3076923076923 0.0
113 92.3076923076923 0.0
114 92.3076923076923 0.0
115 76.92307692307692 0.0
116 76.92307692307692 0.0
117 76.92307692307692 0.0
118 76.92307692307692 0.0
119 76.92307692307692 0.0
120 76.92307692307692 0.0
121 84.61538461538461 0.0
122 84.61538461538461 0.0
123 76.92307692307692 0.0
124 84.61538461538461 0.0
125 92.3076923076923 0.0
126 92.3076923076923 0.0
127 92.3076923076923 0.0
128 100.0 0.0
129 92.3076923076923 0.0
130 84.61538461538461 0.0
131 92.3076923076923 0.0
132 92.3076923076923 0.0
133 100.0 0.0
134 100.0 0.0
135 100.0 0.0
136 92.3076923076923 0.0
137 92.3076923076923 0.0
138 92.3076923076923 0.0
139 80.76923076923077 0.0
140 92.3076923076923 0.0
141 84.61538461538461 0.0
142 84.61538461538461 0.0
143 76.92307692307692 0.0
144 84.61538461538461 0.0
145 84.61538461538461 0.0
146 76.92307692307692 0.0
147 84.61538461538461 0.0
148 92.3076923076923 0.0
149 88.46153846153847 0.0
150 88.46153846153847 0.0
151 84.61538461538461 0.0
152 84.61538461538461 0.0
153 76.92307692307692 0.0
154 53.84615384615385 0.0
155 92.3076923076923 0.0
156 92.3076923076923 0.0
157 84.61538461538461 0.0
158 84.61538461538461 0.0
159 84.61538461538461 0.0
160 92.3076923076923 0.0
161 100.0 0.0
162 92.3076923076923 0.0
163 76.92307692307692 0.0
164 100.0 0.0
165 100.0 0.0
166 92.3076923076923 0.0
167 92.3076923076923 0.0
168 92.3076923076923 0.0
169 76.92307692307692 0.0
170 76.92307692307692 0.0
171 84.61538461538461 0.0
172 84.61538461538461 0.0
173 84.61538461538461 0.0
174 69.23076923076923 0.0
175 76.92307692307692 0.0
176 92.3076923076923 0.0
177 84.61538461538461 0.0
178 76.92307692307692 0.0
179 84.61538461538461 0.0
180 76.92307692307692 0.0
181 84.61538461538461 0.0
182 84.61538461538461 0.0
183 84.61538461538461 0.0
184 76.92307692307692 0.0
185 76.92307692307692 0.0
186 76.92307692307692 0.0
187 76.92307692307692 0.0
188 76.92307692307692 0.0
189 84.61538461538461 0.0
190 76.92307692307692 0.0
191 69.23076923076923 0.0
192 76.92307692307692 0.0
193 84.61538461538461 0.0
194 84.61538461538461 0.0
195 73.07692307692308 0.0
196 57.69230769230769 0.0
197 76.92307692307692 0.0
198 65.38461538461539 0.0
199 69.23076923076923 0.0
200 65.38461538461539 0.0
201 73.07692307692308 0.0
202 69.23076923076923 0.0
203 76.92307692307692 0.0
204 92.3076923076923 0.0
205 92.3076923076923 0.0
206 84.61538461538461 0.0
207 92.3076923076923 0.0
208 92.3076923076923 0.0
209 84.61538461538461 0.0
210 76.92307692307692 0.0
211 76.92307692307692 0.0
212 76.92307692307692 0.0
213 84.61538461538461 0.0
214 69.23076923076923 0.0
215 69.23076923076923 0.0
216 84.61538461538461 0.0
217 84.61538461538461 0.0
218 92.3076923076923 0.0
219 84.61538461538461 0.0
220 76.92307692307692 0.0
221 69.23076923076923 0.0
222 76.92307692307692 0.0
223 84.61538461538461 0.0
224 73.07692307692308 0.0
225 69.23076923076923 0.0
226 65.38461538461539 0.0
227 76.92307692307692 0.0
228 69.23076923076923 0.0
229 84.61538461538461 0.0
230 76.92307692307692 0.0
231 92.3076923076923 0.0
232 92.3076923076923 0.0
233 92.3076923076923 0.0
234 92.3076923076923 0.0
235 92.3076923076923 0.0
236 76.92307692307692 0.0
237 92.3076923076923 0.0
238 84.61538461538461 0.0
239 76.92307692307692 0.0
240 73.07692307692308 0.0
241 84.61538461538461 0.0
242 76.92307692307692 0.0
243 76.92307692307692 0.0
244 73.07692307692308 0.0
245 84.61538461538461 0.0
246 76.92307692307692 0.0
247 61.53846153846154 0.0
248 61.53846153846154 0.0
249 65.38461538461539 0.0
250 57.69230769230769 0.0
251 61.53846153846154 0.0
252 76.92307692307692 0.0
253 65.38461538461539 0.0
254 76.92307692307692 0.0
255 65.38461538461539 0.0
256 65.38461538461539 0.0
257 65.38461538461539 0.0
258 53.84615384615385 0.0
259 61.53846153846154 0.0
260 61.53846153846154 0.0
261 61.53846153846154 0.0
262 69.23076923076923 0.0
263 69.23076923076923 0.0
264 57.69230769230769 0.0
265 65.38461538461539 0.0
266 61.53846153846154 0.0
267 61.53846153846154 0.0
268 53.84615384615385 0.0
269 57.69230769230769 0.0
270 76.92307692307692 0.0
271 73.07692307692308 0.0
272 73.07692307692308 0.0
273 65.38461538461539 0.0
274 57.69230769230769 0.0
275 61.53846153846154 0.0
276 57.69230769230769 0.0
277 61.53846153846154 0.0
278 53.84615384615385 0.0
279 69.23076923076923 0.0
280 69.23076923076923 0.0
281 76.92307692307692 0.0
282 76.92307692307692 0.0
283 76.92307692307692 0.0
284 76.92307692307692 0.0
285 61.53846153846154 0.0
286 76.92307692307692 0.0
287 61.53846153846154 0.0
288 76.92307692307692 0.0
289 76.92307692307692 0.0
290 76.92307692307692 0.0
291 84.61538461538461 0.0
292 76.92307692307692 0.0
293 69.23076923076923 0.0
294 69.23076923076923 0.0
295 69.23076923076923 0.0
296 76.92307692307692 0.0
297 76.92307692307692 0.0
298 84.61538461538461 0.0
299 84.61538461538461 0.0
300 84.61538461538461 0.0
301 76.92307692307692 0.0
302 84.61538461538461 0.0
303 84.61538461538461 0.0
304 76.92307692307692 0.0
305 76.92307692307692 0.0
306 84.61538461538461 0.0
307 69.23076923076923 0.0
308 84.61538461538461 0.0
309 76.92307692307692 0.0
310 76.92307692307692 0.0
311 84.61538461538461 0.0
312 84.61538461538461 0.0
313 84.61538461538461 0.0
314 84.61538461538461 0.0
315 84.61538461538461 0.0
316 84.61538461538461 0.0
317 84.61538461538461 0.0
318 84.61538461538461 0.0
319 92.3076923076923 0.0
320 76.92307692307692 0.0
321 84.61538461538461 0.0
322 76.92307692307692 0.0
323 76.92307692307692 0.0
324 76.92307692307692 0.0
325 76.92307692307692 0.0
326 84.61538461538461 0.0
327 76.92307692307692 0.0
328 92.3076923076923 0.0
329 76.92307692307692 0.0
330 76.92307692307692 0.0
331 84.61538461538461 0.0
332 84.61538461538461 0.0
333 84.61538461538461 0.0
334 84.61538461538461 0.0
335 84.61538461538461 0.0
336 84.61538461538461 0.0
337 84.61538461538461 0.0
338 76.92307692307692 0.0
339 76.92307692307692 0.0
340 84.61538461538461 0.0
341 84.61538461538461 0.0
342 73.07692307692308 0.0
343 73.07692307692308 0.0
344 76.92307692307692 0.0
345 76.92307692307692 0.0
346 84.61538461538461 0.0
347 80.76923076923077 0.0
348 80.76923076923077 0.0
349 76.92307692307692 0.0
350 92.3076923076923 0.0
351 88.46153846153847 0.0
352 88.46153846153847 0.0
353 84.61538461538461 0.0
354 92.3076923076923 0.0
355 80.76923076923077 0.0
356 84.61538461538461 0.0
357 84.61538461538461 0.0
358 88.46153846153847 0.0
359 84.61538461538461 0.0
360 76.92307692307692 0.0
361 84.61538461538461 0.0
362 88.46153846153847 0.0
363 92.3076923076923 0.0
364 92.3076923076923 0.0
365 73.07692307692308 0.0
366 92.3076923076923 0.0
367 84.61538461538461 0.0
368 84.61538461538461 0.0
369 92.3076923076923 0.0
370 92.3076923076923 0.0
371 84.61538461538461 0.0
372 84.61538461538461 0.0
373 76.92307692307692 0.0
374 92.3076923076923 0.0
375 92.3076923076923 0.0
376 92.3076923076923 0.0
377 76.92307692307692 0.0
378 84.61538461538461 0.0
379 84.61538461538461 0.0
380 92.3076923076923 0.0
381 73.07692307692308 0.0
382 76.92307692307692 0.0
383 76.92307692307692 0.0
384 76.92307692307692 0.0
385 80.76923076923077 0.0
386 92.3076923076923 0.0
387 80.76923076923077 0.0
388 92.3076923076923 0.0
389 88.46153846153847 0.0
390 92.3076923076923 0.0
391 65.38461538461539 0.0
392 73.07692307692308 0.0
393 76.92307692307692 0.0
394 84.61538461538461 0.0
395 84.61538461538461 0.0
396 76.92307692307692 0.0
397 92.3076923076923 0.0
398 84.61538461538461 0.0
399 92.3076923076923 0.0
400 100.0 0.0
401 84.61538461538461 0.0
402 84.61538461538461 0.0
403 84.61538461538461 0.0
404 92.3076923076923 0.0
405 84.61538461538461 0.0
406 84.61538461538461 0.0
407 76.92307692307692 0.0
408 84.61538461538461 0.0
409 84.61538461538461 0.0
410 84.61538461538461 0.0
411 76.92307692307692 0.0
412 76.92307692307692 0.0
413 84.61538461538461 0.0
414 76.92307692307692 0.0
415 92.3076923076923 0.0
416 92.3076923076923 0.0
417 84.61538461538461 0.0
418 84.61538461538461 0.0
419 84.61538461538461 0.0
420 88.46153846153847 0.0
421 84.61538461538461 0.0
422 80.76923076923077 0.0
423 84.61538461538461 0.0
424 92.3076923076923 0.0
425 92.3076923076923 0.0
426 92.3076923076923 0.0
427 84.61538461538461 0.0
428 73.07692307692308 0.0
429 92.3076923076923 0.0
430 92.3076923076923 0.0
431 76.92307692307692 0.0
432 76.92307692307692 0.0
433 92.3076923076923 0.0
434 92.3076923076923 0.0
435 84.61538461538461 0.0
436 84.61538461538461 0.0
437 84.61538461538461 0.0
438 92.3076923076923 0.0
439 92.3076923076923 0.0
440 100.0 0.0
441 69.23076923076923 0.0
442 84.61538461538461 0.0
443 76.92307692307692 0.0
444 69.23076923076923 0.0
445 76.92307692307692 0.0
446 69.23076923076923 0.0
447 76.92307692307692 0.0
448 76.92307692307692 0.0
449 76.92307692307692 0.0
450 73.07692307692308 0.0
451 65.38461538461539 0.0
452 57.69230769230769 0.0
453 61.53846153846154 0.0
454 69.23076923076923 0.0
455 61.53846153846154 0.0
456 69.23076923076923 0.0
457 84.61538461538461 0.0
458 73.07692307692308 0.0
459 76.92307692307692 0.0
460 76.92307692307692 0.0
461 69.23076923076923 0.0
462 65.38461538461539 0.0
463 80.76923076923077 0.0
464 73.07692307692308 0.0
465 73.07692307692308 0.0
466 80.76923076923077 0.0
467 84.61538461538461 0.0
468 92.3076923076923 0.0
469 76.92307692307692 0.0
470 84.61538461538461 0.0
471 76.92307692307692 0.0
472 76.92307692307692 0.0
473 84.61538461538461 0.0
474 76.92307692307692 0.0
475 92.3076923076923 0.0
476 69.23076923076923 0.0
477 69.23076923076923 0.0
478 69.23076923076923 0.0
479 61.53846153846154 0.0
480 53.84615384615385 0.0
481 53.84615384615385 0.0
482 61.53846153846154 0.0
483 65.38461538461539 0.0
484 73.07692307692308 0.0
485 84.61538461538461 0.0
486 84.61538461538461 0.0
487 84.61538461538461 0.0
488 69.23076923076923 0.0
489 69.23076923076923 0.0
490 69.23076923076923 0.0
491 61.53846153846154 0.0
492 69.23076923076923 0.0
493 76.92307692307692 0.0
494 76.92307692307692 0.0
495 65.38461538461539 0.0
496 69.23076923076923 0.0
497 76.92307692307692 0.0
498 69.23076923076923 0.0
499 84.61538461538461 0.0
500 84.61538461538461 0.0
501 80.76923076923077 0.0
502 88.46153846153847 0.0
503 92.3076923076923 0.0
504 84.61538461538461 0.0
505 69.23076923076923 0.0
506 69.23076923076923 0.0
507 76.92307692307692 0.0
508 84.61538461538461 0.0
509 84.61538461538461 0.0
510 61.53846153846154 0.0
511 76.92307692307692 0.0
512 92.3076923076923 0.0
513 92.3076923076923 0.0
514 92.3076923076923 0.0
515 100.0 0.0
516 100.0 0.0
517 88.46153846153847 0.0
518 73.07692307692308 0.0
519 80.76923076923077 0.0
520 73.07692307692308 0.0
521 80.76923076923077 0.0
522 73.07692307692308 0.0
523 73.07692307692308 0.0
524 73.07692307692308 0.0
525 92.3076923076923 0.0
526 92.3076923076923 0.0
527 100.0 0.0
528 92.3076923076923 0.0
529 100.0 0.0
530 84.61538461538461 0.0
531 84.61538461538461 0.0
532 46.15384615384615 0.0
533 84.61538461538461 0.0
534 84.61538461538461 0.0
535 92.3076923076923 0.0
536 84.61538461538461 0.0
537 76.92307692307692 0.0
538 76.92307692307692 0.0
539 84.61538461538461 0.0
540 76.92307692307692 0.0
541 92.3076923076923 0.0
542 92.3076923076923 0.0
543 92.3076923076923 0.0
544 76.92307692307692 0.0
545 76.92307692307692 0.0
546 80.76923076923077 0.0
547 76.92307692307692 0.0
548 84.61538461538461 0.0
549 84.61538461538461 0.0
550 100.0 0.0
551 100.0 0.0
552 92.3076923076923 0.0
553 84.61538461538461 0.0
554 92.3076923076923 0.0
555 88.46153846153847 0.0
556 92.3076923076923 0.0
557 84.61538461538461 0.0
558 92.3076923076923 0.0
559 84.61538461538461 0.0
560 92.3076923076923 0.0
561 92.3076923076923 0.0
562 92.3076923076923 0.0
563 92.3076923076923 0.0
564 84.61538461538461 0.0
565 84.61538461538461 0.0
566 84.61538461538461 0.0
567 92.3076923076923 0.0
568 69.23076923076923 0.0
569 76.92307692307692 0.0
570 84.61538461538461 0.0
571 84.61538461538461 0.0
572 69.23076923076923 0.0
573 92.3076923076923 0.0
574 84.61538461538461 0.0
575 76.92307692307692 0.0
576 76.92307692307692 0.0
577 84.61538461538461 0.0
578 84.61538461538461 0.0
579 73.07692307692308 0.0
580 80.76923076923077 0.0
581 65.38461538461539 0.0
582 76.92307692307692 0.0
583 92.3076923076923 0.0
584 76.92307692307692 0.0
585 84.61538461538461 0.0
586 76.92307692307692 0.0
587 76.92307692307692 0.0
588 84.61538461538461 0.0
589 92.3076923076923 0.0
590 76.92307692307692 0.0
591 100.0 0.0
592 80.76923076923077 0.0
593 84.61538461538461 0.0
594 92.3076923076923 0.0
595 84.61538461538461 0.0
596 80.76923076923077 0.0
597 80.76923076923077 0.0
598 76.92307692307692 0.0
599 76.92307692307692 0.0
600 84.61538461538461 0.0
601 84.61538461538461 0.0
602 84.61538461538461 0.0
603 76.92307692307692 0.0
604 76.92307692307692 0.0
605 76.92307692307692 0.0
606 73.07692307692308 0.0
607 69.23076923076923 0.0
608 84.61538461538461 0.0
609 69.23076923076923 0.0
610 76.92307692307692 0.0
611 76.92307692307692 0.0
612 69.23076923076923 0.0
613 76.92307692307692 0.0
614 76.92307692307692 0.0
615 84.61538461538461 0.0
616 76.92307692307692 0.0
617 69.23076923076923 0.0
618 69.23076923076923 0.0
619 69.23076923076923 0.0
620 69.23076923076923 0.0
621 69.23076923076923 0.0
622 84.61538461538461 0.0
623 76.92307692307692 0.0
624 84.61538461538461 0.0
625 84.61538461538461 0.0
626 73.07692307692308 0.0
627 84.61538461538461 0.0
628 84.61538461538461 0.0
629 84.61538461538461 0.0
630 84.61538461538461 0.0
631 84.61538461538461 0.0
632 84.61538461538461 0.0
633 69.23076923076923 0.0
634 84.61538461538461 0.0
635 92.3076923076923 0.0
636 84.61538461538461 0.0
637 84.61538461538461 0.0
638 84.61538461538461 0.0
639 92.3076923076923 0.0
640 92.3076923076923 0.0
641 84.61538461538461 0.0
642 84.61538461538461 0.0
643 84.61538461538461 0.0
644 73.07692307692308 0.0
645 76.92307692307692 0.0
646 80.76923076923077 0.0
647 80.76923076923077 0.0
648 80.76923076923077 0.0
649 80.76923076923077 0.0
650 80.76923076923077 0.0
651 80.76923076923077 0.0
652 84.61538461538461 0.0
653 76.92307692307692 0.0
654 84.61538461538461 0.0
655 76.92307692307692 0.0
656 84.61538461538461 0.0
657 84.61538461538461 0.0
658 76.92307692307692 0.0
659 92.3076923076923 0.0
660 76.92307692307692 0.0
661 84.61538461538461 0.0
662 84.61538461538461 0.0
663 69.23076923076923 0.0
664 76.92307692307692 0.0
665 69.23076923076923 0.0
666 76.92307692307692 0.0
667 84.61538461538461 0.0
668 76.92307692307692 0.0
669 69.23076923076923 0.0
670 69.23076923076923 0.0
671 65.38461538461539 0.0
672 65.38461538461539 0.0
673 73.07692307692308 0.0
674 73.07692307692308 0.0
675 73.07692307692308 0.0
676 73.07692307692308 0.0
677 80.76923076923077 0.0
678 73.07692307692308 0.0
679 76.92307692307692 0.0
680 76.92307692307692 0.0
681 80.76923076923077 0.0
682 84.61538461538461 0.0
683 80.76923076923077 0.0
684 80.76923076923077 0.0
685 84.61538461538461 0.0
686 73.07692307692308 0.0
687 76.92307692307692 0.0
688 76.92307692307692 0.0
689 73.07692307692308 0.0
690 73.07692307692308 0.0
691 76.92307692307692 0.0
692 76.92307692307692 0.0
693 88.46153846153847 0.0
694 80.76923076923077 0.0
695 76.92307692307692 0.0
696 84.61538461538461 0.0
697 80.76923076923077 0.0
698 73.07692307692308 0.0
699 73.07692307692308 0.0
700 65.38461538461539 0.0
701 73.07692307692308 0.0
702 65.38461538461539 0.0
703 65.38461538461539 0.0
704 61.53846153846154 0.0
705 73.07692307692308 0.0
706 76.92307692307692 0.0
707 76.92307692307692 0.0
708 76.92307692307692 0.0
709 69.23076923076923 0.0
710 76.92307692307692 0.0
711 65.38461538461539 0.0
712 65.38461538461539 0.0
713 76.92307692307692 0.0
714 76.92307692307692 0.0
715 76.92307692307692 0.0
716 69.23076923076923 0.0
717 76.92307692307692 0.0
718 69.23076923076923 0.0
719 84.61538461538461 0.0
720 69.23076923076923 0.0
721 84.61538461538461 0.0
722 76.92307692307692 0.0
723 76.92307692307692 0.0
724 92.3076923076923 0.0
725 92.3076923076923 0.0
726 84.61538461538461 0.0
727 92.3076923076923 0.0
728 76.92307692307692 0.0
729 69.23076923076923 0.0
730 76.92307692307692 0.0
731 76.92307692307692 0.0
732 76.92307692307692 0.0
733 84.61538461538461 0.0
734 84.61538461538461 0.0
735 84.61538461538461 0.0
736 84.61538461538461 0.0
737 92.3076923076923 0.0
738 92.3076923076923 0.0
739 92.3076923076923 0.0
740 84.61538461538461 0.0
741 76.92307692307692 0.0
742 92.3076923076923 0.0
743 84.61538461538461 0.0
744 92.3076923076923 0.0
745 84.61538461538461 0.0
746 92.3076923076923 0.0
747 76.92307692307692 0.0
748 84.61538461538461 0.0
749 84.61538461538461 0.0
750 76.92307692307692 0.0
751 84.61538461538461 0.0
752 84.61538461538461 0.0
753 84.61538461538461 0.0
754 84.61538461538461 0.0
755 84.61538461538461 0.0
756 84.61538461538461 0.0
757 76.92307692307692 0.0
758 69.23076923076923 0.0
759 76.92307692307692 0.0
760 76.92307692307692 0.0
761 76.92307692307692 0.0
762 76.92307692307692 0.0
763 76.92307692307692 0.0
764 76.92307692307692 0.0
765 76.92307692307692 0.0
766 69.23076923076923 0.0
767 84.61538461538461 0.0
768 92.3076923076923 0.0
769 84.61538461538461 0.0
770 84.61538461538461 0.0
771 76.92307692307692 0.0
772 92.3076923076923 0.0
773 69.23076923076923 0.0
774 69.23076923076923 0.0
775 73.07692307692308 0.0
776 84.61538461538461 0.0
777 76.92307692307692 0.0
778 69.23076923076923 0.0
779 84.61538461538461 0.0
780 69.23076923076923 0.0
781 84.61538461538461 0.0
782 61.53846153846154 0.0
783 76.92307692307692 0.0
784 57.69230769230769 0.0
785 73.07692307692308 0.0
786 76.92307692307692 0.0
787 84.61538461538461 0.0
788 69.23076923076923 0.0
789 57.69230769230769 0.0
790 53.84615384615385 0.0
791 69.23076923076923 0.0
792 69.23076923076923 0.0
793 69.23076923076923 0.0
794 69.23076923076923 0.0
795 76.92307692307692 0.0
796 69.23076923076923 0.0
797 73.07692307692308 0.0
798 69.23076923076923 0.0
799 61.53846153846154 0.0
800 69.23076923076923 0.0
801 61.53846153846154 0.0
802 80.76923076923077 0.0
803 69.23076923076923 0.0
804 76.92307692307692 0.0
805 80.76923076923077 0.0
806 65.38461538461539 0.0
807 73.07692307692308 0.0
808 80.76923076923077 0.0
809 84.61538461538461 0.0
810 69.23076923076923 0.0
811 80.76923076923077 0.0
812 84.61538461538461 0.0
813 76.92307692307692 0.0
814 61.53846153846154 0.0
815 69.23076923076923 0.0
816 76.92307692307692 0.0
817 69.23076923076923 0.0
818 69.23076923076923 0.0
819 84.61538461538461 0.0
820 61.53846153846154 0.0
821 76.92307692307692 0.0
822 61.53846153846154 0.0
823 61.53846153846154 0.0
824 65.38461538461539 0.0
825 76.92307692307692 0.0
826 65.38461538461539 0.0
827 76.92307692307692 0.0
828 73.07692307692308 0.0
829 80.76923076923077 0.0
830 73.07692307692308 0.0
831 69.23076923076923 0.0
832 84.61538461538461 0.0
833 92.3076923076923 0.0
834 84.61538461538461 0.0
835 84.61538461538461 0.0
836 80.76923076923077 0.0
837 92.3076923076923 0.0
838 92.3076923076923 0.0
839 92.3076923076923 0.0
840 92.3076923076923 0.0
841 92.3076923076923 0.0
842 92.3076923076923 0.0
843 84.61538461538461 0.0
844 92.3076923076923 0.0
845 84.61538461538461 0.0
846 92.3076923076923 0.0
847 84.61538461538461 0.0
848 84.61538461538461 0.0
849 92.3076923076923 0.0
850 84.61538461538461 0.0
851 76.92307692307692 0.0
852 76.92307692307692 0.0
853 84.61538461538461 0.0
854 84.61538461538461 0.0
855 92.3076923076923 0.0
856 92.3076923076923 0.0
857 92.3076923076923 0.0
858 84.61538461538461 0.0
859 92.3076923076923 0.0
860 92.3076923076923 0.0
861 84.61538461538461 0.0
862 92.3076923076923 0.0
863 84.61538461538461 0.0
864 76.92307692307692 0.0
865 84.61538461538461 0.0
866 84.61538461538461 0.0
867 76.92307692307692 0.0
868 76.92307692307692 0.0
869 76.92307692307692 0.0
870 92.3076923076923 0.0
871 76.92307692307692 0.0
872 76.92307692307692 0.0
873 69.23076923076923 0.0
874 84.61538461538461 0.0
875 69.23076923076923 0.0
876 69.23076923076923 0.0
877 61.53846153846154 0.0
878 69.23076923076923 0.0
879 76.92307692307692 0.0
880 73.07692307692308 0.0
881 84.61538461538461 0.0
882 84.61538461538461 0.0
883 92.3076923076923 0.0
884 84.61538461538461 0.0
885 76.92307692307692 0.0
886 76.92307692307692 0.0
887 73.07692307692308 0.0
888 80.76923076923077 0.0
889 76.92307692307692 0.0
890 61.53846153846154 0.0
891 69.23076923076923 0.0
892 76.92307692307692 0.0
893 76.92307692307692 0.0
894 84.61538461538461 0.0
895 92.3076923076923 0.0
896 76.92307692307692 0.0
897 76.92307692307692 0.0
898 76.92307692307692 0.0
899 76.92307692307692 0.0
900 84.61538461538461 0.0
901 84.61538461538461 0.0
902 76.92307692307692 0.0
903 92.3076923076923 0.0
904 76.92307692307692 0.0
905 84.61538461538461 0.0
906 69.23076923076923 0.0
907 69.23076923076923 0.0
908 84.61538461538461 0.0
909 92.3076923076923 0.0
910 84.61538461538461 0.0
911 76.92307692307692 0.0
912 84.61538461538461 0.0
913 76.92307692307692 0.0
914 69.23076923076923 0.0
915 69.23076923076923 0.0
916 69.23076923076923 0.0
917 76.92307692307692 0.0
918 84.61538461538461 0.0
919 92.3076923076923 0.0
920 73.07692307692308 0.0
921 76.92307692307692 0.0
922 92.3076923076923 0.0
923 92.3076923076923 0.0
924 92.3076923076923 0.0
925 84.61538461538461 0.0
926 84.61538461538461 0.0
927 92.3076923076923 0.0
928 92.3076923076923 0.0
929 84.61538461538461 0.0
930 92.3076923076923 0.0
931 92.3076923076923 0.0
932 84.61538461538461 0.0
933 84.61538461538461 0.0
934 92.3076923076923 0.0
935 76.92307692307692 0.0
936 92.3076923076923 0.0
937 84.61538461538461 0.0
938 76.92307692307692 0.0
939 84.61538461538461 0.0
940 76.92307692307692 0.0
941 80.76923076923077 0.0
942 84.61538461538461 0.0
943 84.61538461538461 0.0
944 73.07692307692308 0.0
945 76.92307692307692 0.0
946 73.07692307692308 0.0
947 65.38461538461539 0.0
948 65.38461538461539 0.0
949 65.38461538461539 0.0
950 76.92307692307692 0.0
951 69.23076923076923 0.0
952 53.84615384615385 0.0
953 53.84615384615385 0.0
954 61.53846153846154 0.0
955 46.15384615384615 0.0
956 69.23076923076923 0.0
957 69.23076923076923 0.0
958 53.84615384615385 0.0
959 61.53846153846154 0.0
960 53.84615384615385 0.0
961 61.53846153846154 0.0
962 65.38461538461539 0.0
963 73.07692307692308 0.0
964 80.76923076923077 0.0
965 80.76923076923077 0.0
966 80.76923076923077 0.0
967 73.07692307692308 0.0
968 84.61538461538461 0.0
969 84.61538461538461 0.0
970 92.3076923076923 0.0
971 84.61538461538461 0.0
972 65.38461538461539 0.0
973 76.92307692307692 0.0
974 92.3076923076923 0.0
975 69.23076923076923 0.0
976 69.23076923076923 0.0
977 69.23076923076923 0.0
978 65.38461538461539 0.0
979 69.23076923076923 0.0
980 61.53846153846154 0.0
981 69.23076923076923 0.0
982 69.23076923076923 0.0
983 69.23076923076923 0.0
984 69.23076923076923 0.0
985 53.84615384615385 0.0
986 69.23076923076923 0.0
987 65.38461538461539 0.0
988 69.23076923076923 0.0
989 80.76923076923077 0.0
990 69.23076923076923 0.0
991 73.07692307692308 0.0
992 61.53846153846154 0.0
993 69.23076923076923 0.0
994 69.23076923076923 0.0
995 69.23076923076923 0.0
996 61.53846153846154 0.0
997 73.07692307692308 0.0
998 76.92307692307692 0.0
999 61.53846153846154 0.0
