#frame monomers_% popc_isolated_%
0 76.92307692307692 0.0
1 65.38461538461539 0.0
2 73.07692307692308 0.0
3 76.92307692307692 0.0
4 73.07692307692308 0.0
5 65.38461538461539 0.0
6 69.23076923076923 0.0
7 65.38461538461539 0.0
8 69.23076923076923 0.0
9 69.23076923076923 0.0
10 80.76923076923077 0.0
11 73.07692307692308 0.0
12 73.07692307692308 0.0
13 76.92307692307692 0.0
14 65.38461538461539 0.0
15 65.38461538461539 0.0
16 76.92307692307692 0.0
17 84.61538461538461 0.0
18 76.92307692307692 0.0
19 76.92307692307692 0.0
20 76.92307692307692 0.0
21 92.3076923076923 0.0
22 92.3076923076923 0.0
23 92.3076923076923 0.0
24 84.61538461538461 0.0
25 100.0 0.0
26 100.0 0.0
27 92.3076923076923 0.0
28 92.3076923076923 0.0
29 100.0 0.0
30 88.46153846153847 0.0
31 92.3076923076923 0.0
32 92.3076923076923 0.0
33 92.3076923076923 0.0
34 100.0 0.0
35 100.0 0.0
36 100.0 0.0
37 100.0 0.0
38 92.3076923076923 0.0
39 92.3076923076923 0.0
40 92.3076923076923 0.0
41 100.0 0.0
42 92.3076923076923 0.0
43 92.3076923076923 0.0
44 84.61538461538461 0.0
45 88.46153846153847 0.0
46 84.61538461538461 0.0
47 92.3076923076923 0.0
48 92.3076923076923 0.0
49 88.46153846153847 0.0
50 88.46153846153847 0.0
51 88.46153846153847 0.0
52 80.76923076923077 0.0
53 69.23076923076923 0.0
54 76.92307692307692 0.0
55 84.61538461538461 0.0
56 84.61538461538461 0.0
57 73.07692307692308 0.0
58 73.07692307692308 0.0
59 73.07692307692308 0.0
60 73.07692307692308 0.0
61 69.23076923076923 0.0
62 65.38461538461539 0.0
63 76.92307692307692 0.0
64 76.92307692307692 0.0
65 84.61538461538461 0.0
66 76.92307692307692 0.0
67 76.92307692307692 0.0
68 84.61538461538461 0.0
69 92.3076923076923 0.0
70 92.3076923076923 0.0
71 76.92307692307692 0.0
72 69.23076923076923 0.0
73 84.61538461538461 0.0
74 76.92307692307692 0.0
75 84.61538461538461 0.0
76 84.61538461538461 0.0
77 80.76923076923077 0.0
78 73.07692307692308 0.0
79 76.92307692307692 0.0
80 76.92307692307692 0.0
81 84.61538461538461 0.0
82 73.07692307692308 0.0
83 84.61538461538461 0.0
84 80.76923076923077 0.0
85 80.76923076923077 0.0
86 84.61538461538461 0.0
87 84.61538461538461 0.0
88 92.3076923076923 0.0
89 84.61538461538461 0.0
90 84.61538461538461 0.0
91 76.92307692307692 0.0
92 84.61538461538461 0.0
93 84.61538461538461 0.0
94 92.3076923076923 0.0
95 84.61538461538461 0.0
96 92.3076923076923 0.0
97 100.0 0.0
98 100.0 0.0
99 92.3076923076923 0.0
100 84.61538461538461 0.0
101 100.0 0.0
102 84.61538461538461 0.0
103 84.61538461538461 0.0
104 69.23076923076923 0.0
105 69.23076923076923 0.0
106 69.23076923076923 0.0
107 69.23076923076923 0.0
108 76.92307692307692 0.0
109 61.53846153846154 0.0
110 80.76923076923077 0.0
111 84.61538461538461 0.0
112 73.07692307692308 0.0
113 84.61538461538461 0.0
114 84.61538461538461 0.0
115 84.61538461538461 0.0
116 84.61538461538461 0.0
117 92.3076923076923 0.0
118 84.61538461538461 0.0
119 84.61538461538461 0.0
120 69.23076923076923 0.0
121 76.92307692307692 0.0
122 69.23076923076923 0.0
123 76.92307692307692 0.0
124 69.23076923076923 0.0
125 100.0 0.0
126 84.61538461538461 0.0
127 92.3076923076923 0.0
128 92.3076923076923 0.0
129 84.61538461538461 0.0
130 84.61538461538461 0.0
131 76.92307692307692 0.0
132 84.61538461538461 0.0
133 84.61538461538461 0.0
134 69.23076923076923 0.0
135 84.61538461538461 0.0
136 84.61538461538461 0.0
137 92.3076923076923 0.0
138 92.3076923076923 0.0
139 92.3076923076923 0.0
140 84.61538461538461 0.0
141 84.61538461538461 0.0
142 92.3076923076923 0.0
143 84.61538461538461 0.0
144 92.3076923076923 0.0
145 84.61538461538461 0.0
146 84.61538461538461 0.0
147 76.92307692307692 0.0
148 76.92307692307692 0.0
149 84.61538461538461 0.0
150 76.92307692307692 0.0
151 84.61538461538461 0.0
152 92.3076923076923 0.0
153 100.0 0.0
154 100.0 0.0
155 100.0 0.0
156 84.61538461538461 0.0
157 84.61538461538461 0.0
158 84.61538461538461 0.0
159 84.61538461538461 0.0
160 80.76923076923077 0.0
161 92.3076923076923 0.0
162 84.61538461538461 0.0
163 92.3076923076923 0.0
164 100.0 0.0
165 100.0 0.0
166 84.61538461538461 0.0
167 92.3076923076923 0.0
168 76.92307692307692 0.0
169 73.07692307692308 0.0
170 73.07692307692308 0.0
171 76.92307692307692 0.0
172 76.92307692307692 0.0
173 76.92307692307692 0.0
174 84.61538461538461 0.0
175 84.61538461538461 0.0
176 84.61538461538461 0.0
177 92.3076923076923 0.0
178 84.61538461538461 0.0
179 84.61538461538461 0.0
180 100.0 0.0
181 84.61538461538461 0.0
182 92.3076923076923 0.0
183 92.3076923076923 0.0
184 92.3076923076923 0.0
185 84.61538461538461 0.0
186 100.0 0.0
187 92.3076923076923 0.0
188 92.3076923076923 0.0
189 92.3076923076923 0.0
190 84.61538461538461 0.0
191 76.92307692307692 0.0
192 73.07692307692308 0.0
193 76.92307692307692 0.0
194 76.92307692307692 0.0
195 84.61538461538461 0.0
196 80.76923076923077 0.0
197 84.61538461538461 0.0
198 76.92307692307692 0.0
199 92.3076923076923 0.0
200 92.3076923076923 0.0
201 92.3076923076923 0.0
202 92.3076923076923 0.0
203 84.61538461538461 0.0
204 76.92307692307692 0.0
205 76.92307692307692 0.0
206 84.61538461538461 0.0
207 100.0 0.0
208 100.0 0.0
209 100.0 0.0
210 92.3076923076923 0.0
211 76.92307692307692 0.0
212 92.3076923076923 0.0
213 84.61538461538461 0.0
214 92.3076923076923 0.0
215 76.92307692307692 0.0
216 76.92307692307692 0.0
217 76.92307692307692 0.0
218 84.61538461538461 0.0
219 84.61538461538461 0.0
220 84.61538461538461 0.0
221 76.92307692307692 0.0
222 69.23076923076923 0.0
223 61.53846153846154 0.0
224 57.69230769230769 0.0
225 76.92307692307692 0.0
226 84.61538461538461 0.0
227 84.61538461538461 0.0
228 84.61538461538461 0.0
229 76.92307692307692 0.0
230 76.92307692307692 0.0
231 76.92307692307692 0.0
232 80.76923076923077 0.0
233 92.3076923076923 0.0
234 92.3076923076923 0.0
235 76.92307692307692 0.0
236 92.3076923076923 0.0
237 92.3076923076923 0.0
238 92.3076923076923 0.0
239 92.3076923076923 0.0
240 76.92307692307692 0.0
241 92.3076923076923 0.0
242 80.76923076923077 0.0
243 84.61538461538461 0.0
244 80.76923076923077 0.0
245 73.07692307692308 0.0
246 92.3076923076923 0.0
247 92.3076923076923 0.0
248 69.23076923076923 0.0
249 88.46153846153847 0.0
250 73.07692307692308 0.0
251 69.23076923076923 0.0
252 61.53846153846154 0.0
253 61.53846153846154 0.0
254 80.76923076923077 0.0
255 80.76923076923077 0.0
256 73.07692307692308 0.0
257 76.92307692307692 0.0
258 65.38461538461539 0.0
259 65.38461538461539 0.0
260 65.38461538461539 0.0
261 69.23076923076923 0.0
262 76.92307692307692 0.0
263 92.3076923076923 0.0
264 76.92307692307692 0.0
265 76.92307692307692 0.0
266 76.92307692307692 0.0
267 57.69230769230769 0.0
268 69.23076923076923 0.0
269 69.23076923076923 0.0
270 65.38461538461539 0.0
271 69.23076923076923 0.0
272 76.92307692307692 0.0
273 84.61538461538461 0.0
274 84.61538461538461 0.0
275 73.07692307692308 0.0
276 73.07692307692308 0.0
277 80.76923076923077 0.0
278 76.92307692307692 0.0
279 84.61538461538461 0.0
280 84.61538461538461 0.0
281 88.46153846153847 0.0
282 92.3076923076923 0.0
283 88.46153846153847 0.0
284 88.46153846153847 0.0
285 88.46153846153847 0.0
286 65.38461538461539 0.0
287 88.46153846153847 0.0
288 92.3076923076923 0.0
289 92.3076923076923 0.0
290 88.46153846153847 0.0
291 88.46153846153847 0.0
292 92.3076923076923 0.0
293 84.61538461538461 0.0
294 92.3076923076923 0.0
295 84.61538461538461 0.0
296 84.61538461538461 0.0
297 84.61538461538461 0.0
298 92.3076923076923 0.0
299 92.3076923076923 0.0
300 100.0 0.0
301 92.3076923076923 0.0
302 84.61538461538461 0.0
303 92.3076923076923 0.0
304 84.61538461538461 0.0
305 92.3076923076923 0.0
306 92.3076923076923 0.0
307 92.3076923076923 0.0
308 92.3076923076923 0.0
309 92.3076923076923 0.0
310 76.92307692307692 0.0
311 84.61538461538461 0.0
312 84.61538461538461 0.0
313 84.61538461538461 0.0
314 84.61538461538461 0.0
315 76.92307692307692 0.0
316 92.3076923076923 0.0
317 84.61538461538461 0.0
318 76.92307692307692 0.0
319 80.76923076923077 0.0
320 92.3076923076923 0.0
321 100.0 0.0
322 88.46153846153847 0.0
323 80.76923076923077 0.0
324 92.3076923076923 0.0
325 92.3076923076923 0.0
326 92.3076923076923 0.0
327 100.0 0.0
328 92.3076923076923 0.0
329 92.3076923076923 0.0
330 92.3076923076923 0.0
331 100.0 0.0
332 92.3076923076923 0.0
333 92.3076923076923 0.0
334 92.3076923076923 0.0
335 84.61538461538461 0.0
336 84.61538461538461 0.0
337 84.61538461538461 0.0
338 76.92307692307692 0.0
339 84.61538461538461 0.0
340 92.3076923076923 0.0
341 92.3076923076923 0.0
342 92.3076923076923 0.0
343 92.3076923076923 0.0
344 84.61538461538461 0.0
345 84.61538461538461 0.0
346 92.3076923076923 0.0
347 84.61538461538461 0.0
348 92.3076923076923 0.0
349 84.61538461538461 0.0
350 92.3076923076923 0.0
351 92.3076923076923 0.0
352 92.3076923076923 0.0
353 84.61538461538461 0.0
354 84.61538461538461 0.0
355 84.61538461538461 0.0
356 76.92307692307692 0.0
357 76.92307692307692 0.0
358 76.92307692307692 0.0
359 84.61538461538461 0.0
360 92.3076923076923 0.0
361 92.3076923076923 0.0
362 92.3076923076923 0.0
363 84.61538461538461 0.0
364 92.3076923076923 0.0
365 76.92307692307692 0.0
366 92.3076923076923 0.0
367 84.61538461538461 0.0
368 84.61538461538461 0.0
369 84.61538461538461 0.0
370 84.61538461538461 0.0
371 84.61538461538461 0.0
372 76.92307692307692 0.0
373 84.61538461538461 0.0
374 84.61538461538461 0.0
375 84.61538461538461 0.0
376 76.92307692307692 0.0
377 76.92307692307692 0.0
378 76.92307692307692 0.0
379 76.92307692307692 0.0
380 92.3076923076923 0.0
381 92.3076923076923 0.0
382 84.61538461538461 0.0
383 92.3076923076923 0.0
384 76.92307692307692 0.0
385 76.92307692307692 0.0
386 84.61538461538461 0.0
387 84.61538461538461 0.0
388 84.61538461538461 0.0
389 84.61538461538461 0.0
390 69.23076923076923 0.0
391 92.3076923076923 0.0
392 84.61538461538461 0.0
393 76.92307692307692 0.0
394 84.61538461538461 0.0
395 84.61538461538461 0.0
396 84.61538461538461 0.0
397 84.61538461538461 0.0
398 84.61538461538461 0.0
399 84.61538461538461 0.0
400 84.61538461538461 0.0
401 84.61538461538461 0.0
402 84.61538461538461 0.0
403 92.3076923076923 0.0
404 92.3076923076923 0.0
405 92.3076923076923 0.0
406 84.61538461538461 0.0
407 92.3076923076923 0.0
408 76.92307692307692 0.0
409 76.92307692307692 0.0
410 92.3076923076923 0.0
411 92.3076923076923 0.0
412 92.3076923076923 0.0
413 92.3076923076923 0.0
414 84.61538461538461 0.0
415 76.92307692307692 0.0
416 84.61538461538461 0.0
417 84.61538461538461 0.0
418 84.61538461538461 0.0
419 84.61538461538461 0.0
420 84.61538461538461 0.0
421 76.92307692307692 0.0
422 69.23076923076923 0.0
423 84.61538461538461 0.0
424 69.23076923076923 0.0
425 73.07692307692308 0.0
426 69.23076923076923 0.0
427 65.38461538461539 0.0
428 73.07692307692308 0.0
429 80.76923076923077 0.0
430 80.76923076923077 0.0
431 73.07692307692308 0.0
432 76.92307692307692 0.0
433 84.61538461538461 0.0
434 92.3076923076923 0.0
435 92.3076923076923 0.0
436 80.76923076923077 0.0
437 84.61538461538461 0.0
438 80.76923076923077 0.0
439 84.61538461538461 0.0
440 80.76923076923077 0.0
441 84.61538461538461 0.0
442 92.3076923076923 0.0
443 84.61538461538461 0.0
444 92.3076923076923 0.0
445 92.3076923076923 0.0
446 84.61538461538461 0.0
447 92.3076923076923 0.0
448 92.3076923076923 0.0
449 84.61538461538461 0.0
450 84.61538461538461 0.0
451 76.92307692307692 0.0
452 84.61538461538461 0.0
453 84.61538461538461 0.0
454 84.61538461538461 0.0
455 84.61538461538461 0.0
456 76.92307692307692 0.0
457 84.61538461538461 0.0
458 73.07692307692308 0.0
459 69.23076923076923 0.0
460 69.23076923076923 0.0
461 84.61538461538461 0.0
462 73.07692307692308 0.0
463 84.61538461538461 0.0
464 80.76923076923077 0.0
465 84.61538461538461 0.0
466 69.23076923076923 0.0
467 84.61538461538461 0.0
468 92.3076923076923 0.0
469 84.61538461538461 0.0
470 84.61538461538461 0.0
471 73.07692307692308 0.0
472 84.61538461538461 0.0
473 80.76923076923077 0.0
474 92.3076923076923 0.0
475 84.61538461538461 0.0
476 69.23076923076923 0.0
477 92.3076923076923 0.0
478 84.61538461538461 0.0
479 84.61538461538461 0.0
480 69.23076923076923 0.0
481 92.3076923076923 0.0
482 76.92307692307692 0.0
483 84.61538461538461 0.0
484 76.92307692307692 0.0
485 73.07692307692308 0.0
486 76.92307692307692 0.0
487 80.76923076923077 0.0
488 80.76923076923077 0.0
489 76.92307692307692 0.0
490 84.61538461538461 0.0
491 92.3076923076923 0.0
492 92.3076923076923 0.0
493 92.3076923076923 0.0
494 84.61538461538461 0.0
495 92.3076923076923 0.0
496 92.3076923076923 0.0
497 84.61538461538461 0.0
498 84.61538461538461 0.0
499 76.92307692307692 0.0
500 84.61538461538461 0.0
501 76.92307692307692 0.0
502 76.92307692307692 0.0
503 76.92307692307692 0.0
504 92.3076923076923 0.0
505 76.92307692307692 0.0
506 76.92307692307692 0.0
507 84.61538461538461 0.0
508 76.92307692307692 0.0
509 84.61538461538461 0.0
510 84.61538461538461 0.0
511 76.92307692307692 0.0
512 76.92307692307692 0.0
513 76.92307692307692 0.0
514 69.23076923076923 0.0
515 69.23076923076923 0.0
516 69.23076923076923 0.0
517 76.92307692307692 0.0
518 76.92307692307692 0.0
519 73.07692307692308 0.0
520 76.92307692307692 0.0
521 84.61538461538461 0.0
522 76.92307692307692 0.0
523 84.61538461538461 0.0
524 84.61538461538461 0.0
525 76.92307692307692 0.0
526 84.61538461538461 0.0
527 76.92307692307692 0.0
528 84.61538461538461 0.0
529 84.61538461538461 0.0
530 84.61538461538461 0.0
531 84.61538461538461 0.0
532 76.92307692307692 0.0
533 84.61538461538461 0.0
534 69.23076923076923 0.0
535 76.92307692307692 0.0
536 84.61538461538461 0.0
537 92.3076923076923 0.0
538 76.92307692307692 0.0
539 80.76923076923077 0.0
540 92.3076923076923 0.0
541 69.23076923076923 0.0
542 69.23076923076923 0.0
543 76.92307692307692 0.0
544 76.92307692307692 0.0
545 76.92307692307692 0.0
546 69.23076923076923 0.0
547 76.92307692307692 0.0
548 73.07692307692308 0.0
549 73.07692307692308 0.0
550 76.92307692307692 0.0
551 76.92307692307692 0.0
552 92.3076923076923 0.0
553 92.3076923076923 0.0
554 92.3076923076923 0.0
555 76.92307692307692 0.0
556 84.61538461538461 0.0
557 50.0 0.0
558 57.69230769230769 0.0
559 57.69230769230769 0.0
560 76.92307692307692 0.0
561 69.23076923076923 0.0
562 92.3076923076923 0.0
563 84.61538461538461 0.0
564 92.3076923076923 0.0
565 84.61538461538461 0.0
566 92.3076923076923 0.0
567 69.23076923076923 0.0
568 76.92307692307692 0.0
569 92.3076923076923 0.0
570 100.0 0.0
571 100.0 0.0
572 92.3076923076923 0.0
573 92.3076923076923 0.0
574 92.3076923076923 0.0
575 76.92307692307692 0.0
576 84.61538461538461 0.0
577 84.61538461538461 0.0
578 84.61538461538461 0.0
579 92.3076923076923 0.0
580 92.3076923076923 0.0
581 80.76923076923077 0.0
582 92.3076923076923 0.0
583 100.0 0.0
584 84.61538461538461 0.0
585 84.61538461538461 0.0
586 76.92307692307692 0.0
587 84.61538461538461 0.0
588 84.61538461538461 0.0
589 84.61538461538461 0.0
590 76.92307692307692 0.0
591 84.61538461538461 0.0
592 84.61538461538461 0.0
593 84.61538461538461 0.0
594 92.3076923076923 0.0
595 84.61538461538461 0.0
596 92.3076923076923 0.0
597 76.92307692307692 0.0
598 76.92307692307692 0.0
599 84.61538461538461 0.0
600 76.92307692307692 0.0
601 84.61538461538461 0.0
602 76.92307692307692 0.0
603 84.61538461538461 0.0
604 84.61538461538461 0.0
605 84.61538461538461 0.0
606 84.61538461538461 0.0
607 84.61538461538461 0.0
608 84.61538461538461 0.0
609 76.92307692307692 0.0
610 84.61538461538461 0.0
611 92.3076923076923 0.0
612 92.3076923076923 0.0
613 92.3076923076923 0.0
614 92.3076923076923 0.0
615 84.61538461538461 0.0
616 76.92307692307692 0.0
617 76.92307692307692 0.0
618 65.38461538461539 0.0
619 65.38461538461539 0.0
620 73.07692307692308 0.0
621 65.38461538461539 0.0
622 61.53846153846154 0.0
623 61.53846153846154 0.0
624 65.38461538461539 0.0
625 69.23076923076923 0.0
626 61.53846153846154 0.0
627 84.61538461538461 0.0
628 84.61538461538461 0.0
629 84.61538461538461 0.0
630 92.3076923076923 0.0
631 92.3076923076923 0.0
632 84.61538461538461 0.0
633 100.0 0.0
634 84.61538461538461 0.0
635 84.61538461538461 0.0
636 92.3076923076923 0.0
637 92.3076923076923 0.0
638 84.61538461538461 0.0
639 84.61538461538461 0.0
640 84.61538461538461 0.0
641 84.61538461538461 0.0
642 84.61538461538461 0.0
643 76.92307692307692 0.0
644 76.92307692307692 0.0
645 84.61538461538461 0.0
646 76.92307692307692 0.0
647 84.61538461538461 0.0
648 92.3076923076923 0.0
649 92.3076923076923 0.0
650 76.92307692307692 0.0
651 61.53846153846154 0.0
652 73.07692307692308 0.0
653 80.76923076923077 0.0
654 65.38461538461539 0.0
655 88.46153846153847 0.0
656 84.61538461538461 0.0
657 84.61538461538461 0.0
658 76.92307692307692 0.0
659 84.61538461538461 0.0
660 84.61538461538461 0.0
661 92.3076923076923 0.0
662 84.61538461538461 0.0
663 76.92307692307692 0.0
664 84.61538461538461 0.0
665 76.92307692307692 0.0
666 76.92307692307692 0.0
667 76.92307692307692 0.0
668 69.23076923076923 0.0
669 69.23076923076923 0.0
670 76.92307692307692 0.0
671 76.92307692307692 0.0
672 76.92307692307692 0.0
673 69.23076923076923 0.0
674 69.23076923076923 0.0
675 69.23076923076923 0.0
676 76.92307692307692 0.0
677 84.61538461538461 0.0
678 100.0 0.0
679 100.0 0.0
680 100.0 0.0
681 84.61538461538461 0.0
682 92.3076923076923 0.0
683 92.3076923076923 0.0
684 92.3076923076923 0.0
685 84.61538461538461 0.0
686 76.92307692307692 0.0
687 76.92307692307692 0.0
688 69.23076923076923 0.0
689 84.61538461538461 0.0
690 76.92307692307692 0.0
691 73.07692307692308 0.0
692 73.07692307692308 0.0
693 80.76923076923077 0.0
694 73.07692307692308 0.0
695 80.76923076923077 0.0
696 65.38461538461539 0.0
697 73.07692307692308 0.0
698 84.61538461538461 0.0
699 73.07692307692308 0.0
700 84.61538461538461 0.0
701 61.53846153846154 0.0
702 84.61538461538461 0.0
703 69.23076923076923 0.0
704 69.23076923076923 0.0
705 84.61538461538461 0.0
706 69.23076923076923 0.0
707 76.92307692307692 0.0
708 76.92307692307692 0.0
709 73.07692307692308 0.0
710 69.23076923076923 0.0
711 73.07692307692308 0.0
712 76.92307692307692 0.0
713 69.23076923076923 0.0
714 76.92307692307692 0.0
715 69.23076923076923 0.0
716 69.23076923076923 0.0
717 57.69230769230769 0.0
718 73.07692307692308 0.0
719 61.53846153846154 0.0
720 76.92307692307692 0.0
721 53.84615384615385 0.0
722 84.61538461538461 0.0
723 92.3076923076923 0.0
724 76.92307692307692 0.0
725 76.92307692307692 0.0
726 76.92307692307692 0.0
727 76.92307692307692 0.0
728 84.61538461538461 0.0
729 76.92307692307692 0.0
730 76.92307692307692 0.0
731 76.92307692307692 0.0
732 69.23076923076923 0.0
733 69.23076923076923 0.0
734 84.61538461538461 0.0
735 69.23076923076923 0.0
736 73.07692307692308 0.0
737 69.23076923076923 0.0
738 61.53846153846154 0.0
739 73.07692307692308 0.0
740 69.23076923076923 0.0
741 65.38461538461539 0.0
742 65.38461538461539 0.0
743 61.53846153846154 0.0
744 65.38461538461539 0.0
745 73.07692307692308 0.0
746 76.92307692307692 0.0
747 61.53846153846154 0.0
748 84.61538461538461 0.0
749 73.07692307692308 0.0
750 76.92307692307692 0.0
751 76.92307692307692 0.0
752 76.92307692307692 0.0
753 69.23076923076923 0.0
754 76.92307692307692 0.0
755 76.92307692307692 0.0
756 76.92307692307692 0.0
757 84.61538461538461 0.0
758 84.61538461538461 0.0
759 76.92307692307692 0.0
760 69.23076923076923 0.0
761 76.92307692307692 0.0
762 84.61538461538461 0.0
763 84.61538461538461 0.0
764 84.61538461538461 0.0
765 84.61538461538461 0.0
766 76.92307692307692 0.0
767 84.61538461538461 0.0
768 92.3076923076923 0.0
769 92.3076923076923 0.0
770 92.3076923076923 0.0
771 92.3076923076923 0.0
772 92.3076923076923 0.0
773 84.61538461538461 0.0
774 69.23076923076923 0.0
775 76.92307692307692 0.0
776 84.61538461538461 0.0
777 76.92307692307692 0.0
778 84.61538461538461 0.0
779 84.61538461538461 0.0
780 84.61538461538461 0.0
781 84.61538461538461 0.0
782 69.23076923076923 0.0
783 76.92307692307692 0.0
784 69.23076923076923 0.0
785 76.92307692307692 0.0
786 61.53846153846154 0.0
787 61.53846153846154 0.0
788 65.38461538461539 0.0
789 57.69230769230769 0.0
790 76.92307692307692 0.0
791 84.61538461538461 0.0
792 65.38461538461539 0.0
793 73.07692307692308 0.0
794 73.07692307692308 0.0
795 73.07692307692308 0.0
796 80.76923076923077 0.0
797 76.92307692307692 0.0
798 76.92307692307692 0.0
799 76.92307692307692 0.0
800 69.23076923076923 0.0
801 69.23076923076923 0.0
802 76.92307692307692 0.0
803 57.69230769230769 0.0
804 76.92307692307692 0.0
805 84.61538461538461 0.0
806 76.92307692307692 0.0
807 76.92307692307692 0.0
808 76.92307692307692 0.0
809 69.23076923076923 0.0
810 69.23076923076923 0.0
811 69.23076923076923 0.0
812 76.92307692307692 0.0
813 84.61538461538461 0.0
814 92.3076923076923 0.0
815 92.3076923076923 0.0
816 76.92307692307692 0.0
817 69.23076923076923 0.0
818 92.3076923076923 0.0
819 84.61538461538461 0.0
820 100.0 0.0
821 84.61538461538461 0.0
822 92.3076923076923 0.0
823 92.3076923076923 0.0
824 76.92307692307692 0.0
825 84.61538461538461 0.0
826 100.0 0.0
827 100.0 0.0
828 84.61538461538461 0.0
829 76.92307692307692 0.0
830 76.92307692307692 0.0
831 76.92307692307692 0.0
832 84.61538461538461 0.0
833 69.23076923076923 0.0
834 76.92307692307692 0.0
835 53.84615384615385 0.0
836 61.53846153846154 0.0
837 92.3076923076923 0.0
838 76.92307692307692 0.0
839 76.92307692307692 0.0
840 76.92307692307692 0.0
841 69.23076923076923 0.0
842 84.61538461538461 0.0
843 92.3076923076923 0.0
844 76.92307692307692 0.0
845 84.61538461538461 0.0
846 69.23076923076923 0.0
847 84.61538461538461 0.0
848 84.61538461538461 0.0
849 84.61538461538461 0.0
850 92.3076923076923 0.0
851 84.61538461538461 0.0
852 84.61538461538461 0.0
853 88.46153846153847 0.0
854 100.0 0.0
855 84.61538461538461 0.0
856 92.3076923076923 0.0
857 88.46153846153847 0.0
858 80.76923076923077 0.0
859 80.76923076923077 0.0
860 80.76923076923077 0.0
861 80.76923076923077 0.0
862 76.92307692307692 0.0
863 92.3076923076923 0.0
864 84.61538461538461 0.0
865 92.3076923076923 0.0
866 92.3076923076923 0.0
867 92.3076923076923 0.0
868 92.3076923076923 0.0
869 100.0 0.0
870 76.92307692307692 0.0
871 92.3076923076923 0.0
872 88.46153846153847 0.0
873 76.92307692307692 0.0
874 88.46153846153847 0.0
875 84.61538461538461 0.0
876 92.3076923076923 0.0
877 84.61538461538461 0.0
878 92.3076923076923 0.0
879 92.3076923076923 0.0
880 92.3076923076923 0.0
881 92.3076923076923 0.0
882 100.0 0.0
883 100.0 0.0
884 100.0 0.0
885 92.3076923076923 0.0
886 84.61538461538461 0.0
887 92.3076923076923 0.0
888 92.3076923076923 0.0
889 84.61538461538461 0.0
890 92.3076923076923 0.0
891 100.0 0.0
892 100.0 0.0
893 84.61538461538461 0.0
894 92.3076923076923 0.0
895 92.3076923076923 0.0
896 92.3076923076923 0.0
897 92.3076923076923 0.0
898 92.3076923076923 0.0
899 92.3076923076923 0.0
900 92.3076923076923 0.0
901 100.0 0.0
902 100.0 0.0
903 100.0 0.0
904 100.0 0.0
905 92.3076923076923 0.0
906 100.0 0.0
907 84.61538461538461 0.0
908 84.61538461538461 0.0
909 84.61538461538461 0.0
910 84.61538461538461 0.0
911 100.0 0.0
912 92.3076923076923 0.0
913 100.0 0.0
914 100.0 0.0
915 100.0 0.0
916 92.3076923076923 0.0
917 92.3076923076923 0.0
918 92.3076923076923 0.0
919 92.3076923076923 0.0
920 92.3076923076923 0.0
921 92.3076923076923 0.0
922 100.0 0.0
923 92.3076923076923 0.0
924 92.3076923076923 0.0
925 92.3076923076923 0.0
926 84.61538461538461 0.0
927 84.61538461538461 0.0
928 92.3076923076923 0.0
929 92.3076923076923 0.0
930 92.3076923076923 0.0
931 100.0 0.0
932 100.0 0.0
933 92.3076923076923 0.0
934 92.3076923076923 0.0
935 84.61538461538461 0.0
936 92.3076923076923 0.0
937 100.0 0.0
938 100.0 0.0
939 92.3076923076923 0.0
940 92.3076923076923 0.0
941 92.3076923076923 0.0
942 84.61538461538461 0.0
943 92.3076923076923 0.0
944 92.3076923076923 0.0
945 92.3076923076923 0.0
946 100.0 0.0
947 92.3076923076923 0.0
948 100.0 0.0
949 84.61538461538461 0.0
950 92.3076923076923 0.0
951 92.3076923076923 0.0
952 84.61538461538461 0.0
953 92.3076923076923 0.0
954 92.3076923076923 0.0
955 84.61538461538461 0.0
956 100.0 0.0
957 100.0 0.0
958 92.3076923076923 0.0
959 92.3076923076923 0.0
960 100.0 0.0
961 92.3076923076923 0.0
962 92.3076923076923 0.0
963 100.0 0.0
964 100.0 0.0
965 100.0 0.0
966 100.0 0.0
967 100.0 0.0
968 100.0 0.0
969 92.3076923076923 0.0
970 100.0 0.0
971 100.0 0.0
972 92.3076923076923 0.0
973 92.3076923076923 0.0
974 92.3076923076923 0.0
975 100.0 0.0
976 100.0 0.0
977 88.46153846153847 0.0
978 92.3076923076923 0.0
979 84.61538461538461 0.0
980 92.3076923076923 0.0
981 88.46153846153847 0.0
982 80.76923076923077 0.0
983 92.3076923076923 0.0
984 100.0 0.0
985 92.3076923076923 0.0
986 92.3076923076923 0.0
987 100.0 0.0
988 92.3076923076923 0.0
989 100.0 0.0
990 100.0 0.0
991 84.61538461538461 0.0
992 100.0 0.0
993 100.0 0.0
994 100.0 0.0
995 100.0 0.0
996 100.0 0.0
997 100.0 0.0
998 100.0 0.0
999 100.0 0.0
