#resid average_duration max_duration persistent_contacts
1 7.275862068965517 35 29
10 20.425 171 40
11 8.080645161290322 44 62
12 5.037037037037037 22 54
13 4.196969696969697 12 66
14 5.269230769230769 30 52
15 3.6129032258064515 14 31
16 0 0 0
17 8.173076923076923 56 52
18 3.8260869565217392 19 46
19 9.543859649122806 76 57
2 2.5 3 2
20 4.032258064516129 11 31
21 3.6363636363636362 17 44
22 20.30909090909091 171 55
23 4.586206896551724 19 29
24 2.7037037037037037 9 27
25 3.9074074074074074 14 54
26 9.244444444444444 44 45
3 13.625 130 48
4 3.8620689655172415 10 29
5 8.148936170212766 56 47
6 2.75 5 16
7 4.672131147540983 22 61
8 3.4545454545454546 17 22
9 3.8372093023255816 16 43
#TOTAL_CONTACTS 4222 for 1000 frames
