#resid average_duration max_duration persistent_contacts
1 4.482758620689655 10 29
10 7.608695652173913 49 23
11 3.769230769230769 11 26
12 5.328125 37 64
13 4.051282051282051 12 39
14 2.0 2 1
15 11.964285714285714 49 28
16 4.0 13 30
17 3.6666666666666665 18 12
18 4.913043478260869 13 23
19 8.345454545454546 65 55
2 4.0625 12 32
20 9.883720930232558 62 43
21 3.5 8 42
22 19.142857142857142 203 35
23 2.0 2 2
24 9.6875 113 48
25 4.269230769230769 13 26
26 3.7547169811320753 11 53
3 3.888888888888889 11 54
4 13.275 113 80
5 4.1923076923076925 12 26
6 3.0833333333333335 9 36
7 12.340909090909092 203 44
8 10.8125 65 32
9 3.2857142857142856 8 7
#TOTAL_CONTACTS 3702 for 1000 frames
