#resid average_duration max_duration persistent_contacts
1 6.71875 73 32
10 4.875 15 48
11 4.133333333333334 13 30
12 4.684210526315789 21 57
13 4.790697674418604 17 43
14 4.242424242424242 14 33
15 4.857142857142857 18 28
16 2.7142857142857144 4 7
17 20.5 73 6
18 4.63265306122449 13 49
19 4.3 18 70
2 6.0 6 1
20 4.145833333333333 12 48
21 7.65625 21 32
22 5.098039215686274 30 51
23 4.454545454545454 21 44
24 3.981132075471698 15 53
25 7.288888888888889 21 45
26 2.0 2 1
3 4.8 15 15
4 4.055555555555555 15 36
5 4.857142857142857 30 63
6 4.592592592592593 18 27
7 4.666666666666667 15 63
8 3.953488372093023 12 43
9 2.3333333333333335 3 3
#TOTAL_CONTACTS 2741 for 1000 frames
