#resid average_duration max_duration persistent_contacts
1 3.9047619047619047 8 21
10 14.909090909090908 250 33
11 15.129032258064516 107 31
12 3.5526315789473686 8 38
13 4.607142857142857 17 28
14 11.863636363636363 100 22
15 4.490909090909091 19 55
16 14.838709677419354 107 31
17 9.41025641025641 82 39
18 3.4 11 30
19 9.567567567567568 82 37
2 5.029411764705882 19 34
20 4.5 12 32
21 5.5227272727272725 57 44
22 3.625 9 24
23 11.521739130434783 100 23
24 18.041666666666668 156 24
25 4.413793103448276 12 29
26 3.5128205128205128 11 39
3 16.0 250 30
4 12.264150943396226 100 53
5 4.32 12 25
6 18.041666666666668 156 24
7 6.814814814814815 39 54
8 3.076923076923077 6 26
9 3.323529411764706 9 34
#TOTAL_CONTACTS 3905 for 1000 frames
