#resid average_duration max_duration persistent_contacts
1 4.117647058823529 18 34
10 4.560975609756097 27 41
11 3.7333333333333334 8 45
12 5.5625 21 32
13 13.428571428571429 150 49
14 4.346153846153846 12 26
15 5.054054054054054 31 37
16 3.8333333333333335 11 6
17 4.226415094339623 19 53
18 4.2745098039215685 14 51
19 4.142857142857143 14 42
2 4.146341463414634 9 41
20 4.0606060606060606 20 33
21 0 0 0
22 4.6 31 40
23 3.388888888888889 14 36
24 4.088235294117647 27 34
25 4.37037037037037 18 54
26 5.107142857142857 27 28
3 3.3488372093023258 10 43
4 16.77777777777778 150 36
5 4.465116279069767 21 43
6 5.288461538461538 27 52
7 4.0625 14 64
8 0 0 0
9 3.6052631578947367 10 38
#TOTAL_CONTACTS 2965 for 1000 frames
