#resid average_duration max_duration persistent_contacts
1 4.185185185185185 11 27
10 6.142857142857143 14 14
11 16.2 102 10
12 4.425925925925926 20 54
13 3.526315789473684 7 19
14 3.9615384615384617 11 26
15 7.333333333333333 31 15
16 5.137931034482759 32 29
17 4.571428571428571 17 42
18 4.951219512195122 13 41
19 4.804347826086956 33 46
2 5.181818181818182 20 22
20 5.782608695652174 32 23
21 4.37037037037037 16 27
22 4.631578947368421 14 19
23 19.25 105 8
24 5.8125 15 16
25 4.933333333333334 11 15
26 5.666666666666667 9 3
3 3.8863636363636362 13 44
4 4.7272727272727275 17 44
5 0 0 0
6 6.590909090909091 31 22
7 5.083333333333333 13 12
8 4.666666666666667 11 12
9 13.03125 105 32
#TOTAL_CONTACTS 2117 for 1000 frames
