#frame monomers_% popc_isolated_%
0 57.69230769230769 0.0
1 53.84615384615385 0.0
2 69.23076923076923 0.0
3 65.38461538461539 0.0
4 65.38461538461539 0.0
5 76.92307692307692 0.0
6 76.92307692307692 0.0
7 80.76923076923077 0.0
8 84.61538461538461 0.0
9 73.07692307692308 0.0
10 65.38461538461539 0.0
11 69.23076923076923 0.0
12 80.76923076923077 0.0
13 73.07692307692308 0.0
14 76.92307692307692 0.0
15 57.69230769230769 0.0
16 76.92307692307692 0.0
17 76.92307692307692 0.0
18 69.23076923076923 0.0
19 61.53846153846154 0.0
20 50.0 0.0
21 61.53846153846154 0.0
22 50.0 0.0
23 46.15384615384615 0.0
24 46.15384615384615 0.0
25 46.15384615384615 0.0
26 46.15384615384615 0.0
27 46.15384615384615 0.0
28 46.15384615384615 0.0
29 50.0 0.0
30 57.69230769230769 0.0
31 46.15384615384615 0.0
32 50.0 0.0
33 50.0 0.0
34 69.23076923076923 0.0
35 57.69230769230769 0.0
36 53.84615384615385 0.0
37 57.69230769230769 0.0
38 53.84615384615385 0.0
39 65.38461538461539 0.0
40 57.69230769230769 0.0
41 69.23076923076923 0.0
42 53.84615384615385 0.0
43 61.53846153846154 0.0
44 65.38461538461539 0.0
45 50.0 0.0
46 69.23076923076923 0.0
47 57.69230769230769 0.0
48 69.23076923076923 0.0
49 46.15384615384615 0.0
50 46.15384615384615 0.0
51 65.38461538461539 0.0
52 61.53846153846154 0.0
53 46.15384615384615 0.0
54 30.76923076923077 0.0
55 42.30769230769231 0.0
56 38.46153846153846 0.0
57 46.15384615384615 0.0
58 46.15384615384615 0.0
59 46.15384615384615 0.0
60 42.30769230769231 0.0
61 46.15384615384615 0.0
62 53.84615384615385 0.0
63 46.15384615384615 0.0
64 53.84615384615385 0.0
65 61.53846153846154 0.0
66 65.38461538461539 0.0
67 42.30769230769231 0.0
68 57.69230769230769 0.0
69 65.38461538461539 0.0
70 65.38461538461539 0.0
71 61.53846153846154 0.0
72 61.53846153846154 0.0
73 53.84615384615385 0.0
74 57.69230769230769 0.0
75 53.84615384615385 0.0
76 53.84615384615385 0.0
77 30.76923076923077 0.0
78 46.15384615384615 0.0
79 50.0 0.0
80 46.15384615384615 0.0
81 50.0 0.0
82 34.61538461538461 0.0
83 53.84615384615385 0.0
84 46.15384615384615 0.0
85 46.15384615384615 0.0
86 46.15384615384615 0.0
87 53.84615384615385 0.0
88 50.0 0.0
89 46.15384615384615 0.0
90 50.0 0.0
91 53.84615384615385 0.0
92 69.23076923076923 0.0
93 73.07692307692308 0.0
94 69.23076923076923 0.0
95 65.38461538461539 0.0
96 65.38461538461539 0.0
97 65.38461538461539 0.0
98 53.84615384615385 0.0
99 69.23076923076923 0.0
100 61.53846153846154 0.0
101 65.38461538461539 0.0
102 65.38461538461539 0.0
103 61.53846153846154 0.0
104 61.53846153846154 0.0
105 69.23076923076923 0.0
106 69.23076923076923 0.0
107 69.23076923076923 0.0
108 80.76923076923077 0.0
109 61.53846153846154 0.0
110 50.0 0.0
111 57.69230769230769 0.0
112 42.30769230769231 0.0
113 57.69230769230769 0.0
114 57.69230769230769 0.0
115 65.38461538461539 0.0
116 69.23076923076923 0.0
117 65.38461538461539 0.0
118 65.38461538461539 0.0
119 61.53846153846154 0.0
120 65.38461538461539 0.0
121 76.92307692307692 0.0
122 65.38461538461539 0.0
123 69.23076923076923 0.0
124 69.23076923076923 0.0
125 57.69230769230769 0.0
126 76.92307692307692 0.0
127 76.92307692307692 0.0
128 69.23076923076923 0.0
129 73.07692307692308 0.0
130 69.23076923076923 0.0
131 65.38461538461539 0.0
132 57.69230769230769 0.0
133 57.69230769230769 0.0
134 61.53846153846154 0.0
135 69.23076923076923 0.0
136 61.53846153846154 0.0
137 50.0 0.0
138 61.53846153846154 0.0
139 61.53846153846154 0.0
140 53.84615384615385 0.0
141 69.23076923076923 0.0
142 65.38461538461539 0.0
143 61.53846153846154 0.0
144 53.84615384615385 0.0
145 73.07692307692308 0.0
146 53.84615384615385 0.0
147 46.15384615384615 0.0
148 50.0 0.0
149 69.23076923076923 0.0
150 57.69230769230769 0.0
151 69.23076923076923 0.0
152 57.69230769230769 0.0
153 69.23076923076923 0.0
154 61.53846153846154 0.0
155 65.38461538461539 0.0
156 69.23076923076923 0.0
157 73.07692307692308 0.0
158 61.53846153846154 0.0
159 57.69230769230769 0.0
160 57.69230769230769 0.0
161 42.30769230769231 0.0
162 42.30769230769231 0.0
163 50.0 0.0
164 61.53846153846154 0.0
165 61.53846153846154 0.0
166 57.69230769230769 0.0
167 38.46153846153846 0.0
168 61.53846153846154 0.0
169 61.53846153846154 0.0
170 53.84615384615385 0.0
171 61.53846153846154 0.0
172 65.38461538461539 0.0
173 69.23076923076923 0.0
174 53.84615384615385 0.0
175 53.84615384615385 0.0
176 46.15384615384615 0.0
177 57.69230769230769 0.0
178 69.23076923076923 0.0
179 57.69230769230769 0.0
180 57.69230769230769 0.0
181 53.84615384615385 0.0
182 57.69230769230769 0.0
183 46.15384615384615 0.0
184 50.0 0.0
185 57.69230769230769 0.0
186 61.53846153846154 0.0
187 50.0 0.0
188 57.69230769230769 0.0
189 38.46153846153846 0.0
190 50.0 0.0
191 57.69230769230769 0.0
192 53.84615384615385 0.0
193 38.46153846153846 0.0
194 42.30769230769231 0.0
195 46.15384615384615 0.0
196 50.0 0.0
197 46.15384615384615 0.0
198 46.15384615384615 0.0
199 42.30769230769231 0.0
200 38.46153846153846 0.0
201 46.15384615384615 0.0
202 53.84615384615385 0.0
203 65.38461538461539 0.0
204 42.30769230769231 0.0
205 57.69230769230769 0.0
206 65.38461538461539 0.0
207 69.23076923076923 0.0
208 76.92307692307692 0.0
209 65.38461538461539 0.0
210 65.38461538461539 0.0
211 61.53846153846154 0.0
212 53.84615384615385 0.0
213 57.69230769230769 0.0
214 61.53846153846154 0.0
215 53.84615384615385 0.0
216 50.0 0.0
217 65.38461538461539 0.0
218 61.53846153846154 0.0
219 53.84615384615385 0.0
220 53.84615384615385 0.0
221 57.69230769230769 0.0
222 46.15384615384615 0.0
223 57.69230769230769 0.0
224 76.92307692307692 0.0
225 42.30769230769231 0.0
226 53.84615384615385 0.0
227 65.38461538461539 0.0
228 65.38461538461539 0.0
229 61.53846153846154 0.0
230 53.84615384615385 0.0
231 50.0 0.0
232 69.23076923076923 0.0
233 50.0 0.0
234 34.61538461538461 0.0
235 53.84615384615385 0.0
236 65.38461538461539 0.0
237 57.69230769230769 0.0
238 57.69230769230769 0.0
239 65.38461538461539 0.0
240 61.53846153846154 0.0
241 65.38461538461539 0.0
242 61.53846153846154 0.0
243 57.69230769230769 0.0
244 53.84615384615385 0.0
245 46.15384615384615 0.0
246 50.0 0.0
247 65.38461538461539 0.0
248 50.0 0.0
249 50.0 0.0
250 53.84615384615385 0.0
251 57.69230769230769 0.0
252 76.92307692307692 0.0
253 65.38461538461539 0.0
254 65.38461538461539 0.0
255 61.53846153846154 0.0
256 69.23076923076923 0.0
257 61.53846153846154 0.0
258 76.92307692307692 0.0
259 84.61538461538461 0.0
260 57.69230769230769 0.0
261 50.0 0.0
262 57.69230769230769 0.0
263 53.84615384615385 0.0
264 50.0 0.0
265 61.53846153846154 0.0
266 69.23076923076923 0.0
267 57.69230769230769 0.0
268 53.84615384615385 0.0
269 57.69230769230769 0.0
270 65.38461538461539 0.0
271 76.92307692307692 0.0
272 61.53846153846154 0.0
273 73.07692307692308 0.0
274 73.07692307692308 0.0
275 80.76923076923077 0.0
276 57.69230769230769 0.0
277 73.07692307692308 0.0
278 73.07692307692308 0.0
279 61.53846153846154 0.0
280 61.53846153846154 0.0
281 53.84615384615385 0.0
282 53.84615384615385 0.0
283 46.15384615384615 0.0
284 46.15384615384615 0.0
285 53.84615384615385 0.0
286 65.38461538461539 0.0
287 65.38461538461539 0.0
288 57.69230769230769 0.0
289 57.69230769230769 0.0
290 69.23076923076923 0.0
291 61.53846153846154 0.0
292 80.76923076923077 0.0
293 65.38461538461539 0.0
294 50.0 0.0
295 61.53846153846154 0.0
296 76.92307692307692 0.0
297 69.23076923076923 0.0
298 73.07692307692308 0.0
299 61.53846153846154 0.0
300 57.69230769230769 0.0
301 61.53846153846154 0.0
302 53.84615384615385 0.0
303 57.69230769230769 0.0
304 53.84615384615385 0.0
305 61.53846153846154 0.0
306 53.84615384615385 0.0
307 53.84615384615385 0.0
308 69.23076923076923 0.0
309 57.69230769230769 0.0
310 61.53846153846154 0.0
311 61.53846153846154 0.0
312 73.07692307692308 0.0
313 65.38461538461539 0.0
314 65.38461538461539 0.0
315 57.69230769230769 0.0
316 69.23076923076923 0.0
317 53.84615384615385 0.0
318 57.69230769230769 0.0
319 46.15384615384615 0.0
320 61.53846153846154 0.0
321 53.84615384615385 0.0
322 76.92307692307692 0.0
323 61.53846153846154 0.0
324 57.69230769230769 0.0
325 73.07692307692308 0.0
326 65.38461538461539 0.0
327 69.23076923076923 0.0
328 65.38461538461539 0.0
329 76.92307692307692 0.0
330 65.38461538461539 0.0
331 84.61538461538461 0.0
332 76.92307692307692 0.0
333 73.07692307692308 0.0
334 84.61538461538461 0.0
335 73.07692307692308 0.0
336 84.61538461538461 0.0
337 84.61538461538461 0.0
338 73.07692307692308 0.0
339 73.07692307692308 0.0
340 69.23076923076923 0.0
341 57.69230769230769 0.0
342 69.23076923076923 0.0
343 69.23076923076923 0.0
344 61.53846153846154 0.0
345 50.0 0.0
346 76.92307692307692 0.0
347 69.23076923076923 0.0
348 76.92307692307692 0.0
349 84.61538461538461 0.0
350 65.38461538461539 0.0
351 65.38461538461539 0.0
352 57.69230769230769 0.0
353 42.30769230769231 0.0
354 61.53846153846154 0.0
355 65.38461538461539 0.0
356 61.53846153846154 0.0
357 76.92307692307692 0.0
358 65.38461538461539 0.0
359 50.0 0.0
360 65.38461538461539 0.0
361 61.53846153846154 0.0
362 61.53846153846154 0.0
363 69.23076923076923 0.0
364 61.53846153846154 0.0
365 65.38461538461539 0.0
366 65.38461538461539 0.0
367 50.0 0.0
368 61.53846153846154 0.0
369 53.84615384615385 0.0
370 61.53846153846154 0.0
371 73.07692307692308 0.0
372 80.76923076923077 0.0
373 76.92307692307692 0.0
374 61.53846153846154 0.0
375 61.53846153846154 0.0
376 76.92307692307692 0.0
377 73.07692307692308 0.0
378 76.92307692307692 0.0
379 61.53846153846154 0.0
380 80.76923076923077 0.0
381 73.07692307692308 0.0
382 73.07692307692308 0.0
383 69.23076923076923 0.0
384 57.69230769230769 0.0
385 53.84615384615385 0.0
386 53.84615384615385 0.0
387 61.53846153846154 0.0
388 53.84615384615385 0.0
389 50.0 0.0
390 65.38461538461539 0.0
391 50.0 0.0
392 65.38461538461539 0.0
393 76.92307692307692 0.0
394 46.15384615384615 0.0
395 50.0 0.0
396 53.84615384615385 0.0
397 46.15384615384615 0.0
398 53.84615384615385 0.0
399 69.23076923076923 0.0
400 50.0 0.0
401 57.69230769230769 0.0
402 76.92307692307692 0.0
403 76.92307692307692 0.0
404 73.07692307692308 0.0
405 84.61538461538461 0.0
406 80.76923076923077 0.0
407 80.76923076923077 0.0
408 84.61538461538461 0.0
409 84.61538461538461 0.0
410 65.38461538461539 0.0
411 73.07692307692308 0.0
412 80.76923076923077 0.0
413 73.07692307692308 0.0
414 84.61538461538461 0.0
415 73.07692307692308 0.0
416 69.23076923076923 0.0
417 69.23076923076923 0.0
418 65.38461538461539 0.0
419 65.38461538461539 0.0
420 84.61538461538461 0.0
421 57.69230769230769 0.0
422 76.92307692307692 0.0
423 69.23076923076923 0.0
424 50.0 0.0
425 50.0 0.0
426 57.69230769230769 0.0
427 69.23076923076923 0.0
428 69.23076923076923 0.0
429 65.38461538461539 0.0
430 76.92307692307692 0.0
431 61.53846153846154 0.0
432 53.84615384615385 0.0
433 65.38461538461539 0.0
434 57.69230769230769 0.0
435 61.53846153846154 0.0
436 42.30769230769231 0.0
437 50.0 0.0
438 50.0 0.0
439 65.38461538461539 0.0
440 65.38461538461539 0.0
441 65.38461538461539 0.0
442 69.23076923076923 0.0
443 65.38461538461539 0.0
444 80.76923076923077 0.0
445 46.15384615384615 0.0
446 73.07692307692308 0.0
447 53.84615384615385 0.0
448 57.69230769230769 0.0
449 42.30769230769231 0.0
450 65.38461538461539 0.0
451 61.53846153846154 0.0
452 53.84615384615385 0.0
453 50.0 0.0
454 61.53846153846154 0.0
455 50.0 0.0
456 46.15384615384615 0.0
457 57.69230769230769 0.0
458 42.30769230769231 0.0
459 46.15384615384615 0.0
460 34.61538461538461 0.0
461 65.38461538461539 0.0
462 46.15384615384615 0.0
463 46.15384615384615 0.0
464 42.30769230769231 0.0
465 42.30769230769231 0.0
466 42.30769230769231 0.0
467 61.53846153846154 0.0
468 46.15384615384615 0.0
469 69.23076923076923 0.0
470 69.23076923076923 0.0
471 73.07692307692308 0.0
472 69.23076923076923 0.0
473 76.92307692307692 0.0
474 80.76923076923077 0.0
475 65.38461538461539 0.0
476 65.38461538461539 0.0
477 73.07692307692308 0.0
478 84.61538461538461 0.0
479 53.84615384615385 0.0
480 50.0 0.0
481 65.38461538461539 0.0
482 57.69230769230769 0.0
483 46.15384615384615 0.0
484 53.84615384615385 0.0
485 69.23076923076923 0.0
486 65.38461538461539 0.0
487 46.15384615384615 0.0
488 42.30769230769231 0.0
489 50.0 0.0
490 65.38461538461539 0.0
491 57.69230769230769 0.0
492 46.15384615384615 0.0
493 61.53846153846154 0.0
494 65.38461538461539 0.0
495 53.84615384615385 0.0
496 53.84615384615385 0.0
497 50.0 0.0
498 50.0 0.0
499 46.15384615384615 0.0
500 46.15384615384615 0.0
501 38.46153846153846 0.0
502 50.0 0.0
503 69.23076923076923 0.0
504 61.53846153846154 0.0
505 69.23076923076923 0.0
506 76.92307692307692 0.0
507 69.23076923076923 0.0
508 80.76923076923077 0.0
509 88.46153846153847 0.0
510 50.0 0.0
511 76.92307692307692 0.0
512 61.53846153846154 0.0
513 69.23076923076923 0.0
514 76.92307692307692 0.0
515 69.23076923076923 0.0
516 76.92307692307692 0.0
517 88.46153846153847 0.0
518 61.53846153846154 0.0
519 80.76923076923077 0.0
520 84.61538461538461 0.0
521 92.3076923076923 0.0
522 76.92307692307692 0.0
523 61.53846153846154 0.0
524 80.76923076923077 0.0
525 84.61538461538461 0.0
526 76.92307692307692 0.0
527 69.23076923076923 0.0
528 57.69230769230769 0.0
529 65.38461538461539 0.0
530 84.61538461538461 0.0
531 69.23076923076923 0.0
532 76.92307692307692 0.0
533 76.92307692307692 0.0
534 53.84615384615385 0.0
535 57.69230769230769 0.0
536 57.69230769230769 0.0
537 53.84615384615385 0.0
538 69.23076923076923 0.0
539 57.69230769230769 0.0
540 57.69230769230769 0.0
541 65.38461538461539 0.0
542 53.84615384615385 0.0
543 61.53846153846154 0.0
544 42.30769230769231 0.0
545 38.46153846153846 0.0
546 46.15384615384615 0.0
547 65.38461538461539 0.0
548 53.84615384615385 0.0
549 57.69230769230769 0.0
550 65.38461538461539 0.0
551 69.23076923076923 0.0
552 65.38461538461539 0.0
553 69.23076923076923 0.0
554 61.53846153846154 0.0
555 73.07692307692308 0.0
556 65.38461538461539 0.0
557 61.53846153846154 0.0
558 61.53846153846154 0.0
559 73.07692307692308 0.0
560 61.53846153846154 0.0
561 69.23076923076923 0.0
562 69.23076923076923 0.0
563 73.07692307692308 0.0
564 65.38461538461539 0.0
565 84.61538461538461 0.0
566 69.23076923076923 0.0
567 76.92307692307692 0.0
568 76.92307692307692 0.0
569 80.76923076923077 0.0
570 76.92307692307692 0.0
571 73.07692307692308 0.0
572 65.38461538461539 0.0
573 76.92307692307692 0.0
574 80.76923076923077 0.0
575 92.3076923076923 0.0
576 76.92307692307692 0.0
577 76.92307692307692 0.0
578 80.76923076923077 0.0
579 73.07692307692308 0.0
580 80.76923076923077 0.0
581 57.69230769230769 0.0
582 69.23076923076923 0.0
583 65.38461538461539 0.0
584 61.53846153846154 0.0
585 69.23076923076923 0.0
586 73.07692307692308 0.0
587 80.76923076923077 0.0
588 80.76923076923077 0.0
589 76.92307692307692 0.0
590 84.61538461538461 0.0
591 73.07692307692308 0.0
592 57.69230769230769 0.0
593 76.92307692307692 0.0
594 69.23076923076923 0.0
595 69.23076923076923 0.0
596 76.92307692307692 0.0
597 57.69230769230769 0.0
598 46.15384615384615 0.0
599 65.38461538461539 0.0
600 69.23076923076923 0.0
601 61.53846153846154 0.0
602 50.0 0.0
603 53.84615384615385 0.0
604 57.69230769230769 0.0
605 57.69230769230769 0.0
606 65.38461538461539 0.0
607 61.53846153846154 0.0
608 38.46153846153846 0.0
609 53.84615384615385 0.0
610 65.38461538461539 0.0
611 61.53846153846154 0.0
612 57.69230769230769 0.0
613 65.38461538461539 0.0
614 42.30769230769231 0.0
615 46.15384615384615 0.0
616 65.38461538461539 0.0
617 42.30769230769231 0.0
618 61.53846153846154 0.0
619 61.53846153846154 0.0
620 65.38461538461539 0.0
621 61.53846153846154 0.0
622 46.15384615384615 0.0
623 65.38461538461539 0.0
624 50.0 0.0
625 50.0 0.0
626 42.30769230769231 0.0
627 38.46153846153846 0.0
628 65.38461538461539 0.0
629 69.23076923076923 0.0
630 73.07692307692308 0.0
631 61.53846153846154 0.0
632 65.38461538461539 0.0
633 61.53846153846154 0.0
634 69.23076923076923 0.0
635 57.69230769230769 0.0
636 57.69230769230769 0.0
637 57.69230769230769 0.0
638 57.69230769230769 0.0
639 57.69230769230769 0.0
640 61.53846153846154 0.0
641 69.23076923076923 0.0
642 65.38461538461539 0.0
643 57.69230769230769 0.0
644 69.23076923076923 0.0
645 73.07692307692308 0.0
646 69.23076923076923 0.0
647 57.69230769230769 0.0
648 61.53846153846154 0.0
649 46.15384615384615 0.0
650 50.0 0.0
651 50.0 0.0
652 53.84615384615385 0.0
653 69.23076923076923 0.0
654 65.38461538461539 0.0
655 73.07692307692308 0.0
656 92.3076923076923 0.0
657 73.07692307692308 0.0
658 76.92307692307692 0.0
659 76.92307692307692 0.0
660 65.38461538461539 0.0
661 73.07692307692308 0.0
662 53.84615384615385 0.0
663 65.38461538461539 0.0
664 65.38461538461539 0.0
665 65.38461538461539 0.0
666 61.53846153846154 0.0
667 65.38461538461539 0.0
668 69.23076923076923 0.0
669 69.23076923076923 0.0
670 73.07692307692308 0.0
671 69.23076923076923 0.0
672 69.23076923076923 0.0
673 73.07692307692308 0.0
674 76.92307692307692 0.0
675 73.07692307692308 0.0
676 61.53846153846154 0.0
677 61.53846153846154 0.0
678 61.53846153846154 0.0
679 57.69230769230769 0.0
680 69.23076923076923 0.0
681 73.07692307692308 0.0
682 53.84615384615385 0.0
683 92.3076923076923 0.0
684 76.92307692307692 0.0
685 65.38461538461539 0.0
686 53.84615384615385 0.0
687 76.92307692307692 0.0
688 65.38461538461539 0.0
689 84.61538461538461 0.0
690 61.53846153846154 0.0
691 61.53846153846154 0.0
692 76.92307692307692 0.0
693 69.23076923076923 0.0
694 69.23076923076923 0.0
695 69.23076923076923 0.0
696 61.53846153846154 0.0
697 65.38461538461539 0.0
698 73.07692307692308 0.0
699 73.07692307692308 0.0
700 84.61538461538461 0.0
701 84.61538461538461 0.0
702 61.53846153846154 0.0
703 53.84615384615385 0.0
704 80.76923076923077 0.0
705 73.07692307692308 0.0
706 46.15384615384615 0.0
707 50.0 0.0
708 57.69230769230769 0.0
709 50.0 0.0
710 57.69230769230769 0.0
711 53.84615384615385 0.0
712 57.69230769230769 0.0
713 42.30769230769231 0.0
714 53.84615384615385 0.0
715 50.0 0.0
716 42.30769230769231 0.0
717 57.69230769230769 0.0
718 57.69230769230769 0.0
719 50.0 0.0
720 46.15384615384615 0.0
721 53.84615384615385 0.0
722 42.30769230769231 0.0
723 42.30769230769231 0.0
724 50.0 0.0
725 53.84615384615385 0.0
726 61.53846153846154 0.0
727 46.15384615384615 0.0
728 30.76923076923077 0.0
729 53.84615384615385 0.0
730 46.15384615384615 0.0
731 50.0 0.0
732 50.0 0.0
733 34.61538461538461 0.0
734 38.46153846153846 0.0
735 50.0 0.0
736 38.46153846153846 0.0
737 46.15384615384615 0.0
738 38.46153846153846 0.0
739 23.076923076923077 0.0
740 38.46153846153846 0.0
741 46.15384615384615 0.0
742 53.84615384615385 0.0
743 42.30769230769231 0.0
744 53.84615384615385 0.0
745 46.15384615384615 0.0
746 42.30769230769231 0.0
747 38.46153846153846 0.0
748 38.46153846153846 0.0
749 38.46153846153846 0.0
750 50.0 0.0
751 53.84615384615385 0.0
752 26.923076923076923 0.0
753 50.0 0.0
754 38.46153846153846 0.0
755 57.69230769230769 0.0
756 50.0 0.0
757 53.84615384615385 0.0
758 50.0 0.0
759 57.69230769230769 0.0
760 53.84615384615385 0.0
761 26.923076923076923 0.0
762 42.30769230769231 0.0
763 42.30769230769231 0.0
764 57.69230769230769 0.0
765 42.30769230769231 0.0
766 50.0 0.0
767 34.61538461538461 0.0
768 50.0 0.0
769 53.84615384615385 0.0
770 46.15384615384615 0.0
771 42.30769230769231 0.0
772 42.30769230769231 0.0
773 50.0 0.0
774 57.69230769230769 0.0
775 38.46153846153846 0.0
776 50.0 0.0
777 46.15384615384615 0.0
778 53.84615384615385 0.0
779 46.15384615384615 0.0
780 57.69230769230769 0.0
781 65.38461538461539 0.0
782 65.38461538461539 0.0
783 69.23076923076923 0.0
784 53.84615384615385 0.0
785 57.69230769230769 0.0
786 50.0 0.0
787 53.84615384615385 0.0
788 61.53846153846154 0.0
789 50.0 0.0
790 50.0 0.0
791 50.0 0.0
792 42.30769230769231 0.0
793 61.53846153846154 0.0
794 65.38461538461539 0.0
795 53.84615384615385 0.0
796 57.69230769230769 0.0
797 57.69230769230769 0.0
798 53.84615384615385 0.0
799 53.84615384615385 0.0
800 50.0 0.0
801 50.0 0.0
802 50.0 0.0
803 38.46153846153846 0.0
804 57.69230769230769 0.0
805 50.0 0.0
806 69.23076923076923 0.0
807 50.0 0.0
808 38.46153846153846 0.0
809 65.38461538461539 0.0
810 50.0 0.0
811 53.84615384615385 0.0
812 38.46153846153846 0.0
813 46.15384615384615 0.0
814 50.0 0.0
815 50.0 0.0
816 53.84615384615385 0.0
817 53.84615384615385 0.0
818 53.84615384615385 0.0
819 53.84615384615385 0.0
820 50.0 0.0
821 46.15384615384615 0.0
822 42.30769230769231 0.0
823 50.0 0.0
824 57.69230769230769 0.0
825 57.69230769230769 0.0
826 65.38461538461539 0.0
827 65.38461538461539 0.0
828 65.38461538461539 0.0
829 57.69230769230769 0.0
830 57.69230769230769 0.0
831 65.38461538461539 0.0
832 65.38461538461539 0.0
833 57.69230769230769 0.0
834 69.23076923076923 0.0
835 61.53846153846154 0.0
836 65.38461538461539 0.0
837 53.84615384615385 0.0
838 73.07692307692308 0.0
839 65.38461538461539 0.0
840 57.69230769230769 0.0
841 42.30769230769231 0.0
842 42.30769230769231 0.0
843 57.69230769230769 0.0
844 57.69230769230769 0.0
845 57.69230769230769 0.0
846 50.0 0.0
847 53.84615384615385 0.0
848 61.53846153846154 0.0
849 65.38461538461539 0.0
850 50.0 0.0
851 53.84615384615385 0.0
852 50.0 0.0
853 65.38461538461539 0.0
854 61.53846153846154 0.0
855 57.69230769230769 0.0
856 46.15384615384615 0.0
857 46.15384615384615 0.0
858 57.69230769230769 0.0
859 50.0 0.0
860 61.53846153846154 0.0
861 53.84615384615385 0.0
862 46.15384615384615 0.0
863 46.15384615384615 0.0
864 57.69230769230769 0.0
865 46.15384615384615 0.0
866 46.15384615384615 0.0
867 46.15384615384615 0.0
868 50.0 0.0
869 42.30769230769231 0.0
870 53.84615384615385 0.0
871 61.53846153846154 0.0
872 53.84615384615385 0.0
873 50.0 0.0
874 50.0 0.0
875 46.15384615384615 0.0
876 46.15384615384615 0.0
877 53.84615384615385 0.0
878 42.30769230769231 0.0
879 61.53846153846154 0.0
880 46.15384615384615 0.0
881 61.53846153846154 0.0
882 57.69230769230769 0.0
883 38.46153846153846 0.0
884 38.46153846153846 0.0
885 50.0 0.0
886 42.30769230769231 0.0
887 53.84615384615385 0.0
888 53.84615384615385 0.0
889 50.0 0.0
890 57.69230769230769 0.0
891 57.69230769230769 0.0
892 50.0 0.0
893 53.84615384615385 0.0
894 65.38461538461539 0.0
895 76.92307692307692 0.0
896 53.84615384615385 0.0
897 46.15384615384615 0.0
898 50.0 0.0
899 69.23076923076923 0.0
900 53.84615384615385 0.0
901 76.92307692307692 0.0
902 57.69230769230769 0.0
903 61.53846153846154 0.0
904 61.53846153846154 0.0
905 61.53846153846154 0.0
906 73.07692307692308 0.0
907 61.53846153846154 0.0
908 76.92307692307692 0.0
909 53.84615384615385 0.0
910 50.0 0.0
911 69.23076923076923 0.0
912 57.69230769230769 0.0
913 65.38461538461539 0.0
914 53.84615384615385 0.0
915 50.0 0.0
916 46.15384615384615 0.0
917 42.30769230769231 0.0
918 53.84615384615385 0.0
919 50.0 0.0
920 69.23076923076923 0.0
921 42.30769230769231 0.0
922 50.0 0.0
923 57.69230769230769 0.0
924 50.0 0.0
925 50.0 0.0
926 38.46153846153846 0.0
927 42.30769230769231 0.0
928 46.15384615384615 0.0
929 50.0 0.0
930 53.84615384615385 0.0
931 53.84615384615385 0.0
932 42.30769230769231 0.0
933 38.46153846153846 0.0
934 46.15384615384615 0.0
935 42.30769230769231 0.0
936 50.0 0.0
937 46.15384615384615 0.0
938 50.0 0.0
939 46.15384615384615 0.0
940 42.30769230769231 0.0
941 38.46153846153846 0.0
942 50.0 0.0
943 57.69230769230769 0.0
944 42.30769230769231 0.0
945 50.0 0.0
946 46.15384615384615 0.0
947 53.84615384615385 0.0
948 53.84615384615385 0.0
949 38.46153846153846 0.0
950 38.46153846153846 0.0
951 42.30769230769231 0.0
952 46.15384615384615 0.0
953 46.15384615384615 0.0
954 53.84615384615385 0.0
955 46.15384615384615 0.0
956 61.53846153846154 0.0
957 69.23076923076923 0.0
958 73.07692307692308 0.0
959 53.84615384615385 0.0
960 61.53846153846154 0.0
961 57.69230769230769 0.0
962 50.0 0.0
963 38.46153846153846 0.0
964 53.84615384615385 0.0
965 69.23076923076923 0.0
966 57.69230769230769 0.0
967 57.69230769230769 0.0
968 46.15384615384615 0.0
969 57.69230769230769 0.0
970 53.84615384615385 0.0
971 61.53846153846154 0.0
972 61.53846153846154 0.0
973 73.07692307692308 0.0
974 53.84615384615385 0.0
975 46.15384615384615 0.0
976 65.38461538461539 0.0
977 42.30769230769231 0.0
978 34.61538461538461 0.0
979 50.0 0.0
980 61.53846153846154 0.0
981 53.84615384615385 0.0
982 53.84615384615385 0.0
983 57.69230769230769 0.0
984 53.84615384615385 0.0
985 65.38461538461539 0.0
986 65.38461538461539 0.0
987 73.07692307692308 0.0
988 69.23076923076923 0.0
989 61.53846153846154 0.0
990 80.76923076923077 0.0
991 69.23076923076923 0.0
992 57.69230769230769 0.0
993 50.0 0.0
994 57.69230769230769 0.0
995 61.53846153846154 0.0
996 80.76923076923077 0.0
997 73.07692307692308 0.0
998 69.23076923076923 0.0
999 65.38461538461539 0.0
