#frame monomers_% popc_isolated_%
0 53.84615384615385 0.0
1 53.84615384615385 0.0
2 38.46153846153846 0.0
3 65.38461538461539 0.0
4 53.84615384615385 0.0
5 61.53846153846154 0.0
6 46.15384615384615 0.0
7 53.84615384615385 0.0
8 69.23076923076923 0.0
9 53.84615384615385 0.0
10 46.15384615384615 0.0
11 65.38461538461539 0.0
12 65.38461538461539 0.0
13 57.69230769230769 0.0
14 53.84615384615385 0.0
15 53.84615384615385 0.0
16 84.61538461538461 0.0
17 65.38461538461539 0.0
18 80.76923076923077 0.0
19 73.07692307692308 0.0
20 69.23076923076923 0.0
21 73.07692307692308 0.0
22 69.23076923076923 0.0
23 69.23076923076923 0.0
24 84.61538461538461 0.0
25 73.07692307692308 0.0
26 76.92307692307692 0.0
27 65.38461538461539 0.0
28 53.84615384615385 0.0
29 57.69230769230769 0.0
30 46.15384615384615 0.0
31 73.07692307692308 0.0
32 73.07692307692308 0.0
33 76.92307692307692 0.0
34 76.92307692307692 0.0
35 76.92307692307692 0.0
36 69.23076923076923 0.0
37 73.07692307692308 0.0
38 73.07692307692308 0.0
39 61.53846153846154 0.0
40 65.38461538461539 0.0
41 80.76923076923077 0.0
42 65.38461538461539 0.0
43 61.53846153846154 0.0
44 65.38461538461539 0.0
45 84.61538461538461 0.0
46 65.38461538461539 0.0
47 57.69230769230769 0.0
48 80.76923076923077 0.0
49 84.61538461538461 0.0
50 65.38461538461539 0.0
51 84.61538461538461 0.0
52 76.92307692307692 0.0
53 65.38461538461539 0.0
54 69.23076923076923 0.0
55 57.69230769230769 0.0
56 50.0 0.0
57 57.69230769230769 0.0
58 57.69230769230769 0.0
59 61.53846153846154 0.0
60 57.69230769230769 0.0
61 57.69230769230769 0.0
62 38.46153846153846 0.0
63 57.69230769230769 0.0
64 57.69230769230769 0.0
65 46.15384615384615 0.0
66 61.53846153846154 0.0
67 69.23076923076923 0.0
68 73.07692307692308 0.0
69 65.38461538461539 0.0
70 57.69230769230769 0.0
71 73.07692307692308 0.0
72 65.38461538461539 0.0
73 65.38461538461539 0.0
74 53.84615384615385 0.0
75 57.69230769230769 0.0
76 53.84615384615385 0.0
77 61.53846153846154 0.0
78 53.84615384615385 0.0
79 57.69230769230769 0.0
80 46.15384615384615 0.0
81 53.84615384615385 0.0
82 53.84615384615385 0.0
83 57.69230769230769 0.0
84 50.0 0.0
85 46.15384615384615 0.0
86 57.69230769230769 0.0
87 53.84615384615385 0.0
88 57.69230769230769 0.0
89 69.23076923076923 0.0
90 73.07692307692308 0.0
91 84.61538461538461 0.0
92 53.84615384615385 0.0
93 57.69230769230769 0.0
94 61.53846153846154 0.0
95 53.84615384615385 0.0
96 73.07692307692308 0.0
97 46.15384615384615 0.0
98 69.23076923076923 0.0
99 42.30769230769231 0.0
100 42.30769230769231 0.0
101 53.84615384615385 0.0
102 53.84615384615385 0.0
103 53.84615384615385 0.0
104 53.84615384615385 0.0
105 61.53846153846154 0.0
106 61.53846153846154 0.0
107 50.0 0.0
108 42.30769230769231 0.0
109 69.23076923076923 0.0
110 61.53846153846154 0.0
111 65.38461538461539 0.0
112 69.23076923076923 0.0
113 69.23076923076923 0.0
114 57.69230769230769 0.0
115 50.0 0.0
116 53.84615384615385 0.0
117 61.53846153846154 0.0
118 53.84615384615385 0.0
119 42.30769230769231 0.0
120 57.69230769230769 0.0
121 73.07692307692308 0.0
122 76.92307692307692 0.0
123 76.92307692307692 0.0
124 73.07692307692308 0.0
125 53.84615384615385 0.0
126 57.69230769230769 0.0
127 65.38461538461539 0.0
128 65.38461538461539 0.0
129 69.23076923076923 0.0
130 84.61538461538461 0.0
131 61.53846153846154 0.0
132 53.84615384615385 0.0
133 61.53846153846154 0.0
134 65.38461538461539 0.0
135 61.53846153846154 0.0
136 65.38461538461539 0.0
137 57.69230769230769 0.0
138 69.23076923076923 0.0
139 76.92307692307692 0.0
140 69.23076923076923 0.0
141 73.07692307692308 0.0
142 76.92307692307692 0.0
143 65.38461538461539 0.0
144 65.38461538461539 0.0
145 65.38461538461539 0.0
146 76.92307692307692 0.0
147 84.61538461538461 0.0
148 80.76923076923077 0.0
149 80.76923076923077 0.0
150 69.23076923076923 0.0
151 76.92307692307692 0.0
152 84.61538461538461 0.0
153 84.61538461538461 0.0
154 84.61538461538461 0.0
155 76.92307692307692 0.0
156 76.92307692307692 0.0
157 80.76923076923077 0.0
158 73.07692307692308 0.0
159 80.76923076923077 0.0
160 92.3076923076923 0.0
161 73.07692307692308 0.0
162 80.76923076923077 0.0
163 73.07692307692308 0.0
164 76.92307692307692 0.0
165 65.38461538461539 0.0
166 76.92307692307692 0.0
167 84.61538461538461 0.0
168 65.38461538461539 0.0
169 57.69230769230769 0.0
170 73.07692307692308 0.0
171 80.76923076923077 0.0
172 65.38461538461539 0.0
173 69.23076923076923 0.0
174 84.61538461538461 0.0
175 76.92307692307692 0.0
176 76.92307692307692 0.0
177 69.23076923076923 0.0
178 73.07692307692308 0.0
179 73.07692307692308 0.0
180 65.38461538461539 0.0
181 69.23076923076923 0.0
182 80.76923076923077 0.0
183 65.38461538461539 0.0
184 84.61538461538461 0.0
185 65.38461538461539 0.0
186 73.07692307692308 0.0
187 73.07692307692308 0.0
188 76.92307692307692 0.0
189 84.61538461538461 0.0
190 76.92307692307692 0.0
191 53.84615384615385 0.0
192 61.53846153846154 0.0
193 61.53846153846154 0.0
194 69.23076923076923 0.0
195 69.23076923076923 0.0
196 69.23076923076923 0.0
197 69.23076923076923 0.0
198 69.23076923076923 0.0
199 76.92307692307692 0.0
200 84.61538461538461 0.0
201 69.23076923076923 0.0
202 84.61538461538461 0.0
203 76.92307692307692 0.0
204 84.61538461538461 0.0
205 76.92307692307692 0.0
206 65.38461538461539 0.0
207 76.92307692307692 0.0
208 76.92307692307692 0.0
209 73.07692307692308 0.0
210 76.92307692307692 0.0
211 53.84615384615385 0.0
212 65.38461538461539 0.0
213 73.07692307692308 0.0
214 76.92307692307692 0.0
215 61.53846153846154 0.0
216 57.69230769230769 0.0
217 53.84615384615385 0.0
218 50.0 0.0
219 57.69230769230769 0.0
220 61.53846153846154 0.0
221 65.38461538461539 0.0
222 57.69230769230769 0.0
223 69.23076923076923 0.0
224 69.23076923076923 0.0
225 69.23076923076923 0.0
226 76.92307692307692 0.0
227 73.07692307692308 0.0
228 46.15384615384615 0.0
229 61.53846153846154 0.0
230 53.84615384615385 0.0
231 61.53846153846154 0.0
232 76.92307692307692 0.0
233 65.38461538461539 0.0
234 53.84615384615385 0.0
235 69.23076923076923 0.0
236 53.84615384615385 0.0
237 42.30769230769231 0.0
238 65.38461538461539 0.0
239 65.38461538461539 0.0
240 65.38461538461539 0.0
241 42.30769230769231 0.0
242 73.07692307692308 0.0
243 73.07692307692308 0.0
244 73.07692307692308 0.0
245 61.53846153846154 0.0
246 84.61538461538461 0.0
247 65.38461538461539 0.0
248 76.92307692307692 0.0
249 42.30769230769231 0.0
250 69.23076923076923 0.0
251 65.38461538461539 0.0
252 57.69230769230769 0.0
253 50.0 0.0
254 73.07692307692308 0.0
255 57.69230769230769 0.0
256 57.69230769230769 0.0
257 73.07692307692308 0.0
258 69.23076923076923 0.0
259 57.69230769230769 0.0
260 57.69230769230769 0.0
261 53.84615384615385 0.0
262 57.69230769230769 0.0
263 46.15384615384615 0.0
264 46.15384615384615 0.0
265 38.46153846153846 0.0
266 46.15384615384615 0.0
267 42.30769230769231 0.0
268 65.38461538461539 0.0
269 57.69230769230769 0.0
270 46.15384615384615 0.0
271 61.53846153846154 0.0
272 53.84615384615385 0.0
273 42.30769230769231 0.0
274 53.84615384615385 0.0
275 46.15384615384615 0.0
276 65.38461538461539 0.0
277 38.46153846153846 0.0
278 42.30769230769231 0.0
279 50.0 0.0
280 57.69230769230769 0.0
281 57.69230769230769 0.0
282 65.38461538461539 0.0
283 53.84615384615385 0.0
284 69.23076923076923 0.0
285 57.69230769230769 0.0
286 42.30769230769231 0.0
287 57.69230769230769 0.0
288 76.92307692307692 0.0
289 61.53846153846154 0.0
290 65.38461538461539 0.0
291 42.30769230769231 0.0
292 61.53846153846154 0.0
293 53.84615384615385 0.0
294 50.0 0.0
295 38.46153846153846 0.0
296 57.69230769230769 0.0
297 61.53846153846154 0.0
298 57.69230769230769 0.0
299 38.46153846153846 0.0
300 53.84615384615385 0.0
301 57.69230769230769 0.0
302 46.15384615384615 0.0
303 38.46153846153846 0.0
304 53.84615384615385 0.0
305 65.38461538461539 0.0
306 57.69230769230769 0.0
307 46.15384615384615 0.0
308 57.69230769230769 0.0
309 53.84615384615385 0.0
310 50.0 0.0
311 46.15384615384615 0.0
312 65.38461538461539 0.0
313 61.53846153846154 0.0
314 61.53846153846154 0.0
315 65.38461538461539 0.0
316 53.84615384615385 0.0
317 57.69230769230769 0.0
318 57.69230769230769 0.0
319 53.84615384615385 0.0
320 57.69230769230769 0.0
321 65.38461538461539 0.0
322 80.76923076923077 0.0
323 76.92307692307692 0.0
324 61.53846153846154 0.0
325 61.53846153846154 0.0
326 65.38461538461539 0.0
327 73.07692307692308 0.0
328 69.23076923076923 0.0
329 69.23076923076923 0.0
330 61.53846153846154 0.0
331 57.69230769230769 0.0
332 53.84615384615385 0.0
333 73.07692307692308 0.0
334 80.76923076923077 0.0
335 73.07692307692308 0.0
336 57.69230769230769 0.0
337 69.23076923076923 0.0
338 65.38461538461539 0.0
339 76.92307692307692 0.0
340 69.23076923076923 0.0
341 73.07692307692308 0.0
342 73.07692307692308 0.0
343 73.07692307692308 0.0
344 73.07692307692308 0.0
345 65.38461538461539 0.0
346 76.92307692307692 0.0
347 80.76923076923077 0.0
348 69.23076923076923 0.0
349 76.92307692307692 0.0
350 84.61538461538461 0.0
351 65.38461538461539 0.0
352 76.92307692307692 0.0
353 73.07692307692308 0.0
354 76.92307692307692 0.0
355 73.07692307692308 0.0
356 65.38461538461539 0.0
357 76.92307692307692 0.0
358 76.92307692307692 0.0
359 69.23076923076923 0.0
360 69.23076923076923 0.0
361 76.92307692307692 0.0
362 69.23076923076923 0.0
363 69.23076923076923 0.0
364 76.92307692307692 0.0
365 61.53846153846154 0.0
366 53.84615384615385 0.0
367 73.07692307692308 0.0
368 84.61538461538461 0.0
369 69.23076923076923 0.0
370 57.69230769230769 0.0
371 69.23076923076923 0.0
372 57.69230769230769 0.0
373 53.84615384615385 0.0
374 50.0 0.0
375 65.38461538461539 0.0
376 73.07692307692308 0.0
377 65.38461538461539 0.0
378 53.84615384615385 0.0
379 42.30769230769231 0.0
380 65.38461538461539 0.0
381 69.23076923076923 0.0
382 61.53846153846154 0.0
383 61.53846153846154 0.0
384 76.92307692307692 0.0
385 65.38461538461539 0.0
386 92.3076923076923 0.0
387 69.23076923076923 0.0
388 61.53846153846154 0.0
389 69.23076923076923 0.0
390 61.53846153846154 0.0
391 34.61538461538461 0.0
392 30.76923076923077 0.0
393 61.53846153846154 0.0
394 50.0 0.0
395 57.69230769230769 0.0
396 80.76923076923077 0.0
397 57.69230769230769 0.0
398 61.53846153846154 0.0
399 42.30769230769231 0.0
400 42.30769230769231 0.0
401 53.84615384615385 0.0
402 53.84615384615385 0.0
403 57.69230769230769 0.0
404 57.69230769230769 0.0
405 65.38461538461539 0.0
406 50.0 0.0
407 53.84615384615385 0.0
408 53.84615384615385 0.0
409 57.69230769230769 0.0
410 65.38461538461539 0.0
411 65.38461538461539 0.0
412 65.38461538461539 0.0
413 76.92307692307692 0.0
414 57.69230769230769 0.0
415 84.61538461538461 0.0
416 57.69230769230769 0.0
417 50.0 0.0
418 46.15384615384615 0.0
419 50.0 0.0
420 69.23076923076923 0.0
421 76.92307692307692 0.0
422 61.53846153846154 0.0
423 80.76923076923077 0.0
424 73.07692307692308 0.0
425 57.69230769230769 0.0
426 34.61538461538461 0.0
427 57.69230769230769 0.0
428 53.84615384615385 0.0
429 50.0 0.0
430 46.15384615384615 0.0
431 61.53846153846154 0.0
432 65.38461538461539 0.0
433 65.38461538461539 0.0
434 57.69230769230769 0.0
435 53.84615384615385 0.0
436 65.38461538461539 0.0
437 50.0 0.0
438 65.38461538461539 0.0
439 46.15384615384615 0.0
440 53.84615384615385 0.0
441 53.84615384615385 0.0
442 61.53846153846154 0.0
443 65.38461538461539 0.0
444 53.84615384615385 0.0
445 61.53846153846154 0.0
446 61.53846153846154 0.0
447 61.53846153846154 0.0
448 69.23076923076923 0.0
449 46.15384615384615 0.0
450 69.23076923076923 0.0
451 65.38461538461539 0.0
452 57.69230769230769 0.0
453 65.38461538461539 0.0
454 61.53846153846154 0.0
455 61.53846153846154 0.0
456 57.69230769230769 0.0
457 57.69230769230769 0.0
458 76.92307692307692 0.0
459 69.23076923076923 0.0
460 61.53846153846154 0.0
461 69.23076923076923 0.0
462 65.38461538461539 0.0
463 84.61538461538461 0.0
464 65.38461538461539 0.0
465 69.23076923076923 0.0
466 84.61538461538461 0.0
467 65.38461538461539 0.0
468 61.53846153846154 0.0
469 53.84615384615385 0.0
470 61.53846153846154 0.0
471 80.76923076923077 0.0
472 53.84615384615385 0.0
473 76.92307692307692 0.0
474 73.07692307692308 0.0
475 76.92307692307692 0.0
476 84.61538461538461 0.0
477 76.92307692307692 0.0
478 73.07692307692308 0.0
479 61.53846153846154 0.0
480 61.53846153846154 0.0
481 76.92307692307692 0.0
482 76.92307692307692 0.0
483 76.92307692307692 0.0
484 76.92307692307692 0.0
485 76.92307692307692 0.0
486 65.38461538461539 0.0
487 84.61538461538461 0.0
488 84.61538461538461 0.0
489 84.61538461538461 0.0
490 73.07692307692308 0.0
491 76.92307692307692 0.0
492 57.69230769230769 0.0
493 57.69230769230769 0.0
494 69.23076923076923 0.0
495 57.69230769230769 0.0
496 80.76923076923077 0.0
497 73.07692307692308 0.0
498 80.76923076923077 0.0
499 84.61538461538461 0.0
500 69.23076923076923 0.0
501 65.38461538461539 0.0
502 53.84615384615385 0.0
503 73.07692307692308 0.0
504 57.69230769230769 0.0
505 57.69230769230769 0.0
506 80.76923076923077 0.0
507 69.23076923076923 0.0
508 73.07692307692308 0.0
509 73.07692307692308 0.0
510 73.07692307692308 0.0
511 73.07692307692308 0.0
512 50.0 0.0
513 65.38461538461539 0.0
514 53.84615384615385 0.0
515 53.84615384615385 0.0
516 76.92307692307692 0.0
517 65.38461538461539 0.0
518 73.07692307692308 0.0
519 53.84615384615385 0.0
520 46.15384615384615 0.0
521 73.07692307692308 0.0
522 65.38461538461539 0.0
523 57.69230769230769 0.0
524 57.69230769230769 0.0
525 57.69230769230769 0.0
526 69.23076923076923 0.0
527 42.30769230769231 0.0
528 61.53846153846154 0.0
529 46.15384615384615 0.0
530 61.53846153846154 0.0
531 42.30769230769231 0.0
532 46.15384615384615 0.0
533 57.69230769230769 0.0
534 65.38461538461539 0.0
535 50.0 0.0
536 65.38461538461539 0.0
537 73.07692307692308 0.0
538 57.69230769230769 0.0
539 53.84615384615385 0.0
540 65.38461538461539 0.0
541 69.23076923076923 0.0
542 53.84615384615385 0.0
543 57.69230769230769 0.0
544 65.38461538461539 0.0
545 69.23076923076923 0.0
546 57.69230769230769 0.0
547 38.46153846153846 0.0
548 53.84615384615385 0.0
549 69.23076923076923 0.0
550 65.38461538461539 0.0
551 57.69230769230769 0.0
552 69.23076923076923 0.0
553 53.84615384615385 0.0
554 69.23076923076923 0.0
555 53.84615384615385 0.0
556 57.69230769230769 0.0
557 50.0 0.0
558 69.23076923076923 0.0
559 57.69230769230769 0.0
560 53.84615384615385 0.0
561 73.07692307692308 0.0
562 53.84615384615385 0.0
563 53.84615384615385 0.0
564 57.69230769230769 0.0
565 50.0 0.0
566 61.53846153846154 0.0
567 65.38461538461539 0.0
568 53.84615384615385 0.0
569 42.30769230769231 0.0
570 57.69230769230769 0.0
571 50.0 0.0
572 50.0 0.0
573 69.23076923076923 0.0
574 69.23076923076923 0.0
575 57.69230769230769 0.0
576 53.84615384615385 0.0
577 57.69230769230769 0.0
578 53.84615384615385 0.0
579 42.30769230769231 0.0
580 42.30769230769231 0.0
581 30.76923076923077 0.0
582 42.30769230769231 0.0
583 34.61538461538461 0.0
584 53.84615384615385 0.0
585 34.61538461538461 0.0
586 34.61538461538461 0.0
587 38.46153846153846 0.0
588 42.30769230769231 0.0
589 42.30769230769231 0.0
590 42.30769230769231 0.0
591 46.15384615384615 0.0
592 42.30769230769231 0.0
593 42.30769230769231 0.0
594 53.84615384615385 0.0
595 69.23076923076923 0.0
596 61.53846153846154 0.0
597 46.15384615384615 0.0
598 34.61538461538461 0.0
599 46.15384615384615 0.0
600 46.15384615384615 0.0
601 42.30769230769231 0.0
602 57.69230769230769 0.0
603 34.61538461538461 0.0
604 46.15384615384615 0.0
605 53.84615384615385 0.0
606 73.07692307692308 0.0
607 53.84615384615385 0.0
608 50.0 0.0
609 65.38461538461539 0.0
610 73.07692307692308 0.0
611 76.92307692307692 0.0
612 76.92307692307692 0.0
613 69.23076923076923 0.0
614 61.53846153846154 0.0
615 61.53846153846154 0.0
616 69.23076923076923 0.0
617 53.84615384615385 0.0
618 76.92307692307692 0.0
619 84.61538461538461 0.0
620 76.92307692307692 0.0
621 57.69230769230769 0.0
622 65.38461538461539 0.0
623 57.69230769230769 0.0
624 69.23076923076923 0.0
625 57.69230769230769 0.0
626 53.84615384615385 0.0
627 53.84615384615385 0.0
628 53.84615384615385 0.0
629 57.69230769230769 0.0
630 53.84615384615385 0.0
631 65.38461538461539 0.0
632 57.69230769230769 0.0
633 73.07692307692308 0.0
634 69.23076923076923 0.0
635 61.53846153846154 0.0
636 69.23076923076923 0.0
637 61.53846153846154 0.0
638 80.76923076923077 0.0
639 80.76923076923077 0.0
640 76.92307692307692 0.0
641 65.38461538461539 0.0
642 69.23076923076923 0.0
643 73.07692307692308 0.0
644 76.92307692307692 0.0
645 61.53846153846154 0.0
646 61.53846153846154 0.0
647 73.07692307692308 0.0
648 73.07692307692308 0.0
649 65.38461538461539 0.0
650 61.53846153846154 0.0
651 76.92307692307692 0.0
652 57.69230769230769 0.0
653 57.69230769230769 0.0
654 61.53846153846154 0.0
655 76.92307692307692 0.0
656 65.38461538461539 0.0
657 69.23076923076923 0.0
658 69.23076923076923 0.0
659 76.92307692307692 0.0
660 69.23076923076923 0.0
661 73.07692307692308 0.0
662 76.92307692307692 0.0
663 61.53846153846154 0.0
664 53.84615384615385 0.0
665 69.23076923076923 0.0
666 50.0 0.0
667 50.0 0.0
668 46.15384615384615 0.0
669 46.15384615384615 0.0
670 57.69230769230769 0.0
671 53.84615384615385 0.0
672 61.53846153846154 0.0
673 57.69230769230769 0.0
674 65.38461538461539 0.0
675 69.23076923076923 0.0
676 61.53846153846154 0.0
677 53.84615384615385 0.0
678 46.15384615384615 0.0
679 65.38461538461539 0.0
680 61.53846153846154 0.0
681 57.69230769230769 0.0
682 65.38461538461539 0.0
683 57.69230769230769 0.0
684 73.07692307692308 0.0
685 57.69230769230769 0.0
686 46.15384615384615 0.0
687 50.0 0.0
688 57.69230769230769 0.0
689 42.30769230769231 0.0
690 61.53846153846154 0.0
691 65.38461538461539 0.0
692 57.69230769230769 0.0
693 61.53846153846154 0.0
694 61.53846153846154 1.5625
695 69.23076923076923 0.0
696 57.69230769230769 0.0
697 61.53846153846154 0.0
698 73.07692307692308 0.0
699 76.92307692307692 0.0
700 69.23076923076923 0.0
701 69.23076923076923 1.5625
702 73.07692307692308 0.0
703 69.23076923076923 0.0
704 53.84615384615385 0.0
705 80.76923076923077 0.0
706 69.23076923076923 0.0
707 69.23076923076923 0.0
708 65.38461538461539 0.0
709 53.84615384615385 1.5625
710 46.15384615384615 0.0
711 65.38461538461539 0.0
712 57.69230769230769 0.0
713 57.69230769230769 0.0
714 61.53846153846154 0.0
715 57.69230769230769 0.0
716 53.84615384615385 0.0
717 57.69230769230769 0.0
718 53.84615384615385 0.0
719 57.69230769230769 0.0
720 61.53846153846154 0.0
721 61.53846153846154 0.0
722 69.23076923076923 0.0
723 65.38461538461539 0.0
724 61.53846153846154 0.0
725 69.23076923076923 0.0
726 61.53846153846154 1.5625
727 65.38461538461539 0.0
728 65.38461538461539 0.0
729 65.38461538461539 1.5625
730 61.53846153846154 1.5625
731 73.07692307692308 1.5625
732 65.38461538461539 1.5625
733 69.23076923076923 1.5625
734 80.76923076923077 0.0
735 73.07692307692308 0.0
736 69.23076923076923 0.0
737 73.07692307692308 1.5625
738 73.07692307692308 1.5625
739 73.07692307692308 0.0
740 69.23076923076923 0.0
741 69.23076923076923 0.0
742 61.53846153846154 0.0
743 69.23076923076923 0.0
744 57.69230769230769 0.0
745 69.23076923076923 1.5625
746 61.53846153846154 1.5625
747 69.23076923076923 0.0
748 65.38461538461539 0.0
749 73.07692307692308 0.0
750 69.23076923076923 0.0
751 84.61538461538461 0.0
752 76.92307692307692 0.0
753 88.46153846153847 0.0
754 92.3076923076923 0.0
755 76.92307692307692 0.0
756 76.92307692307692 0.0
757 69.23076923076923 0.0
758 65.38461538461539 0.0
759 73.07692307692308 0.0
760 76.92307692307692 0.0
761 65.38461538461539 0.0
762 69.23076923076923 0.0
763 61.53846153846154 0.0
764 57.69230769230769 0.0
765 65.38461538461539 0.0
766 80.76923076923077 0.0
767 69.23076923076923 0.0
768 61.53846153846154 0.0
769 65.38461538461539 0.0
770 57.69230769230769 0.0
771 57.69230769230769 0.0
772 73.07692307692308 0.0
773 65.38461538461539 0.0
774 73.07692307692308 0.0
775 73.07692307692308 0.0
776 80.76923076923077 0.0
777 84.61538461538461 0.0
778 76.92307692307692 0.0
779 65.38461538461539 1.5625
780 76.92307692307692 0.0
781 61.53846153846154 0.0
782 65.38461538461539 0.0
783 76.92307692307692 0.0
784 92.3076923076923 0.0
785 69.23076923076923 0.0
786 76.92307692307692 0.0
787 73.07692307692308 0.0
788 57.69230769230769 0.0
789 61.53846153846154 0.0
790 57.69230769230769 0.0
791 69.23076923076923 0.0
792 57.69230769230769 0.0
793 61.53846153846154 0.0
794 57.69230769230769 0.0
795 73.07692307692308 0.0
796 61.53846153846154 0.0
797 65.38461538461539 0.0
798 73.07692307692308 0.0
799 69.23076923076923 0.0
800 73.07692307692308 0.0
801 80.76923076923077 0.0
802 88.46153846153847 0.0
803 76.92307692307692 0.0
804 80.76923076923077 0.0
805 69.23076923076923 0.0
806 80.76923076923077 1.5625
807 69.23076923076923 0.0
808 69.23076923076923 0.0
809 57.69230769230769 0.0
810 65.38461538461539 0.0
811 73.07692307692308 0.0
812 65.38461538461539 0.0
813 76.92307692307692 0.0
814 73.07692307692308 0.0
815 53.84615384615385 0.0
816 69.23076923076923 0.0
817 65.38461538461539 0.0
818 57.69230769230769 0.0
819 76.92307692307692 0.0
820 53.84615384615385 0.0
821 65.38461538461539 0.0
822 76.92307692307692 0.0
823 69.23076923076923 0.0
824 73.07692307692308 0.0
825 61.53846153846154 0.0
826 61.53846153846154 0.0
827 69.23076923076923 0.0
828 53.84615384615385 0.0
829 69.23076923076923 0.0
830 69.23076923076923 0.0
831 80.76923076923077 0.0
832 73.07692307692308 0.0
833 76.92307692307692 0.0
834 53.84615384615385 0.0
835 57.69230769230769 0.0
836 57.69230769230769 0.0
837 65.38461538461539 0.0
838 69.23076923076923 0.0
839 61.53846153846154 0.0
840 65.38461538461539 0.0
841 65.38461538461539 0.0
842 80.76923076923077 0.0
843 76.92307692307692 0.0
844 73.07692307692308 0.0
845 88.46153846153847 0.0
846 69.23076923076923 0.0
847 76.92307692307692 0.0
848 65.38461538461539 0.0
849 80.76923076923077 0.0
850 80.76923076923077 0.0
851 88.46153846153847 0.0
852 76.92307692307692 0.0
853 88.46153846153847 0.0
854 73.07692307692308 0.0
855 76.92307692307692 0.0
856 76.92307692307692 0.0
857 57.69230769230769 0.0
858 73.07692307692308 0.0
859 65.38461538461539 0.0
860 73.07692307692308 0.0
861 57.69230769230769 0.0
862 50.0 0.0
863 65.38461538461539 0.0
864 65.38461538461539 0.0
865 65.38461538461539 0.0
866 73.07692307692308 0.0
867 73.07692307692308 0.0
868 57.69230769230769 0.0
869 65.38461538461539 0.0
870 69.23076923076923 0.0
871 65.38461538461539 0.0
872 57.69230769230769 0.0
873 65.38461538461539 0.0
874 50.0 0.0
875 61.53846153846154 0.0
876 69.23076923076923 0.0
877 65.38461538461539 0.0
878 65.38461538461539 0.0
879 53.84615384615385 0.0
880 65.38461538461539 0.0
881 65.38461538461539 0.0
882 53.84615384615385 0.0
883 76.92307692307692 0.0
884 69.23076923076923 0.0
885 42.30769230769231 0.0
886 61.53846153846154 0.0
887 57.69230769230769 0.0
888 65.38461538461539 0.0
889 65.38461538461539 0.0
890 65.38461538461539 0.0
891 61.53846153846154 0.0
892 57.69230769230769 0.0
893 42.30769230769231 0.0
894 50.0 0.0
895 65.38461538461539 0.0
896 46.15384615384615 0.0
897 65.38461538461539 0.0
898 50.0 0.0
899 57.69230769230769 0.0
900 61.53846153846154 0.0
901 69.23076923076923 0.0
902 76.92307692307692 0.0
903 46.15384615384615 0.0
904 53.84615384615385 0.0
905 65.38461538461539 0.0
906 53.84615384615385 0.0
907 61.53846153846154 0.0
908 65.38461538461539 0.0
909 84.61538461538461 0.0
910 69.23076923076923 0.0
911 76.92307692307692 0.0
912 76.92307692307692 0.0
913 69.23076923076923 0.0
914 73.07692307692308 0.0
915 69.23076923076923 0.0
916 76.92307692307692 0.0
917 76.92307692307692 0.0
918 57.69230769230769 0.0
919 69.23076923076923 0.0
920 92.3076923076923 0.0
921 92.3076923076923 0.0
922 65.38461538461539 0.0
923 80.76923076923077 0.0
924 61.53846153846154 0.0
925 92.3076923076923 0.0
926 76.92307692307692 0.0
927 84.61538461538461 0.0
928 80.76923076923077 0.0
929 61.53846153846154 0.0
930 73.07692307692308 0.0
931 73.07692307692308 0.0
932 61.53846153846154 0.0
933 53.84615384615385 0.0
934 61.53846153846154 0.0
935 61.53846153846154 0.0
936 69.23076923076923 0.0
937 69.23076923076923 0.0
938 76.92307692307692 0.0
939 65.38461538461539 0.0
940 69.23076923076923 0.0
941 84.61538461538461 0.0
942 84.61538461538461 0.0
943 92.3076923076923 0.0
944 76.92307692307692 0.0
945 76.92307692307692 0.0
946 80.76923076923077 0.0
947 76.92307692307692 0.0
948 73.07692307692308 0.0
949 69.23076923076923 0.0
950 73.07692307692308 0.0
951 57.69230769230769 0.0
952 65.38461538461539 0.0
953 69.23076923076923 0.0
954 69.23076923076923 0.0
955 84.61538461538461 0.0
956 69.23076923076923 0.0
957 69.23076923076923 0.0
958 73.07692307692308 0.0
959 76.92307692307692 0.0
960 76.92307692307692 0.0
961 69.23076923076923 0.0
962 84.61538461538461 0.0
963 80.76923076923077 0.0
964 76.92307692307692 0.0
965 73.07692307692308 0.0
966 69.23076923076923 0.0
967 80.76923076923077 0.0
968 69.23076923076923 0.0
969 84.61538461538461 0.0
970 92.3076923076923 0.0
971 73.07692307692308 0.0
972 57.69230769230769 0.0
973 61.53846153846154 0.0
974 65.38461538461539 0.0
975 69.23076923076923 0.0
976 65.38461538461539 0.0
977 69.23076923076923 0.0
978 73.07692307692308 0.0
979 53.84615384615385 0.0
980 53.84615384615385 0.0
981 69.23076923076923 0.0
982 69.23076923076923 0.0
983 69.23076923076923 0.0
984 65.38461538461539 0.0
985 69.23076923076923 0.0
986 69.23076923076923 0.0
987 69.23076923076923 0.0
988 84.61538461538461 0.0
989 84.61538461538461 0.0
990 61.53846153846154 0.0
991 57.69230769230769 0.0
992 73.07692307692308 0.0
993 73.07692307692308 0.0
994 65.38461538461539 0.0
995 65.38461538461539 0.0
996 65.38461538461539 0.0
997 69.23076923076923 0.0
998 73.07692307692308 0.0
999 57.69230769230769 0.0
