#frame monomers_% popc_isolated_%
0 46.15384615384615 0.0
1 57.69230769230769 0.0
2 61.53846153846154 0.0
3 69.23076923076923 0.0
4 57.69230769230769 0.0
5 61.53846153846154 0.0
6 50.0 0.0
7 61.53846153846154 0.0
8 69.23076923076923 0.0
9 57.69230769230769 0.0
10 65.38461538461539 0.0
11 57.69230769230769 0.0
12 61.53846153846154 0.0
13 38.46153846153846 0.0
14 46.15384615384615 0.0
15 38.46153846153846 1.5625
16 46.15384615384615 1.5625
17 42.30769230769231 1.5625
18 61.53846153846154 0.0
19 57.69230769230769 1.5625
20 53.84615384615385 1.5625
21 46.15384615384615 1.5625
22 42.30769230769231 1.5625
23 46.15384615384615 0.0
24 53.84615384615385 1.5625
25 61.53846153846154 1.5625
26 50.0 1.5625
27 53.84615384615385 1.5625
28 42.30769230769231 0.0
29 57.69230769230769 0.0
30 57.69230769230769 0.0
31 61.53846153846154 0.0
32 53.84615384615385 0.0
33 65.38461538461539 0.0
34 61.53846153846154 0.0
35 57.69230769230769 1.5625
36 69.23076923076923 0.0
37 84.61538461538461 3.125
38 69.23076923076923 1.5625
39 65.38461538461539 1.5625
40 61.53846153846154 0.0
41 53.84615384615385 1.5625
42 57.69230769230769 0.0
43 57.69230769230769 0.0
44 53.84615384615385 0.0
45 65.38461538461539 0.0
46 42.30769230769231 0.0
47 46.15384615384615 0.0
48 57.69230769230769 0.0
49 61.53846153846154 0.0
50 53.84615384615385 0.0
51 46.15384615384615 0.0
52 46.15384615384615 0.0
53 61.53846153846154 0.0
54 57.69230769230769 0.0
55 50.0 0.0
56 42.30769230769231 0.0
57 53.84615384615385 0.0
58 26.923076923076923 0.0
59 38.46153846153846 0.0
60 30.76923076923077 0.0
61 50.0 0.0
62 42.30769230769231 0.0
63 34.61538461538461 0.0
64 50.0 0.0
65 53.84615384615385 0.0
66 61.53846153846154 0.0
67 53.84615384615385 0.0
68 65.38461538461539 0.0
69 46.15384615384615 0.0
70 46.15384615384615 0.0
71 57.69230769230769 0.0
72 57.69230769230769 0.0
73 46.15384615384615 0.0
74 53.84615384615385 0.0
75 34.61538461538461 0.0
76 53.84615384615385 0.0
77 42.30769230769231 0.0
78 53.84615384615385 1.5625
79 38.46153846153846 0.0
80 42.30769230769231 0.0
81 34.61538461538461 0.0
82 34.61538461538461 0.0
83 26.923076923076923 0.0
84 19.23076923076923 0.0
85 15.384615384615385 0.0
86 23.076923076923077 0.0
87 30.76923076923077 0.0
88 26.923076923076923 0.0
89 26.923076923076923 0.0
90 30.76923076923077 0.0
91 23.076923076923077 0.0
92 53.84615384615385 0.0
93 53.84615384615385 0.0
94 38.46153846153846 0.0
95 53.84615384615385 0.0
96 50.0 0.0
97 57.69230769230769 0.0
98 50.0 0.0
99 65.38461538461539 0.0
100 65.38461538461539 0.0
101 57.69230769230769 0.0
102 46.15384615384615 0.0
103 65.38461538461539 0.0
104 53.84615384615385 0.0
105 50.0 0.0
106 46.15384615384615 0.0
107 69.23076923076923 0.0
108 53.84615384615385 0.0
109 73.07692307692308 0.0
110 50.0 0.0
111 50.0 0.0
112 38.46153846153846 0.0
113 69.23076923076923 0.0
114 38.46153846153846 0.0
115 61.53846153846154 0.0
116 46.15384615384615 0.0
117 34.61538461538461 0.0
118 53.84615384615385 0.0
119 61.53846153846154 0.0
120 50.0 0.0
121 46.15384615384615 0.0
122 61.53846153846154 0.0
123 53.84615384615385 0.0
124 61.53846153846154 0.0
125 57.69230769230769 0.0
126 53.84615384615385 1.5625
127 57.69230769230769 1.5625
128 46.15384615384615 0.0
129 38.46153846153846 1.5625
130 65.38461538461539 1.5625
131 61.53846153846154 0.0
132 53.84615384615385 0.0
133 50.0 1.5625
134 65.38461538461539 0.0
135 65.38461538461539 0.0
136 80.76923076923077 0.0
137 69.23076923076923 1.5625
138 65.38461538461539 0.0
139 53.84615384615385 1.5625
140 46.15384615384615 1.5625
141 61.53846153846154 3.125
142 53.84615384615385 0.0
143 57.69230769230769 0.0
144 57.69230769230769 0.0
145 50.0 0.0
146 53.84615384615385 0.0
147 73.07692307692308 0.0
148 50.0 0.0
149 38.46153846153846 0.0
150 53.84615384615385 0.0
151 42.30769230769231 0.0
152 38.46153846153846 0.0
153 46.15384615384615 0.0
154 57.69230769230769 0.0
155 61.53846153846154 0.0
156 46.15384615384615 0.0
157 34.61538461538461 0.0
158 42.30769230769231 0.0
159 50.0 0.0
160 76.92307692307692 0.0
161 53.84615384615385 0.0
162 61.53846153846154 0.0
163 50.0 0.0
164 46.15384615384615 0.0
165 53.84615384615385 0.0
166 46.15384615384615 0.0
167 53.84615384615385 0.0
168 46.15384615384615 0.0
169 46.15384615384615 0.0
170 57.69230769230769 0.0
171 38.46153846153846 0.0
172 38.46153846153846 0.0
173 30.76923076923077 0.0
174 42.30769230769231 0.0
175 50.0 0.0
176 53.84615384615385 0.0
177 53.84615384615385 0.0
178 42.30769230769231 0.0
179 46.15384615384615 0.0
180 46.15384615384615 0.0
181 38.46153846153846 0.0
182 42.30769230769231 0.0
183 42.30769230769231 0.0
184 46.15384615384615 0.0
185 38.46153846153846 0.0
186 53.84615384615385 0.0
187 26.923076923076923 0.0
188 53.84615384615385 0.0
189 50.0 0.0
190 57.69230769230769 0.0
191 38.46153846153846 0.0
192 42.30769230769231 0.0
193 42.30769230769231 0.0
194 34.61538461538461 0.0
195 34.61538461538461 0.0
196 26.923076923076923 0.0
197 46.15384615384615 0.0
198 57.69230769230769 0.0
199 69.23076923076923 0.0
200 65.38461538461539 0.0
201 50.0 0.0
202 50.0 0.0
203 50.0 0.0
204 57.69230769230769 0.0
205 53.84615384615385 0.0
206 61.53846153846154 0.0
207 65.38461538461539 0.0
208 61.53846153846154 0.0
209 84.61538461538461 0.0
210 69.23076923076923 0.0
211 80.76923076923077 0.0
212 57.69230769230769 0.0
213 50.0 0.0
214 65.38461538461539 0.0
215 61.53846153846154 0.0
216 80.76923076923077 0.0
217 73.07692307692308 0.0
218 84.61538461538461 0.0
219 84.61538461538461 0.0
220 76.92307692307692 0.0
221 65.38461538461539 0.0
222 50.0 0.0
223 69.23076923076923 0.0
224 57.69230769230769 0.0
225 65.38461538461539 0.0
226 73.07692307692308 0.0
227 80.76923076923077 0.0
228 65.38461538461539 0.0
229 73.07692307692308 0.0
230 65.38461538461539 0.0
231 53.84615384615385 0.0
232 57.69230769230769 0.0
233 57.69230769230769 0.0
234 50.0 0.0
235 30.76923076923077 0.0
236 50.0 0.0
237 57.69230769230769 0.0
238 46.15384615384615 0.0
239 50.0 0.0
240 61.53846153846154 0.0
241 50.0 0.0
242 61.53846153846154 0.0
243 53.84615384615385 0.0
244 53.84615384615385 0.0
245 65.38461538461539 0.0
246 53.84615384615385 0.0
247 61.53846153846154 0.0
248 50.0 0.0
249 53.84615384615385 0.0
250 65.38461538461539 0.0
251 53.84615384615385 0.0
252 53.84615384615385 0.0
253 46.15384615384615 0.0
254 46.15384615384615 0.0
255 53.84615384615385 0.0
256 61.53846153846154 0.0
257 38.46153846153846 1.5625
258 50.0 0.0
259 42.30769230769231 0.0
260 50.0 0.0
261 46.15384615384615 0.0
262 46.15384615384615 0.0
263 53.84615384615385 0.0
264 46.15384615384615 1.5625
265 61.53846153846154 0.0
266 65.38461538461539 0.0
267 57.69230769230769 1.5625
268 65.38461538461539 0.0
269 50.0 0.0
270 57.69230769230769 0.0
271 65.38461538461539 0.0
272 69.23076923076923 0.0
273 53.84615384615385 1.5625
274 57.69230769230769 1.5625
275 53.84615384615385 0.0
276 50.0 0.0
277 38.46153846153846 0.0
278 50.0 0.0
279 53.84615384615385 0.0
280 38.46153846153846 0.0
281 38.46153846153846 0.0
282 50.0 0.0
283 42.30769230769231 0.0
284 42.30769230769231 1.5625
285 42.30769230769231 0.0
286 42.30769230769231 0.0
287 42.30769230769231 0.0
288 50.0 0.0
289 61.53846153846154 0.0
290 42.30769230769231 0.0
291 46.15384615384615 0.0
292 42.30769230769231 0.0
293 50.0 0.0
294 61.53846153846154 0.0
295 46.15384615384615 0.0
296 34.61538461538461 0.0
297 38.46153846153846 0.0
298 46.15384615384615 0.0
299 46.15384615384615 0.0
300 38.46153846153846 0.0
301 34.61538461538461 0.0
302 34.61538461538461 0.0
303 34.61538461538461 0.0
304 46.15384615384615 0.0
305 50.0 0.0
306 42.30769230769231 0.0
307 50.0 0.0
308 42.30769230769231 0.0
309 57.69230769230769 0.0
310 57.69230769230769 0.0
311 42.30769230769231 0.0
312 46.15384615384615 0.0
313 50.0 0.0
314 53.84615384615385 0.0
315 46.15384615384615 0.0
316 34.61538461538461 0.0
317 34.61538461538461 0.0
318 53.84615384615385 1.5625
319 61.53846153846154 1.5625
320 46.15384615384615 1.5625
321 50.0 0.0
322 34.61538461538461 1.5625
323 42.30769230769231 0.0
324 42.30769230769231 0.0
325 57.69230769230769 0.0
326 57.69230769230769 1.5625
327 50.0 1.5625
328 42.30769230769231 1.5625
329 50.0 1.5625
330 57.69230769230769 0.0
331 69.23076923076923 0.0
332 30.76923076923077 0.0
333 50.0 0.0
334 53.84615384615385 0.0
335 30.76923076923077 0.0
336 38.46153846153846 0.0
337 65.38461538461539 0.0
338 34.61538461538461 0.0
339 34.61538461538461 0.0
340 42.30769230769231 0.0
341 42.30769230769231 0.0
342 53.84615384615385 0.0
343 50.0 0.0
344 42.30769230769231 0.0
345 46.15384615384615 0.0
346 26.923076923076923 0.0
347 42.30769230769231 0.0
348 34.61538461538461 0.0
349 42.30769230769231 0.0
350 38.46153846153846 1.5625
351 46.15384615384615 0.0
352 50.0 1.5625
353 46.15384615384615 0.0
354 57.69230769230769 1.5625
355 50.0 0.0
356 53.84615384615385 1.5625
357 30.76923076923077 1.5625
358 53.84615384615385 1.5625
359 57.69230769230769 0.0
360 57.69230769230769 0.0
361 34.61538461538461 0.0
362 42.30769230769231 0.0
363 38.46153846153846 0.0
364 57.69230769230769 0.0
365 34.61538461538461 0.0
366 38.46153846153846 0.0
367 50.0 1.5625
368 38.46153846153846 1.5625
369 38.46153846153846 0.0
370 42.30769230769231 0.0
371 57.69230769230769 1.5625
372 50.0 1.5625
373 53.84615384615385 0.0
374 61.53846153846154 0.0
375 69.23076923076923 0.0
376 73.07692307692308 1.5625
377 61.53846153846154 0.0
378 57.69230769230769 0.0
379 57.69230769230769 0.0
380 42.30769230769231 0.0
381 46.15384615384615 0.0
382 65.38461538461539 0.0
383 53.84615384615385 0.0
384 73.07692307692308 0.0
385 50.0 0.0
386 38.46153846153846 0.0
387 42.30769230769231 0.0
388 38.46153846153846 0.0
389 61.53846153846154 0.0
390 57.69230769230769 0.0
391 42.30769230769231 0.0
392 50.0 0.0
393 61.53846153846154 0.0
394 53.84615384615385 0.0
395 30.76923076923077 0.0
396 26.923076923076923 0.0
397 38.46153846153846 1.5625
398 34.61538461538461 0.0
399 23.076923076923077 0.0
400 30.76923076923077 0.0
401 42.30769230769231 0.0
402 50.0 0.0
403 42.30769230769231 0.0
404 50.0 1.5625
405 50.0 0.0
406 50.0 1.5625
407 53.84615384615385 1.5625
408 50.0 1.5625
409 50.0 1.5625
410 38.46153846153846 3.125
411 46.15384615384615 1.5625
412 50.0 0.0
413 30.76923076923077 0.0
414 61.53846153846154 3.125
415 61.53846153846154 0.0
416 30.76923076923077 1.5625
417 42.30769230769231 1.5625
418 50.0 1.5625
419 38.46153846153846 1.5625
420 46.15384615384615 1.5625
421 53.84615384615385 3.125
422 57.69230769230769 3.125
423 57.69230769230769 3.125
424 57.69230769230769 1.5625
425 53.84615384615385 1.5625
426 38.46153846153846 1.5625
427 42.30769230769231 1.5625
428 42.30769230769231 1.5625
429 42.30769230769231 1.5625
430 46.15384615384615 1.5625
431 50.0 1.5625
432 53.84615384615385 0.0
433 38.46153846153846 1.5625
434 57.69230769230769 0.0
435 46.15384615384615 0.0
436 38.46153846153846 0.0
437 46.15384615384615 0.0
438 38.46153846153846 0.0
439 50.0 0.0
440 46.15384615384615 0.0
441 61.53846153846154 0.0
442 53.84615384615385 0.0
443 57.69230769230769 1.5625
444 69.23076923076923 0.0
445 61.53846153846154 0.0
446 65.38461538461539 0.0
447 57.69230769230769 0.0
448 53.84615384615385 0.0
449 65.38461538461539 0.0
450 57.69230769230769 0.0
451 57.69230769230769 1.5625
452 42.30769230769231 1.5625
453 50.0 0.0
454 42.30769230769231 0.0
455 38.46153846153846 0.0
456 65.38461538461539 0.0
457 46.15384615384615 0.0
458 50.0 0.0
459 38.46153846153846 0.0
460 46.15384615384615 0.0
461 46.15384615384615 0.0
462 50.0 0.0
463 50.0 0.0
464 53.84615384615385 0.0
465 38.46153846153846 0.0
466 46.15384615384615 0.0
467 50.0 0.0
468 61.53846153846154 0.0
469 69.23076923076923 0.0
470 69.23076923076923 0.0
471 61.53846153846154 0.0
472 61.53846153846154 0.0
473 69.23076923076923 0.0
474 61.53846153846154 0.0
475 46.15384615384615 0.0
476 53.84615384615385 0.0
477 57.69230769230769 0.0
478 53.84615384615385 0.0
479 57.69230769230769 0.0
480 57.69230769230769 0.0
481 65.38461538461539 0.0
482 57.69230769230769 0.0
483 61.53846153846154 0.0
484 57.69230769230769 0.0
485 61.53846153846154 0.0
486 46.15384615384615 0.0
487 50.0 0.0
488 46.15384615384615 0.0
489 50.0 0.0
490 50.0 0.0
491 57.69230769230769 0.0
492 57.69230769230769 0.0
493 50.0 1.5625
494 65.38461538461539 0.0
495 50.0 1.5625
496 69.23076923076923 0.0
497 65.38461538461539 0.0
498 92.3076923076923 0.0
499 76.92307692307692 0.0
500 69.23076923076923 0.0
501 80.76923076923077 0.0
502 76.92307692307692 0.0
503 76.92307692307692 0.0
504 69.23076923076923 0.0
505 76.92307692307692 0.0
506 76.92307692307692 0.0
507 69.23076923076923 0.0
508 69.23076923076923 0.0
509 53.84615384615385 0.0
510 50.0 0.0
511 53.84615384615385 0.0
512 50.0 0.0
513 38.46153846153846 0.0
514 42.30769230769231 0.0
515 46.15384615384615 0.0
516 46.15384615384615 0.0
517 50.0 0.0
518 46.15384615384615 0.0
519 53.84615384615385 0.0
520 46.15384615384615 0.0
521 65.38461538461539 0.0
522 46.15384615384615 0.0
523 57.69230769230769 0.0
524 38.46153846153846 0.0
525 42.30769230769231 0.0
526 46.15384615384615 0.0
527 57.69230769230769 0.0
528 46.15384615384615 0.0
529 34.61538461538461 0.0
530 34.61538461538461 0.0
531 50.0 0.0
532 42.30769230769231 1.5625
533 42.30769230769231 0.0
534 42.30769230769231 0.0
535 42.30769230769231 0.0
536 42.30769230769231 0.0
537 42.30769230769231 0.0
538 42.30769230769231 0.0
539 46.15384615384615 0.0
540 38.46153846153846 0.0
541 34.61538461538461 0.0
542 42.30769230769231 0.0
543 57.69230769230769 0.0
544 53.84615384615385 0.0
545 46.15384615384615 0.0
546 53.84615384615385 0.0
547 46.15384615384615 0.0
548 50.0 0.0
549 26.923076923076923 0.0
550 23.076923076923077 0.0
551 34.61538461538461 0.0
552 38.46153846153846 0.0
553 50.0 0.0
554 50.0 0.0
555 34.61538461538461 0.0
556 38.46153846153846 0.0
557 46.15384615384615 0.0
558 38.46153846153846 0.0
559 42.30769230769231 0.0
560 76.92307692307692 0.0
561 57.69230769230769 0.0
562 42.30769230769231 0.0
563 38.46153846153846 0.0
564 46.15384615384615 1.5625
565 38.46153846153846 1.5625
566 30.76923076923077 0.0
567 61.53846153846154 0.0
568 42.30769230769231 0.0
569 61.53846153846154 0.0
570 34.61538461538461 0.0
571 50.0 0.0
572 50.0 0.0
573 53.84615384615385 0.0
574 53.84615384615385 0.0
575 46.15384615384615 0.0
576 53.84615384615385 0.0
577 46.15384615384615 1.5625
578 42.30769230769231 1.5625
579 38.46153846153846 0.0
580 34.61538461538461 0.0
581 46.15384615384615 1.5625
582 50.0 1.5625
583 34.61538461538461 1.5625
584 50.0 1.5625
585 57.69230769230769 1.5625
586 42.30769230769231 1.5625
587 42.30769230769231 1.5625
588 53.84615384615385 1.5625
589 57.69230769230769 1.5625
590 46.15384615384615 1.5625
591 61.53846153846154 1.5625
592 69.23076923076923 0.0
593 69.23076923076923 0.0
594 76.92307692307692 0.0
595 69.23076923076923 0.0
596 57.69230769230769 0.0
597 42.30769230769231 0.0
598 50.0 0.0
599 50.0 0.0
600 42.30769230769231 0.0
601 34.61538461538461 0.0
602 61.53846153846154 0.0
603 61.53846153846154 0.0
604 65.38461538461539 0.0
605 73.07692307692308 0.0
606 61.53846153846154 0.0
607 69.23076923076923 0.0
608 50.0 0.0
609 53.84615384615385 0.0
610 76.92307692307692 0.0
611 80.76923076923077 0.0
612 76.92307692307692 0.0
613 61.53846153846154 0.0
614 50.0 0.0
615 50.0 0.0
616 50.0 0.0
617 57.69230769230769 0.0
618 53.84615384615385 0.0
619 42.30769230769231 0.0
620 65.38461538461539 0.0
621 69.23076923076923 0.0
622 65.38461538461539 0.0
623 57.69230769230769 0.0
624 57.69230769230769 0.0
625 46.15384615384615 0.0
626 57.69230769230769 0.0
627 61.53846153846154 0.0
628 53.84615384615385 0.0
629 53.84615384615385 0.0
630 69.23076923076923 0.0
631 53.84615384615385 0.0
632 57.69230769230769 0.0
633 50.0 0.0
634 42.30769230769231 0.0
635 50.0 0.0
636 53.84615384615385 0.0
637 46.15384615384615 0.0
638 46.15384615384615 0.0
639 53.84615384615385 0.0
640 57.69230769230769 0.0
641 38.46153846153846 0.0
642 53.84615384615385 0.0
643 50.0 0.0
644 42.30769230769231 0.0
645 38.46153846153846 0.0
646 42.30769230769231 0.0
647 50.0 0.0
648 46.15384615384615 0.0
649 34.61538461538461 0.0
650 42.30769230769231 0.0
651 46.15384615384615 0.0
652 42.30769230769231 0.0
653 57.69230769230769 0.0
654 57.69230769230769 0.0
655 46.15384615384615 0.0
656 50.0 0.0
657 34.61538461538461 0.0
658 65.38461538461539 0.0
659 42.30769230769231 0.0
660 57.69230769230769 0.0
661 57.69230769230769 0.0
662 57.69230769230769 0.0
663 53.84615384615385 0.0
664 57.69230769230769 0.0
665 61.53846153846154 0.0
666 76.92307692307692 0.0
667 76.92307692307692 0.0
668 57.69230769230769 0.0
669 61.53846153846154 0.0
670 69.23076923076923 0.0
671 61.53846153846154 0.0
672 61.53846153846154 0.0
673 46.15384615384615 0.0
674 53.84615384615385 1.5625
675 42.30769230769231 1.5625
676 61.53846153846154 1.5625
677 42.30769230769231 1.5625
678 38.46153846153846 0.0
679 65.38461538461539 0.0
680 65.38461538461539 1.5625
681 65.38461538461539 1.5625
682 53.84615384615385 1.5625
683 53.84615384615385 0.0
684 53.84615384615385 1.5625
685 38.46153846153846 1.5625
686 42.30769230769231 0.0
687 50.0 0.0
688 30.76923076923077 0.0
689 53.84615384615385 0.0
690 46.15384615384615 0.0
691 50.0 0.0
692 57.69230769230769 0.0
693 46.15384615384615 0.0
694 65.38461538461539 0.0
695 53.84615384615385 0.0
696 57.69230769230769 0.0
697 69.23076923076923 0.0
698 61.53846153846154 0.0
699 69.23076923076923 0.0
700 69.23076923076923 0.0
701 73.07692307692308 0.0
702 61.53846153846154 0.0
703 69.23076923076923 0.0
704 69.23076923076923 0.0
705 61.53846153846154 0.0
706 69.23076923076923 0.0
707 76.92307692307692 0.0
708 57.69230769230769 0.0
709 53.84615384615385 0.0
710 38.46153846153846 0.0
711 50.0 0.0
712 57.69230769230769 0.0
713 61.53846153846154 0.0
714 53.84615384615385 0.0
715 50.0 0.0
716 50.0 0.0
717 61.53846153846154 0.0
718 42.30769230769231 0.0
719 57.69230769230769 0.0
720 65.38461538461539 0.0
721 50.0 0.0
722 65.38461538461539 0.0
723 57.69230769230769 0.0
724 53.84615384615385 0.0
725 46.15384615384615 0.0
726 57.69230769230769 0.0
727 46.15384615384615 0.0
728 50.0 0.0
729 61.53846153846154 0.0
730 53.84615384615385 0.0
731 65.38461538461539 0.0
732 42.30769230769231 0.0
733 50.0 0.0
734 42.30769230769231 0.0
735 50.0 0.0
736 50.0 0.0
737 42.30769230769231 0.0
738 42.30769230769231 0.0
739 30.76923076923077 0.0
740 34.61538461538461 0.0
741 53.84615384615385 0.0
742 30.76923076923077 0.0
743 38.46153846153846 0.0
744 38.46153846153846 0.0
745 34.61538461538461 0.0
746 46.15384615384615 0.0
747 30.76923076923077 0.0
748 53.84615384615385 0.0
749 42.30769230769231 0.0
750 50.0 0.0
751 50.0 0.0
752 42.30769230769231 0.0
753 46.15384615384615 0.0
754 42.30769230769231 0.0
755 46.15384615384615 0.0
756 42.30769230769231 0.0
757 42.30769230769231 0.0
758 42.30769230769231 0.0
759 46.15384615384615 0.0
760 46.15384615384615 0.0
761 65.38461538461539 0.0
762 42.30769230769231 0.0
763 53.84615384615385 0.0
764 46.15384615384615 0.0
765 38.46153846153846 0.0
766 46.15384615384615 0.0
767 57.69230769230769 0.0
768 42.30769230769231 0.0
769 34.61538461538461 0.0
770 34.61538461538461 0.0
771 34.61538461538461 0.0
772 34.61538461538461 0.0
773 34.61538461538461 0.0
774 38.46153846153846 0.0
775 42.30769230769231 0.0
776 50.0 0.0
777 69.23076923076923 0.0
778 53.84615384615385 0.0
779 38.46153846153846 0.0
780 53.84615384615385 0.0
781 61.53846153846154 0.0
782 46.15384615384615 0.0
783 65.38461538461539 0.0
784 80.76923076923077 0.0
785 57.69230769230769 0.0
786 69.23076923076923 0.0
787 57.69230769230769 0.0
788 69.23076923076923 0.0
789 61.53846153846154 0.0
790 61.53846153846154 0.0
791 50.0 0.0
792 46.15384615384615 0.0
793 57.69230769230769 0.0
794 46.15384615384615 0.0
795 46.15384615384615 0.0
796 30.76923076923077 0.0
797 46.15384615384615 0.0
798 46.15384615384615 0.0
799 42.30769230769231 0.0
800 57.69230769230769 0.0
801 50.0 0.0
802 61.53846153846154 0.0
803 53.84615384615385 0.0
804 46.15384615384615 0.0
805 73.07692307692308 0.0
806 61.53846153846154 0.0
807 73.07692307692308 0.0
808 53.84615384615385 0.0
809 65.38461538461539 0.0
810 42.30769230769231 0.0
811 50.0 0.0
812 53.84615384615385 0.0
813 57.69230769230769 0.0
814 38.46153846153846 0.0
815 50.0 0.0
816 50.0 0.0
817 46.15384615384615 0.0
818 50.0 0.0
819 46.15384615384615 0.0
820 53.84615384615385 0.0
821 61.53846153846154 0.0
822 57.69230769230769 0.0
823 57.69230769230769 0.0
824 65.38461538461539 0.0
825 65.38461538461539 0.0
826 46.15384615384615 0.0
827 46.15384615384615 0.0
828 46.15384615384615 0.0
829 53.84615384615385 0.0
830 57.69230769230769 0.0
831 57.69230769230769 0.0
832 50.0 0.0
833 53.84615384615385 0.0
834 53.84615384615385 0.0
835 46.15384615384615 0.0
836 57.69230769230769 0.0
837 57.69230769230769 0.0
838 50.0 0.0
839 50.0 0.0
840 53.84615384615385 0.0
841 38.46153846153846 0.0
842 46.15384615384615 0.0
843 53.84615384615385 0.0
844 46.15384615384615 0.0
845 65.38461538461539 0.0
846 57.69230769230769 0.0
847 50.0 0.0
848 61.53846153846154 0.0
849 61.53846153846154 0.0
850 65.38461538461539 0.0
851 57.69230769230769 0.0
852 61.53846153846154 0.0
853 53.84615384615385 0.0
854 53.84615384615385 0.0
855 46.15384615384615 0.0
856 61.53846153846154 0.0
857 42.30769230769231 0.0
858 42.30769230769231 0.0
859 53.84615384615385 0.0
860 46.15384615384615 0.0
861 50.0 0.0
862 50.0 0.0
863 50.0 0.0
864 46.15384615384615 0.0
865 42.30769230769231 0.0
866 34.61538461538461 0.0
867 38.46153846153846 0.0
868 46.15384615384615 0.0
869 65.38461538461539 0.0
870 61.53846153846154 0.0
871 50.0 0.0
872 38.46153846153846 0.0
873 46.15384615384615 0.0
874 53.84615384615385 0.0
875 42.30769230769231 0.0
876 53.84615384615385 0.0
877 65.38461538461539 0.0
878 46.15384615384615 0.0
879 69.23076923076923 0.0
880 50.0 0.0
881 42.30769230769231 0.0
882 53.84615384615385 0.0
883 46.15384615384615 0.0
884 65.38461538461539 0.0
885 61.53846153846154 0.0
886 61.53846153846154 0.0
887 57.69230769230769 0.0
888 53.84615384615385 0.0
889 57.69230769230769 0.0
890 57.69230769230769 0.0
891 69.23076923076923 0.0
892 76.92307692307692 0.0
893 80.76923076923077 0.0
894 65.38461538461539 0.0
895 50.0 0.0
896 61.53846153846154 0.0
897 46.15384615384615 0.0
898 57.69230769230769 0.0
899 65.38461538461539 0.0
900 61.53846153846154 0.0
901 61.53846153846154 0.0
902 57.69230769230769 0.0
903 53.84615384615385 0.0
904 50.0 0.0
905 65.38461538461539 0.0
906 73.07692307692308 0.0
907 57.69230769230769 0.0
908 61.53846153846154 0.0
909 65.38461538461539 0.0
910 53.84615384615385 0.0
911 50.0 0.0
912 53.84615384615385 0.0
913 57.69230769230769 0.0
914 42.30769230769231 0.0
915 46.15384615384615 0.0
916 61.53846153846154 0.0
917 46.15384615384615 0.0
918 34.61538461538461 0.0
919 42.30769230769231 0.0
920 53.84615384615385 0.0
921 42.30769230769231 0.0
922 38.46153846153846 0.0
923 50.0 0.0
924 34.61538461538461 0.0
925 42.30769230769231 0.0
926 38.46153846153846 0.0
927 57.69230769230769 0.0
928 61.53846153846154 0.0
929 50.0 0.0
930 50.0 0.0
931 53.84615384615385 0.0
932 50.0 0.0
933 50.0 0.0
934 46.15384615384615 0.0
935 46.15384615384615 0.0
936 38.46153846153846 0.0
937 46.15384615384615 0.0
938 38.46153846153846 0.0
939 46.15384615384615 0.0
940 53.84615384615385 0.0
941 50.0 0.0
942 50.0 0.0
943 46.15384615384615 0.0
944 46.15384615384615 0.0
945 57.69230769230769 0.0
946 53.84615384615385 0.0
947 57.69230769230769 0.0
948 46.15384615384615 0.0
949 50.0 0.0
950 57.69230769230769 0.0
951 53.84615384615385 0.0
952 50.0 0.0
953 50.0 0.0
954 50.0 0.0
955 53.84615384615385 0.0
956 53.84615384615385 0.0
957 50.0 0.0
958 57.69230769230769 0.0
959 46.15384615384615 0.0
960 57.69230769230769 0.0
961 61.53846153846154 0.0
962 42.30769230769231 0.0
963 50.0 0.0
964 42.30769230769231 0.0
965 46.15384615384615 0.0
966 38.46153846153846 0.0
967 34.61538461538461 0.0
968 38.46153846153846 0.0
969 42.30769230769231 0.0
970 65.38461538461539 0.0
971 61.53846153846154 0.0
972 69.23076923076923 0.0
973 46.15384615384615 0.0
974 69.23076923076923 0.0
975 53.84615384615385 0.0
976 65.38461538461539 0.0
977 61.53846153846154 0.0
978 53.84615384615385 0.0
979 73.07692307692308 0.0
980 76.92307692307692 0.0
981 61.53846153846154 0.0
982 73.07692307692308 0.0
983 65.38461538461539 0.0
984 46.15384615384615 0.0
985 53.84615384615385 0.0
986 73.07692307692308 0.0
987 69.23076923076923 0.0
988 88.46153846153847 0.0
989 76.92307692307692 0.0
990 61.53846153846154 0.0
991 53.84615384615385 0.0
992 76.92307692307692 0.0
993 57.69230769230769 0.0
994 69.23076923076923 0.0
995 76.92307692307692 0.0
996 76.92307692307692 0.0
997 69.23076923076923 0.0
998 76.92307692307692 0.0
999 76.92307692307692 0.0
