#frame monomers_% popc_isolated_%
0 76.92307692307692 0.0
1 57.69230769230769 0.0
2 57.69230769230769 0.0
3 73.07692307692308 0.0
4 53.84615384615385 0.0
5 57.69230769230769 0.0
6 61.53846153846154 0.0
7 57.69230769230769 0.0
8 61.53846153846154 0.0
9 57.69230769230769 0.0
10 46.15384615384615 0.0
11 61.53846153846154 0.0
12 69.23076923076923 0.0
13 65.38461538461539 0.0
14 65.38461538461539 0.0
15 61.53846153846154 0.0
16 76.92307692307692 0.0
17 69.23076923076923 0.0
18 53.84615384615385 0.0
19 65.38461538461539 0.0
20 50.0 0.0
21 53.84615384615385 0.0
22 46.15384615384615 0.0
23 50.0 0.0
24 38.46153846153846 0.0
25 46.15384615384615 0.0
26 65.38461538461539 0.0
27 57.69230769230769 0.0
28 57.69230769230769 0.0
29 57.69230769230769 0.0
30 61.53846153846154 0.0
31 69.23076923076923 0.0
32 53.84615384615385 0.0
33 61.53846153846154 0.0
34 53.84615384615385 0.0
35 53.84615384615385 0.0
36 50.0 0.0
37 38.46153846153846 0.0
38 46.15384615384615 0.0
39 53.84615384615385 0.0
40 50.0 0.0
41 38.46153846153846 0.0
42 57.69230769230769 0.0
43 53.84615384615385 0.0
44 69.23076923076923 0.0
45 65.38461538461539 0.0
46 57.69230769230769 0.0
47 76.92307692307692 0.0
48 65.38461538461539 0.0
49 65.38461538461539 0.0
50 69.23076923076923 0.0
51 69.23076923076923 0.0
52 84.61538461538461 0.0
53 84.61538461538461 0.0
54 76.92307692307692 0.0
55 76.92307692307692 0.0
56 57.69230769230769 0.0
57 65.38461538461539 0.0
58 76.92307692307692 0.0
59 84.61538461538461 0.0
60 80.76923076923077 0.0
61 76.92307692307692 0.0
62 80.76923076923077 0.0
63 76.92307692307692 0.0
64 65.38461538461539 0.0
65 69.23076923076923 0.0
66 69.23076923076923 0.0
67 65.38461538461539 0.0
68 61.53846153846154 0.0
69 73.07692307692308 0.0
70 65.38461538461539 0.0
71 57.69230769230769 0.0
72 73.07692307692308 0.0
73 76.92307692307692 0.0
74 76.92307692307692 0.0
75 53.84615384615385 0.0
76 53.84615384615385 0.0
77 57.69230769230769 0.0
78 57.69230769230769 0.0
79 50.0 0.0
80 42.30769230769231 0.0
81 46.15384615384615 0.0
82 34.61538461538461 0.0
83 42.30769230769231 0.0
84 46.15384615384615 0.0
85 61.53846153846154 0.0
86 69.23076923076923 0.0
87 80.76923076923077 0.0
88 69.23076923076923 0.0
89 73.07692307692308 0.0
90 69.23076923076923 0.0
91 65.38461538461539 0.0
92 69.23076923076923 0.0
93 57.69230769230769 0.0
94 76.92307692307692 0.0
95 69.23076923076923 0.0
96 69.23076923076923 0.0
97 53.84615384615385 0.0
98 53.84615384615385 0.0
99 80.76923076923077 0.0
100 69.23076923076923 0.0
101 61.53846153846154 0.0
102 76.92307692307692 0.0
103 65.38461538461539 0.0
104 65.38461538461539 0.0
105 76.92307692307692 0.0
106 84.61538461538461 0.0
107 84.61538461538461 0.0
108 84.61538461538461 0.0
109 69.23076923076923 0.0
110 61.53846153846154 0.0
111 61.53846153846154 0.0
112 69.23076923076923 0.0
113 57.69230769230769 0.0
114 50.0 0.0
115 65.38461538461539 0.0
116 73.07692307692308 0.0
117 69.23076923076923 0.0
118 57.69230769230769 0.0
119 53.84615384615385 0.0
120 61.53846153846154 0.0
121 57.69230769230769 0.0
122 53.84615384615385 0.0
123 57.69230769230769 0.0
124 53.84615384615385 0.0
125 50.0 0.0
126 46.15384615384615 0.0
127 65.38461538461539 0.0
128 65.38461538461539 0.0
129 61.53846153846154 0.0
130 57.69230769230769 0.0
131 69.23076923076923 0.0
132 57.69230769230769 0.0
133 73.07692307692308 0.0
134 69.23076923076923 0.0
135 57.69230769230769 0.0
136 46.15384615384615 0.0
137 50.0 0.0
138 53.84615384615385 0.0
139 50.0 0.0
140 61.53846153846154 0.0
141 38.46153846153846 0.0
142 46.15384615384615 0.0
143 46.15384615384615 0.0
144 42.30769230769231 0.0
145 19.23076923076923 0.0
146 34.61538461538461 0.0
147 57.69230769230769 0.0
148 53.84615384615385 0.0
149 50.0 0.0
150 46.15384615384615 0.0
151 42.30769230769231 0.0
152 46.15384615384615 0.0
153 57.69230769230769 0.0
154 53.84615384615385 0.0
155 53.84615384615385 0.0
156 50.0 0.0
157 57.69230769230769 0.0
158 53.84615384615385 0.0
159 42.30769230769231 0.0
160 57.69230769230769 0.0
161 65.38461538461539 0.0
162 53.84615384615385 0.0
163 50.0 0.0
164 73.07692307692308 0.0
165 76.92307692307692 0.0
166 57.69230769230769 0.0
167 69.23076923076923 0.0
168 53.84615384615385 0.0
169 46.15384615384615 0.0
170 42.30769230769231 0.0
171 46.15384615384615 0.0
172 73.07692307692308 0.0
173 61.53846153846154 0.0
174 61.53846153846154 0.0
175 42.30769230769231 0.0
176 46.15384615384615 0.0
177 61.53846153846154 0.0
178 53.84615384615385 0.0
179 46.15384615384615 0.0
180 57.69230769230769 0.0
181 69.23076923076923 0.0
182 69.23076923076923 0.0
183 61.53846153846154 0.0
184 53.84615384615385 0.0
185 50.0 0.0
186 57.69230769230769 0.0
187 61.53846153846154 0.0
188 53.84615384615385 0.0
189 69.23076923076923 0.0
190 61.53846153846154 0.0
191 50.0 0.0
192 50.0 0.0
193 50.0 0.0
194 57.69230769230769 0.0
195 57.69230769230769 0.0
196 50.0 0.0
197 50.0 0.0
198 57.69230769230769 0.0
199 53.84615384615385 0.0
200 46.15384615384615 0.0
201 38.46153846153846 0.0
202 50.0 0.0
203 34.61538461538461 0.0
204 53.84615384615385 0.0
205 42.30769230769231 0.0
206 34.61538461538461 0.0
207 57.69230769230769 0.0
208 50.0 0.0
209 46.15384615384615 0.0
210 53.84615384615385 0.0
211 50.0 0.0
212 38.46153846153846 0.0
213 38.46153846153846 0.0
214 42.30769230769231 0.0
215 38.46153846153846 0.0
216 38.46153846153846 0.0
217 34.61538461538461 0.0
218 42.30769230769231 0.0
219 46.15384615384615 0.0
220 46.15384615384615 0.0
221 34.61538461538461 0.0
222 42.30769230769231 0.0
223 34.61538461538461 0.0
224 50.0 0.0
225 50.0 0.0
226 46.15384615384615 0.0
227 46.15384615384615 0.0
228 50.0 0.0
229 42.30769230769231 0.0
230 53.84615384615385 0.0
231 57.69230769230769 0.0
232 61.53846153846154 0.0
233 61.53846153846154 0.0
234 65.38461538461539 0.0
235 57.69230769230769 0.0
236 53.84615384615385 0.0
237 65.38461538461539 0.0
238 61.53846153846154 0.0
239 50.0 0.0
240 57.69230769230769 0.0
241 69.23076923076923 0.0
242 53.84615384615385 0.0
243 61.53846153846154 0.0
244 50.0 0.0
245 42.30769230769231 0.0
246 46.15384615384615 0.0
247 84.61538461538461 0.0
248 65.38461538461539 0.0
249 61.53846153846154 0.0
250 61.53846153846154 0.0
251 53.84615384615385 0.0
252 42.30769230769231 0.0
253 42.30769230769231 0.0
254 46.15384615384615 0.0
255 34.61538461538461 0.0
256 42.30769230769231 0.0
257 42.30769230769231 0.0
258 50.0 0.0
259 61.53846153846154 0.0
260 65.38461538461539 0.0
261 73.07692307692308 0.0
262 53.84615384615385 0.0
263 57.69230769230769 0.0
264 69.23076923076923 0.0
265 65.38461538461539 0.0
266 53.84615384615385 0.0
267 69.23076923076923 0.0
268 61.53846153846154 0.0
269 73.07692307692308 0.0
270 50.0 0.0
271 50.0 0.0
272 46.15384615384615 0.0
273 46.15384615384615 0.0
274 42.30769230769231 0.0
275 53.84615384615385 0.0
276 46.15384615384615 0.0
277 42.30769230769231 0.0
278 53.84615384615385 0.0
279 50.0 0.0
280 61.53846153846154 0.0
281 46.15384615384615 0.0
282 50.0 0.0
283 38.46153846153846 0.0
284 46.15384615384615 0.0
285 57.69230769230769 0.0
286 65.38461538461539 0.0
287 46.15384615384615 0.0
288 50.0 0.0
289 50.0 0.0
290 53.84615384615385 0.0
291 53.84615384615385 0.0
292 53.84615384615385 0.0
293 57.69230769230769 0.0
294 46.15384615384615 0.0
295 50.0 0.0
296 46.15384615384615 0.0
297 46.15384615384615 0.0
298 46.15384615384615 0.0
299 61.53846153846154 0.0
300 61.53846153846154 0.0
301 57.69230769230769 0.0
302 57.69230769230769 0.0
303 61.53846153846154 0.0
304 65.38461538461539 0.0
305 61.53846153846154 0.0
306 61.53846153846154 0.0
307 76.92307692307692 0.0
308 80.76923076923077 0.0
309 65.38461538461539 0.0
310 57.69230769230769 0.0
311 57.69230769230769 0.0
312 69.23076923076923 0.0
313 76.92307692307692 0.0
314 76.92307692307692 0.0
315 69.23076923076923 0.0
316 61.53846153846154 0.0
317 65.38461538461539 0.0
318 84.61538461538461 0.0
319 84.61538461538461 0.0
320 69.23076923076923 0.0
321 61.53846153846154 0.0
322 57.69230769230769 0.0
323 61.53846153846154 0.0
324 61.53846153846154 0.0
325 50.0 0.0
326 69.23076923076923 0.0
327 61.53846153846154 0.0
328 53.84615384615385 0.0
329 57.69230769230769 0.0
330 69.23076923076923 0.0
331 61.53846153846154 0.0
332 53.84615384615385 0.0
333 46.15384615384615 0.0
334 57.69230769230769 0.0
335 46.15384615384615 0.0
336 69.23076923076923 0.0
337 65.38461538461539 0.0
338 61.53846153846154 0.0
339 65.38461538461539 0.0
340 73.07692307692308 0.0
341 65.38461538461539 0.0
342 61.53846153846154 0.0
343 53.84615384615385 0.0
344 73.07692307692308 0.0
345 53.84615384615385 0.0
346 57.69230769230769 0.0
347 65.38461538461539 0.0
348 69.23076923076923 0.0
349 73.07692307692308 0.0
350 69.23076923076923 0.0
351 46.15384615384615 0.0
352 80.76923076923077 0.0
353 80.76923076923077 0.0
354 61.53846153846154 0.0
355 65.38461538461539 0.0
356 57.69230769230769 0.0
357 46.15384615384615 0.0
358 73.07692307692308 0.0
359 65.38461538461539 0.0
360 57.69230769230769 0.0
361 73.07692307692308 0.0
362 65.38461538461539 0.0
363 61.53846153846154 0.0
364 57.69230769230769 0.0
365 57.69230769230769 0.0
366 46.15384615384615 0.0
367 53.84615384615385 0.0
368 57.69230769230769 0.0
369 65.38461538461539 0.0
370 65.38461538461539 0.0
371 61.53846153846154 0.0
372 65.38461538461539 0.0
373 61.53846153846154 0.0
374 65.38461538461539 0.0
375 65.38461538461539 0.0
376 42.30769230769231 0.0
377 50.0 0.0
378 42.30769230769231 0.0
379 53.84615384615385 0.0
380 46.15384615384615 0.0
381 53.84615384615385 0.0
382 53.84615384615385 0.0
383 53.84615384615385 0.0
384 46.15384615384615 0.0
385 65.38461538461539 0.0
386 57.69230769230769 0.0
387 50.0 0.0
388 53.84615384615385 0.0
389 65.38461538461539 0.0
390 61.53846153846154 0.0
391 50.0 0.0
392 50.0 0.0
393 57.69230769230769 0.0
394 73.07692307692308 0.0
395 61.53846153846154 0.0
396 76.92307692307692 0.0
397 69.23076923076923 0.0
398 69.23076923076923 0.0
399 61.53846153846154 0.0
400 53.84615384615385 0.0
401 46.15384615384615 0.0
402 50.0 0.0
403 50.0 0.0
404 76.92307692307692 0.0
405 61.53846153846154 0.0
406 65.38461538461539 0.0
407 69.23076923076923 0.0
408 65.38461538461539 0.0
409 65.38461538461539 0.0
410 65.38461538461539 0.0
411 57.69230769230769 0.0
412 50.0 0.0
413 65.38461538461539 0.0
414 53.84615384615385 0.0
415 84.61538461538461 0.0
416 53.84615384615385 0.0
417 69.23076923076923 0.0
418 57.69230769230769 0.0
419 61.53846153846154 0.0
420 65.38461538461539 0.0
421 57.69230769230769 0.0
422 65.38461538461539 0.0
423 46.15384615384615 0.0
424 57.69230769230769 0.0
425 65.38461538461539 0.0
426 34.61538461538461 0.0
427 53.84615384615385 0.0
428 53.84615384615385 0.0
429 46.15384615384615 0.0
430 53.84615384615385 0.0
431 42.30769230769231 0.0
432 46.15384615384615 0.0
433 46.15384615384615 0.0
434 50.0 0.0
435 50.0 0.0
436 50.0 0.0
437 46.15384615384615 0.0
438 57.69230769230769 0.0
439 34.61538461538461 0.0
440 65.38461538461539 0.0
441 50.0 0.0
442 53.84615384615385 0.0
443 57.69230769230769 0.0
444 50.0 0.0
445 42.30769230769231 0.0
446 50.0 0.0
447 50.0 0.0
448 42.30769230769231 0.0
449 46.15384615384615 0.0
450 57.69230769230769 0.0
451 61.53846153846154 0.0
452 61.53846153846154 0.0
453 61.53846153846154 0.0
454 53.84615384615385 0.0
455 65.38461538461539 0.0
456 50.0 0.0
457 57.69230769230769 0.0
458 50.0 0.0
459 61.53846153846154 0.0
460 61.53846153846154 0.0
461 57.69230769230769 0.0
462 61.53846153846154 0.0
463 53.84615384615385 0.0
464 57.69230769230769 0.0
465 57.69230769230769 0.0
466 50.0 0.0
467 61.53846153846154 0.0
468 57.69230769230769 0.0
469 57.69230769230769 0.0
470 53.84615384615385 0.0
471 61.53846153846154 0.0
472 69.23076923076923 0.0
473 50.0 0.0
474 50.0 0.0
475 57.69230769230769 0.0
476 46.15384615384615 0.0
477 50.0 0.0
478 53.84615384615385 0.0
479 46.15384615384615 0.0
480 57.69230769230769 0.0
481 50.0 0.0
482 46.15384615384615 0.0
483 53.84615384615385 0.0
484 53.84615384615385 0.0
485 65.38461538461539 0.0
486 57.69230769230769 0.0
487 61.53846153846154 0.0
488 69.23076923076923 0.0
489 73.07692307692308 0.0
490 50.0 0.0
491 46.15384615384615 0.0
492 50.0 0.0
493 46.15384615384615 0.0
494 61.53846153846154 0.0
495 34.61538461538461 0.0
496 42.30769230769231 0.0
497 34.61538461538461 0.0
498 19.23076923076923 0.0
499 42.30769230769231 0.0
500 46.15384615384615 0.0
501 30.76923076923077 0.0
502 50.0 0.0
503 53.84615384615385 0.0
504 46.15384615384615 0.0
505 50.0 0.0
506 53.84615384615385 0.0
507 50.0 0.0
508 50.0 0.0
509 42.30769230769231 0.0
510 50.0 0.0
511 46.15384615384615 0.0
512 50.0 0.0
513 46.15384615384615 0.0
514 34.61538461538461 0.0
515 42.30769230769231 0.0
516 50.0 0.0
517 42.30769230769231 0.0
518 46.15384615384615 0.0
519 46.15384615384615 0.0
520 50.0 0.0
521 46.15384615384615 0.0
522 42.30769230769231 0.0
523 50.0 0.0
524 57.69230769230769 0.0
525 53.84615384615385 0.0
526 53.84615384615385 0.0
527 34.61538461538461 0.0
528 53.84615384615385 0.0
529 26.923076923076923 0.0
530 46.15384615384615 0.0
531 46.15384615384615 0.0
532 50.0 0.0
533 42.30769230769231 0.0
534 30.76923076923077 0.0
535 50.0 0.0
536 46.15384615384615 0.0
537 46.15384615384615 0.0
538 53.84615384615385 0.0
539 46.15384615384615 0.0
540 46.15384615384615 0.0
541 50.0 0.0
542 65.38461538461539 0.0
543 53.84615384615385 0.0
544 53.84615384615385 0.0
545 42.30769230769231 0.0
546 53.84615384615385 0.0
547 50.0 0.0
548 50.0 0.0
549 34.61538461538461 0.0
550 53.84615384615385 0.0
551 42.30769230769231 0.0
552 50.0 0.0
553 38.46153846153846 0.0
554 50.0 0.0
555 19.23076923076923 0.0
556 26.923076923076923 0.0
557 38.46153846153846 0.0
558 38.46153846153846 0.0
559 42.30769230769231 0.0
560 34.61538461538461 0.0
561 65.38461538461539 0.0
562 50.0 0.0
563 57.69230769230769 0.0
564 53.84615384615385 0.0
565 57.69230769230769 0.0
566 80.76923076923077 0.0
567 53.84615384615385 0.0
568 61.53846153846154 0.0
569 50.0 0.0
570 57.69230769230769 0.0
571 76.92307692307692 0.0
572 61.53846153846154 0.0
573 53.84615384615385 0.0
574 57.69230769230769 0.0
575 80.76923076923077 0.0
576 61.53846153846154 0.0
577 76.92307692307692 0.0
578 65.38461538461539 0.0
579 69.23076923076923 0.0
580 84.61538461538461 0.0
581 57.69230769230769 0.0
582 84.61538461538461 0.0
583 69.23076923076923 0.0
584 61.53846153846154 0.0
585 84.61538461538461 0.0
586 65.38461538461539 0.0
587 61.53846153846154 0.0
588 76.92307692307692 0.0
589 69.23076923076923 0.0
590 73.07692307692308 0.0
591 69.23076923076923 0.0
592 53.84615384615385 0.0
593 84.61538461538461 0.0
594 57.69230769230769 0.0
595 57.69230769230769 0.0
596 57.69230769230769 0.0
597 50.0 0.0
598 76.92307692307692 0.0
599 53.84615384615385 0.0
600 92.3076923076923 0.0
601 69.23076923076923 0.0
602 73.07692307692308 0.0
603 69.23076923076923 0.0
604 57.69230769230769 0.0
605 65.38461538461539 0.0
606 69.23076923076923 0.0
607 73.07692307692308 0.0
608 84.61538461538461 0.0
609 57.69230769230769 0.0
610 61.53846153846154 0.0
611 73.07692307692308 0.0
612 61.53846153846154 0.0
613 76.92307692307692 0.0
614 73.07692307692308 0.0
615 69.23076923076923 0.0
616 69.23076923076923 0.0
617 76.92307692307692 0.0
618 76.92307692307692 0.0
619 80.76923076923077 0.0
620 61.53846153846154 0.0
621 73.07692307692308 0.0
622 50.0 0.0
623 69.23076923076923 0.0
624 73.07692307692308 0.0
625 57.69230769230769 0.0
626 61.53846153846154 0.0
627 76.92307692307692 0.0
628 76.92307692307692 0.0
629 65.38461538461539 0.0
630 57.69230769230769 0.0
631 65.38461538461539 0.0
632 76.92307692307692 0.0
633 69.23076923076923 0.0
634 92.3076923076923 0.0
635 76.92307692307692 0.0
636 69.23076923076923 0.0
637 65.38461538461539 0.0
638 46.15384615384615 0.0
639 69.23076923076923 0.0
640 69.23076923076923 0.0
641 57.69230769230769 0.0
642 76.92307692307692 0.0
643 84.61538461538461 0.0
644 84.61538461538461 0.0
645 73.07692307692308 0.0
646 57.69230769230769 0.0
647 73.07692307692308 0.0
648 61.53846153846154 0.0
649 80.76923076923077 0.0
650 84.61538461538461 0.0
651 76.92307692307692 0.0
652 84.61538461538461 0.0
653 76.92307692307692 0.0
654 53.84615384615385 0.0
655 61.53846153846154 0.0
656 61.53846153846154 0.0
657 61.53846153846154 0.0
658 57.69230769230769 0.0
659 61.53846153846154 0.0
660 61.53846153846154 0.0
661 53.84615384615385 0.0
662 57.69230769230769 0.0
663 69.23076923076923 0.0
664 53.84615384615385 0.0
665 57.69230769230769 0.0
666 57.69230769230769 0.0
667 46.15384615384615 0.0
668 57.69230769230769 0.0
669 50.0 0.0
670 50.0 0.0
671 53.84615384615385 0.0
672 46.15384615384615 0.0
673 50.0 0.0
674 46.15384615384615 0.0
675 38.46153846153846 0.0
676 50.0 0.0
677 42.30769230769231 0.0
678 65.38461538461539 0.0
679 53.84615384615385 0.0
680 38.46153846153846 0.0
681 61.53846153846154 0.0
682 65.38461538461539 0.0
683 76.92307692307692 0.0
684 76.92307692307692 0.0
685 80.76923076923077 0.0
686 73.07692307692308 0.0
687 76.92307692307692 0.0
688 53.84615384615385 0.0
689 73.07692307692308 0.0
690 69.23076923076923 0.0
691 76.92307692307692 0.0
692 65.38461538461539 0.0
693 65.38461538461539 0.0
694 76.92307692307692 0.0
695 61.53846153846154 0.0
696 61.53846153846154 0.0
697 61.53846153846154 0.0
698 61.53846153846154 0.0
699 65.38461538461539 0.0
700 69.23076923076923 0.0
701 46.15384615384615 0.0
702 46.15384615384615 0.0
703 65.38461538461539 0.0
704 65.38461538461539 0.0
705 57.69230769230769 0.0
706 53.84615384615385 0.0
707 42.30769230769231 0.0
708 61.53846153846154 0.0
709 38.46153846153846 0.0
710 42.30769230769231 0.0
711 38.46153846153846 0.0
712 69.23076923076923 0.0
713 50.0 0.0
714 61.53846153846154 0.0
715 61.53846153846154 0.0
716 46.15384615384615 0.0
717 57.69230769230769 0.0
718 53.84615384615385 0.0
719 53.84615384615385 0.0
720 53.84615384615385 0.0
721 76.92307692307692 0.0
722 69.23076923076923 0.0
723 76.92307692307692 0.0
724 61.53846153846154 0.0
725 69.23076923076923 0.0
726 69.23076923076923 0.0
727 69.23076923076923 0.0
728 76.92307692307692 0.0
729 61.53846153846154 0.0
730 57.69230769230769 0.0
731 80.76923076923077 0.0
732 65.38461538461539 0.0
733 69.23076923076923 0.0
734 80.76923076923077 0.0
735 76.92307692307692 0.0
736 69.23076923076923 0.0
737 76.92307692307692 0.0
738 65.38461538461539 0.0
739 69.23076923076923 0.0
740 61.53846153846154 0.0
741 65.38461538461539 0.0
742 61.53846153846154 0.0
743 57.69230769230769 0.0
744 50.0 0.0
745 50.0 0.0
746 46.15384615384615 0.0
747 38.46153846153846 0.0
748 34.61538461538461 0.0
749 30.76923076923077 0.0
750 38.46153846153846 0.0
751 38.46153846153846 0.0
752 42.30769230769231 0.0
753 42.30769230769231 0.0
754 46.15384615384615 0.0
755 34.61538461538461 0.0
756 42.30769230769231 0.0
757 26.923076923076923 0.0
758 42.30769230769231 0.0
759 57.69230769230769 0.0
760 50.0 0.0
761 34.61538461538461 0.0
762 38.46153846153846 0.0
763 38.46153846153846 0.0
764 46.15384615384615 0.0
765 53.84615384615385 0.0
766 42.30769230769231 0.0
767 50.0 0.0
768 42.30769230769231 0.0
769 38.46153846153846 0.0
770 50.0 0.0
771 38.46153846153846 0.0
772 42.30769230769231 0.0
773 42.30769230769231 0.0
774 46.15384615384615 0.0
775 38.46153846153846 0.0
776 38.46153846153846 0.0
777 53.84615384615385 0.0
778 50.0 0.0
779 50.0 0.0
780 46.15384615384615 0.0
781 46.15384615384615 0.0
782 42.30769230769231 0.0
783 30.76923076923077 0.0
784 50.0 0.0
785 46.15384615384615 0.0
786 50.0 0.0
787 65.38461538461539 0.0
788 53.84615384615385 0.0
789 65.38461538461539 0.0
790 46.15384615384615 0.0
791 50.0 0.0
792 57.69230769230769 0.0
793 65.38461538461539 0.0
794 61.53846153846154 0.0
795 65.38461538461539 0.0
796 69.23076923076923 0.0
797 61.53846153846154 0.0
798 57.69230769230769 0.0
799 65.38461538461539 0.0
800 69.23076923076923 0.0
801 53.84615384615385 0.0
802 53.84615384615385 0.0
803 42.30769230769231 0.0
804 65.38461538461539 0.0
805 65.38461538461539 0.0
806 53.84615384615385 0.0
807 61.53846153846154 0.0
808 73.07692307692308 0.0
809 65.38461538461539 0.0
810 69.23076923076923 0.0
811 50.0 0.0
812 61.53846153846154 0.0
813 73.07692307692308 0.0
814 65.38461538461539 0.0
815 73.07692307692308 0.0
816 61.53846153846154 0.0
817 69.23076923076923 0.0
818 65.38461538461539 0.0
819 76.92307692307692 0.0
820 69.23076923076923 0.0
821 53.84615384615385 0.0
822 76.92307692307692 0.0
823 80.76923076923077 0.0
824 73.07692307692308 0.0
825 76.92307692307692 0.0
826 73.07692307692308 0.0
827 57.69230769230769 0.0
828 57.69230769230769 0.0
829 50.0 0.0
830 53.84615384615385 0.0
831 69.23076923076923 0.0
832 69.23076923076923 0.0
833 61.53846153846154 0.0
834 53.84615384615385 0.0
835 61.53846153846154 0.0
836 53.84615384615385 0.0
837 42.30769230769231 0.0
838 42.30769230769231 0.0
839 50.0 0.0
840 46.15384615384615 0.0
841 46.15384615384615 0.0
842 46.15384615384615 0.0
843 57.69230769230769 0.0
844 46.15384615384615 0.0
845 61.53846153846154 0.0
846 50.0 0.0
847 38.46153846153846 0.0
848 65.38461538461539 0.0
849 50.0 0.0
850 69.23076923076923 0.0
851 57.69230769230769 0.0
852 80.76923076923077 0.0
853 69.23076923076923 0.0
854 65.38461538461539 0.0
855 57.69230769230769 0.0
856 73.07692307692308 0.0
857 69.23076923076923 0.0
858 65.38461538461539 0.0
859 46.15384615384615 0.0
860 65.38461538461539 0.0
861 61.53846153846154 0.0
862 53.84615384615385 0.0
863 53.84615384615385 0.0
864 61.53846153846154 0.0
865 50.0 0.0
866 34.61538461538461 0.0
867 53.84615384615385 0.0
868 46.15384615384615 0.0
869 46.15384615384615 0.0
870 57.69230769230769 0.0
871 61.53846153846154 0.0
872 65.38461538461539 0.0
873 65.38461538461539 0.0
874 53.84615384615385 0.0
875 46.15384615384615 0.0
876 61.53846153846154 0.0
877 57.69230769230769 0.0
878 61.53846153846154 0.0
879 65.38461538461539 0.0
880 65.38461538461539 0.0
881 76.92307692307692 0.0
882 69.23076923076923 0.0
883 76.92307692307692 0.0
884 76.92307692307692 0.0
885 76.92307692307692 0.0
886 73.07692307692308 0.0
887 53.84615384615385 0.0
888 46.15384615384615 0.0
889 50.0 0.0
890 57.69230769230769 0.0
891 53.84615384615385 0.0
892 65.38461538461539 0.0
893 57.69230769230769 0.0
894 61.53846153846154 0.0
895 61.53846153846154 0.0
896 65.38461538461539 0.0
897 50.0 0.0
898 53.84615384615385 0.0
899 42.30769230769231 0.0
900 57.69230769230769 0.0
901 53.84615384615385 0.0
902 73.07692307692308 0.0
903 65.38461538461539 0.0
904 53.84615384615385 0.0
905 46.15384615384615 0.0
906 50.0 0.0
907 65.38461538461539 0.0
908 53.84615384615385 0.0
909 57.69230769230769 0.0
910 57.69230769230769 0.0
911 46.15384615384615 0.0
912 61.53846153846154 0.0
913 50.0 0.0
914 42.30769230769231 0.0
915 53.84615384615385 0.0
916 50.0 0.0
917 50.0 0.0
918 53.84615384615385 0.0
919 50.0 0.0
920 42.30769230769231 0.0
921 38.46153846153846 0.0
922 50.0 0.0
923 30.76923076923077 0.0
924 46.15384615384615 0.0
925 57.69230769230769 0.0
926 50.0 0.0
927 50.0 0.0
928 34.61538461538461 0.0
929 46.15384615384615 0.0
930 50.0 0.0
931 38.46153846153846 0.0
932 53.84615384615385 0.0
933 42.30769230769231 0.0
934 42.30769230769231 0.0
935 53.84615384615385 0.0
936 50.0 0.0
937 46.15384615384615 0.0
938 53.84615384615385 0.0
939 57.69230769230769 0.0
940 46.15384615384615 0.0
941 38.46153846153846 0.0
942 42.30769230769231 0.0
943 34.61538461538461 0.0
944 61.53846153846154 0.0
945 50.0 0.0
946 61.53846153846154 0.0
947 42.30769230769231 0.0
948 42.30769230769231 0.0
949 57.69230769230769 0.0
950 42.30769230769231 0.0
951 42.30769230769231 0.0
952 50.0 0.0
953 46.15384615384615 0.0
954 57.69230769230769 0.0
955 38.46153846153846 0.0
956 38.46153846153846 0.0
957 46.15384615384615 0.0
958 46.15384615384615 0.0
959 57.69230769230769 0.0
960 65.38461538461539 0.0
961 50.0 0.0
962 57.69230769230769 0.0
963 69.23076923076923 0.0
964 50.0 0.0
965 46.15384615384615 0.0
966 61.53846153846154 0.0
967 57.69230769230769 0.0
968 76.92307692307692 0.0
969 57.69230769230769 0.0
970 38.46153846153846 0.0
971 50.0 0.0
972 42.30769230769231 0.0
973 53.84615384615385 0.0
974 53.84615384615385 0.0
975 53.84615384615385 0.0
976 46.15384615384615 0.0
977 50.0 0.0
978 34.61538461538461 0.0
979 38.46153846153846 0.0
980 61.53846153846154 0.0
981 65.38461538461539 0.0
982 50.0 0.0
983 61.53846153846154 0.0
984 53.84615384615385 0.0
985 42.30769230769231 0.0
986 38.46153846153846 0.0
987 50.0 0.0
988 30.76923076923077 0.0
989 46.15384615384615 0.0
990 46.15384615384615 0.0
991 42.30769230769231 0.0
992 50.0 0.0
993 30.76923076923077 0.0
994 42.30769230769231 0.0
995 30.76923076923077 0.0
996 53.84615384615385 0.0
997 53.84615384615385 0.0
998 57.69230769230769 0.0
999 53.84615384615385 0.0
