#frame monomers_% popc_isolated_%
0 50.0 0.0
1 46.15384615384615 0.0
2 50.0 0.0
3 42.30769230769231 0.0
4 38.46153846153846 0.0
5 50.0 0.0
6 42.30769230769231 0.0
7 46.15384615384615 0.0
8 50.0 0.0
9 42.30769230769231 0.0
10 42.30769230769231 0.0
11 46.15384615384615 0.0
12 26.923076923076923 0.0
13 57.69230769230769 0.0
14 42.30769230769231 0.0
15 50.0 0.0
16 34.61538461538461 0.0
17 61.53846153846154 0.0
18 53.84615384615385 0.0
19 38.46153846153846 0.0
20 46.15384615384615 0.0
21 57.69230769230769 0.0
22 69.23076923076923 0.0
23 69.23076923076923 0.0
24 65.38461538461539 0.0
25 57.69230769230769 0.0
26 57.69230769230769 0.0
27 50.0 0.0
28 57.69230769230769 0.0
29 57.69230769230769 0.0
30 46.15384615384615 0.0
31 46.15384615384615 0.0
32 50.0 0.0
33 50.0 0.0
34 34.61538461538461 0.0
35 50.0 0.0
36 50.0 0.0
37 34.61538461538461 0.0
38 34.61538461538461 0.0
39 38.46153846153846 0.0
40 38.46153846153846 0.0
41 42.30769230769231 0.0
42 34.61538461538461 0.0
43 53.84615384615385 0.0
44 57.69230769230769 0.0
45 53.84615384615385 0.0
46 50.0 0.0
47 53.84615384615385 0.0
48 50.0 0.0
49 61.53846153846154 0.0
50 53.84615384615385 0.0
51 42.30769230769231 0.0
52 50.0 0.0
53 46.15384615384615 0.0
54 57.69230769230769 0.0
55 61.53846153846154 0.0
56 57.69230769230769 0.0
57 53.84615384615385 0.0
58 73.07692307692308 0.0
59 57.69230769230769 0.0
60 57.69230769230769 0.0
61 61.53846153846154 0.0
62 65.38461538461539 0.0
63 61.53846153846154 0.0
64 57.69230769230769 0.0
65 42.30769230769231 0.0
66 50.0 0.0
67 53.84615384615385 0.0
68 50.0 0.0
69 46.15384615384615 0.0
70 30.76923076923077 0.0
71 38.46153846153846 0.0
72 38.46153846153846 0.0
73 53.84615384615385 0.0
74 46.15384615384615 0.0
75 46.15384615384615 0.0
76 46.15384615384615 0.0
77 61.53846153846154 0.0
78 50.0 0.0
79 50.0 0.0
80 46.15384615384615 0.0
81 30.76923076923077 0.0
82 50.0 0.0
83 53.84615384615385 0.0
84 53.84615384615385 0.0
85 34.61538461538461 0.0
86 38.46153846153846 0.0
87 50.0 0.0
88 53.84615384615385 0.0
89 46.15384615384615 0.0
90 26.923076923076923 0.0
91 38.46153846153846 0.0
92 46.15384615384615 0.0
93 46.15384615384615 0.0
94 42.30769230769231 0.0
95 38.46153846153846 0.0
96 46.15384615384615 0.0
97 30.76923076923077 0.0
98 34.61538461538461 0.0
99 50.0 0.0
100 34.61538461538461 0.0
101 34.61538461538461 0.0
102 34.61538461538461 0.0
103 30.76923076923077 0.0
104 42.30769230769231 0.0
105 50.0 0.0
106 53.84615384615385 0.0
107 61.53846153846154 0.0
108 76.92307692307692 0.0
109 65.38461538461539 0.0
110 30.76923076923077 0.0
111 42.30769230769231 0.0
112 38.46153846153846 0.0
113 30.76923076923077 0.0
114 38.46153846153846 0.0
115 73.07692307692308 0.0
116 53.84615384615385 0.0
117 69.23076923076923 0.0
118 69.23076923076923 0.0
119 73.07692307692308 0.0
120 76.92307692307692 0.0
121 53.84615384615385 0.0
122 61.53846153846154 0.0
123 88.46153846153847 0.0
124 69.23076923076923 0.0
125 61.53846153846154 0.0
126 57.69230769230769 0.0
127 61.53846153846154 0.0
128 57.69230769230769 0.0
129 57.69230769230769 0.0
130 53.84615384615385 0.0
131 50.0 0.0
132 61.53846153846154 0.0
133 69.23076923076923 0.0
134 61.53846153846154 0.0
135 80.76923076923077 0.0
136 57.69230769230769 0.0
137 84.61538461538461 0.0
138 76.92307692307692 0.0
139 61.53846153846154 0.0
140 69.23076923076923 0.0
141 50.0 0.0
142 65.38461538461539 0.0
143 57.69230769230769 0.0
144 84.61538461538461 0.0
145 65.38461538461539 0.0
146 57.69230769230769 0.0
147 69.23076923076923 0.0
148 69.23076923076923 0.0
149 57.69230769230769 0.0
150 53.84615384615385 0.0
151 57.69230769230769 0.0
152 61.53846153846154 0.0
153 53.84615384615385 0.0
154 57.69230769230769 0.0
155 53.84615384615385 0.0
156 57.69230769230769 0.0
157 57.69230769230769 0.0
158 65.38461538461539 0.0
159 84.61538461538461 0.0
160 69.23076923076923 0.0
161 73.07692307692308 0.0
162 73.07692307692308 0.0
163 46.15384615384615 0.0
164 46.15384615384615 0.0
165 50.0 0.0
166 61.53846153846154 0.0
167 46.15384615384615 0.0
168 61.53846153846154 0.0
169 76.92307692307692 0.0
170 61.53846153846154 0.0
171 50.0 0.0
172 65.38461538461539 0.0
173 69.23076923076923 0.0
174 73.07692307692308 0.0
175 53.84615384615385 0.0
176 65.38461538461539 0.0
177 46.15384615384615 0.0
178 50.0 0.0
179 34.61538461538461 0.0
180 19.23076923076923 0.0
181 53.84615384615385 0.0
182 42.30769230769231 0.0
183 46.15384615384615 0.0
184 42.30769230769231 0.0
185 23.076923076923077 0.0
186 38.46153846153846 0.0
187 26.923076923076923 0.0
188 42.30769230769231 0.0
189 42.30769230769231 0.0
190 46.15384615384615 0.0
191 53.84615384615385 0.0
192 26.923076923076923 0.0
193 30.76923076923077 0.0
194 38.46153846153846 0.0
195 42.30769230769231 0.0
196 50.0 0.0
197 42.30769230769231 0.0
198 53.84615384615385 0.0
199 57.69230769230769 0.0
200 53.84615384615385 0.0
201 53.84615384615385 0.0
202 53.84615384615385 0.0
203 57.69230769230769 0.0
204 53.84615384615385 0.0
205 61.53846153846154 0.0
206 61.53846153846154 0.0
207 46.15384615384615 0.0
208 42.30769230769231 0.0
209 42.30769230769231 0.0
210 38.46153846153846 0.0
211 46.15384615384615 0.0
212 61.53846153846154 0.0
213 61.53846153846154 0.0
214 46.15384615384615 0.0
215 57.69230769230769 0.0
216 61.53846153846154 0.0
217 61.53846153846154 0.0
218 69.23076923076923 0.0
219 46.15384615384615 0.0
220 57.69230769230769 0.0
221 61.53846153846154 0.0
222 57.69230769230769 0.0
223 53.84615384615385 0.0
224 61.53846153846154 0.0
225 30.76923076923077 0.0
226 38.46153846153846 0.0
227 38.46153846153846 0.0
228 42.30769230769231 0.0
229 46.15384615384615 0.0
230 50.0 0.0
231 42.30769230769231 0.0
232 50.0 0.0
233 53.84615384615385 0.0
234 50.0 0.0
235 46.15384615384615 0.0
236 57.69230769230769 0.0
237 65.38461538461539 0.0
238 34.61538461538461 0.0
239 46.15384615384615 0.0
240 42.30769230769231 0.0
241 50.0 0.0
242 42.30769230769231 0.0
243 50.0 0.0
244 42.30769230769231 0.0
245 46.15384615384615 0.0
246 69.23076923076923 0.0
247 65.38461538461539 0.0
248 65.38461538461539 0.0
249 53.84615384615385 0.0
250 46.15384615384615 0.0
251 53.84615384615385 0.0
252 46.15384615384615 0.0
253 53.84615384615385 0.0
254 53.84615384615385 0.0
255 42.30769230769231 0.0
256 61.53846153846154 0.0
257 57.69230769230769 0.0
258 65.38461538461539 0.0
259 69.23076923076923 0.0
260 57.69230769230769 0.0
261 46.15384615384615 0.0
262 46.15384615384615 0.0
263 42.30769230769231 0.0
264 46.15384615384615 0.0
265 50.0 0.0
266 34.61538461538461 0.0
267 46.15384615384615 0.0
268 38.46153846153846 0.0
269 30.76923076923077 0.0
270 30.76923076923077 0.0
271 38.46153846153846 0.0
272 26.923076923076923 0.0
273 23.076923076923077 0.0
274 38.46153846153846 0.0
275 34.61538461538461 0.0
276 30.76923076923077 0.0
277 53.84615384615385 0.0
278 46.15384615384615 0.0
279 38.46153846153846 0.0
280 50.0 0.0
281 61.53846153846154 0.0
282 46.15384615384615 0.0
283 42.30769230769231 0.0
284 46.15384615384615 0.0
285 46.15384615384615 0.0
286 38.46153846153846 0.0
287 42.30769230769231 0.0
288 42.30769230769231 0.0
289 42.30769230769231 0.0
290 34.61538461538461 0.0
291 30.76923076923077 0.0
292 26.923076923076923 0.0
293 42.30769230769231 0.0
294 46.15384615384615 0.0
295 53.84615384615385 0.0
296 46.15384615384615 0.0
297 50.0 0.0
298 61.53846153846154 0.0
299 57.69230769230769 0.0
300 69.23076923076923 0.0
301 69.23076923076923 0.0
302 61.53846153846154 0.0
303 57.69230769230769 0.0
304 53.84615384615385 0.0
305 50.0 0.0
306 80.76923076923077 0.0
307 65.38461538461539 0.0
308 69.23076923076923 0.0
309 69.23076923076923 0.0
310 73.07692307692308 0.0
311 65.38461538461539 0.0
312 57.69230769230769 0.0
313 69.23076923076923 0.0
314 53.84615384615385 0.0
315 53.84615384615385 0.0
316 61.53846153846154 0.0
317 57.69230769230769 0.0
318 53.84615384615385 0.0
319 57.69230769230769 0.0
320 53.84615384615385 0.0
321 34.61538461538461 0.0
322 38.46153846153846 0.0
323 46.15384615384615 0.0
324 53.84615384615385 0.0
325 57.69230769230769 0.0
326 46.15384615384615 0.0
327 46.15384615384615 0.0
328 38.46153846153846 0.0
329 42.30769230769231 0.0
330 38.46153846153846 0.0
331 38.46153846153846 0.0
332 50.0 0.0
333 53.84615384615385 0.0
334 80.76923076923077 0.0
335 57.69230769230769 0.0
336 57.69230769230769 0.0
337 46.15384615384615 0.0
338 69.23076923076923 0.0
339 69.23076923076923 0.0
340 61.53846153846154 0.0
341 61.53846153846154 0.0
342 73.07692307692308 0.0
343 69.23076923076923 0.0
344 69.23076923076923 0.0
345 65.38461538461539 0.0
346 57.69230769230769 0.0
347 53.84615384615385 0.0
348 53.84615384615385 0.0
349 53.84615384615385 0.0
350 61.53846153846154 0.0
351 53.84615384615385 0.0
352 76.92307692307692 0.0
353 65.38461538461539 0.0
354 65.38461538461539 0.0
355 57.69230769230769 0.0
356 53.84615384615385 0.0
357 69.23076923076923 0.0
358 53.84615384615385 0.0
359 53.84615384615385 0.0
360 50.0 0.0
361 53.84615384615385 0.0
362 57.69230769230769 0.0
363 50.0 0.0
364 73.07692307692308 0.0
365 69.23076923076923 0.0
366 57.69230769230769 0.0
367 65.38461538461539 0.0
368 61.53846153846154 0.0
369 61.53846153846154 0.0
370 53.84615384615385 0.0
371 53.84615384615385 0.0
372 57.69230769230769 0.0
373 57.69230769230769 0.0
374 38.46153846153846 0.0
375 73.07692307692308 0.0
376 46.15384615384615 0.0
377 42.30769230769231 0.0
378 50.0 0.0
379 69.23076923076923 0.0
380 42.30769230769231 0.0
381 53.84615384615385 0.0
382 61.53846153846154 0.0
383 61.53846153846154 0.0
384 50.0 0.0
385 53.84615384615385 0.0
386 34.61538461538461 0.0
387 38.46153846153846 0.0
388 42.30769230769231 0.0
389 50.0 0.0
390 50.0 0.0
391 30.76923076923077 0.0
392 34.61538461538461 0.0
393 50.0 0.0
394 50.0 0.0
395 50.0 0.0
396 50.0 0.0
397 57.69230769230769 0.0
398 57.69230769230769 0.0
399 42.30769230769231 0.0
400 42.30769230769231 0.0
401 61.53846153846154 0.0
402 53.84615384615385 0.0
403 26.923076923076923 0.0
404 61.53846153846154 0.0
405 34.61538461538461 0.0
406 50.0 0.0
407 69.23076923076923 0.0
408 46.15384615384615 0.0
409 57.69230769230769 0.0
410 46.15384615384615 0.0
411 61.53846153846154 0.0
412 73.07692307692308 0.0
413 65.38461538461539 0.0
414 73.07692307692308 0.0
415 61.53846153846154 0.0
416 65.38461538461539 0.0
417 61.53846153846154 0.0
418 57.69230769230769 0.0
419 50.0 0.0
420 46.15384615384615 0.0
421 69.23076923076923 0.0
422 65.38461538461539 0.0
423 50.0 0.0
424 50.0 0.0
425 61.53846153846154 0.0
426 53.84615384615385 0.0
427 57.69230769230769 0.0
428 61.53846153846154 0.0
429 69.23076923076923 0.0
430 65.38461538461539 0.0
431 61.53846153846154 0.0
432 69.23076923076923 0.0
433 65.38461538461539 0.0
434 53.84615384615385 0.0
435 69.23076923076923 0.0
436 65.38461538461539 0.0
437 50.0 0.0
438 61.53846153846154 0.0
439 61.53846153846154 0.0
440 46.15384615384615 0.0
441 46.15384615384615 0.0
442 46.15384615384615 0.0
443 38.46153846153846 0.0
444 57.69230769230769 0.0
445 50.0 0.0
446 57.69230769230769 0.0
447 61.53846153846154 0.0
448 61.53846153846154 0.0
449 46.15384615384615 0.0
450 57.69230769230769 0.0
451 53.84615384615385 0.0
452 57.69230769230769 0.0
453 57.69230769230769 0.0
454 57.69230769230769 0.0
455 50.0 0.0
456 50.0 0.0
457 61.53846153846154 0.0
458 69.23076923076923 0.0
459 46.15384615384615 0.0
460 53.84615384615385 0.0
461 65.38461538461539 0.0
462 50.0 0.0
463 73.07692307692308 0.0
464 69.23076923076923 0.0
465 50.0 0.0
466 73.07692307692308 0.0
467 53.84615384615385 0.0
468 69.23076923076923 0.0
469 65.38461538461539 0.0
470 69.23076923076923 0.0
471 65.38461538461539 0.0
472 65.38461538461539 0.0
473 53.84615384615385 0.0
474 69.23076923076923 0.0
475 57.69230769230769 0.0
476 53.84615384615385 0.0
477 61.53846153846154 0.0
478 53.84615384615385 0.0
479 50.0 0.0
480 42.30769230769231 0.0
481 57.69230769230769 0.0
482 42.30769230769231 0.0
483 61.53846153846154 0.0
484 42.30769230769231 0.0
485 57.69230769230769 0.0
486 65.38461538461539 0.0
487 46.15384615384615 0.0
488 42.30769230769231 0.0
489 46.15384615384615 0.0
490 57.69230769230769 0.0
491 69.23076923076923 0.0
492 80.76923076923077 0.0
493 50.0 0.0
494 53.84615384615385 0.0
495 65.38461538461539 0.0
496 65.38461538461539 0.0
497 69.23076923076923 0.0
498 65.38461538461539 0.0
499 65.38461538461539 0.0
500 53.84615384615385 0.0
501 61.53846153846154 0.0
502 69.23076923076923 0.0
503 53.84615384615385 0.0
504 76.92307692307692 0.0
505 61.53846153846154 0.0
506 50.0 0.0
507 50.0 0.0
508 50.0 0.0
509 57.69230769230769 0.0
510 53.84615384615385 0.0
511 61.53846153846154 0.0
512 57.69230769230769 0.0
513 65.38461538461539 0.0
514 61.53846153846154 0.0
515 73.07692307692308 0.0
516 61.53846153846154 0.0
517 80.76923076923077 0.0
518 65.38461538461539 0.0
519 53.84615384615385 0.0
520 57.69230769230769 0.0
521 57.69230769230769 0.0
522 61.53846153846154 0.0
523 46.15384615384615 0.0
524 61.53846153846154 0.0
525 46.15384615384615 0.0
526 46.15384615384615 0.0
527 46.15384615384615 0.0
528 50.0 0.0
529 53.84615384615385 0.0
530 53.84615384615385 0.0
531 65.38461538461539 0.0
532 57.69230769230769 0.0
533 53.84615384615385 0.0
534 61.53846153846154 0.0
535 57.69230769230769 0.0
536 53.84615384615385 0.0
537 50.0 0.0
538 61.53846153846154 0.0
539 57.69230769230769 0.0
540 69.23076923076923 0.0
541 69.23076923076923 0.0
542 69.23076923076923 0.0
543 53.84615384615385 0.0
544 50.0 0.0
545 57.69230769230769 0.0
546 65.38461538461539 0.0
547 50.0 0.0
548 46.15384615384615 0.0
549 53.84615384615385 0.0
550 57.69230769230769 0.0
551 76.92307692307692 0.0
552 50.0 0.0
553 57.69230769230769 0.0
554 50.0 0.0
555 65.38461538461539 0.0
556 53.84615384615385 0.0
557 61.53846153846154 0.0
558 57.69230769230769 0.0
559 61.53846153846154 0.0
560 53.84615384615385 0.0
561 57.69230769230769 0.0
562 46.15384615384615 0.0
563 42.30769230769231 0.0
564 38.46153846153846 0.0
565 50.0 0.0
566 38.46153846153846 0.0
567 42.30769230769231 0.0
568 26.923076923076923 0.0
569 38.46153846153846 0.0
570 46.15384615384615 0.0
571 50.0 0.0
572 42.30769230769231 0.0
573 42.30769230769231 0.0
574 38.46153846153846 0.0
575 42.30769230769231 0.0
576 34.61538461538461 0.0
577 42.30769230769231 0.0
578 38.46153846153846 0.0
579 42.30769230769231 0.0
580 34.61538461538461 0.0
581 53.84615384615385 0.0
582 50.0 0.0
583 57.69230769230769 0.0
584 42.30769230769231 0.0
585 42.30769230769231 0.0
586 42.30769230769231 0.0
587 38.46153846153846 0.0
588 38.46153846153846 0.0
589 50.0 0.0
590 38.46153846153846 0.0
591 50.0 0.0
592 57.69230769230769 0.0
593 57.69230769230769 0.0
594 53.84615384615385 0.0
595 53.84615384615385 0.0
596 50.0 0.0
597 53.84615384615385 0.0
598 46.15384615384615 0.0
599 50.0 0.0
600 34.61538461538461 0.0
601 38.46153846153846 0.0
602 38.46153846153846 0.0
603 38.46153846153846 0.0
604 34.61538461538461 0.0
605 42.30769230769231 0.0
606 53.84615384615385 0.0
607 46.15384615384615 0.0
608 46.15384615384615 0.0
609 53.84615384615385 0.0
610 61.53846153846154 0.0
611 42.30769230769231 0.0
612 65.38461538461539 0.0
613 61.53846153846154 0.0
614 61.53846153846154 0.0
615 61.53846153846154 0.0
616 53.84615384615385 0.0
617 65.38461538461539 0.0
618 61.53846153846154 0.0
619 50.0 0.0
620 46.15384615384615 0.0
621 61.53846153846154 0.0
622 50.0 0.0
623 50.0 0.0
624 50.0 0.0
625 42.30769230769231 0.0
626 46.15384615384615 0.0
627 53.84615384615385 0.0
628 50.0 0.0
629 46.15384615384615 0.0
630 42.30769230769231 0.0
631 73.07692307692308 0.0
632 50.0 0.0
633 61.53846153846154 0.0
634 69.23076923076923 0.0
635 61.53846153846154 0.0
636 61.53846153846154 0.0
637 38.46153846153846 0.0
638 30.76923076923077 0.0
639 23.076923076923077 0.0
640 30.76923076923077 0.0
641 38.46153846153846 0.0
642 57.69230769230769 0.0
643 46.15384615384615 0.0
644 34.61538461538461 0.0
645 42.30769230769231 0.0
646 34.61538461538461 0.0
647 46.15384615384615 0.0
648 46.15384615384615 0.0
649 42.30769230769231 0.0
650 42.30769230769231 0.0
651 69.23076923076923 0.0
652 69.23076923076923 0.0
653 53.84615384615385 0.0
654 53.84615384615385 0.0
655 57.69230769230769 0.0
656 38.46153846153846 0.0
657 34.61538461538461 0.0
658 53.84615384615385 0.0
659 61.53846153846154 0.0
660 38.46153846153846 0.0
661 46.15384615384615 0.0
662 46.15384615384615 0.0
663 34.61538461538461 0.0
664 57.69230769230769 0.0
665 42.30769230769231 0.0
666 38.46153846153846 0.0
667 61.53846153846154 0.0
668 57.69230769230769 0.0
669 57.69230769230769 0.0
670 61.53846153846154 0.0
671 76.92307692307692 0.0
672 69.23076923076923 0.0
673 61.53846153846154 0.0
674 61.53846153846154 0.0
675 57.69230769230769 0.0
676 65.38461538461539 0.0
677 34.61538461538461 0.0
678 46.15384615384615 0.0
679 30.76923076923077 0.0
680 42.30769230769231 0.0
681 46.15384615384615 0.0
682 61.53846153846154 0.0
683 42.30769230769231 0.0
684 42.30769230769231 0.0
685 53.84615384615385 0.0
686 38.46153846153846 0.0
687 42.30769230769231 0.0
688 38.46153846153846 0.0
689 38.46153846153846 0.0
690 57.69230769230769 0.0
691 50.0 0.0
692 50.0 0.0
693 50.0 0.0
694 53.84615384615385 0.0
695 53.84615384615385 0.0
696 57.69230769230769 0.0
697 34.61538461538461 0.0
698 42.30769230769231 0.0
699 38.46153846153846 0.0
700 53.84615384615385 0.0
701 53.84615384615385 0.0
702 69.23076923076923 0.0
703 50.0 0.0
704 61.53846153846154 0.0
705 50.0 0.0
706 57.69230769230769 0.0
707 69.23076923076923 0.0
708 61.53846153846154 0.0
709 57.69230769230769 0.0
710 69.23076923076923 0.0
711 69.23076923076923 0.0
712 53.84615384615385 0.0
713 69.23076923076923 0.0
714 53.84615384615385 0.0
715 53.84615384615385 0.0
716 46.15384615384615 0.0
717 46.15384615384615 0.0
718 53.84615384615385 0.0
719 42.30769230769231 0.0
720 46.15384615384615 0.0
721 53.84615384615385 0.0
722 53.84615384615385 0.0
723 46.15384615384615 0.0
724 65.38461538461539 0.0
725 69.23076923076923 0.0
726 53.84615384615385 0.0
727 53.84615384615385 0.0
728 50.0 0.0
729 46.15384615384615 0.0
730 50.0 0.0
731 53.84615384615385 0.0
732 53.84615384615385 0.0
733 53.84615384615385 0.0
734 53.84615384615385 0.0
735 57.69230769230769 0.0
736 57.69230769230769 0.0
737 46.15384615384615 0.0
738 53.84615384615385 0.0
739 50.0 0.0
740 46.15384615384615 0.0
741 42.30769230769231 0.0
742 46.15384615384615 0.0
743 53.84615384615385 0.0
744 57.69230769230769 0.0
745 57.69230769230769 0.0
746 38.46153846153846 0.0
747 34.61538461538461 0.0
748 53.84615384615385 0.0
749 46.15384615384615 0.0
750 34.61538461538461 0.0
751 30.76923076923077 0.0
752 38.46153846153846 0.0
753 50.0 0.0
754 46.15384615384615 0.0
755 53.84615384615385 0.0
756 65.38461538461539 0.0
757 34.61538461538461 0.0
758 42.30769230769231 0.0
759 26.923076923076923 0.0
760 34.61538461538461 0.0
761 50.0 0.0
762 50.0 0.0
763 53.84615384615385 0.0
764 42.30769230769231 0.0
765 50.0 0.0
766 50.0 0.0
767 50.0 0.0
768 34.61538461538461 0.0
769 50.0 0.0
770 46.15384615384615 0.0
771 46.15384615384615 0.0
772 42.30769230769231 0.0
773 53.84615384615385 0.0
774 50.0 0.0
775 50.0 0.0
776 30.76923076923077 0.0
777 38.46153846153846 0.0
778 38.46153846153846 0.0
779 50.0 0.0
780 53.84615384615385 0.0
781 46.15384615384615 0.0
782 53.84615384615385 0.0
783 50.0 0.0
784 53.84615384615385 0.0
785 38.46153846153846 0.0
786 53.84615384615385 0.0
787 57.69230769230769 0.0
788 38.46153846153846 0.0
789 53.84615384615385 0.0
790 61.53846153846154 0.0
791 53.84615384615385 0.0
792 61.53846153846154 0.0
793 57.69230769230769 0.0
794 61.53846153846154 0.0
795 53.84615384615385 0.0
796 69.23076923076923 0.0
797 53.84615384615385 0.0
798 65.38461538461539 0.0
799 69.23076923076923 0.0
800 50.0 0.0
801 57.69230769230769 0.0
802 53.84615384615385 0.0
803 53.84615384615385 0.0
804 50.0 0.0
805 61.53846153846154 0.0
806 57.69230769230769 0.0
807 46.15384615384615 0.0
808 42.30769230769231 0.0
809 30.76923076923077 0.0
810 38.46153846153846 0.0
811 53.84615384615385 0.0
812 61.53846153846154 0.0
813 53.84615384615385 0.0
814 61.53846153846154 0.0
815 57.69230769230769 0.0
816 57.69230769230769 0.0
817 53.84615384615385 0.0
818 57.69230769230769 0.0
819 53.84615384615385 0.0
820 46.15384615384615 0.0
821 50.0 0.0
822 46.15384615384615 0.0
823 42.30769230769231 0.0
824 42.30769230769231 0.0
825 53.84615384615385 0.0
826 42.30769230769231 0.0
827 50.0 0.0
828 38.46153846153846 0.0
829 46.15384615384615 0.0
830 34.61538461538461 0.0
831 50.0 0.0
832 65.38461538461539 0.0
833 42.30769230769231 0.0
834 53.84615384615385 0.0
835 53.84615384615385 0.0
836 38.46153846153846 0.0
837 50.0 0.0
838 61.53846153846154 0.0
839 61.53846153846154 0.0
840 50.0 0.0
841 61.53846153846154 0.0
842 65.38461538461539 0.0
843 61.53846153846154 0.0
844 50.0 0.0
845 34.61538461538461 0.0
846 42.30769230769231 0.0
847 34.61538461538461 0.0
848 42.30769230769231 0.0
849 46.15384615384615 0.0
850 42.30769230769231 0.0
851 57.69230769230769 0.0
852 46.15384615384615 0.0
853 57.69230769230769 0.0
854 65.38461538461539 0.0
855 61.53846153846154 0.0
856 53.84615384615385 0.0
857 50.0 0.0
858 53.84615384615385 0.0
859 38.46153846153846 0.0
860 53.84615384615385 0.0
861 46.15384615384615 0.0
862 34.61538461538461 0.0
863 42.30769230769231 0.0
864 46.15384615384615 0.0
865 53.84615384615385 0.0
866 65.38461538461539 0.0
867 57.69230769230769 0.0
868 65.38461538461539 0.0
869 42.30769230769231 0.0
870 50.0 0.0
871 34.61538461538461 0.0
872 69.23076923076923 0.0
873 57.69230769230769 0.0
874 61.53846153846154 0.0
875 50.0 0.0
876 34.61538461538461 0.0
877 50.0 0.0
878 46.15384615384615 0.0
879 53.84615384615385 0.0
880 38.46153846153846 0.0
881 57.69230769230769 0.0
882 57.69230769230769 0.0
883 61.53846153846154 0.0
884 57.69230769230769 0.0
885 73.07692307692308 0.0
886 46.15384615384615 0.0
887 50.0 0.0
888 42.30769230769231 0.0
889 38.46153846153846 0.0
890 50.0 0.0
891 53.84615384615385 0.0
892 61.53846153846154 0.0
893 46.15384615384615 0.0
894 61.53846153846154 0.0
895 57.69230769230769 0.0
896 53.84615384615385 0.0
897 53.84615384615385 0.0
898 61.53846153846154 0.0
899 53.84615384615385 0.0
900 53.84615384615385 0.0
901 65.38461538461539 0.0
902 61.53846153846154 0.0
903 61.53846153846154 0.0
904 61.53846153846154 0.0
905 57.69230769230769 0.0
906 50.0 0.0
907 57.69230769230769 0.0
908 57.69230769230769 0.0
909 57.69230769230769 0.0
910 57.69230769230769 0.0
911 61.53846153846154 0.0
912 57.69230769230769 0.0
913 42.30769230769231 0.0
914 50.0 0.0
915 53.84615384615385 0.0
916 61.53846153846154 0.0
917 57.69230769230769 0.0
918 50.0 0.0
919 69.23076923076923 0.0
920 65.38461538461539 0.0
921 57.69230769230769 0.0
922 65.38461538461539 0.0
923 69.23076923076923 0.0
924 69.23076923076923 0.0
925 50.0 0.0
926 65.38461538461539 0.0
927 61.53846153846154 0.0
928 65.38461538461539 0.0
929 38.46153846153846 0.0
930 53.84615384615385 0.0
931 50.0 0.0
932 57.69230769230769 0.0
933 46.15384615384615 0.0
934 50.0 0.0
935 53.84615384615385 0.0
936 57.69230769230769 0.0
937 61.53846153846154 0.0
938 42.30769230769231 0.0
939 42.30769230769231 0.0
940 46.15384615384615 0.0
941 53.84615384615385 0.0
942 61.53846153846154 0.0
943 42.30769230769231 0.0
944 46.15384615384615 0.0
945 46.15384615384615 0.0
946 61.53846153846154 0.0
947 50.0 0.0
948 50.0 0.0
949 65.38461538461539 0.0
950 50.0 0.0
951 57.69230769230769 0.0
952 46.15384615384615 0.0
953 46.15384615384615 0.0
954 46.15384615384615 0.0
955 38.46153846153846 0.0
956 38.46153846153846 0.0
957 42.30769230769231 0.0
958 46.15384615384615 0.0
959 53.84615384615385 0.0
960 46.15384615384615 0.0
961 57.69230769230769 0.0
962 53.84615384615385 0.0
963 38.46153846153846 0.0
964 38.46153846153846 0.0
965 57.69230769230769 0.0
966 42.30769230769231 0.0
967 61.53846153846154 0.0
968 42.30769230769231 0.0
969 46.15384615384615 0.0
970 42.30769230769231 0.0
971 42.30769230769231 0.0
972 46.15384615384615 0.0
973 42.30769230769231 0.0
974 50.0 0.0
975 53.84615384615385 0.0
976 61.53846153846154 0.0
977 46.15384615384615 0.0
978 46.15384615384615 0.0
979 42.30769230769231 0.0
980 57.69230769230769 0.0
981 53.84615384615385 0.0
982 42.30769230769231 0.0
983 46.15384615384615 0.0
984 34.61538461538461 0.0
985 50.0 0.0
986 42.30769230769231 0.0
987 53.84615384615385 0.0
988 65.38461538461539 0.0
989 53.84615384615385 0.0
990 50.0 0.0
991 50.0 0.0
992 53.84615384615385 0.0
993 46.15384615384615 0.0
994 50.0 0.0
995 46.15384615384615 0.0
996 46.15384615384615 0.0
997 53.84615384615385 0.0
998 46.15384615384615 0.0
999 42.30769230769231 0.0
