#resid average_duration max_duration persistent_contacts
1 5.734177215189874 35 79
10 3.2222222222222223 7 9
11 4.393258426966292 31 89
12 4.453333333333333 15 75
13 4.301587301587301 40 126
14 2.1666666666666665 3 6
15 4.173913043478261 11 92
16 4.117117117117117 19 111
17 3.4536082474226806 10 97
18 3.0 7 8
19 4.704918032786885 35 122
2 4.0 19 119
20 2.857142857142857 5 7
21 3.857142857142857 18 91
22 3.943396226415094 21 106
23 4.282608695652174 22 92
24 3.5844155844155843 21 154
25 4.336633663366337 31 101
26 4.1192660550458715 31 109
3 3.0 4 5
4 3.876923076923077 17 130
5 4.402298850574713 17 87
6 3.8181818181818183 40 121
7 3.7225806451612904 19 155
8 3.4523809523809526 10 84
9 3.825806451612903 19 155
#TOTAL_CONTACTS 6136 for 1000 frames
