#resid average_duration max_duration persistent_contacts
1 4.0181818181818185 21 110
10 4.056910569105691 28 123
11 4.833333333333333 30 90
12 2.75 5 16
13 3.111111111111111 6 18
14 3.8133333333333335 14 75
15 4.068965517241379 16 87
16 4.0 19 134
17 3.536231884057971 13 138
18 3.5172413793103448 16 87
19 3.533333333333333 19 90
2 4.4423076923076925 30 104
20 4.117647058823529 13 102
21 3.0 5 8
22 3.7422680412371134 17 97
23 3.25 6 20
24 4.6421052631578945 28 95
25 3.611764705882353 43 85
26 4.0754716981132075 16 106
3 4.159090909090909 19 88
4 4.160919540229885 21 87
5 3.6551724137931036 22 87
6 3.2142857142857144 6 14
7 2.9047619047619047 5 21
8 4.60655737704918 43 122
9 4.0476190476190474 13 126
#TOTAL_CONTACTS 5413 for 1000 frames
