#resid average_duration max_duration persistent_contacts
1 3.817073170731707 17 82
10 3.5057471264367814 12 87
11 3.5267175572519083 12 131
12 4.17948717948718 16 117
13 3.661764705882353 17 136
14 3.5 14 106
15 3.988095238095238 21 84
16 3.943820224719101 12 89
17 4.556603773584905 28 106
18 4.5125 19 80
19 4.114285714285714 25 70
2 3.682242990654206 15 107
20 4.121739130434783 29 115
21 3.671232876712329 29 73
22 2.7777777777777777 5 9
23 4.806451612903226 23 62
24 4.141025641025641 23 78
25 4.018018018018018 25 111
26 3.364406779661017 10 118
3 3.5866666666666664 13 150
4 4.439655172413793 23 116
5 3.984251968503937 17 127
6 3.992481203007519 21 133
7 4.105263157894737 28 114
8 2.857142857142857 4 7
9 3.9913793103448274 14 116
#TOTAL_CONTACTS 6559 for 1000 frames
