#resid average_duration max_duration persistent_contacts
1 3.9680851063829787 16 94
10 3.0 4 5
11 2.4 4 5
12 4.129032258064516 21 124
13 4.255813953488372 26 129
14 4.0 28 158
15 4.094827586206897 27 116
16 3.9784172661870505 18 139
17 4.476190476190476 26 105
18 3.269230769230769 12 78
19 3.7586206896551726 11 29
2 4.46218487394958 22 119
20 4.072072072072072 25 111
21 4.176470588235294 22 102
22 4.876106194690266 27 113
23 4.201492537313433 21 134
24 4.427184466019417 28 103
25 4.411764705882353 28 136
26 3.9494949494949494 17 99
3 3.6176470588235294 13 102
4 3.0 4 9
5 3.757575757575758 16 99
6 4.059782608695652 25 184
7 3.7686567164179103 15 134
8 4.218390804597701 28 174
9 4.161904761904762 18 105
#TOTAL_CONTACTS 7015 for 1000 frames
