#frame monomers_% popc_isolated_%
0 50.0 0.0
1 42.30769230769231 0.0
2 46.15384615384615 0.0
3 42.30769230769231 0.0
4 42.30769230769231 0.0
5 42.30769230769231 0.0
6 42.30769230769231 0.0
7 46.15384615384615 0.0
8 42.30769230769231 0.0
9 42.30769230769231 0.0
10 50.0 0.0
11 42.30769230769231 0.0
12 50.0 0.0
13 53.84615384615385 0.0
14 46.15384615384615 0.0
15 53.84615384615385 0.0
16 53.84615384615385 0.0
17 53.84615384615385 0.0
18 46.15384615384615 0.0
19 42.30769230769231 0.0
20 38.46153846153846 0.0
21 30.76923076923077 0.0
22 53.84615384615385 0.0
23 42.30769230769231 0.0
24 46.15384615384615 0.0
25 38.46153846153846 0.0
26 57.69230769230769 0.0
27 50.0 0.0
28 50.0 0.0
29 50.0 0.0
30 50.0 0.0
31 50.0 0.0
32 57.69230769230769 0.0
33 57.69230769230769 0.0
34 46.15384615384615 0.0
35 46.15384615384615 0.0
36 53.84615384615385 0.0
37 50.0 0.0
38 57.69230769230769 0.0
39 69.23076923076923 0.0
40 76.92307692307692 0.0
41 50.0 0.0
42 61.53846153846154 0.0
43 61.53846153846154 0.0
44 50.0 0.0
45 46.15384615384615 0.0
46 46.15384615384615 0.0
47 42.30769230769231 0.0
48 53.84615384615385 0.0
49 57.69230769230769 0.0
50 42.30769230769231 0.0
51 46.15384615384615 0.0
52 46.15384615384615 0.0
53 46.15384615384615 0.0
54 46.15384615384615 0.0
55 61.53846153846154 0.0
56 61.53846153846154 0.0
57 50.0 0.0
58 53.84615384615385 0.0
59 57.69230769230769 0.0
60 61.53846153846154 0.0
61 57.69230769230769 0.0
62 53.84615384615385 0.0
63 53.84615384615385 0.0
64 57.69230769230769 0.0
65 53.84615384615385 0.0
66 53.84615384615385 0.0
67 53.84615384615385 0.0
68 53.84615384615385 0.0
69 53.84615384615385 0.0
70 50.0 0.0
71 42.30769230769231 0.0
72 38.46153846153846 0.0
73 46.15384615384615 0.0
74 46.15384615384615 0.0
75 50.0 0.0
76 42.30769230769231 0.0
77 42.30769230769231 0.0
78 50.0 0.0
79 46.15384615384615 0.0
80 53.84615384615385 0.0
81 42.30769230769231 0.0
82 34.61538461538461 0.0
83 50.0 0.0
84 46.15384615384615 0.0
85 46.15384615384615 0.0
86 50.0 0.0
87 42.30769230769231 0.0
88 42.30769230769231 0.0
89 46.15384615384615 0.0
90 46.15384615384615 0.0
91 46.15384615384615 0.0
92 38.46153846153846 0.0
93 34.61538461538461 0.0
94 38.46153846153846 0.0
95 46.15384615384615 0.0
96 46.15384615384615 0.0
97 57.69230769230769 0.0
98 61.53846153846154 0.0
99 57.69230769230769 0.0
100 57.69230769230769 0.0
101 57.69230769230769 0.0
102 57.69230769230769 0.0
103 57.69230769230769 0.0
104 53.84615384615385 0.0
105 53.84615384615385 0.0
106 53.84615384615385 0.0
107 53.84615384615385 0.0
108 53.84615384615385 0.0
109 50.0 0.0
110 53.84615384615385 0.0
111 53.84615384615385 0.0
112 53.84615384615385 0.0
113 57.69230769230769 0.0
114 50.0 0.0
115 53.84615384615385 0.0
116 53.84615384615385 0.0
117 57.69230769230769 0.0
118 57.69230769230769 0.0
119 50.0 0.0
120 53.84615384615385 0.0
121 50.0 0.0
122 53.84615384615385 0.0
123 53.84615384615385 0.0
124 61.53846153846154 0.0
125 42.30769230769231 0.0
126 50.0 0.0
127 53.84615384615385 0.0
128 57.69230769230769 0.0
129 57.69230769230769 0.0
130 65.38461538461539 0.0
131 61.53846153846154 0.0
132 57.69230769230769 0.0
133 65.38461538461539 0.0
134 57.69230769230769 0.0
135 61.53846153846154 0.0
136 65.38461538461539 0.0
137 61.53846153846154 0.0
138 53.84615384615385 0.0
139 57.69230769230769 0.0
140 69.23076923076923 0.0
141 53.84615384615385 0.0
142 61.53846153846154 0.0
143 57.69230769230769 0.0
144 42.30769230769231 0.0
145 50.0 0.0
146 38.46153846153846 0.0
147 50.0 0.0
148 42.30769230769231 0.0
149 50.0 0.0
150 42.30769230769231 0.0
151 46.15384615384615 0.0
152 38.46153846153846 0.0
153 46.15384615384615 0.0
154 61.53846153846154 0.0
155 53.84615384615385 0.0
156 61.53846153846154 0.0
157 61.53846153846154 0.0
158 61.53846153846154 0.0
159 53.84615384615385 0.0
160 53.84615384615385 0.0
161 61.53846153846154 0.0
162 53.84615384615385 0.0
163 53.84615384615385 0.0
164 53.84615384615385 0.0
165 61.53846153846154 0.0
166 50.0 0.0
167 53.84615384615385 0.0
168 53.84615384615385 0.0
169 42.30769230769231 0.0
170 42.30769230769231 0.0
171 46.15384615384615 0.0
172 46.15384615384615 0.0
173 53.84615384615385 0.0
174 53.84615384615385 0.0
175 46.15384615384615 0.0
176 53.84615384615385 0.0
177 53.84615384615385 0.0
178 61.53846153846154 0.0
179 53.84615384615385 0.0
180 61.53846153846154 0.0
181 61.53846153846154 0.0
182 61.53846153846154 0.0
183 53.84615384615385 0.0
184 53.84615384615385 0.0
185 61.53846153846154 0.0
186 61.53846153846154 0.0
187 53.84615384615385 0.0
188 46.15384615384615 0.0
189 46.15384615384615 0.0
190 53.84615384615385 0.0
191 46.15384615384615 0.0
192 53.84615384615385 0.0
193 46.15384615384615 0.0
194 46.15384615384615 0.0
195 46.15384615384615 0.0
196 61.53846153846154 0.0
197 61.53846153846154 0.0
198 46.15384615384615 0.0
199 53.84615384615385 0.0
200 65.38461538461539 0.0
201 57.69230769230769 0.0
202 46.15384615384615 0.0
203 53.84615384615385 0.0
204 42.30769230769231 0.0
205 50.0 0.0
206 61.53846153846154 0.0
207 57.69230769230769 0.0
208 53.84615384615385 0.0
209 50.0 0.0
210 61.53846153846154 0.0
211 61.53846153846154 0.0
212 57.69230769230769 0.0
213 53.84615384615385 0.0
214 46.15384615384615 0.0
215 46.15384615384615 0.0
216 50.0 0.0
217 53.84615384615385 0.0
218 50.0 0.0
219 50.0 0.0
220 46.15384615384615 0.0
221 46.15384615384615 0.0
222 50.0 0.0
223 53.84615384615385 0.0
224 53.84615384615385 0.0
225 53.84615384615385 0.0
226 57.69230769230769 0.0
227 57.69230769230769 0.0
228 57.69230769230769 0.0
229 50.0 0.0
230 53.84615384615385 0.0
231 50.0 0.0
232 50.0 0.0
233 57.69230769230769 0.0
234 57.69230769230769 0.0
235 57.69230769230769 0.0
236 57.69230769230769 0.0
237 50.0 0.0
238 50.0 0.0
239 50.0 0.0
240 61.53846153846154 0.0
241 50.0 0.0
242 61.53846153846154 0.0
243 46.15384615384615 0.0
244 46.15384615384615 0.0
245 53.84615384615385 0.0
246 53.84615384615385 0.0
247 53.84615384615385 0.0
248 57.69230769230769 0.0
249 53.84615384615385 0.0
250 53.84615384615385 0.0
251 53.84615384615385 0.0
252 53.84615384615385 0.0
253 61.53846153846154 0.0
254 57.69230769230769 0.0
255 61.53846153846154 0.0
256 61.53846153846154 0.0
257 61.53846153846154 0.0
258 69.23076923076923 0.0
259 69.23076923076923 0.0
260 69.23076923076923 0.0
261 69.23076923076923 0.0
262 69.23076923076923 0.0
263 53.84615384615385 0.0
264 61.53846153846154 0.0
265 61.53846153846154 0.0
266 53.84615384615385 0.0
267 46.15384615384615 0.0
268 42.30769230769231 0.0
269 57.69230769230769 0.0
270 50.0 0.0
271 53.84615384615385 0.0
272 53.84615384615385 0.0
273 53.84615384615385 0.0
274 50.0 0.0
275 61.53846153846154 0.0
276 42.30769230769231 0.0
277 50.0 0.0
278 42.30769230769231 0.0
279 46.15384615384615 0.0
280 38.46153846153846 0.0
281 42.30769230769231 0.0
282 23.076923076923077 0.0
283 50.0 0.0
284 42.30769230769231 0.0
285 38.46153846153846 0.0
286 53.84615384615385 0.0
287 53.84615384615385 0.0
288 46.15384615384615 0.0
289 50.0 0.0
290 50.0 0.0
291 57.69230769230769 0.0
292 46.15384615384615 0.0
293 50.0 0.0
294 46.15384615384615 0.0
295 50.0 0.0
296 53.84615384615385 0.0
297 53.84615384615385 0.0
298 53.84615384615385 0.0
299 46.15384615384615 0.0
300 53.84615384615385 0.0
301 46.15384615384615 0.0
302 42.30769230769231 0.0
303 46.15384615384615 0.0
304 50.0 0.0
305 57.69230769230769 0.0
306 50.0 0.0
307 50.0 0.0
308 46.15384615384615 0.0
309 38.46153846153846 0.0
310 53.84615384615385 0.0
311 46.15384615384615 0.0
312 53.84615384615385 0.0
313 53.84615384615385 0.0
314 46.15384615384615 0.0
315 53.84615384615385 0.0
316 46.15384615384615 0.0
317 53.84615384615385 0.0
318 53.84615384615385 0.0
319 53.84615384615385 0.0
320 46.15384615384615 0.0
321 42.30769230769231 0.0
322 53.84615384615385 0.0
323 53.84615384615385 0.0
324 46.15384615384615 0.0
325 61.53846153846154 0.0
326 53.84615384615385 0.0
327 61.53846153846154 0.0
328 53.84615384615385 0.0
329 61.53846153846154 0.0
330 53.84615384615385 0.0
331 53.84615384615385 0.0
332 57.69230769230769 0.0
333 50.0 0.0
334 57.69230769230769 0.0
335 53.84615384615385 0.0
336 57.69230769230769 0.0
337 53.84615384615385 0.0
338 57.69230769230769 0.0
339 57.69230769230769 0.0
340 61.53846153846154 0.0
341 50.0 0.0
342 53.84615384615385 0.0
343 57.69230769230769 0.0
344 65.38461538461539 0.0
345 50.0 0.0
346 57.69230769230769 0.0
347 57.69230769230769 0.0
348 57.69230769230769 0.0
349 57.69230769230769 0.0
350 61.53846153846154 0.0
351 53.84615384615385 0.0
352 50.0 0.0
353 53.84615384615385 0.0
354 53.84615384615385 0.0
355 57.69230769230769 0.0
356 53.84615384615385 0.0
357 53.84615384615385 0.0
358 53.84615384615385 0.0
359 53.84615384615385 0.0
360 50.0 0.0
361 61.53846153846154 0.0
362 61.53846153846154 0.0
363 61.53846153846154 0.0
364 61.53846153846154 0.0
365 53.84615384615385 0.0
366 53.84615384615385 0.0
367 61.53846153846154 0.0
368 69.23076923076923 0.0
369 53.84615384615385 0.0
370 53.84615384615385 0.0
371 57.69230769230769 0.0
372 53.84615384615385 0.0
373 53.84615384615385 0.0
374 53.84615384615385 0.0
375 61.53846153846154 0.0
376 69.23076923076923 0.0
377 57.69230769230769 0.0
378 69.23076923076923 0.0
379 61.53846153846154 0.0
380 61.53846153846154 0.0
381 84.61538461538461 0.0
382 76.92307692307692 0.0
383 76.92307692307692 0.0
384 69.23076923076923 0.0
385 69.23076923076923 0.0
386 65.38461538461539 0.0
387 76.92307692307692 0.0
388 69.23076923076923 0.0
389 65.38461538461539 0.0
390 65.38461538461539 0.0
391 69.23076923076923 0.0
392 65.38461538461539 0.0
393 76.92307692307692 0.0
394 73.07692307692308 0.0
395 73.07692307692308 0.0
396 61.53846153846154 0.0
397 69.23076923076923 0.0
398 69.23076923076923 0.0
399 61.53846153846154 0.0
400 65.38461538461539 0.0
401 76.92307692307692 0.0
402 73.07692307692308 0.0
403 69.23076923076923 0.0
404 57.69230769230769 0.0
405 73.07692307692308 0.0
406 76.92307692307692 0.0
407 73.07692307692308 0.0
408 69.23076923076923 0.0
409 65.38461538461539 0.0
410 61.53846153846154 0.0
411 65.38461538461539 0.0
412 73.07692307692308 0.0
413 73.07692307692308 0.0
414 65.38461538461539 0.0
415 61.53846153846154 0.0
416 61.53846153846154 0.0
417 65.38461538461539 0.0
418 61.53846153846154 0.0
419 69.23076923076923 0.0
420 69.23076923076923 0.0
421 69.23076923076923 0.0
422 65.38461538461539 0.0
423 69.23076923076923 0.0
424 61.53846153846154 0.0
425 61.53846153846154 0.0
426 61.53846153846154 0.0
427 65.38461538461539 0.0
428 61.53846153846154 0.0
429 65.38461538461539 0.0
430 69.23076923076923 0.0
431 61.53846153846154 0.0
432 76.92307692307692 0.0
433 76.92307692307692 0.0
434 69.23076923076923 0.0
435 65.38461538461539 0.0
436 69.23076923076923 0.0
437 69.23076923076923 0.0
438 76.92307692307692 0.0
439 73.07692307692308 0.0
440 76.92307692307692 0.0
441 65.38461538461539 0.0
442 57.69230769230769 0.0
443 57.69230769230769 0.0
444 69.23076923076923 0.0
445 65.38461538461539 0.0
446 69.23076923076923 0.0
447 61.53846153846154 0.0
448 61.53846153846154 0.0
449 65.38461538461539 0.0
450 73.07692307692308 0.0
451 65.38461538461539 0.0
452 65.38461538461539 0.0
453 65.38461538461539 0.0
454 65.38461538461539 0.0
455 61.53846153846154 0.0
456 69.23076923076923 0.0
457 57.69230769230769 0.0
458 65.38461538461539 0.0
459 65.38461538461539 0.0
460 53.84615384615385 0.0
461 53.84615384615385 0.0
462 69.23076923076923 0.0
463 50.0 0.0
464 65.38461538461539 0.0
465 46.15384615384615 0.0
466 57.69230769230769 0.0
467 53.84615384615385 0.0
468 57.69230769230769 0.0
469 65.38461538461539 0.0
470 50.0 0.0
471 50.0 0.0
472 61.53846153846154 0.0
473 38.46153846153846 0.0
474 50.0 0.0
475 57.69230769230769 0.0
476 46.15384615384615 0.0
477 65.38461538461539 0.0
478 61.53846153846154 0.0
479 61.53846153846154 0.0
480 61.53846153846154 0.0
481 53.84615384615385 0.0
482 50.0 0.0
483 46.15384615384615 0.0
484 42.30769230769231 0.0
485 38.46153846153846 0.0
486 53.84615384615385 0.0
487 53.84615384615385 0.0
488 42.30769230769231 0.0
489 57.69230769230769 0.0
490 50.0 0.0
491 46.15384615384615 0.0
492 42.30769230769231 0.0
493 50.0 0.0
494 46.15384615384615 0.0
495 50.0 0.0
496 46.15384615384615 0.0
497 50.0 0.0
498 50.0 0.0
499 46.15384615384615 0.0
500 46.15384615384615 0.0
501 50.0 0.0
502 42.30769230769231 0.0
503 42.30769230769231 0.0
504 57.69230769230769 0.0
505 53.84615384615385 0.0
506 61.53846153846154 0.0
507 53.84615384615385 0.0
508 53.84615384615385 0.0
509 57.69230769230769 0.0
510 61.53846153846154 0.0
511 46.15384615384615 0.0
512 46.15384615384615 0.0
513 46.15384615384615 0.0
514 53.84615384615385 0.0
515 53.84615384615385 0.0
516 61.53846153846154 0.0
517 46.15384615384615 0.0
518 57.69230769230769 0.0
519 50.0 0.0
520 53.84615384615385 0.0
521 50.0 0.0
522 53.84615384615385 0.0
523 53.84615384615385 0.0
524 46.15384615384615 0.0
525 50.0 0.0
526 57.69230769230769 0.0
527 57.69230769230769 0.0
528 46.15384615384615 0.0
529 42.30769230769231 0.0
530 42.30769230769231 0.0
531 57.69230769230769 0.0
532 38.46153846153846 0.0
533 42.30769230769231 0.0
534 50.0 0.0
535 53.84615384615385 0.0
536 46.15384615384615 0.0
537 42.30769230769231 0.0
538 50.0 0.0
539 50.0 0.0
540 57.69230769230769 0.0
541 50.0 0.0
542 65.38461538461539 0.0
543 65.38461538461539 0.0
544 65.38461538461539 0.0
545 57.69230769230769 0.0
546 57.69230769230769 0.0
547 65.38461538461539 0.0
548 73.07692307692308 0.0
549 57.69230769230769 0.0
550 65.38461538461539 0.0
551 57.69230769230769 0.0
552 57.69230769230769 0.0
553 65.38461538461539 0.0
554 73.07692307692308 0.0
555 61.53846153846154 0.0
556 69.23076923076923 0.0
557 42.30769230769231 0.0
558 42.30769230769231 0.0
559 50.0 0.0
560 50.0 0.0
561 50.0 0.0
562 57.69230769230769 0.0
563 50.0 0.0
564 50.0 0.0
565 50.0 0.0
566 57.69230769230769 0.0
567 42.30769230769231 0.0
568 50.0 0.0
569 42.30769230769231 0.0
570 50.0 0.0
571 42.30769230769231 0.0
572 42.30769230769231 0.0
573 34.61538461538461 0.0
574 42.30769230769231 0.0
575 46.15384615384615 0.0
576 46.15384615384615 0.0
577 50.0 0.0
578 50.0 0.0
579 57.69230769230769 0.0
580 50.0 0.0
581 50.0 0.0
582 50.0 0.0
583 50.0 0.0
584 42.30769230769231 0.0
585 50.0 0.0
586 50.0 0.0
587 57.69230769230769 0.0
588 57.69230769230769 0.0
589 61.53846153846154 0.0
590 61.53846153846154 0.0
591 61.53846153846154 0.0
592 61.53846153846154 0.0
593 53.84615384615385 0.0
594 46.15384615384615 0.0
595 50.0 0.0
596 50.0 0.0
597 57.69230769230769 0.0
598 57.69230769230769 0.0
599 53.84615384615385 0.0
600 53.84615384615385 0.0
601 57.69230769230769 0.0
602 38.46153846153846 0.0
603 38.46153846153846 0.0
604 38.46153846153846 0.0
605 38.46153846153846 0.0
606 38.46153846153846 0.0
607 46.15384615384615 0.0
608 46.15384615384615 0.0
609 46.15384615384615 0.0
610 46.15384615384615 0.0
611 46.15384615384615 0.0
612 42.30769230769231 0.0
613 46.15384615384615 0.0
614 46.15384615384615 0.0
615 46.15384615384615 0.0
616 38.46153846153846 0.0
617 34.61538461538461 0.0
618 57.69230769230769 0.0
619 34.61538461538461 0.0
620 50.0 0.0
621 50.0 0.0
622 53.84615384615385 0.0
623 61.53846153846154 0.0
624 46.15384615384615 0.0
625 53.84615384615385 0.0
626 57.69230769230769 0.0
627 46.15384615384615 0.0
628 53.84615384615385 0.0
629 53.84615384615385 0.0
630 53.84615384615385 0.0
631 46.15384615384615 0.0
632 46.15384615384615 0.0
633 53.84615384615385 0.0
634 46.15384615384615 0.0
635 42.30769230769231 0.0
636 42.30769230769231 0.0
637 46.15384615384615 0.0
638 57.69230769230769 0.0
639 38.46153846153846 0.0
640 42.30769230769231 0.0
641 42.30769230769231 0.0
642 34.61538461538461 0.0
643 42.30769230769231 0.0
644 42.30769230769231 0.0
645 53.84615384615385 0.0
646 50.0 0.0
647 53.84615384615385 0.0
648 53.84615384615385 0.0
649 57.69230769230769 0.0
650 57.69230769230769 0.0
651 50.0 0.0
652 46.15384615384615 0.0
653 46.15384615384615 0.0
654 46.15384615384615 0.0
655 46.15384615384615 0.0
656 46.15384615384615 0.0
657 42.30769230769231 0.0
658 42.30769230769231 0.0
659 53.84615384615385 0.0
660 50.0 0.0
661 53.84615384615385 0.0
662 46.15384615384615 0.0
663 46.15384615384615 0.0
664 46.15384615384615 0.0
665 46.15384615384615 0.0
666 42.30769230769231 0.0
667 42.30769230769231 0.0
668 42.30769230769231 0.0
669 53.84615384615385 0.0
670 50.0 0.0
671 38.46153846153846 0.0
672 26.923076923076923 0.0
673 50.0 0.0
674 34.61538461538461 0.0
675 38.46153846153846 0.0
676 26.923076923076923 0.0
677 26.923076923076923 0.0
678 26.923076923076923 0.0
679 50.0 0.0
680 34.61538461538461 0.0
681 26.923076923076923 0.0
682 46.15384615384615 0.0
683 34.61538461538461 0.0
684 46.15384615384615 0.0
685 38.46153846153846 0.0
686 46.15384615384615 0.0
687 42.30769230769231 0.0
688 50.0 0.0
689 42.30769230769231 0.0
690 50.0 0.0
691 42.30769230769231 0.0
692 50.0 0.0
693 42.30769230769231 0.0
694 46.15384615384615 0.0
695 34.61538461538461 0.0
696 42.30769230769231 0.0
697 50.0 0.0
698 50.0 0.0
699 53.84615384615385 0.0
700 57.69230769230769 0.0
701 50.0 0.0
702 57.69230769230769 0.0
703 50.0 0.0
704 65.38461538461539 0.0
705 53.84615384615385 0.0
706 50.0 0.0
707 53.84615384615385 0.0
708 53.84615384615385 0.0
709 57.69230769230769 0.0
710 53.84615384615385 0.0
711 53.84615384615385 0.0
712 65.38461538461539 0.0
713 57.69230769230769 0.0
714 69.23076923076923 0.0
715 53.84615384615385 0.0
716 61.53846153846154 0.0
717 50.0 0.0
718 50.0 0.0
719 42.30769230769231 0.0
720 50.0 0.0
721 53.84615384615385 0.0
722 46.15384615384615 0.0
723 46.15384615384615 0.0
724 50.0 0.0
725 46.15384615384615 0.0
726 50.0 0.0
727 46.15384615384615 0.0
728 57.69230769230769 0.0
729 57.69230769230769 0.0
730 53.84615384615385 0.0
731 53.84615384615385 0.0
732 53.84615384615385 0.0
733 46.15384615384615 0.0
734 57.69230769230769 0.0
735 57.69230769230769 0.0
736 53.84615384615385 0.0
737 46.15384615384615 0.0
738 50.0 0.0
739 53.84615384615385 0.0
740 53.84615384615385 0.0
741 61.53846153846154 0.0
742 61.53846153846154 0.0
743 69.23076923076923 0.0
744 57.69230769230769 0.0
745 65.38461538461539 0.0
746 61.53846153846154 0.0
747 57.69230769230769 0.0
748 61.53846153846154 0.0
749 53.84615384615385 0.0
750 57.69230769230769 0.0
751 46.15384615384615 0.0
752 50.0 0.0
753 53.84615384615385 0.0
754 50.0 0.0
755 50.0 0.0
756 61.53846153846154 0.0
757 73.07692307692308 0.0
758 65.38461538461539 0.0
759 69.23076923076923 0.0
760 69.23076923076923 0.0
761 76.92307692307692 0.0
762 69.23076923076923 0.0
763 57.69230769230769 0.0
764 50.0 0.0
765 50.0 0.0
766 46.15384615384615 0.0
767 65.38461538461539 0.0
768 61.53846153846154 0.0
769 46.15384615384615 0.0
770 46.15384615384615 0.0
771 50.0 0.0
772 46.15384615384615 0.0
773 42.30769230769231 0.0
774 42.30769230769231 0.0
775 53.84615384615385 0.0
776 46.15384615384615 0.0
777 38.46153846153846 0.0
778 50.0 0.0
779 53.84615384615385 0.0
780 53.84615384615385 0.0
781 53.84615384615385 0.0
782 42.30769230769231 0.0
783 42.30769230769231 0.0
784 46.15384615384615 0.0
785 50.0 0.0
786 53.84615384615385 0.0
787 53.84615384615385 0.0
788 53.84615384615385 0.0
789 50.0 0.0
790 42.30769230769231 0.0
791 57.69230769230769 0.0
792 61.53846153846154 0.0
793 53.84615384615385 0.0
794 53.84615384615385 0.0
795 53.84615384615385 0.0
796 53.84615384615385 0.0
797 57.69230769230769 0.0
798 50.0 0.0
799 57.69230769230769 0.0
800 50.0 0.0
801 50.0 0.0
802 61.53846153846154 0.0
803 46.15384615384615 0.0
804 57.69230769230769 0.0
805 69.23076923076923 0.0
806 65.38461538461539 0.0
807 61.53846153846154 0.0
808 57.69230769230769 0.0
809 69.23076923076923 0.0
810 69.23076923076923 0.0
811 69.23076923076923 0.0
812 61.53846153846154 0.0
813 69.23076923076923 0.0
814 69.23076923076923 0.0
815 53.84615384615385 0.0
816 61.53846153846154 0.0
817 61.53846153846154 0.0
818 69.23076923076923 0.0
819 61.53846153846154 0.0
820 53.84615384615385 0.0
821 57.69230769230769 0.0
822 76.92307692307692 0.0
823 76.92307692307692 0.0
824 73.07692307692308 0.0
825 73.07692307692308 0.0
826 76.92307692307692 0.0
827 69.23076923076923 0.0
828 57.69230769230769 0.0
829 61.53846153846154 0.0
830 61.53846153846154 0.0
831 65.38461538461539 0.0
832 76.92307692307692 0.0
833 69.23076923076923 0.0
834 76.92307692307692 0.0
835 73.07692307692308 0.0
836 73.07692307692308 0.0
837 69.23076923076923 0.0
838 69.23076923076923 0.0
839 65.38461538461539 0.0
840 57.69230769230769 0.0
841 69.23076923076923 0.0
842 65.38461538461539 0.0
843 61.53846153846154 0.0
844 69.23076923076923 0.0
845 65.38461538461539 0.0
846 69.23076923076923 0.0
847 61.53846153846154 0.0
848 61.53846153846154 0.0
849 61.53846153846154 0.0
850 76.92307692307692 0.0
851 69.23076923076923 0.0
852 61.53846153846154 0.0
853 65.38461538461539 0.0
854 61.53846153846154 0.0
855 57.69230769230769 0.0
856 65.38461538461539 0.0
857 65.38461538461539 0.0
858 69.23076923076923 0.0
859 61.53846153846154 0.0
860 57.69230769230769 0.0
861 65.38461538461539 0.0
862 53.84615384615385 0.0
863 42.30769230769231 0.0
864 61.53846153846154 0.0
865 46.15384615384615 0.0
866 46.15384615384615 0.0
867 69.23076923076923 0.0
868 50.0 0.0
869 42.30769230769231 0.0
870 38.46153846153846 0.0
871 38.46153846153846 0.0
872 42.30769230769231 0.0
873 50.0 0.0
874 53.84615384615385 0.0
875 50.0 0.0
876 46.15384615384615 0.0
877 50.0 0.0
878 46.15384615384615 0.0
879 38.46153846153846 0.0
880 50.0 0.0
881 42.30769230769231 0.0
882 38.46153846153846 0.0
883 38.46153846153846 0.0
884 38.46153846153846 0.0
885 46.15384615384615 0.0
886 42.30769230769231 0.0
887 42.30769230769231 0.0
888 38.46153846153846 0.0
889 46.15384615384615 0.0
890 53.84615384615385 0.0
891 38.46153846153846 0.0
892 46.15384615384615 0.0
893 38.46153846153846 0.0
894 46.15384615384615 0.0
895 42.30769230769231 0.0
896 42.30769230769231 0.0
897 50.0 0.0
898 34.61538461538461 0.0
899 34.61538461538461 0.0
900 38.46153846153846 0.0
901 57.69230769230769 0.0
902 42.30769230769231 0.0
903 42.30769230769231 0.0
904 46.15384615384615 0.0
905 65.38461538461539 0.0
906 53.84615384615385 0.0
907 57.69230769230769 0.0
908 50.0 0.0
909 65.38461538461539 0.0
910 61.53846153846154 0.0
911 53.84615384615385 0.0
912 53.84615384615385 0.0
913 57.69230769230769 0.0
914 50.0 0.0
915 53.84615384615385 0.0
916 65.38461538461539 0.0
917 46.15384615384615 0.0
918 61.53846153846154 0.0
919 53.84615384615385 0.0
920 69.23076923076923 0.0
921 57.69230769230769 0.0
922 53.84615384615385 0.0
923 61.53846153846154 0.0
924 61.53846153846154 0.0
925 61.53846153846154 0.0
926 61.53846153846154 0.0
927 42.30769230769231 0.0
928 38.46153846153846 0.0
929 57.69230769230769 0.0
930 65.38461538461539 0.0
931 53.84615384615385 0.0
932 50.0 0.0
933 50.0 0.0
934 50.0 0.0
935 57.69230769230769 0.0
936 50.0 0.0
937 65.38461538461539 0.0
938 65.38461538461539 0.0
939 65.38461538461539 0.0
940 61.53846153846154 0.0
941 53.84615384615385 0.0
942 53.84615384615385 0.0
943 50.0 0.0
944 57.69230769230769 0.0
945 61.53846153846154 0.0
946 69.23076923076923 0.0
947 65.38461538461539 0.0
948 65.38461538461539 0.0
949 65.38461538461539 0.0
950 57.69230769230769 0.0
951 50.0 0.0
952 61.53846153846154 0.0
953 69.23076923076923 0.0
954 69.23076923076923 0.0
955 57.69230769230769 0.0
956 50.0 0.0
957 61.53846153846154 0.0
958 61.53846153846154 0.0
959 69.23076923076923 0.0
960 76.92307692307692 0.0
961 65.38461538461539 0.0
962 61.53846153846154 0.0
963 69.23076923076923 0.0
964 61.53846153846154 0.0
965 65.38461538461539 0.0
966 65.38461538461539 0.0
967 61.53846153846154 0.0
968 69.23076923076923 0.0
969 65.38461538461539 0.0
970 69.23076923076923 0.0
971 61.53846153846154 0.0
972 69.23076923076923 0.0
973 73.07692307692308 0.0
974 73.07692307692308 0.0
975 65.38461538461539 0.0
976 57.69230769230769 0.0
977 73.07692307692308 0.0
978 73.07692307692308 0.0
979 65.38461538461539 0.0
980 80.76923076923077 0.0
981 73.07692307692308 0.0
982 80.76923076923077 0.0
983 76.92307692307692 0.0
984 76.92307692307692 0.0
985 61.53846153846154 0.0
986 61.53846153846154 0.0
987 69.23076923076923 0.0
988 80.76923076923077 0.0
989 76.92307692307692 0.0
990 73.07692307692308 0.0
991 73.07692307692308 0.0
992 80.76923076923077 0.0
993 80.76923076923077 0.0
994 80.76923076923077 0.0
995 80.76923076923077 0.0
996 73.07692307692308 0.0
997 80.76923076923077 0.0
998 80.76923076923077 0.0
999 80.76923076923077 0.0
