#frame monomers_% popc_isolated_%
0 69.23076923076923 0.0
1 69.23076923076923 0.0
2 69.23076923076923 0.0
3 65.38461538461539 0.0
4 61.53846153846154 0.0
5 50.0 0.0
6 53.84615384615385 0.0
7 57.69230769230769 0.0
8 61.53846153846154 0.0
9 53.84615384615385 0.0
10 53.84615384615385 0.0
11 50.0 0.0
12 53.84615384615385 0.0
13 57.69230769230769 0.0
14 53.84615384615385 0.0
15 69.23076923076923 0.0
16 65.38461538461539 0.0
17 69.23076923076923 0.0
18 73.07692307692308 0.0
19 61.53846153846154 0.0
20 53.84615384615385 0.0
21 57.69230769230769 0.0
22 73.07692307692308 0.0
23 65.38461538461539 0.0
24 65.38461538461539 0.0
25 73.07692307692308 0.0
26 65.38461538461539 0.0
27 61.53846153846154 0.0
28 61.53846153846154 0.0
29 61.53846153846154 0.0
30 65.38461538461539 0.0
31 53.84615384615385 0.0
32 69.23076923076923 0.0
33 61.53846153846154 0.0
34 65.38461538461539 0.0
35 57.69230769230769 0.0
36 65.38461538461539 0.0
37 65.38461538461539 0.0
38 65.38461538461539 0.0
39 57.69230769230769 0.0
40 57.69230769230769 0.0
41 65.38461538461539 0.0
42 57.69230769230769 0.0
43 57.69230769230769 0.0
44 50.0 0.0
45 73.07692307692308 0.0
46 61.53846153846154 0.0
47 61.53846153846154 0.0
48 61.53846153846154 0.0
49 57.69230769230769 0.0
50 61.53846153846154 0.0
51 65.38461538461539 0.0
52 69.23076923076923 0.0
53 57.69230769230769 0.0
54 57.69230769230769 0.0
55 57.69230769230769 0.0
56 61.53846153846154 0.0
57 61.53846153846154 0.0
58 57.69230769230769 0.0
59 61.53846153846154 0.0
60 61.53846153846154 0.0
61 61.53846153846154 0.0
62 53.84615384615385 0.0
63 53.84615384615385 0.0
64 53.84615384615385 0.0
65 53.84615384615385 0.0
66 53.84615384615385 0.0
67 57.69230769230769 0.0
68 57.69230769230769 0.0
69 65.38461538461539 0.0
70 57.69230769230769 0.0
71 50.0 0.0
72 65.38461538461539 0.0
73 65.38461538461539 0.0
74 61.53846153846154 0.0
75 61.53846153846154 0.0
76 61.53846153846154 0.0
77 57.69230769230769 0.0
78 57.69230769230769 0.0
79 57.69230769230769 0.0
80 57.69230769230769 0.0
81 53.84615384615385 0.0
82 57.69230769230769 0.0
83 53.84615384615385 0.0
84 57.69230769230769 0.0
85 53.84615384615385 0.0
86 53.84615384615385 0.0
87 50.0 0.0
88 57.69230769230769 0.0
89 53.84615384615385 0.0
90 57.69230769230769 0.0
91 53.84615384615385 0.0
92 57.69230769230769 0.0
93 53.84615384615385 0.0
94 46.15384615384615 0.0
95 50.0 0.0
96 46.15384615384615 0.0
97 46.15384615384615 0.0
98 57.69230769230769 0.0
99 57.69230769230769 0.0
100 53.84615384615385 0.0
101 57.69230769230769 0.0
102 57.69230769230769 0.0
103 57.69230769230769 0.0
104 57.69230769230769 0.0
105 50.0 0.0
106 50.0 0.0
107 57.69230769230769 0.0
108 65.38461538461539 0.0
109 53.84615384615385 0.0
110 65.38461538461539 0.0
111 53.84615384615385 0.0
112 57.69230769230769 0.0
113 53.84615384615385 0.0
114 61.53846153846154 0.0
115 65.38461538461539 0.0
116 61.53846153846154 0.0
117 53.84615384615385 0.0
118 57.69230769230769 0.0
119 61.53846153846154 0.0
120 73.07692307692308 0.0
121 69.23076923076923 0.0
122 69.23076923076923 0.0
123 69.23076923076923 0.0
124 69.23076923076923 0.0
125 65.38461538461539 0.0
126 61.53846153846154 0.0
127 61.53846153846154 0.0
128 73.07692307692308 0.0
129 61.53846153846154 0.0
130 61.53846153846154 0.0
131 61.53846153846154 0.0
132 69.23076923076923 0.0
133 61.53846153846154 0.0
134 69.23076923076923 0.0
135 53.84615384615385 0.0
136 53.84615384615385 0.0
137 61.53846153846154 0.0
138 76.92307692307692 0.0
139 61.53846153846154 0.0
140 69.23076923076923 0.0
141 69.23076923076923 0.0
142 61.53846153846154 0.0
143 53.84615384615385 0.0
144 61.53846153846154 0.0
145 61.53846153846154 0.0
146 61.53846153846154 0.0
147 61.53846153846154 0.0
148 61.53846153846154 0.0
149 61.53846153846154 0.0
150 69.23076923076923 0.0
151 61.53846153846154 0.0
152 61.53846153846154 0.0
153 61.53846153846154 0.0
154 61.53846153846154 0.0
155 61.53846153846154 0.0
156 61.53846153846154 0.0
157 61.53846153846154 0.0
158 61.53846153846154 0.0
159 61.53846153846154 0.0
160 61.53846153846154 0.0
161 61.53846153846154 0.0
162 53.84615384615385 0.0
163 46.15384615384615 0.0
164 61.53846153846154 0.0
165 61.53846153846154 0.0
166 53.84615384615385 0.0
167 53.84615384615385 0.0
168 53.84615384615385 0.0
169 61.53846153846154 0.0
170 53.84615384615385 0.0
171 57.69230769230769 0.0
172 57.69230769230769 0.0
173 57.69230769230769 0.0
174 53.84615384615385 0.0
175 61.53846153846154 0.0
176 53.84615384615385 0.0
177 46.15384615384615 0.0
178 61.53846153846154 0.0
179 57.69230769230769 0.0
180 57.69230769230769 0.0
181 53.84615384615385 0.0
182 53.84615384615385 0.0
183 57.69230769230769 0.0
184 53.84615384615385 0.0
185 57.69230769230769 0.0
186 61.53846153846154 0.0
187 57.69230769230769 0.0
188 53.84615384615385 0.0
189 53.84615384615385 0.0
190 53.84615384615385 0.0
191 53.84615384615385 0.0
192 53.84615384615385 0.0
193 53.84615384615385 0.0
194 50.0 0.0
195 53.84615384615385 0.0
196 53.84615384615385 0.0
197 57.69230769230769 0.0
198 57.69230769230769 0.0
199 53.84615384615385 0.0
200 53.84615384615385 0.0
201 53.84615384615385 0.0
202 57.69230769230769 0.0
203 53.84615384615385 0.0
204 53.84615384615385 0.0
205 53.84615384615385 0.0
206 53.84615384615385 0.0
207 50.0 0.0
208 53.84615384615385 0.0
209 50.0 0.0
210 53.84615384615385 0.0
211 50.0 0.0
212 61.53846153846154 0.0
213 53.84615384615385 0.0
214 57.69230769230769 0.0
215 53.84615384615385 0.0
216 53.84615384615385 0.0
217 53.84615384615385 0.0
218 65.38461538461539 0.0
219 69.23076923076923 0.0
220 57.69230769230769 0.0
221 50.0 0.0
222 57.69230769230769 0.0
223 57.69230769230769 0.0
224 65.38461538461539 0.0
225 65.38461538461539 0.0
226 65.38461538461539 0.0
227 57.69230769230769 0.0
228 69.23076923076923 0.0
229 61.53846153846154 0.0
230 69.23076923076923 0.0
231 61.53846153846154 0.0
232 69.23076923076923 0.0
233 61.53846153846154 0.0
234 61.53846153846154 0.0
235 50.0 0.0
236 61.53846153846154 0.0
237 61.53846153846154 0.0
238 57.69230769230769 0.0
239 76.92307692307692 0.0
240 69.23076923076923 0.0
241 69.23076923076923 0.0
242 76.92307692307692 0.0
243 76.92307692307692 0.0
244 69.23076923076923 0.0
245 76.92307692307692 0.0
246 69.23076923076923 0.0
247 65.38461538461539 0.0
248 61.53846153846154 0.0
249 61.53846153846154 0.0
250 61.53846153846154 0.0
251 53.84615384615385 0.0
252 61.53846153846154 0.0
253 73.07692307692308 0.0
254 80.76923076923077 0.0
255 69.23076923076923 0.0
256 84.61538461538461 0.0
257 76.92307692307692 0.0
258 76.92307692307692 0.0
259 84.61538461538461 0.0
260 69.23076923076923 0.0
261 53.84615384615385 0.0
262 61.53846153846154 0.0
263 61.53846153846154 0.0
264 53.84615384615385 0.0
265 46.15384615384615 0.0
266 46.15384615384615 0.0
267 53.84615384615385 0.0
268 53.84615384615385 0.0
269 76.92307692307692 0.0
270 61.53846153846154 0.0
271 76.92307692307692 0.0
272 76.92307692307692 0.0
273 53.84615384615385 0.0
274 65.38461538461539 0.0
275 61.53846153846154 0.0
276 76.92307692307692 0.0
277 84.61538461538461 0.0
278 84.61538461538461 0.0
279 92.3076923076923 0.0
280 69.23076923076923 0.0
281 76.92307692307692 0.0
282 76.92307692307692 0.0
283 76.92307692307692 0.0
284 73.07692307692308 0.0
285 69.23076923076923 0.0
286 73.07692307692308 0.0
287 73.07692307692308 0.0
288 80.76923076923077 0.0
289 76.92307692307692 0.0
290 76.92307692307692 0.0
291 65.38461538461539 0.0
292 65.38461538461539 0.0
293 69.23076923076923 0.0
294 73.07692307692308 0.0
295 73.07692307692308 0.0
296 57.69230769230769 0.0
297 57.69230769230769 0.0
298 61.53846153846154 0.0
299 69.23076923076923 0.0
300 61.53846153846154 0.0
301 73.07692307692308 0.0
302 73.07692307692308 0.0
303 73.07692307692308 0.0
304 61.53846153846154 0.0
305 76.92307692307692 0.0
306 69.23076923076923 0.0
307 76.92307692307692 0.0
308 61.53846153846154 0.0
309 65.38461538461539 0.0
310 65.38461538461539 0.0
311 73.07692307692308 0.0
312 76.92307692307692 0.0
313 76.92307692307692 0.0
314 76.92307692307692 0.0
315 76.92307692307692 0.0
316 76.92307692307692 0.0
317 73.07692307692308 0.0
318 73.07692307692308 0.0
319 76.92307692307692 0.0
320 73.07692307692308 0.0
321 76.92307692307692 0.0
322 65.38461538461539 0.0
323 73.07692307692308 0.0
324 73.07692307692308 0.0
325 65.38461538461539 0.0
326 73.07692307692308 0.0
327 73.07692307692308 0.0
328 69.23076923076923 0.0
329 61.53846153846154 0.0
330 61.53846153846154 0.0
331 65.38461538461539 0.0
332 65.38461538461539 0.0
333 69.23076923076923 0.0
334 65.38461538461539 0.0
335 69.23076923076923 0.0
336 73.07692307692308 0.0
337 61.53846153846154 0.0
338 61.53846153846154 0.0
339 65.38461538461539 0.0
340 65.38461538461539 0.0
341 53.84615384615385 0.0
342 61.53846153846154 0.0
343 57.69230769230769 0.0
344 57.69230769230769 0.0
345 53.84615384615385 0.0
346 53.84615384615385 0.0
347 65.38461538461539 0.0
348 57.69230769230769 0.0
349 57.69230769230769 0.0
350 50.0 0.0
351 57.69230769230769 0.0
352 65.38461538461539 0.0
353 57.69230769230769 0.0
354 57.69230769230769 0.0
355 65.38461538461539 0.0
356 65.38461538461539 0.0
357 65.38461538461539 0.0
358 73.07692307692308 0.0
359 61.53846153846154 0.0
360 65.38461538461539 0.0
361 61.53846153846154 0.0
362 76.92307692307692 0.0
363 53.84615384615385 0.0
364 76.92307692307692 0.0
365 76.92307692307692 0.0
366 61.53846153846154 0.0
367 76.92307692307692 0.0
368 69.23076923076923 0.0
369 61.53846153846154 0.0
370 65.38461538461539 0.0
371 76.92307692307692 0.0
372 61.53846153846154 0.0
373 61.53846153846154 0.0
374 61.53846153846154 0.0
375 61.53846153846154 0.0
376 42.30769230769231 0.0
377 53.84615384615385 0.0
378 61.53846153846154 0.0
379 53.84615384615385 0.0
380 61.53846153846154 0.0
381 69.23076923076923 0.0
382 61.53846153846154 0.0
383 61.53846153846154 0.0
384 76.92307692307692 0.0
385 69.23076923076923 0.0
386 53.84615384615385 0.0
387 69.23076923076923 0.0
388 53.84615384615385 0.0
389 50.0 0.0
390 53.84615384615385 0.0
391 53.84615384615385 0.0
392 61.53846153846154 0.0
393 61.53846153846154 0.0
394 61.53846153846154 0.0
395 61.53846153846154 0.0
396 69.23076923076923 0.0
397 61.53846153846154 0.0
398 53.84615384615385 0.0
399 73.07692307692308 0.0
400 76.92307692307692 0.0
401 69.23076923076923 0.0
402 57.69230769230769 0.0
403 76.92307692307692 0.0
404 61.53846153846154 0.0
405 76.92307692307692 0.0
406 76.92307692307692 0.0
407 65.38461538461539 0.0
408 73.07692307692308 0.0
409 80.76923076923077 0.0
410 80.76923076923077 0.0
411 80.76923076923077 0.0
412 76.92307692307692 0.0
413 76.92307692307692 0.0
414 73.07692307692308 0.0
415 69.23076923076923 0.0
416 80.76923076923077 0.0
417 57.69230769230769 0.0
418 65.38461538461539 0.0
419 76.92307692307692 0.0
420 84.61538461538461 0.0
421 65.38461538461539 0.0
422 76.92307692307692 0.0
423 69.23076923076923 0.0
424 73.07692307692308 0.0
425 61.53846153846154 0.0
426 73.07692307692308 0.0
427 80.76923076923077 0.0
428 84.61538461538461 0.0
429 73.07692307692308 0.0
430 76.92307692307692 0.0
431 73.07692307692308 0.0
432 84.61538461538461 0.0
433 76.92307692307692 0.0
434 84.61538461538461 0.0
435 76.92307692307692 0.0
436 76.92307692307692 0.0
437 80.76923076923077 0.0
438 84.61538461538461 0.0
439 76.92307692307692 0.0
440 76.92307692307692 0.0
441 76.92307692307692 0.0
442 76.92307692307692 0.0
443 69.23076923076923 0.0
444 69.23076923076923 0.0
445 65.38461538461539 0.0
446 61.53846153846154 0.0
447 65.38461538461539 0.0
448 76.92307692307692 0.0
449 76.92307692307692 0.0
450 69.23076923076923 0.0
451 50.0 0.0
452 69.23076923076923 0.0
453 69.23076923076923 0.0
454 69.23076923076923 0.0
455 69.23076923076923 0.0
456 69.23076923076923 0.0
457 61.53846153846154 0.0
458 61.53846153846154 0.0
459 69.23076923076923 0.0
460 80.76923076923077 0.0
461 73.07692307692308 0.0
462 73.07692307692308 0.0
463 76.92307692307692 0.0
464 65.38461538461539 0.0
465 65.38461538461539 0.0
466 69.23076923076923 0.0
467 65.38461538461539 0.0
468 73.07692307692308 0.0
469 69.23076923076923 0.0
470 69.23076923076923 0.0
471 69.23076923076923 0.0
472 69.23076923076923 0.0
473 73.07692307692308 0.0
474 76.92307692307692 0.0
475 84.61538461538461 0.0
476 76.92307692307692 0.0
477 69.23076923076923 0.0
478 84.61538461538461 0.0
479 76.92307692307692 0.0
480 76.92307692307692 0.0
481 76.92307692307692 0.0
482 53.84615384615385 0.0
483 65.38461538461539 0.0
484 53.84615384615385 0.0
485 42.30769230769231 0.0
486 53.84615384615385 0.0
487 53.84615384615385 0.0
488 53.84615384615385 0.0
489 46.15384615384615 0.0
490 65.38461538461539 0.0
491 61.53846153846154 0.0
492 69.23076923076923 0.0
493 61.53846153846154 0.0
494 61.53846153846154 0.0
495 61.53846153846154 0.0
496 69.23076923076923 0.0
497 69.23076923076923 0.0
498 76.92307692307692 0.0
499 76.92307692307692 0.0
500 88.46153846153847 0.0
501 57.69230769230769 0.0
502 61.53846153846154 0.0
503 73.07692307692308 0.0
504 84.61538461538461 0.0
505 76.92307692307692 0.0
506 80.76923076923077 0.0
507 73.07692307692308 0.0
508 84.61538461538461 0.0
509 76.92307692307692 0.0
510 84.61538461538461 0.0
511 65.38461538461539 0.0
512 65.38461538461539 0.0
513 69.23076923076923 0.0
514 65.38461538461539 0.0
515 73.07692307692308 0.0
516 84.61538461538461 0.0
517 88.46153846153847 0.0
518 92.3076923076923 0.0
519 61.53846153846154 0.0
520 69.23076923076923 0.0
521 80.76923076923077 0.0
522 73.07692307692308 0.0
523 69.23076923076923 0.0
524 61.53846153846154 0.0
525 73.07692307692308 0.0
526 69.23076923076923 0.0
527 69.23076923076923 0.0
528 69.23076923076923 0.0
529 76.92307692307692 0.0
530 73.07692307692308 0.0
531 69.23076923076923 0.0
532 69.23076923076923 0.0
533 73.07692307692308 0.0
534 69.23076923076923 0.0
535 65.38461538461539 0.0
536 69.23076923076923 0.0
537 76.92307692307692 0.0
538 69.23076923076923 0.0
539 61.53846153846154 0.0
540 73.07692307692308 0.0
541 80.76923076923077 0.0
542 65.38461538461539 0.0
543 73.07692307692308 0.0
544 69.23076923076923 0.0
545 57.69230769230769 0.0
546 65.38461538461539 0.0
547 88.46153846153847 0.0
548 69.23076923076923 0.0
549 76.92307692307692 0.0
550 76.92307692307692 0.0
551 84.61538461538461 0.0
552 69.23076923076923 0.0
553 69.23076923076923 0.0
554 76.92307692307692 0.0
555 61.53846153846154 0.0
556 69.23076923076923 0.0
557 61.53846153846154 0.0
558 61.53846153846154 0.0
559 73.07692307692308 0.0
560 65.38461538461539 0.0
561 69.23076923076923 0.0
562 61.53846153846154 0.0
563 69.23076923076923 0.0
564 69.23076923076923 0.0
565 76.92307692307692 0.0
566 61.53846153846154 0.0
567 61.53846153846154 0.0
568 69.23076923076923 0.0
569 69.23076923076923 0.0
570 69.23076923076923 0.0
571 61.53846153846154 0.0
572 76.92307692307692 0.0
573 80.76923076923077 0.0
574 76.92307692307692 0.0
575 76.92307692307692 0.0
576 73.07692307692308 0.0
577 76.92307692307692 0.0
578 73.07692307692308 0.0
579 76.92307692307692 0.0
580 80.76923076923077 0.0
581 84.61538461538461 0.0
582 80.76923076923077 0.0
583 84.61538461538461 0.0
584 92.3076923076923 0.0
585 92.3076923076923 0.0
586 76.92307692307692 0.0
587 88.46153846153847 0.0
588 92.3076923076923 0.0
589 88.46153846153847 0.0
590 92.3076923076923 0.0
591 92.3076923076923 0.0
592 92.3076923076923 0.0
593 84.61538461538461 0.0
594 100.0 0.0
595 92.3076923076923 0.0
596 84.61538461538461 0.0
597 84.61538461538461 0.0
598 84.61538461538461 0.0
599 76.92307692307692 0.0
600 84.61538461538461 0.0
601 69.23076923076923 0.0
602 69.23076923076923 0.0
603 76.92307692307692 0.0
604 76.92307692307692 0.0
605 73.07692307692308 0.0
606 80.76923076923077 0.0
607 73.07692307692308 0.0
608 57.69230769230769 0.0
609 65.38461538461539 0.0
610 57.69230769230769 0.0
611 73.07692307692308 0.0
612 73.07692307692308 0.0
613 69.23076923076923 0.0
614 61.53846153846154 0.0
615 69.23076923076923 0.0
616 69.23076923076923 0.0
617 73.07692307692308 0.0
618 69.23076923076923 0.0
619 76.92307692307692 0.0
620 73.07692307692308 0.0
621 73.07692307692308 0.0
622 65.38461538461539 0.0
623 80.76923076923077 0.0
624 80.76923076923077 0.0
625 80.76923076923077 0.0
626 65.38461538461539 0.0
627 73.07692307692308 0.0
628 69.23076923076923 0.0
629 73.07692307692308 0.0
630 69.23076923076923 0.0
631 76.92307692307692 0.0
632 73.07692307692308 0.0
633 76.92307692307692 0.0
634 73.07692307692308 0.0
635 73.07692307692308 0.0
636 61.53846153846154 0.0
637 84.61538461538461 0.0
638 69.23076923076923 0.0
639 76.92307692307692 0.0
640 84.61538461538461 0.0
641 88.46153846153847 0.0
642 53.84615384615385 0.0
643 65.38461538461539 0.0
644 73.07692307692308 0.0
645 80.76923076923077 0.0
646 84.61538461538461 0.0
647 76.92307692307692 0.0
648 76.92307692307692 0.0
649 69.23076923076923 0.0
650 76.92307692307692 0.0
651 76.92307692307692 0.0
652 73.07692307692308 0.0
653 69.23076923076923 0.0
654 69.23076923076923 0.0
655 84.61538461538461 0.0
656 76.92307692307692 0.0
657 76.92307692307692 0.0
658 76.92307692307692 0.0
659 84.61538461538461 0.0
660 76.92307692307692 0.0
661 65.38461538461539 0.0
662 69.23076923076923 0.0
663 69.23076923076923 0.0
664 65.38461538461539 0.0
665 69.23076923076923 0.0
666 76.92307692307692 0.0
667 76.92307692307692 0.0
668 76.92307692307692 0.0
669 84.61538461538461 0.0
670 84.61538461538461 0.0
671 76.92307692307692 0.0
672 84.61538461538461 0.0
673 84.61538461538461 0.0
674 76.92307692307692 0.0
675 80.76923076923077 0.0
676 80.76923076923077 0.0
677 92.3076923076923 0.0
678 84.61538461538461 0.0
679 84.61538461538461 0.0
680 92.3076923076923 0.0
681 80.76923076923077 0.0
682 84.61538461538461 0.0
683 76.92307692307692 0.0
684 69.23076923076923 0.0
685 76.92307692307692 0.0
686 76.92307692307692 0.0
687 76.92307692307692 0.0
688 76.92307692307692 0.0
689 76.92307692307692 0.0
690 69.23076923076923 0.0
691 69.23076923076923 0.0
692 69.23076923076923 0.0
693 69.23076923076923 0.0
694 69.23076923076923 0.0
695 76.92307692307692 0.0
696 76.92307692307692 0.0
697 69.23076923076923 0.0
698 76.92307692307692 0.0
699 76.92307692307692 0.0
700 69.23076923076923 0.0
701 69.23076923076923 0.0
702 53.84615384615385 0.0
703 61.53846153846154 0.0
704 69.23076923076923 0.0
705 69.23076923076923 0.0
706 76.92307692307692 0.0
707 84.61538461538461 0.0
708 76.92307692307692 0.0
709 76.92307692307692 0.0
710 76.92307692307692 0.0
711 61.53846153846154 0.0
712 69.23076923076923 0.0
713 61.53846153846154 0.0
714 92.3076923076923 0.0
715 92.3076923076923 0.0
716 76.92307692307692 0.0
717 73.07692307692308 0.0
718 80.76923076923077 0.0
719 76.92307692307692 0.0
720 80.76923076923077 0.0
721 76.92307692307692 0.0
722 80.76923076923077 0.0
723 80.76923076923077 0.0
724 69.23076923076923 0.0
725 76.92307692307692 0.0
726 61.53846153846154 0.0
727 61.53846153846154 0.0
728 61.53846153846154 0.0
729 69.23076923076923 0.0
730 73.07692307692308 0.0
731 76.92307692307692 0.0
732 65.38461538461539 0.0
733 80.76923076923077 0.0
734 76.92307692307692 0.0
735 73.07692307692308 0.0
736 65.38461538461539 0.0
737 65.38461538461539 0.0
738 73.07692307692308 0.0
739 73.07692307692308 0.0
740 80.76923076923077 0.0
741 73.07692307692308 0.0
742 80.76923076923077 0.0
743 73.07692307692308 0.0
744 73.07692307692308 0.0
745 80.76923076923077 0.0
746 88.46153846153847 0.0
747 88.46153846153847 0.0
748 84.61538461538461 0.0
749 80.76923076923077 0.0
750 76.92307692307692 0.0
751 80.76923076923077 0.0
752 80.76923076923077 0.0
753 76.92307692307692 0.0
754 76.92307692307692 0.0
755 73.07692307692308 0.0
756 76.92307692307692 0.0
757 80.76923076923077 0.0
758 61.53846153846154 0.0
759 80.76923076923077 0.0
760 73.07692307692308 0.0
761 73.07692307692308 0.0
762 80.76923076923077 0.0
763 76.92307692307692 0.0
764 92.3076923076923 0.0
765 84.61538461538461 0.0
766 84.61538461538461 0.0
767 61.53846153846154 0.0
768 88.46153846153847 0.0
769 88.46153846153847 0.0
770 65.38461538461539 0.0
771 69.23076923076923 0.0
772 50.0 0.0
773 42.30769230769231 0.0
774 50.0 0.0
775 65.38461538461539 0.0
776 73.07692307692308 0.0
777 76.92307692307692 0.0
778 73.07692307692308 0.0
779 80.76923076923077 0.0
780 65.38461538461539 0.0
781 73.07692307692308 0.0
782 73.07692307692308 0.0
783 61.53846153846154 0.0
784 80.76923076923077 0.0
785 76.92307692307692 0.0
786 69.23076923076923 0.0
787 69.23076923076923 0.0
788 69.23076923076923 0.0
789 69.23076923076923 0.0
790 76.92307692307692 0.0
791 69.23076923076923 0.0
792 76.92307692307692 0.0
793 80.76923076923077 0.0
794 80.76923076923077 0.0
795 65.38461538461539 0.0
796 73.07692307692308 0.0
797 61.53846153846154 0.0
798 80.76923076923077 0.0
799 80.76923076923077 0.0
800 73.07692307692308 0.0
801 73.07692307692308 0.0
802 65.38461538461539 0.0
803 69.23076923076923 0.0
804 73.07692307692308 0.0
805 69.23076923076923 0.0
806 80.76923076923077 0.0
807 80.76923076923077 0.0
808 88.46153846153847 0.0
809 80.76923076923077 0.0
810 88.46153846153847 0.0
811 80.76923076923077 0.0
812 88.46153846153847 0.0
813 80.76923076923077 0.0
814 84.61538461538461 0.0
815 84.61538461538461 0.0
816 84.61538461538461 0.0
817 100.0 0.0
818 84.61538461538461 0.0
819 84.61538461538461 0.0
820 76.92307692307692 0.0
821 80.76923076923077 0.0
822 76.92307692307692 0.0
823 69.23076923076923 0.0
824 69.23076923076923 0.0
825 69.23076923076923 0.0
826 76.92307692307692 0.0
827 76.92307692307692 0.0
828 61.53846153846154 0.0
829 76.92307692307692 0.0
830 76.92307692307692 0.0
831 61.53846153846154 0.0
832 69.23076923076923 0.0
833 69.23076923076923 0.0
834 76.92307692307692 0.0
835 61.53846153846154 0.0
836 69.23076923076923 0.0
837 76.92307692307692 0.0
838 73.07692307692308 0.0
839 69.23076923076923 0.0
840 69.23076923076923 0.0
841 73.07692307692308 0.0
842 76.92307692307692 0.0
843 84.61538461538461 0.0
844 92.3076923076923 0.0
845 73.07692307692308 0.0
846 80.76923076923077 0.0
847 65.38461538461539 0.0
848 73.07692307692308 0.0
849 92.3076923076923 0.0
850 84.61538461538461 0.0
851 84.61538461538461 0.0
852 88.46153846153847 0.0
853 76.92307692307692 0.0
854 61.53846153846154 0.0
855 69.23076923076923 0.0
856 53.84615384615385 0.0
857 61.53846153846154 0.0
858 69.23076923076923 0.0
859 76.92307692307692 0.0
860 76.92307692307692 0.0
861 69.23076923076923 0.0
862 65.38461538461539 0.0
863 73.07692307692308 0.0
864 61.53846153846154 0.0
865 65.38461538461539 0.0
866 69.23076923076923 0.0
867 65.38461538461539 0.0
868 65.38461538461539 0.0
869 73.07692307692308 0.0
870 53.84615384615385 0.0
871 57.69230769230769 0.0
872 69.23076923076923 0.0
873 50.0 0.0
874 76.92307692307692 0.0
875 65.38461538461539 0.0
876 50.0 0.0
877 53.84615384615385 0.0
878 65.38461538461539 0.0
879 65.38461538461539 0.0
880 61.53846153846154 0.0
881 61.53846153846154 0.0
882 65.38461538461539 0.0
883 61.53846153846154 0.0
884 73.07692307692308 0.0
885 80.76923076923077 0.0
886 80.76923076923077 0.0
887 65.38461538461539 0.0
888 69.23076923076923 0.0
889 57.69230769230769 0.0
890 65.38461538461539 0.0
891 65.38461538461539 0.0
892 73.07692307692308 0.0
893 57.69230769230769 0.0
894 61.53846153846154 0.0
895 76.92307692307692 0.0
896 61.53846153846154 0.0
897 76.92307692307692 0.0
898 69.23076923076923 0.0
899 76.92307692307692 0.0
900 61.53846153846154 0.0
901 65.38461538461539 0.0
902 65.38461538461539 0.0
903 65.38461538461539 0.0
904 50.0 0.0
905 50.0 0.0
906 50.0 0.0
907 34.61538461538461 0.0
908 42.30769230769231 0.0
909 42.30769230769231 0.0
910 42.30769230769231 0.0
911 42.30769230769231 0.0
912 42.30769230769231 0.0
913 57.69230769230769 0.0
914 50.0 0.0
915 57.69230769230769 0.0
916 65.38461538461539 0.0
917 50.0 0.0
918 50.0 0.0
919 57.69230769230769 0.0
920 42.30769230769231 0.0
921 50.0 0.0
922 57.69230769230769 0.0
923 50.0 0.0
924 42.30769230769231 0.0
925 42.30769230769231 0.0
926 42.30769230769231 0.0
927 46.15384615384615 0.0
928 61.53846153846154 0.0
929 50.0 0.0
930 42.30769230769231 0.0
931 61.53846153846154 0.0
932 57.69230769230769 0.0
933 69.23076923076923 0.0
934 50.0 0.0
935 50.0 0.0
936 50.0 0.0
937 46.15384615384615 0.0
938 53.84615384615385 0.0
939 53.84615384615385 0.0
940 50.0 0.0
941 65.38461538461539 0.0
942 61.53846153846154 0.0
943 69.23076923076923 0.0
944 57.69230769230769 0.0
945 50.0 0.0
946 53.84615384615385 0.0
947 53.84615384615385 0.0
948 46.15384615384615 0.0
949 50.0 0.0
950 53.84615384615385 0.0
951 46.15384615384615 0.0
952 46.15384615384615 0.0
953 53.84615384615385 0.0
954 53.84615384615385 0.0
955 53.84615384615385 0.0
956 46.15384615384615 0.0
957 61.53846153846154 0.0
958 61.53846153846154 0.0
959 53.84615384615385 0.0
960 46.15384615384615 0.0
961 53.84615384615385 0.0
962 53.84615384615385 0.0
963 53.84615384615385 0.0
964 46.15384615384615 0.0
965 46.15384615384615 0.0
966 46.15384615384615 0.0
967 46.15384615384615 0.0
968 46.15384615384615 0.0
969 53.84615384615385 0.0
970 53.84615384615385 0.0
971 46.15384615384615 0.0
972 46.15384615384615 0.0
973 53.84615384615385 0.0
974 53.84615384615385 0.0
975 53.84615384615385 0.0
976 53.84615384615385 0.0
977 53.84615384615385 0.0
978 53.84615384615385 0.0
979 53.84615384615385 0.0
980 50.0 0.0
981 53.84615384615385 0.0
982 50.0 0.0
983 50.0 0.0
984 53.84615384615385 0.0
985 61.53846153846154 0.0
986 53.84615384615385 0.0
987 61.53846153846154 0.0
988 61.53846153846154 0.0
989 61.53846153846154 0.0
990 53.84615384615385 0.0
991 61.53846153846154 0.0
992 46.15384615384615 0.0
993 57.69230769230769 0.0
994 53.84615384615385 0.0
995 53.84615384615385 0.0
996 53.84615384615385 0.0
997 53.84615384615385 0.0
998 53.84615384615385 0.0
999 69.23076923076923 0.0
