#frame monomers_% popc_isolated_%
0 80.76923076923077 0.0
1 84.61538461538461 0.0
2 84.61538461538461 0.0
3 76.92307692307692 0.0
4 84.61538461538461 0.0
5 84.61538461538461 0.0
6 76.92307692307692 0.0
7 84.61538461538461 0.0
8 84.61538461538461 0.0
9 84.61538461538461 0.0
10 76.92307692307692 0.0
11 69.23076923076923 0.0
12 73.07692307692308 0.0
13 84.61538461538461 0.0
14 76.92307692307692 0.0
15 76.92307692307692 0.0
16 84.61538461538461 0.0
17 76.92307692307692 0.0
18 69.23076923076923 0.0
19 76.92307692307692 0.0
20 76.92307692307692 0.0
21 69.23076923076923 0.0
22 76.92307692307692 0.0
23 69.23076923076923 0.0
24 69.23076923076923 0.0
25 65.38461538461539 0.0
26 69.23076923076923 0.0
27 69.23076923076923 0.0
28 69.23076923076923 0.0
29 76.92307692307692 0.0
30 69.23076923076923 0.0
31 69.23076923076923 0.0
32 76.92307692307692 0.0
33 76.92307692307692 0.0
34 84.61538461538461 0.0
35 76.92307692307692 0.0
36 84.61538461538461 0.0
37 76.92307692307692 0.0
38 84.61538461538461 0.0
39 84.61538461538461 0.0
40 84.61538461538461 0.0
41 92.3076923076923 0.0
42 76.92307692307692 0.0
43 73.07692307692308 0.0
44 76.92307692307692 0.0
45 73.07692307692308 0.0
46 73.07692307692308 0.0
47 84.61538461538461 0.0
48 92.3076923076923 0.0
49 92.3076923076923 0.0
50 92.3076923076923 0.0
51 92.3076923076923 0.0
52 84.61538461538461 0.0
53 76.92307692307692 0.0
54 92.3076923076923 0.0
55 100.0 0.0
56 92.3076923076923 0.0
57 100.0 0.0
58 84.61538461538461 0.0
59 69.23076923076923 0.0
60 92.3076923076923 0.0
61 84.61538461538461 0.0
62 76.92307692307692 0.0
63 84.61538461538461 0.0
64 92.3076923076923 0.0
65 69.23076923076923 0.0
66 84.61538461538461 0.0
67 69.23076923076923 0.0
68 76.92307692307692 0.0
69 76.92307692307692 0.0
70 84.61538461538461 0.0
71 84.61538461538461 0.0
72 92.3076923076923 0.0
73 84.61538461538461 0.0
74 84.61538461538461 0.0
75 76.92307692307692 0.0
76 84.61538461538461 0.0
77 76.92307692307692 0.0
78 76.92307692307692 0.0
79 69.23076923076923 0.0
80 69.23076923076923 0.0
81 69.23076923076923 0.0
82 61.53846153846154 0.0
83 57.69230769230769 0.0
84 76.92307692307692 0.0
85 69.23076923076923 0.0
86 57.69230769230769 0.0
87 53.84615384615385 0.0
88 61.53846153846154 0.0
89 69.23076923076923 0.0
90 61.53846153846154 0.0
91 61.53846153846154 0.0
92 53.84615384615385 0.0
93 61.53846153846154 0.0
94 61.53846153846154 0.0
95 57.69230769230769 0.0
96 61.53846153846154 0.0
97 65.38461538461539 0.0
98 61.53846153846154 0.0
99 61.53846153846154 0.0
100 76.92307692307692 0.0
101 76.92307692307692 0.0
102 76.92307692307692 0.0
103 69.23076923076923 0.0
104 73.07692307692308 0.0
105 69.23076923076923 0.0
106 57.69230769230769 0.0
107 61.53846153846154 0.0
108 69.23076923076923 0.0
109 69.23076923076923 0.0
110 65.38461538461539 0.0
111 69.23076923076923 0.0
112 65.38461538461539 0.0
113 69.23076923076923 0.0
114 69.23076923076923 0.0
115 84.61538461538461 0.0
116 84.61538461538461 0.0
117 76.92307692307692 0.0
118 76.92307692307692 0.0
119 69.23076923076923 0.0
120 84.61538461538461 0.0
121 69.23076923076923 0.0
122 76.92307692307692 0.0
123 76.92307692307692 0.0
124 69.23076923076923 0.0
125 92.3076923076923 0.0
126 76.92307692307692 0.0
127 76.92307692307692 0.0
128 84.61538461538461 0.0
129 84.61538461538461 0.0
130 76.92307692307692 0.0
131 76.92307692307692 0.0
132 84.61538461538461 0.0
133 92.3076923076923 0.0
134 69.23076923076923 0.0
135 69.23076923076923 0.0
136 61.53846153846154 0.0
137 61.53846153846154 0.0
138 53.84615384615385 0.0
139 76.92307692307692 0.0
140 80.76923076923077 0.0
141 76.92307692307692 0.0
142 84.61538461538461 0.0
143 84.61538461538461 0.0
144 92.3076923076923 0.0
145 76.92307692307692 0.0
146 92.3076923076923 0.0
147 65.38461538461539 0.0
148 84.61538461538461 0.0
149 76.92307692307692 0.0
150 76.92307692307692 0.0
151 84.61538461538461 0.0
152 76.92307692307692 0.0
153 76.92307692307692 0.0
154 76.92307692307692 0.0
155 76.92307692307692 0.0
156 76.92307692307692 0.0
157 84.61538461538461 0.0
158 76.92307692307692 0.0
159 84.61538461538461 0.0
160 65.38461538461539 0.0
161 76.92307692307692 0.0
162 76.92307692307692 0.0
163 76.92307692307692 0.0
164 73.07692307692308 0.0
165 57.69230769230769 0.0
166 73.07692307692308 0.0
167 73.07692307692308 0.0
168 73.07692307692308 0.0
169 65.38461538461539 0.0
170 53.84615384615385 0.0
171 73.07692307692308 0.0
172 69.23076923076923 0.0
173 73.07692307692308 0.0
174 73.07692307692308 0.0
175 73.07692307692308 0.0
176 80.76923076923077 0.0
177 80.76923076923077 0.0
178 84.61538461538461 0.0
179 80.76923076923077 0.0
180 80.76923076923077 0.0
181 69.23076923076923 0.0
182 76.92307692307692 0.0
183 84.61538461538461 0.0
184 69.23076923076923 0.0
185 65.38461538461539 0.0
186 73.07692307692308 0.0
187 69.23076923076923 0.0
188 76.92307692307692 0.0
189 84.61538461538461 0.0
190 76.92307692307692 0.0
191 73.07692307692308 0.0
192 61.53846153846154 0.0
193 73.07692307692308 0.0
194 76.92307692307692 0.0
195 69.23076923076923 0.0
196 76.92307692307692 0.0
197 84.61538461538461 0.0
198 84.61538461538461 0.0
199 69.23076923076923 0.0
200 69.23076923076923 0.0
201 92.3076923076923 0.0
202 92.3076923076923 0.0
203 88.46153846153847 0.0
204 92.3076923076923 0.0
205 80.76923076923077 0.0
206 73.07692307692308 0.0
207 80.76923076923077 0.0
208 80.76923076923077 0.0
209 80.76923076923077 0.0
210 73.07692307692308 0.0
211 69.23076923076923 0.0
212 76.92307692307692 0.0
213 76.92307692307692 0.0
214 61.53846153846154 0.0
215 73.07692307692308 0.0
216 61.53846153846154 0.0
217 80.76923076923077 0.0
218 65.38461538461539 0.0
219 73.07692307692308 0.0
220 84.61538461538461 0.0
221 69.23076923076923 0.0
222 76.92307692307692 0.0
223 76.92307692307692 0.0
224 69.23076923076923 0.0
225 61.53846153846154 0.0
226 65.38461538461539 0.0
227 53.84615384615385 0.0
228 53.84615384615385 0.0
229 57.69230769230769 0.0
230 53.84615384615385 0.0
231 69.23076923076923 0.0
232 73.07692307692308 0.0
233 69.23076923076923 0.0
234 73.07692307692308 0.0
235 76.92307692307692 0.0
236 76.92307692307692 0.0
237 76.92307692307692 0.0
238 92.3076923076923 0.0
239 76.92307692307692 0.0
240 84.61538461538461 0.0
241 76.92307692307692 0.0
242 76.92307692307692 0.0
243 76.92307692307692 0.0
244 92.3076923076923 0.0
245 84.61538461538461 0.0
246 65.38461538461539 0.0
247 65.38461538461539 0.0
248 65.38461538461539 0.0
249 69.23076923076923 0.0
250 57.69230769230769 0.0
251 84.61538461538461 0.0
252 76.92307692307692 0.0
253 84.61538461538461 0.0
254 76.92307692307692 0.0
255 76.92307692307692 0.0
256 53.84615384615385 0.0
257 61.53846153846154 0.0
258 57.69230769230769 0.0
259 73.07692307692308 0.0
260 69.23076923076923 0.0
261 76.92307692307692 0.0
262 69.23076923076923 0.0
263 69.23076923076923 0.0
264 73.07692307692308 0.0
265 84.61538461538461 0.0
266 73.07692307692308 0.0
267 92.3076923076923 0.0
268 84.61538461538461 0.0
269 92.3076923076923 0.0
270 84.61538461538461 0.0
271 92.3076923076923 0.0
272 84.61538461538461 0.0
273 69.23076923076923 0.0
274 73.07692307692308 0.0
275 65.38461538461539 0.0
276 73.07692307692308 0.0
277 80.76923076923077 0.0
278 100.0 0.0
279 80.76923076923077 0.0
280 92.3076923076923 0.0
281 88.46153846153847 0.0
282 76.92307692307692 0.0
283 84.61538461538461 0.0
284 84.61538461538461 0.0
285 76.92307692307692 0.0
286 84.61538461538461 0.0
287 69.23076923076923 0.0
288 69.23076923076923 0.0
289 80.76923076923077 0.0
290 84.61538461538461 0.0
291 92.3076923076923 0.0
292 84.61538461538461 0.0
293 84.61538461538461 0.0
294 76.92307692307692 0.0
295 84.61538461538461 0.0
296 76.92307692307692 0.0
297 80.76923076923077 0.0
298 73.07692307692308 0.0
299 73.07692307692308 0.0
300 76.92307692307692 0.0
301 73.07692307692308 0.0
302 65.38461538461539 0.0
303 73.07692307692308 0.0
304 73.07692307692308 0.0
305 65.38461538461539 0.0
306 73.07692307692308 0.0
307 73.07692307692308 0.0
308 73.07692307692308 0.0
309 88.46153846153847 0.0
310 80.76923076923077 0.0
311 73.07692307692308 0.0
312 80.76923076923077 0.0
313 80.76923076923077 0.0
314 88.46153846153847 0.0
315 80.76923076923077 0.0
316 73.07692307692308 0.0
317 80.76923076923077 0.0
318 88.46153846153847 0.0
319 88.46153846153847 0.0
320 88.46153846153847 0.0
321 80.76923076923077 0.0
322 73.07692307692308 0.0
323 80.76923076923077 0.0
324 80.76923076923077 0.0
325 80.76923076923077 0.0
326 80.76923076923077 0.0
327 80.76923076923077 0.0
328 65.38461538461539 0.0
329 73.07692307692308 0.0
330 69.23076923076923 0.0
331 69.23076923076923 0.0
332 69.23076923076923 0.0
333 80.76923076923077 0.0
334 73.07692307692308 0.0
335 73.07692307692308 0.0
336 65.38461538461539 0.0
337 73.07692307692308 0.0
338 65.38461538461539 0.0
339 65.38461538461539 0.0
340 65.38461538461539 0.0
341 73.07692307692308 0.0
342 80.76923076923077 0.0
343 65.38461538461539 0.0
344 69.23076923076923 0.0
345 69.23076923076923 0.0
346 61.53846153846154 0.0
347 69.23076923076923 0.0
348 61.53846153846154 0.0
349 61.53846153846154 0.0
350 69.23076923076923 0.0
351 61.53846153846154 0.0
352 57.69230769230769 0.0
353 61.53846153846154 0.0
354 53.84615384615385 0.0
355 61.53846153846154 0.0
356 53.84615384615385 0.0
357 53.84615384615385 0.0
358 61.53846153846154 0.0
359 53.84615384615385 0.0
360 69.23076923076923 0.0
361 61.53846153846154 0.0
362 53.84615384615385 0.0
363 84.61538461538461 0.0
364 76.92307692307692 0.0
365 76.92307692307692 0.0
366 61.53846153846154 0.0
367 76.92307692307692 0.0
368 69.23076923076923 0.0
369 61.53846153846154 0.0
370 53.84615384615385 0.0
371 76.92307692307692 0.0
372 69.23076923076923 0.0
373 69.23076923076923 0.0
374 76.92307692307692 0.0
375 53.84615384615385 0.0
376 61.53846153846154 0.0
377 69.23076923076923 0.0
378 76.92307692307692 0.0
379 61.53846153846154 0.0
380 69.23076923076923 0.0
381 76.92307692307692 0.0
382 76.92307692307692 0.0
383 76.92307692307692 0.0
384 65.38461538461539 0.0
385 69.23076923076923 0.0
386 61.53846153846154 0.0
387 69.23076923076923 0.0
388 65.38461538461539 0.0
389 61.53846153846154 0.0
390 65.38461538461539 0.0
391 65.38461538461539 0.0
392 84.61538461538461 0.0
393 61.53846153846154 0.0
394 69.23076923076923 0.0
395 73.07692307692308 0.0
396 80.76923076923077 0.0
397 69.23076923076923 0.0
398 61.53846153846154 0.0
399 84.61538461538461 0.0
400 84.61538461538461 0.0
401 92.3076923076923 0.0
402 80.76923076923077 0.0
403 88.46153846153847 0.0
404 84.61538461538461 0.0
405 84.61538461538461 0.0
406 84.61538461538461 0.0
407 84.61538461538461 0.0
408 76.92307692307692 0.0
409 65.38461538461539 0.0
410 76.92307692307692 0.0
411 73.07692307692308 0.0
412 80.76923076923077 0.0
413 80.76923076923077 0.0
414 80.76923076923077 0.0
415 80.76923076923077 0.0
416 69.23076923076923 0.0
417 73.07692307692308 0.0
418 80.76923076923077 0.0
419 73.07692307692308 0.0
420 84.61538461538461 0.0
421 76.92307692307692 0.0
422 69.23076923076923 0.0
423 65.38461538461539 0.0
424 65.38461538461539 0.0
425 65.38461538461539 0.0
426 73.07692307692308 0.0
427 65.38461538461539 0.0
428 73.07692307692308 0.0
429 73.07692307692308 0.0
430 65.38461538461539 0.0
431 73.07692307692308 0.0
432 61.53846153846154 0.0
433 65.38461538461539 0.0
434 61.53846153846154 0.0
435 61.53846153846154 0.0
436 69.23076923076923 0.0
437 65.38461538461539 0.0
438 65.38461538461539 0.0
439 65.38461538461539 0.0
440 76.92307692307692 0.0
441 76.92307692307692 0.0
442 84.61538461538461 0.0
443 84.61538461538461 0.0
444 84.61538461538461 0.0
445 76.92307692307692 0.0
446 76.92307692307692 0.0
447 61.53846153846154 0.0
448 76.92307692307692 0.0
449 92.3076923076923 0.0
450 84.61538461538461 0.0
451 76.92307692307692 0.0
452 76.92307692307692 0.0
453 84.61538461538461 0.0
454 76.92307692307692 0.0
455 80.76923076923077 0.0
456 84.61538461538461 0.0
457 80.76923076923077 0.0
458 84.61538461538461 0.0
459 84.61538461538461 0.0
460 76.92307692307692 0.0
461 76.92307692307692 0.0
462 76.92307692307692 0.0
463 76.92307692307692 0.0
464 65.38461538461539 0.0
465 61.53846153846154 0.0
466 57.69230769230769 0.0
467 50.0 0.0
468 69.23076923076923 0.0
469 69.23076923076923 0.0
470 65.38461538461539 0.0
471 61.53846153846154 0.0
472 61.53846153846154 0.0
473 61.53846153846154 0.0
474 53.84615384615385 0.0
475 53.84615384615385 0.0
476 69.23076923076923 0.0
477 46.15384615384615 0.0
478 57.69230769230769 0.0
479 65.38461538461539 0.0
480 65.38461538461539 0.0
481 61.53846153846154 0.0
482 50.0 0.0
483 61.53846153846154 0.0
484 53.84615384615385 0.0
485 57.69230769230769 0.0
486 57.69230769230769 0.0
487 42.30769230769231 0.0
488 65.38461538461539 0.0
489 57.69230769230769 0.0
490 57.69230769230769 0.0
491 69.23076923076923 0.0
492 69.23076923076923 0.0
493 69.23076923076923 0.0
494 61.53846153846154 0.0
495 69.23076923076923 0.0
496 69.23076923076923 0.0
497 76.92307692307692 0.0
498 69.23076923076923 0.0
499 69.23076923076923 0.0
500 61.53846153846154 0.0
501 50.0 0.0
502 76.92307692307692 0.0
503 65.38461538461539 0.0
504 84.61538461538461 0.0
505 84.61538461538461 0.0
506 69.23076923076923 0.0
507 69.23076923076923 0.0
508 84.61538461538461 0.0
509 80.76923076923077 0.0
510 76.92307692307692 0.0
511 73.07692307692308 0.0
512 76.92307692307692 0.0
513 76.92307692307692 0.0
514 53.84615384615385 0.0
515 69.23076923076923 0.0
516 61.53846153846154 0.0
517 76.92307692307692 0.0
518 73.07692307692308 0.0
519 69.23076923076923 0.0
520 69.23076923076923 0.0
521 69.23076923076923 0.0
522 69.23076923076923 0.0
523 69.23076923076923 0.0
524 69.23076923076923 0.0
525 76.92307692307692 0.0
526 76.92307692307692 0.0
527 76.92307692307692 0.0
528 92.3076923076923 0.0
529 69.23076923076923 0.0
530 69.23076923076923 0.0
531 69.23076923076923 0.0
532 73.07692307692308 0.0
533 76.92307692307692 0.0
534 69.23076923076923 0.0
535 69.23076923076923 0.0
536 65.38461538461539 0.0
537 57.69230769230769 0.0
538 50.0 0.0
539 65.38461538461539 0.0
540 65.38461538461539 0.0
541 53.84615384615385 0.0
542 61.53846153846154 0.0
543 69.23076923076923 0.0
544 50.0 0.0
545 69.23076923076923 0.0
546 53.84615384615385 0.0
547 61.53846153846154 0.0
548 53.84615384615385 0.0
549 53.84615384615385 0.0
550 61.53846153846154 0.0
551 50.0 0.0
552 65.38461538461539 0.0
553 50.0 0.0
554 50.0 0.0
555 42.30769230769231 0.0
556 53.84615384615385 0.0
557 50.0 0.0
558 50.0 0.0
559 57.69230769230769 0.0
560 69.23076923076923 0.0
561 69.23076923076923 0.0
562 69.23076923076923 0.0
563 69.23076923076923 0.0
564 46.15384615384615 0.0
565 61.53846153846154 0.0
566 76.92307692307692 0.0
567 57.69230769230769 0.0
568 69.23076923076923 0.0
569 53.84615384615385 0.0
570 57.69230769230769 0.0
571 50.0 0.0
572 61.53846153846154 0.0
573 53.84615384615385 0.0
574 50.0 0.0
575 46.15384615384615 0.0
576 46.15384615384615 0.0
577 42.30769230769231 0.0
578 42.30769230769231 0.0
579 38.46153846153846 0.0
580 46.15384615384615 0.0
581 50.0 0.0
582 50.0 0.0
583 42.30769230769231 0.0
584 42.30769230769231 0.0
585 42.30769230769231 0.0
586 57.69230769230769 0.0
587 57.69230769230769 0.0
588 65.38461538461539 0.0
589 57.69230769230769 0.0
590 65.38461538461539 0.0
591 61.53846153846154 0.0
592 53.84615384615385 0.0
593 65.38461538461539 0.0
594 61.53846153846154 0.0
595 65.38461538461539 0.0
596 65.38461538461539 0.0
597 65.38461538461539 0.0
598 50.0 0.0
599 53.84615384615385 0.0
600 53.84615384615385 0.0
601 50.0 0.0
602 65.38461538461539 0.0
603 65.38461538461539 0.0
604 57.69230769230769 0.0
605 65.38461538461539 0.0
606 57.69230769230769 0.0
607 57.69230769230769 0.0
608 57.69230769230769 0.0
609 57.69230769230769 0.0
610 57.69230769230769 0.0
611 57.69230769230769 0.0
612 57.69230769230769 0.0
613 57.69230769230769 0.0
614 65.38461538461539 0.0
615 57.69230769230769 0.0
616 57.69230769230769 0.0
617 65.38461538461539 0.0
618 50.0 0.0
619 50.0 0.0
620 57.69230769230769 0.0
621 65.38461538461539 0.0
622 50.0 0.0
623 50.0 0.0
624 50.0 0.0
625 57.69230769230769 0.0
626 57.69230769230769 0.0
627 50.0 0.0
628 57.69230769230769 0.0
629 50.0 0.0
630 57.69230769230769 0.0
631 50.0 0.0
632 65.38461538461539 0.0
633 53.84615384615385 0.0
634 61.53846153846154 0.0
635 57.69230769230769 0.0
636 50.0 0.0
637 46.15384615384615 0.0
638 65.38461538461539 0.0
639 61.53846153846154 0.0
640 61.53846153846154 0.0
641 69.23076923076923 0.0
642 61.53846153846154 0.0
643 65.38461538461539 0.0
644 65.38461538461539 0.0
645 69.23076923076923 0.0
646 69.23076923076923 0.0
647 65.38461538461539 0.0
648 69.23076923076923 0.0
649 76.92307692307692 0.0
650 69.23076923076923 0.0
651 61.53846153846154 0.0
652 50.0 0.0
653 53.84615384615385 0.0
654 69.23076923076923 0.0
655 61.53846153846154 0.0
656 69.23076923076923 0.0
657 61.53846153846154 0.0
658 76.92307692307692 0.0
659 69.23076923076923 0.0
660 69.23076923076923 0.0
661 80.76923076923077 0.0
662 76.92307692307692 0.0
663 76.92307692307692 0.0
664 69.23076923076923 0.0
665 69.23076923076923 0.0
666 76.92307692307692 0.0
667 76.92307692307692 0.0
668 73.07692307692308 0.0
669 76.92307692307692 0.0
670 73.07692307692308 0.0
671 69.23076923076923 0.0
672 73.07692307692308 0.0
673 73.07692307692308 0.0
674 76.92307692307692 0.0
675 69.23076923076923 0.0
676 57.69230769230769 0.0
677 53.84615384615385 0.0
678 69.23076923076923 0.0
679 61.53846153846154 0.0
680 61.53846153846154 0.0
681 61.53846153846154 0.0
682 53.84615384615385 0.0
683 57.69230769230769 0.0
684 57.69230769230769 0.0
685 65.38461538461539 0.0
686 57.69230769230769 0.0
687 53.84615384615385 0.0
688 53.84615384615385 0.0
689 57.69230769230769 0.0
690 61.53846153846154 0.0
691 61.53846153846154 0.0
692 61.53846153846154 0.0
693 57.69230769230769 0.0
694 57.69230769230769 0.0
695 65.38461538461539 0.0
696 61.53846153846154 0.0
697 61.53846153846154 0.0
698 61.53846153846154 0.0
699 57.69230769230769 0.0
700 61.53846153846154 0.0
701 65.38461538461539 0.0
702 65.38461538461539 0.0
703 65.38461538461539 0.0
704 61.53846153846154 0.0
705 53.84615384615385 0.0
706 69.23076923076923 0.0
707 50.0 0.0
708 61.53846153846154 0.0
709 57.69230769230769 0.0
710 53.84615384615385 0.0
711 57.69230769230769 0.0
712 53.84615384615385 0.0
713 53.84615384615385 0.0
714 57.69230769230769 0.0
715 53.84615384615385 0.0
716 61.53846153846154 0.0
717 50.0 0.0
718 53.84615384615385 0.0
719 57.69230769230769 0.0
720 57.69230769230769 0.0
721 57.69230769230769 0.0
722 53.84615384615385 0.0
723 61.53846153846154 0.0
724 53.84615384615385 0.0
725 42.30769230769231 0.0
726 53.84615384615385 0.0
727 42.30769230769231 0.0
728 65.38461538461539 0.0
729 57.69230769230769 0.0
730 46.15384615384615 0.0
731 57.69230769230769 0.0
732 73.07692307692308 0.0
733 69.23076923076923 0.0
734 69.23076923076923 0.0
735 57.69230769230769 0.0
736 65.38461538461539 0.0
737 65.38461538461539 0.0
738 65.38461538461539 0.0
739 73.07692307692308 0.0
740 80.76923076923077 0.0
741 69.23076923076923 0.0
742 73.07692307692308 0.0
743 65.38461538461539 0.0
744 61.53846153846154 0.0
745 65.38461538461539 0.0
746 69.23076923076923 0.0
747 65.38461538461539 0.0
748 65.38461538461539 0.0
749 73.07692307692308 0.0
750 73.07692307692308 0.0
751 69.23076923076923 0.0
752 76.92307692307692 0.0
753 73.07692307692308 0.0
754 84.61538461538461 0.0
755 73.07692307692308 0.0
756 69.23076923076923 0.0
757 65.38461538461539 0.0
758 65.38461538461539 0.0
759 69.23076923076923 0.0
760 61.53846153846154 0.0
761 84.61538461538461 0.0
762 73.07692307692308 0.0
763 69.23076923076923 0.0
764 84.61538461538461 0.0
765 69.23076923076923 0.0
766 73.07692307692308 0.0
767 61.53846153846154 0.0
768 65.38461538461539 0.0
769 69.23076923076923 0.0
770 69.23076923076923 0.0
771 61.53846153846154 0.0
772 61.53846153846154 0.0
773 61.53846153846154 0.0
774 61.53846153846154 0.0
775 61.53846153846154 0.0
776 57.69230769230769 0.0
777 61.53846153846154 0.0
778 57.69230769230769 0.0
779 57.69230769230769 0.0
780 69.23076923076923 0.0
781 76.92307692307692 0.0
782 76.92307692307692 0.0
783 65.38461538461539 0.0
784 73.07692307692308 0.0
785 57.69230769230769 0.0
786 65.38461538461539 0.0
787 84.61538461538461 0.0
788 76.92307692307692 0.0
789 92.3076923076923 0.0
790 88.46153846153847 0.0
791 88.46153846153847 0.0
792 73.07692307692308 0.0
793 73.07692307692308 0.0
794 80.76923076923077 0.0
795 84.61538461538461 0.0
796 73.07692307692308 0.0
797 80.76923076923077 0.0
798 84.61538461538461 0.0
799 76.92307692307692 0.0
800 84.61538461538461 0.0
801 73.07692307692308 0.0
802 84.61538461538461 0.0
803 76.92307692307692 0.0
804 76.92307692307692 0.0
805 76.92307692307692 0.0
806 76.92307692307692 0.0
807 73.07692307692308 0.0
808 73.07692307692308 0.0
809 57.69230769230769 0.0
810 61.53846153846154 0.0
811 65.38461538461539 0.0
812 65.38461538461539 0.0
813 84.61538461538461 0.0
814 73.07692307692308 0.0
815 73.07692307692308 0.0
816 69.23076923076923 0.0
817 76.92307692307692 0.0
818 73.07692307692308 0.0
819 57.69230769230769 0.0
820 61.53846153846154 0.0
821 65.38461538461539 0.0
822 65.38461538461539 0.0
823 73.07692307692308 0.0
824 61.53846153846154 0.0
825 61.53846153846154 0.0
826 61.53846153846154 0.0
827 50.0 0.0
828 61.53846153846154 0.0
829 76.92307692307692 0.0
830 57.69230769230769 0.0
831 76.92307692307692 0.0
832 69.23076923076923 0.0
833 61.53846153846154 0.0
834 61.53846153846154 0.0
835 69.23076923076923 0.0
836 69.23076923076923 0.0
837 76.92307692307692 0.0
838 69.23076923076923 0.0
839 76.92307692307692 0.0
840 76.92307692307692 0.0
841 65.38461538461539 0.0
842 69.23076923076923 0.0
843 73.07692307692308 0.0
844 69.23076923076923 0.0
845 50.0 0.0
846 53.84615384615385 0.0
847 65.38461538461539 0.0
848 65.38461538461539 0.0
849 65.38461538461539 0.0
850 65.38461538461539 0.0
851 69.23076923076923 0.0
852 69.23076923076923 0.0
853 69.23076923076923 0.0
854 73.07692307692308 0.0
855 61.53846153846154 0.0
856 65.38461538461539 0.0
857 73.07692307692308 0.0
858 76.92307692307692 0.0
859 61.53846153846154 0.0
860 65.38461538461539 0.0
861 73.07692307692308 0.0
862 76.92307692307692 0.0
863 76.92307692307692 0.0
864 84.61538461538461 0.0
865 73.07692307692308 0.0
866 61.53846153846154 0.0
867 65.38461538461539 0.0
868 65.38461538461539 0.0
869 65.38461538461539 0.0
870 69.23076923076923 0.0
871 61.53846153846154 0.0
872 73.07692307692308 0.0
873 61.53846153846154 0.0
874 65.38461538461539 0.0
875 73.07692307692308 0.0
876 61.53846153846154 0.0
877 65.38461538461539 0.0
878 65.38461538461539 0.0
879 65.38461538461539 0.0
880 61.53846153846154 0.0
881 73.07692307692308 0.0
882 73.07692307692308 0.0
883 50.0 0.0
884 69.23076923076923 0.0
885 69.23076923076923 0.0
886 53.84615384615385 0.0
887 46.15384615384615 0.0
888 53.84615384615385 0.0
889 69.23076923076923 0.0
890 76.92307692307692 0.0
891 76.92307692307692 0.0
892 61.53846153846154 0.0
893 65.38461538461539 0.0
894 53.84615384615385 0.0
895 61.53846153846154 0.0
896 65.38461538461539 0.0
897 73.07692307692308 0.0
898 65.38461538461539 0.0
899 73.07692307692308 0.0
900 73.07692307692308 0.0
901 65.38461538461539 0.0
902 69.23076923076923 0.0
903 73.07692307692308 0.0
904 69.23076923076923 0.0
905 69.23076923076923 0.0
906 65.38461538461539 0.0
907 65.38461538461539 0.0
908 73.07692307692308 0.0
909 73.07692307692308 0.0
910 69.23076923076923 0.0
911 80.76923076923077 0.0
912 73.07692307692308 0.0
913 80.76923076923077 0.0
914 69.23076923076923 0.0
915 53.84615384615385 0.0
916 69.23076923076923 0.0
917 61.53846153846154 0.0
918 73.07692307692308 0.0
919 73.07692307692308 0.0
920 65.38461538461539 0.0
921 80.76923076923077 0.0
922 61.53846153846154 0.0
923 65.38461538461539 0.0
924 69.23076923076923 0.0
925 69.23076923076923 0.0
926 65.38461538461539 0.0
927 65.38461538461539 0.0
928 65.38461538461539 0.0
929 61.53846153846154 0.0
930 57.69230769230769 0.0
931 61.53846153846154 0.0
932 61.53846153846154 0.0
933 61.53846153846154 0.0
934 73.07692307692308 0.0
935 46.15384615384615 0.0
936 50.0 0.0
937 61.53846153846154 0.0
938 46.15384615384615 0.0
939 57.69230769230769 0.0
940 65.38461538461539 0.0
941 61.53846153846154 0.0
942 61.53846153846154 0.0
943 65.38461538461539 0.0
944 61.53846153846154 0.0
945 65.38461538461539 0.0
946 53.84615384615385 0.0
947 53.84615384615385 0.0
948 46.15384615384615 0.0
949 50.0 0.0
950 50.0 0.0
951 53.84615384615385 0.0
952 53.84615384615385 0.0
953 61.53846153846154 0.0
954 57.69230769230769 0.0
955 57.69230769230769 0.0
956 61.53846153846154 0.0
957 80.76923076923077 0.0
958 61.53846153846154 0.0
959 73.07692307692308 0.0
960 73.07692307692308 0.0
961 65.38461538461539 0.0
962 73.07692307692308 0.0
963 69.23076923076923 0.0
964 61.53846153846154 0.0
965 73.07692307692308 0.0
966 57.69230769230769 0.0
967 65.38461538461539 0.0
968 57.69230769230769 0.0
969 53.84615384615385 0.0
970 65.38461538461539 0.0
971 57.69230769230769 0.0
972 50.0 0.0
973 57.69230769230769 0.0
974 46.15384615384615 0.0
975 46.15384615384615 0.0
976 50.0 0.0
977 57.69230769230769 0.0
978 53.84615384615385 0.0
979 57.69230769230769 0.0
980 46.15384615384615 0.0
981 57.69230769230769 0.0
982 65.38461538461539 0.0
983 53.84615384615385 0.0
984 65.38461538461539 0.0
985 57.69230769230769 0.0
986 57.69230769230769 0.0
987 57.69230769230769 0.0
988 53.84615384615385 0.0
989 46.15384615384615 0.0
990 46.15384615384615 0.0
991 57.69230769230769 0.0
992 65.38461538461539 0.0
993 65.38461538461539 0.0
994 65.38461538461539 0.0
995 57.69230769230769 0.0
996 65.38461538461539 0.0
997 53.84615384615385 0.0
998 61.53846153846154 0.0
999 50.0 0.0
