#resid average_duration max_duration persistent_contacts
1 10.87719298245614 147 57
10 3.4615384615384617 8 13
11 4.866666666666666 11 15
12 4.9375 12 16
13 27.176470588235293 376 51
14 7.642857142857143 67 70
15 2.909090909090909 5 11
16 10.321428571428571 106 56
17 10.404255319148936 136 47
18 7.654545454545454 48 55
19 4.2592592592592595 11 27
2 6.647058823529412 71 51
20 9.35135135135135 147 74
21 6.214285714285714 40 42
22 5.177777777777778 21 45
23 5.533333333333333 22 30
24 16.444444444444443 105 18
25 9.328125 90 64
26 7.71875 90 32
3 13.553191489361701 147 47
4 15.853658536585366 136 41
5 6.647058823529412 35 17
6 4.809523809523809 31 21
7 4.8125 21 48
8 25.333333333333332 376 36
9 19.88888888888889 106 18
#TOTAL_CONTACTS 5670 for 1000 frames
