#resid average_duration max_duration persistent_contacts
1 5.2 19 20
10 11.24 183 50
11 6.708333333333333 37 24
12 4.153846153846154 16 13
13 10.588235294117647 55 51
14 6.821428571428571 28 28
15 8.588888888888889 85 90
16 7.1875 39 16
17 8.951219512195122 132 82
18 6.541666666666667 25 24
19 16.47457627118644 183 59
2 6.7407407407407405 48 27
20 2.5 3 2
21 14.0 132 43
22 18.170731707317074 160 41
23 6.0 52 47
24 6.25 39 36
25 9.470588235294118 48 17
26 6.7407407407407405 85 54
3 5.421052631578948 20 19
4 6.428571428571429 52 28
5 6.71875 37 32
6 8.16326530612245 73 49
7 6.172413793103448 28 29
8 8.282051282051283 73 39
9 5.875 29 56
#TOTAL_CONTACTS 4870 for 1000 frames
