#resid average_duration max_duration persistent_contacts
1 2.8333333333333335 5 12
10 11.601941747572816 125 103
11 7.371428571428571 25 35
12 17.3 157 30
13 6.428571428571429 18 7
14 8.549019607843137 87 51
15 10.041958041958042 149 143
16 6.119047619047619 40 42
17 10.558823529411764 87 34
18 11.955555555555556 118 45
19 14.595744680851064 99 47
2 17.896551724137932 157 29
20 11.957446808510639 85 47
21 5.45 22 20
22 14.411764705882353 123 51
23 4.666666666666667 18 15
24 12.551181102362206 149 127
25 5.45945945945946 20 37
26 12.51086956521739 115 92
3 14.378947368421052 143 95
4 15.142857142857142 123 28
5 6.212121212121212 20 33
6 6.861111111111111 30 36
7 6.954545454545454 21 22
8 5.744186046511628 22 43
9 2.9166666666666665 5 12
#TOTAL_CONTACTS 7209 for 1000 frames
