-69.5 0.000003
-68.5 0.000130
-67.5 0.000312
-66.5 0.001098
-65.5 0.002643
-64.5 0.004020
-63.5 0.005056
-62.5 0.006392
-61.5 0.007532
-60.5 0.009512
-59.5 0.009830
-58.5 0.010702
-57.5 0.010773
-56.5 0.011857
-55.5 0.012552
-54.5 0.011689
-53.5 0.012103
-52.5 0.011714
-51.5 0.010419
-50.5 0.009292
-49.5 0.011976
-48.5 0.009517
-47.5 0.008328
-46.5 0.007994
-45.5 0.010453
-44.5 0.010092
-43.5 0.009616
-42.5 0.007017
-41.5 0.007053
-40.5 0.006835
-39.5 0.007892
-38.5 0.009120
-37.5 0.009136
-36.5 0.009640
-35.5 0.009513
-34.5 0.009453
-33.5 0.008823
-32.5 0.010064
-31.5 0.009884
-30.5 0.009582
-29.5 0.011434
-28.5 0.010246
-27.5 0.011148
-26.5 0.010249
-25.5 0.008381
-24.5 0.005569
-23.5 0.005537
-22.5 0.003515
-21.5 0.001889
-20.5 0.001619
-19.5 0.001216
-18.5 0.000567
-17.5 0.000426
-16.5 0.000411
-15.5 0.000219
-14.5 0.000082
-13.5 0.000003
-12.5 0.000000
-11.5 0.000000
-10.5 0.000000
 -9.5 0.000000
 -8.5 0.000000
 -7.5 0.000000
 -6.5 0.000000
 -5.5 0.000000
 -4.5 0.000000
 -3.5 0.000000
 -2.5 0.000000
 -1.5 0.000000
 -0.5 0.000000
  0.5 0.000000
  1.5 0.000000
  2.5 0.000000
  3.5 0.000000
  4.5 0.000000
  5.5 0.000000
  6.5 0.000000
  7.5 0.000000
  8.5 0.000000
  9.5 0.000000
 10.5 0.000000
 11.5 0.000000
 12.5 0.000000
 13.5 0.000002
 14.5 0.000073
 15.5 0.000130
 16.5 0.000559
 17.5 0.000757
 18.5 0.001746
 19.5 0.002183
 20.5 0.003013
 21.5 0.003682
 22.5 0.005103
 23.5 0.006568
 24.5 0.008400
 25.5 0.010242
 26.5 0.012963
 27.5 0.016375
 28.5 0.018034
 29.5 0.016216
 30.5 0.016682
 31.5 0.016327
 32.5 0.014659
 33.5 0.015223
 34.5 0.016474
 35.5 0.015308
 36.5 0.015827
 37.5 0.013951
 38.5 0.013163
 39.5 0.011481
 40.5 0.012630
 41.5 0.011738
 42.5 0.012413
 43.5 0.012097
 44.5 0.012310
 45.5 0.011205
 46.5 0.012347
 47.5 0.011512
 48.5 0.012370
 49.5 0.012216
 50.5 0.012218
 51.5 0.011934
 52.5 0.014297
 53.5 0.013511
 54.5 0.013768
 55.5 0.012134
 56.5 0.012700
 57.5 0.013307
 58.5 0.012669
 59.5 0.012549
 60.5 0.012541
 61.5 0.011612
 62.5 0.011469
 63.5 0.010886
 64.5 0.010836
 65.5 0.009273
 66.5 0.008062
 67.5 0.006892
 68.5 0.005337
 69.5 0.003504
 70.5 0.001524
 71.5 0.000769
 72.5 0.000046
 73.5 0.000053
