#frame monomers_% popc_isolated_%
0 57.69230769230769 0.0
1 53.84615384615385 0.0
2 53.84615384615385 0.0
3 69.23076923076923 0.0
4 76.92307692307692 0.0
5 65.38461538461539 0.0
6 69.23076923076923 0.0
7 73.07692307692308 0.0
8 73.07692307692308 0.0
9 73.07692307692308 0.0
10 61.53846153846154 0.0
11 65.38461538461539 0.0
12 50.0 0.0
13 57.69230769230769 0.0
14 61.53846153846154 0.0
15 34.61538461538461 0.0
16 42.30769230769231 0.0
17 42.30769230769231 0.0
18 42.30769230769231 0.0
19 53.84615384615385 0.0
20 53.84615384615385 0.0
21 38.46153846153846 0.0
22 42.30769230769231 0.0
23 42.30769230769231 0.0
24 42.30769230769231 0.0
25 42.30769230769231 0.0
26 50.0 0.0
27 61.53846153846154 0.0
28 53.84615384615385 0.0
29 46.15384615384615 0.0
30 57.69230769230769 0.0
31 53.84615384615385 0.0
32 46.15384615384615 0.0
33 46.15384615384615 0.0
34 46.15384615384615 0.0
35 46.15384615384615 0.0
36 61.53846153846154 0.0
37 73.07692307692308 0.0
38 65.38461538461539 0.0
39 76.92307692307692 0.0
40 69.23076923076923 0.0
41 53.84615384615385 0.0
42 69.23076923076923 0.0
43 53.84615384615385 0.0
44 53.84615384615385 0.0
45 61.53846153846154 0.0
46 50.0 0.0
47 61.53846153846154 0.0
48 53.84615384615385 0.0
49 61.53846153846154 0.0
50 61.53846153846154 0.0
51 69.23076923076923 0.0
52 73.07692307692308 0.0
53 73.07692307692308 0.0
54 65.38461538461539 0.0
55 73.07692307692308 0.0
56 65.38461538461539 0.0
57 73.07692307692308 0.0
58 65.38461538461539 0.0
59 65.38461538461539 0.0
60 65.38461538461539 0.0
61 57.69230769230769 0.0
62 73.07692307692308 0.0
63 73.07692307692308 0.0
64 73.07692307692308 0.0
65 73.07692307692308 0.0
66 76.92307692307692 0.0
67 84.61538461538461 0.0
68 80.76923076923077 0.0
69 80.76923076923077 0.0
70 88.46153846153847 0.0
71 92.3076923076923 0.0
72 84.61538461538461 0.0
73 84.61538461538461 0.0
74 76.92307692307692 0.0
75 84.61538461538461 0.0
76 80.76923076923077 0.0
77 65.38461538461539 0.0
78 61.53846153846154 0.0
79 61.53846153846154 0.0
80 69.23076923076923 0.0
81 73.07692307692308 0.0
82 73.07692307692308 0.0
83 69.23076923076923 0.0
84 76.92307692307692 0.0
85 76.92307692307692 0.0
86 65.38461538461539 0.0
87 88.46153846153847 0.0
88 69.23076923076923 0.0
89 76.92307692307692 0.0
90 57.69230769230769 0.0
91 57.69230769230769 0.0
92 61.53846153846154 0.0
93 69.23076923076923 0.0
94 53.84615384615385 0.0
95 50.0 0.0
96 50.0 0.0
97 61.53846153846154 0.0
98 65.38461538461539 0.0
99 80.76923076923077 0.0
100 50.0 0.0
101 46.15384615384615 0.0
102 53.84615384615385 0.0
103 69.23076923076923 0.0
104 61.53846153846154 0.0
105 65.38461538461539 0.0
106 57.69230769230769 0.0
107 73.07692307692308 0.0
108 46.15384615384615 0.0
109 61.53846153846154 0.0
110 50.0 0.0
111 38.46153846153846 0.0
112 42.30769230769231 0.0
113 50.0 0.0
114 42.30769230769231 0.0
115 57.69230769230769 0.0
116 69.23076923076923 0.0
117 65.38461538461539 0.0
118 42.30769230769231 0.0
119 46.15384615384615 0.0
120 46.15384615384615 0.0
121 61.53846153846154 0.0
122 61.53846153846154 0.0
123 61.53846153846154 0.0
124 57.69230769230769 0.0
125 53.84615384615385 0.0
126 57.69230769230769 0.0
127 57.69230769230769 0.0
128 69.23076923076923 0.0
129 61.53846153846154 0.0
130 61.53846153846154 0.0
131 61.53846153846154 0.0
132 69.23076923076923 0.0
133 61.53846153846154 0.0
134 73.07692307692308 0.0
135 57.69230769230769 0.0
136 57.69230769230769 0.0
137 53.84615384615385 0.0
138 61.53846153846154 0.0
139 46.15384615384615 0.0
140 65.38461538461539 0.0
141 69.23076923076923 0.0
142 57.69230769230769 0.0
143 69.23076923076923 0.0
144 76.92307692307692 0.0
145 84.61538461538461 0.0
146 80.76923076923077 0.0
147 73.07692307692308 0.0
148 69.23076923076923 0.0
149 76.92307692307692 0.0
150 69.23076923076923 0.0
151 76.92307692307692 0.0
152 61.53846153846154 0.0
153 53.84615384615385 0.0
154 61.53846153846154 0.0
155 57.69230769230769 0.0
156 53.84615384615385 0.0
157 57.69230769230769 0.0
158 61.53846153846154 0.0
159 65.38461538461539 0.0
160 61.53846153846154 0.0
161 69.23076923076923 0.0
162 57.69230769230769 0.0
163 57.69230769230769 0.0
164 61.53846153846154 0.0
165 65.38461538461539 0.0
166 65.38461538461539 0.0
167 50.0 0.0
168 38.46153846153846 0.0
169 34.61538461538461 0.0
170 42.30769230769231 0.0
171 42.30769230769231 0.0
172 57.69230769230769 0.0
173 65.38461538461539 0.0
174 65.38461538461539 0.0
175 65.38461538461539 0.0
176 61.53846153846154 0.0
177 61.53846153846154 0.0
178 53.84615384615385 0.0
179 61.53846153846154 0.0
180 57.69230769230769 0.0
181 61.53846153846154 0.0
182 61.53846153846154 0.0
183 65.38461538461539 0.0
184 65.38461538461539 0.0
185 76.92307692307692 0.0
186 61.53846153846154 0.0
187 76.92307692307692 0.0
188 69.23076923076923 0.0
189 69.23076923076923 0.0
190 76.92307692307692 0.0
191 73.07692307692308 0.0
192 57.69230769230769 0.0
193 61.53846153846154 0.0
194 57.69230769230769 0.0
195 57.69230769230769 0.0
196 73.07692307692308 0.0
197 65.38461538461539 0.0
198 65.38461538461539 0.0
199 57.69230769230769 0.0
200 73.07692307692308 0.0
201 73.07692307692308 0.0
202 65.38461538461539 0.0
203 69.23076923076923 0.0
204 76.92307692307692 0.0
205 76.92307692307692 0.0
206 65.38461538461539 0.0
207 65.38461538461539 0.0
208 57.69230769230769 0.0
209 57.69230769230769 0.0
210 69.23076923076923 0.0
211 73.07692307692308 0.0
212 53.84615384615385 0.0
213 57.69230769230769 0.0
214 53.84615384615385 0.0
215 61.53846153846154 0.0
216 61.53846153846154 0.0
217 65.38461538461539 0.0
218 61.53846153846154 0.0
219 57.69230769230769 0.0
220 69.23076923076923 0.0
221 69.23076923076923 0.0
222 69.23076923076923 0.0
223 53.84615384615385 0.0
224 57.69230769230769 0.0
225 50.0 0.0
226 53.84615384615385 0.0
227 50.0 0.0
228 61.53846153846154 0.0
229 57.69230769230769 0.0
230 61.53846153846154 0.0
231 73.07692307692308 0.0
232 69.23076923076923 0.0
233 65.38461538461539 0.0
234 69.23076923076923 0.0
235 65.38461538461539 0.0
236 57.69230769230769 0.0
237 50.0 0.0
238 57.69230769230769 0.0
239 50.0 0.0
240 57.69230769230769 0.0
241 57.69230769230769 0.0
242 65.38461538461539 0.0
243 65.38461538461539 0.0
244 69.23076923076923 0.0
245 53.84615384615385 0.0
246 65.38461538461539 0.0
247 65.38461538461539 0.0
248 73.07692307692308 0.0
249 73.07692307692308 0.0
250 57.69230769230769 0.0
251 46.15384615384615 0.0
252 50.0 0.0
253 57.69230769230769 0.0
254 46.15384615384615 0.0
255 38.46153846153846 0.0
256 46.15384615384615 0.0
257 42.30769230769231 0.0
258 42.30769230769231 0.0
259 34.61538461538461 0.0
260 34.61538461538461 0.0
261 42.30769230769231 0.0
262 34.61538461538461 0.0
263 30.76923076923077 0.0
264 30.76923076923077 0.0
265 34.61538461538461 0.0
266 42.30769230769231 0.0
267 46.15384615384615 0.0
268 46.15384615384615 0.0
269 46.15384615384615 0.0
270 46.15384615384615 0.0
271 50.0 0.0
272 50.0 0.0
273 57.69230769230769 0.0
274 46.15384615384615 0.0
275 42.30769230769231 0.0
276 34.61538461538461 0.0
277 38.46153846153846 0.0
278 46.15384615384615 0.0
279 42.30769230769231 0.0
280 50.0 0.0
281 53.84615384615385 0.0
282 38.46153846153846 0.0
283 38.46153846153846 0.0
284 42.30769230769231 0.0
285 42.30769230769231 0.0
286 34.61538461538461 0.0
287 46.15384615384615 0.0
288 53.84615384615385 0.0
289 34.61538461538461 0.0
290 38.46153846153846 0.0
291 42.30769230769231 0.0
292 57.69230769230769 0.0
293 50.0 0.0
294 53.84615384615385 0.0
295 61.53846153846154 0.0
296 61.53846153846154 0.0
297 61.53846153846154 0.0
298 57.69230769230769 0.0
299 57.69230769230769 0.0
300 57.69230769230769 0.0
301 61.53846153846154 0.0
302 53.84615384615385 0.0
303 53.84615384615385 0.0
304 53.84615384615385 0.0
305 73.07692307692308 0.0
306 42.30769230769231 0.0
307 61.53846153846154 0.0
308 61.53846153846154 0.0
309 53.84615384615385 0.0
310 65.38461538461539 0.0
311 65.38461538461539 0.0
312 57.69230769230769 0.0
313 61.53846153846154 0.0
314 65.38461538461539 0.0
315 57.69230769230769 0.0
316 57.69230769230769 0.0
317 53.84615384615385 0.0
318 53.84615384615385 0.0
319 57.69230769230769 0.0
320 57.69230769230769 0.0
321 61.53846153846154 0.0
322 50.0 0.0
323 57.69230769230769 0.0
324 57.69230769230769 0.0
325 57.69230769230769 0.0
326 46.15384615384615 0.0
327 65.38461538461539 0.0
328 61.53846153846154 0.0
329 65.38461538461539 0.0
330 61.53846153846154 0.0
331 69.23076923076923 0.0
332 69.23076923076923 0.0
333 57.69230769230769 0.0
334 69.23076923076923 0.0
335 61.53846153846154 0.0
336 65.38461538461539 0.0
337 57.69230769230769 0.0
338 65.38461538461539 0.0
339 53.84615384615385 0.0
340 50.0 0.0
341 46.15384615384615 0.0
342 65.38461538461539 0.0
343 42.30769230769231 0.0
344 53.84615384615385 0.0
345 46.15384615384615 0.0
346 50.0 0.0
347 42.30769230769231 0.0
348 34.61538461538461 0.0
349 42.30769230769231 0.0
350 50.0 0.0
351 50.0 0.0
352 53.84615384615385 0.0
353 42.30769230769231 0.0
354 57.69230769230769 0.0
355 53.84615384615385 0.0
356 57.69230769230769 0.0
357 42.30769230769231 0.0
358 57.69230769230769 0.0
359 50.0 0.0
360 42.30769230769231 0.0
361 34.61538461538461 0.0
362 38.46153846153846 0.0
363 38.46153846153846 0.0
364 50.0 0.0
365 42.30769230769231 0.0
366 46.15384615384615 0.0
367 42.30769230769231 0.0
368 42.30769230769231 0.0
369 34.61538461538461 0.0
370 34.61538461538461 0.0
371 50.0 0.0
372 50.0 0.0
373 53.84615384615385 0.0
374 46.15384615384615 0.0
375 34.61538461538461 0.0
376 34.61538461538461 0.0
377 38.46153846153846 0.0
378 34.61538461538461 0.0
379 42.30769230769231 0.0
380 50.0 0.0
381 53.84615384615385 0.0
382 53.84615384615385 0.0
383 53.84615384615385 0.0
384 61.53846153846154 0.0
385 61.53846153846154 0.0
386 50.0 0.0
387 50.0 0.0
388 61.53846153846154 0.0
389 46.15384615384615 0.0
390 53.84615384615385 0.0
391 57.69230769230769 0.0
392 42.30769230769231 0.0
393 57.69230769230769 0.0
394 53.84615384615385 0.0
395 53.84615384615385 0.0
396 65.38461538461539 0.0
397 50.0 0.0
398 57.69230769230769 0.0
399 73.07692307692308 0.0
400 61.53846153846154 0.0
401 46.15384615384615 0.0
402 50.0 0.0
403 53.84615384615385 0.0
404 53.84615384615385 0.0
405 46.15384615384615 0.0
406 53.84615384615385 0.0
407 50.0 0.0
408 50.0 0.0
409 50.0 0.0
410 50.0 0.0
411 53.84615384615385 0.0
412 53.84615384615385 0.0
413 57.69230769230769 0.0
414 50.0 0.0
415 42.30769230769231 0.0
416 46.15384615384615 0.0
417 53.84615384615385 0.0
418 53.84615384615385 0.0
419 42.30769230769231 0.0
420 42.30769230769231 0.0
421 42.30769230769231 0.0
422 50.0 0.0
423 61.53846153846154 0.0
424 69.23076923076923 0.0
425 61.53846153846154 0.0
426 73.07692307692308 0.0
427 65.38461538461539 0.0
428 57.69230769230769 0.0
429 61.53846153846154 0.0
430 73.07692307692308 0.0
431 73.07692307692308 0.0
432 50.0 0.0
433 65.38461538461539 0.0
434 76.92307692307692 0.0
435 65.38461538461539 0.0
436 65.38461538461539 0.0
437 57.69230769230769 0.0
438 61.53846153846154 0.0
439 69.23076923076923 0.0
440 65.38461538461539 0.0
441 76.92307692307692 0.0
442 57.69230769230769 0.0
443 57.69230769230769 0.0
444 61.53846153846154 0.0
445 53.84615384615385 0.0
446 57.69230769230769 0.0
447 57.69230769230769 0.0
448 53.84615384615385 0.0
449 42.30769230769231 0.0
450 57.69230769230769 0.0
451 69.23076923076923 0.0
452 69.23076923076923 0.0
453 61.53846153846154 0.0
454 61.53846153846154 0.0
455 38.46153846153846 0.0
456 42.30769230769231 0.0
457 50.0 0.0
458 61.53846153846154 0.0
459 65.38461538461539 0.0
460 50.0 0.0
461 53.84615384615385 0.0
462 46.15384615384615 0.0
463 50.0 0.0
464 53.84615384615385 0.0
465 50.0 0.0
466 46.15384615384615 0.0
467 53.84615384615385 0.0
468 50.0 0.0
469 50.0 0.0
470 46.15384615384615 0.0
471 46.15384615384615 0.0
472 38.46153846153846 0.0
473 46.15384615384615 0.0
474 38.46153846153846 0.0
475 46.15384615384615 0.0
476 50.0 0.0
477 34.61538461538461 0.0
478 38.46153846153846 0.0
479 34.61538461538461 0.0
480 34.61538461538461 0.0
481 50.0 0.0
482 42.30769230769231 0.0
483 38.46153846153846 0.0
484 57.69230769230769 0.0
485 61.53846153846154 0.0
486 69.23076923076923 0.0
487 53.84615384615385 0.0
488 61.53846153846154 0.0
489 57.69230769230769 0.0
490 57.69230769230769 0.0
491 50.0 0.0
492 50.0 0.0
493 50.0 0.0
494 50.0 0.0
495 50.0 0.0
496 50.0 0.0
497 46.15384615384615 0.0
498 50.0 0.0
499 50.0 0.0
500 46.15384615384615 0.0
501 50.0 0.0
502 53.84615384615385 0.0
503 53.84615384615385 0.0
504 50.0 0.0
505 42.30769230769231 0.0
506 38.46153846153846 0.0
507 30.76923076923077 0.0
508 46.15384615384615 0.0
509 46.15384615384615 0.0
510 53.84615384615385 0.0
511 53.84615384615385 0.0
512 57.69230769230769 0.0
513 65.38461538461539 0.0
514 50.0 0.0
515 46.15384615384615 0.0
516 38.46153846153846 0.0
517 38.46153846153846 0.0
518 57.69230769230769 0.0
519 73.07692307692308 0.0
520 42.30769230769231 0.0
521 26.923076923076923 0.0
522 46.15384615384615 0.0
523 61.53846153846154 0.0
524 57.69230769230769 0.0
525 57.69230769230769 0.0
526 57.69230769230769 0.0
527 65.38461538461539 0.0
528 53.84615384615385 0.0
529 46.15384615384615 0.0
530 53.84615384615385 0.0
531 50.0 0.0
532 61.53846153846154 0.0
533 53.84615384615385 0.0
534 53.84615384615385 0.0
535 46.15384615384615 0.0
536 46.15384615384615 0.0
537 53.84615384615385 0.0
538 34.61538461538461 0.0
539 34.61538461538461 0.0
540 42.30769230769231 0.0
541 34.61538461538461 0.0
542 50.0 0.0
543 57.69230769230769 0.0
544 38.46153846153846 0.0
545 42.30769230769231 0.0
546 34.61538461538461 0.0
547 42.30769230769231 0.0
548 46.15384615384615 0.0
549 53.84615384615385 0.0
550 53.84615384615385 0.0
551 38.46153846153846 0.0
552 34.61538461538461 0.0
553 46.15384615384615 0.0
554 42.30769230769231 0.0
555 50.0 0.0
556 50.0 0.0
557 69.23076923076923 0.0
558 61.53846153846154 0.0
559 69.23076923076923 0.0
560 57.69230769230769 0.0
561 61.53846153846154 0.0
562 46.15384615384615 0.0
563 53.84615384615385 0.0
564 46.15384615384615 0.0
565 65.38461538461539 0.0
566 57.69230769230769 0.0
567 57.69230769230769 0.0
568 53.84615384615385 0.0
569 53.84615384615385 0.0
570 65.38461538461539 0.0
571 53.84615384615385 0.0
572 57.69230769230769 0.0
573 61.53846153846154 0.0
574 53.84615384615385 0.0
575 50.0 0.0
576 46.15384615384615 0.0
577 53.84615384615385 0.0
578 46.15384615384615 0.0
579 53.84615384615385 0.0
580 53.84615384615385 0.0
581 53.84615384615385 0.0
582 50.0 0.0
583 53.84615384615385 0.0
584 53.84615384615385 0.0
585 53.84615384615385 0.0
586 53.84615384615385 0.0
587 53.84615384615385 0.0
588 53.84615384615385 0.0
589 53.84615384615385 0.0
590 46.15384615384615 0.0
591 53.84615384615385 0.0
592 46.15384615384615 0.0
593 42.30769230769231 0.0
594 30.76923076923077 0.0
595 26.923076923076923 0.0
596 42.30769230769231 0.0
597 46.15384615384615 0.0
598 46.15384615384615 0.0
599 53.84615384615385 0.0
600 50.0 0.0
601 46.15384615384615 0.0
602 42.30769230769231 0.0
603 38.46153846153846 0.0
604 42.30769230769231 0.0
605 34.61538461538461 0.0
606 34.61538461538461 0.0
607 30.76923076923077 0.0
608 26.923076923076923 0.0
609 46.15384615384615 0.0
610 26.923076923076923 0.0
611 34.61538461538461 0.0
612 34.61538461538461 0.0
613 42.30769230769231 0.0
614 42.30769230769231 0.0
615 38.46153846153846 0.0
616 30.76923076923077 0.0
617 46.15384615384615 0.0
618 46.15384615384615 0.0
619 38.46153846153846 0.0
620 50.0 0.0
621 42.30769230769231 0.0
622 38.46153846153846 0.0
623 34.61538461538461 0.0
624 42.30769230769231 0.0
625 42.30769230769231 0.0
626 26.923076923076923 0.0
627 38.46153846153846 0.0
628 30.76923076923077 0.0
629 46.15384615384615 0.0
630 38.46153846153846 0.0
631 42.30769230769231 0.0
632 38.46153846153846 0.0
633 53.84615384615385 0.0
634 65.38461538461539 0.0
635 46.15384615384615 0.0
636 46.15384615384615 0.0
637 57.69230769230769 0.0
638 53.84615384615385 0.0
639 53.84615384615385 0.0
640 53.84615384615385 0.0
641 61.53846153846154 0.0
642 57.69230769230769 0.0
643 61.53846153846154 0.0
644 61.53846153846154 0.0
645 53.84615384615385 0.0
646 50.0 0.0
647 46.15384615384615 0.0
648 57.69230769230769 0.0
649 69.23076923076923 0.0
650 42.30769230769231 0.0
651 34.61538461538461 0.0
652 46.15384615384615 0.0
653 42.30769230769231 0.0
654 38.46153846153846 0.0
655 50.0 0.0
656 57.69230769230769 0.0
657 53.84615384615385 0.0
658 30.76923076923077 0.0
659 50.0 0.0
660 57.69230769230769 0.0
661 38.46153846153846 0.0
662 26.923076923076923 0.0
663 30.76923076923077 0.0
664 38.46153846153846 0.0
665 30.76923076923077 0.0
666 34.61538461538461 0.0
667 30.76923076923077 0.0
668 26.923076923076923 0.0
669 38.46153846153846 0.0
670 34.61538461538461 0.0
671 46.15384615384615 0.0
672 46.15384615384615 0.0
673 46.15384615384615 0.0
674 30.76923076923077 0.0
675 30.76923076923077 0.0
676 38.46153846153846 0.0
677 23.076923076923077 0.0
678 38.46153846153846 0.0
679 26.923076923076923 0.0
680 23.076923076923077 0.0
681 30.76923076923077 0.0
682 26.923076923076923 0.0
683 34.61538461538461 0.0
684 53.84615384615385 0.0
685 46.15384615384615 0.0
686 34.61538461538461 0.0
687 38.46153846153846 0.0
688 42.30769230769231 0.0
689 34.61538461538461 0.0
690 26.923076923076923 0.0
691 46.15384615384615 0.0
692 30.76923076923077 0.0
693 38.46153846153846 0.0
694 46.15384615384615 0.0
695 42.30769230769231 0.0
696 50.0 0.0
697 34.61538461538461 0.0
698 42.30769230769231 0.0
699 46.15384615384615 0.0
700 53.84615384615385 0.0
701 46.15384615384615 0.0
702 50.0 0.0
703 46.15384615384615 0.0
704 50.0 0.0
705 26.923076923076923 0.0
706 38.46153846153846 0.0
707 38.46153846153846 0.0
708 34.61538461538461 0.0
709 34.61538461538461 0.0
710 42.30769230769231 0.0
711 42.30769230769231 0.0
712 38.46153846153846 0.0
713 34.61538461538461 0.0
714 30.76923076923077 0.0
715 42.30769230769231 0.0
716 38.46153846153846 0.0
717 26.923076923076923 0.0
718 46.15384615384615 0.0
719 34.61538461538461 0.0
720 38.46153846153846 0.0
721 42.30769230769231 0.0
722 46.15384615384615 0.0
723 42.30769230769231 0.0
724 50.0 0.0
725 57.69230769230769 0.0
726 53.84615384615385 0.0
727 34.61538461538461 0.0
728 46.15384615384615 0.0
729 46.15384615384615 0.0
730 34.61538461538461 0.0
731 46.15384615384615 0.0
732 57.69230769230769 0.0
733 38.46153846153846 0.0
734 69.23076923076923 0.0
735 65.38461538461539 0.0
736 61.53846153846154 0.0
737 50.0 0.0
738 65.38461538461539 0.0
739 61.53846153846154 0.0
740 53.84615384615385 0.0
741 50.0 0.0
742 65.38461538461539 0.0
743 65.38461538461539 0.0
744 61.53846153846154 0.0
745 73.07692307692308 0.0
746 42.30769230769231 0.0
747 46.15384615384615 0.0
748 50.0 0.0
749 42.30769230769231 0.0
750 42.30769230769231 0.0
751 38.46153846153846 0.0
752 42.30769230769231 0.0
753 38.46153846153846 0.0
754 46.15384615384615 0.0
755 30.76923076923077 0.0
756 53.84615384615385 0.0
757 53.84615384615385 0.0
758 61.53846153846154 0.0
759 65.38461538461539 0.0
760 53.84615384615385 0.0
761 42.30769230769231 0.0
762 61.53846153846154 0.0
763 53.84615384615385 0.0
764 42.30769230769231 0.0
765 46.15384615384615 0.0
766 57.69230769230769 0.0
767 65.38461538461539 0.0
768 50.0 0.0
769 50.0 0.0
770 57.69230769230769 0.0
771 57.69230769230769 0.0
772 42.30769230769231 0.0
773 30.76923076923077 0.0
774 38.46153846153846 0.0
775 61.53846153846154 0.0
776 34.61538461538461 0.0
777 38.46153846153846 0.0
778 46.15384615384615 0.0
779 57.69230769230769 0.0
780 50.0 0.0
781 46.15384615384615 0.0
782 57.69230769230769 0.0
783 50.0 0.0
784 57.69230769230769 0.0
785 53.84615384615385 0.0
786 61.53846153846154 0.0
787 61.53846153846154 0.0
788 61.53846153846154 0.0
789 61.53846153846154 0.0
790 57.69230769230769 0.0
791 50.0 0.0
792 61.53846153846154 0.0
793 53.84615384615385 0.0
794 46.15384615384615 0.0
795 42.30769230769231 0.0
796 50.0 0.0
797 57.69230769230769 0.0
798 57.69230769230769 0.0
799 46.15384615384615 0.0
800 38.46153846153846 0.0
801 46.15384615384615 0.0
802 38.46153846153846 0.0
803 42.30769230769231 0.0
804 46.15384615384615 0.0
805 30.76923076923077 0.0
806 42.30769230769231 0.0
807 53.84615384615385 0.0
808 53.84615384615385 0.0
809 50.0 0.0
810 46.15384615384615 0.0
811 42.30769230769231 0.0
812 30.76923076923077 0.0
813 26.923076923076923 0.0
814 38.46153846153846 0.0
815 38.46153846153846 0.0
816 15.384615384615385 0.0
817 19.23076923076923 0.0
818 30.76923076923077 0.0
819 42.30769230769231 0.0
820 46.15384615384615 0.0
821 53.84615384615385 0.0
822 50.0 0.0
823 50.0 0.0
824 42.30769230769231 0.0
825 30.76923076923077 0.0
826 26.923076923076923 0.0
827 26.923076923076923 0.0
828 34.61538461538461 0.0
829 30.76923076923077 0.0
830 34.61538461538461 0.0
831 30.76923076923077 0.0
832 34.61538461538461 0.0
833 38.46153846153846 0.0
834 50.0 0.0
835 42.30769230769231 0.0
836 46.15384615384615 0.0
837 50.0 0.0
838 46.15384615384615 0.0
839 46.15384615384615 0.0
840 65.38461538461539 0.0
841 42.30769230769231 0.0
842 34.61538461538461 0.0
843 50.0 0.0
844 57.69230769230769 0.0
845 57.69230769230769 0.0
846 57.69230769230769 0.0
847 46.15384615384615 0.0
848 50.0 0.0
849 42.30769230769231 0.0
850 53.84615384615385 0.0
851 50.0 0.0
852 46.15384615384615 0.0
853 46.15384615384615 0.0
854 38.46153846153846 0.0
855 38.46153846153846 0.0
856 34.61538461538461 0.0
857 30.76923076923077 0.0
858 34.61538461538461 0.0
859 30.76923076923077 0.0
860 34.61538461538461 0.0
861 50.0 0.0
862 53.84615384615385 0.0
863 30.76923076923077 0.0
864 53.84615384615385 0.0
865 46.15384615384615 0.0
866 53.84615384615385 0.0
867 50.0 0.0
868 57.69230769230769 0.0
869 46.15384615384615 0.0
870 50.0 0.0
871 46.15384615384615 0.0
872 34.61538461538461 0.0
873 38.46153846153846 0.0
874 42.30769230769231 0.0
875 57.69230769230769 0.0
876 50.0 0.0
877 61.53846153846154 0.0
878 65.38461538461539 0.0
879 46.15384615384615 0.0
880 61.53846153846154 0.0
881 57.69230769230769 0.0
882 50.0 0.0
883 57.69230769230769 0.0
884 50.0 0.0
885 46.15384615384615 0.0
886 46.15384615384615 0.0
887 53.84615384615385 0.0
888 53.84615384615385 0.0
889 53.84615384615385 0.0
890 53.84615384615385 0.0
891 38.46153846153846 0.0
892 46.15384615384615 0.0
893 50.0 0.0
894 53.84615384615385 0.0
895 46.15384615384615 0.0
896 46.15384615384615 0.0
897 46.15384615384615 0.0
898 57.69230769230769 0.0
899 34.61538461538461 0.0
900 38.46153846153846 0.0
901 50.0 0.0
902 53.84615384615385 0.0
903 46.15384615384615 0.0
904 38.46153846153846 0.0
905 57.69230769230769 0.0
906 53.84615384615385 0.0
907 53.84615384615385 0.0
908 46.15384615384615 0.0
909 57.69230769230769 0.0
910 53.84615384615385 0.0
911 53.84615384615385 0.0
912 53.84615384615385 0.0
913 50.0 0.0
914 50.0 0.0
915 57.69230769230769 0.0
916 57.69230769230769 0.0
917 53.84615384615385 0.0
918 53.84615384615385 0.0
919 42.30769230769231 0.0
920 57.69230769230769 0.0
921 69.23076923076923 0.0
922 65.38461538461539 0.0
923 53.84615384615385 0.0
924 61.53846153846154 0.0
925 46.15384615384615 0.0
926 69.23076923076923 0.0
927 42.30769230769231 0.0
928 46.15384615384615 0.0
929 46.15384615384615 0.0
930 46.15384615384615 0.0
931 50.0 0.0
932 34.61538461538461 0.0
933 53.84615384615385 0.0
934 61.53846153846154 0.0
935 53.84615384615385 0.0
936 42.30769230769231 0.0
937 42.30769230769231 0.0
938 42.30769230769231 0.0
939 50.0 0.0
940 46.15384615384615 0.0
941 50.0 0.0
942 42.30769230769231 0.0
943 50.0 0.0
944 61.53846153846154 0.0
945 61.53846153846154 0.0
946 69.23076923076923 0.0
947 69.23076923076923 0.0
948 69.23076923076923 0.0
949 61.53846153846154 0.0
950 69.23076923076923 0.0
951 76.92307692307692 0.0
952 69.23076923076923 0.0
953 73.07692307692308 0.0
954 80.76923076923077 0.0
955 80.76923076923077 0.0
956 80.76923076923077 0.0
957 73.07692307692308 0.0
958 73.07692307692308 0.0
959 57.69230769230769 0.0
960 61.53846153846154 0.0
961 65.38461538461539 0.0
962 69.23076923076923 0.0
963 65.38461538461539 0.0
964 53.84615384615385 0.0
965 57.69230769230769 0.0
966 65.38461538461539 0.0
967 50.0 0.0
968 61.53846153846154 0.0
969 38.46153846153846 0.0
970 57.69230769230769 0.0
971 57.69230769230769 0.0
972 53.84615384615385 0.0
973 73.07692307692308 0.0
974 50.0 0.0
975 61.53846153846154 0.0
976 50.0 0.0
977 61.53846153846154 0.0
978 73.07692307692308 0.0
979 69.23076923076923 0.0
980 69.23076923076923 0.0
981 76.92307692307692 0.0
982 84.61538461538461 0.0
983 76.92307692307692 0.0
984 57.69230769230769 0.0
985 65.38461538461539 0.0
986 73.07692307692308 0.0
987 76.92307692307692 0.0
988 73.07692307692308 0.0
989 50.0 0.0
990 50.0 0.0
991 65.38461538461539 0.0
992 65.38461538461539 0.0
993 73.07692307692308 0.0
994 69.23076923076923 0.0
995 65.38461538461539 0.0
996 73.07692307692308 0.0
997 80.76923076923077 0.0
998 80.76923076923077 0.0
999 80.76923076923077 0.0
