#frame monomers_% popc_isolated_%
0 57.69230769230769 0.0
1 42.30769230769231 0.0
2 50.0 0.0
3 46.15384615384615 0.0
4 61.53846153846154 0.0
5 53.84615384615385 0.0
6 50.0 0.0
7 57.69230769230769 0.0
8 53.84615384615385 0.0
9 61.53846153846154 0.0
10 73.07692307692308 0.0
11 57.69230769230769 0.0
12 53.84615384615385 0.0
13 46.15384615384615 0.0
14 42.30769230769231 0.0
15 42.30769230769231 0.0
16 65.38461538461539 0.0
17 61.53846153846154 0.0
18 61.53846153846154 0.0
19 65.38461538461539 0.0
20 61.53846153846154 0.0
21 57.69230769230769 0.0
22 65.38461538461539 0.0
23 65.38461538461539 0.0
24 53.84615384615385 0.0
25 57.69230769230769 0.0
26 53.84615384615385 0.0
27 53.84615384615385 0.0
28 53.84615384615385 0.0
29 53.84615384615385 0.0
30 73.07692307692308 0.0
31 65.38461538461539 0.0
32 65.38461538461539 0.0
33 57.69230769230769 0.0
34 65.38461538461539 0.0
35 50.0 0.0
36 65.38461538461539 0.0
37 42.30769230769231 0.0
38 69.23076923076923 0.0
39 69.23076923076923 0.0
40 65.38461538461539 0.0
41 50.0 0.0
42 50.0 0.0
43 69.23076923076923 0.0
44 42.30769230769231 0.0
45 69.23076923076923 0.0
46 53.84615384615385 0.0
47 50.0 0.0
48 46.15384615384615 0.0
49 42.30769230769231 0.0
50 57.69230769230769 0.0
51 50.0 0.0
52 42.30769230769231 0.0
53 50.0 0.0
54 46.15384615384615 0.0
55 50.0 0.0
56 53.84615384615385 0.0
57 42.30769230769231 0.0
58 46.15384615384615 0.0
59 34.61538461538461 0.0
60 46.15384615384615 0.0
61 50.0 0.0
62 50.0 0.0
63 42.30769230769231 0.0
64 42.30769230769231 0.0
65 53.84615384615385 0.0
66 53.84615384615385 0.0
67 42.30769230769231 0.0
68 53.84615384615385 0.0
69 46.15384615384615 0.0
70 50.0 0.0
71 46.15384615384615 0.0
72 61.53846153846154 0.0
73 46.15384615384615 0.0
74 38.46153846153846 0.0
75 38.46153846153846 0.0
76 30.76923076923077 0.0
77 42.30769230769231 0.0
78 38.46153846153846 0.0
79 30.76923076923077 0.0
80 30.76923076923077 0.0
81 46.15384615384615 0.0
82 65.38461538461539 0.0
83 65.38461538461539 0.0
84 42.30769230769231 0.0
85 50.0 0.0
86 53.84615384615385 0.0
87 57.69230769230769 0.0
88 50.0 0.0
89 57.69230769230769 0.0
90 50.0 0.0
91 46.15384615384615 0.0
92 42.30769230769231 0.0
93 50.0 0.0
94 42.30769230769231 0.0
95 57.69230769230769 0.0
96 53.84615384615385 0.0
97 69.23076923076923 0.0
98 61.53846153846154 0.0
99 65.38461538461539 0.0
100 50.0 0.0
101 57.69230769230769 0.0
102 69.23076923076923 0.0
103 69.23076923076923 0.0
104 53.84615384615385 0.0
105 57.69230769230769 0.0
106 42.30769230769231 0.0
107 46.15384615384615 0.0
108 42.30769230769231 0.0
109 46.15384615384615 0.0
110 53.84615384615385 0.0
111 53.84615384615385 0.0
112 46.15384615384615 0.0
113 46.15384615384615 0.0
114 65.38461538461539 0.0
115 69.23076923076923 0.0
116 53.84615384615385 0.0
117 46.15384615384615 0.0
118 46.15384615384615 0.0
119 38.46153846153846 0.0
120 34.61538461538461 0.0
121 34.61538461538461 0.0
122 46.15384615384615 0.0
123 53.84615384615385 0.0
124 53.84615384615385 0.0
125 38.46153846153846 0.0
126 53.84615384615385 0.0
127 46.15384615384615 0.0
128 61.53846153846154 0.0
129 61.53846153846154 0.0
130 61.53846153846154 0.0
131 46.15384615384615 0.0
132 42.30769230769231 0.0
133 50.0 0.0
134 50.0 0.0
135 57.69230769230769 0.0
136 57.69230769230769 0.0
137 69.23076923076923 0.0
138 61.53846153846154 0.0
139 46.15384615384615 0.0
140 50.0 0.0
141 46.15384615384615 0.0
142 46.15384615384615 0.0
143 50.0 0.0
144 46.15384615384615 0.0
145 53.84615384615385 0.0
146 57.69230769230769 0.0
147 50.0 0.0
148 46.15384615384615 0.0
149 38.46153846153846 0.0
150 50.0 0.0
151 50.0 0.0
152 53.84615384615385 0.0
153 30.76923076923077 0.0
154 53.84615384615385 0.0
155 50.0 0.0
156 50.0 0.0
157 42.30769230769231 0.0
158 53.84615384615385 0.0
159 57.69230769230769 0.0
160 61.53846153846154 0.0
161 65.38461538461539 0.0
162 61.53846153846154 0.0
163 61.53846153846154 0.0
164 42.30769230769231 0.0
165 53.84615384615385 0.0
166 46.15384615384615 0.0
167 61.53846153846154 0.0
168 57.69230769230769 0.0
169 65.38461538461539 0.0
170 65.38461538461539 0.0
171 53.84615384615385 0.0
172 46.15384615384615 0.0
173 57.69230769230769 0.0
174 38.46153846153846 0.0
175 61.53846153846154 0.0
176 53.84615384615385 0.0
177 53.84615384615385 0.0
178 53.84615384615385 0.0
179 50.0 0.0
180 57.69230769230769 0.0
181 53.84615384615385 0.0
182 53.84615384615385 0.0
183 57.69230769230769 0.0
184 61.53846153846154 0.0
185 57.69230769230769 0.0
186 61.53846153846154 0.0
187 57.69230769230769 0.0
188 50.0 0.0
189 42.30769230769231 0.0
190 50.0 0.0
191 42.30769230769231 0.0
192 30.76923076923077 0.0
193 34.61538461538461 0.0
194 46.15384615384615 0.0
195 61.53846153846154 0.0
196 46.15384615384615 0.0
197 42.30769230769231 0.0
198 50.0 0.0
199 50.0 0.0
200 46.15384615384615 0.0
201 57.69230769230769 0.0
202 65.38461538461539 0.0
203 57.69230769230769 0.0
204 57.69230769230769 0.0
205 46.15384615384615 0.0
206 57.69230769230769 0.0
207 61.53846153846154 0.0
208 57.69230769230769 0.0
209 57.69230769230769 0.0
210 46.15384615384615 0.0
211 42.30769230769231 0.0
212 53.84615384615385 0.0
213 50.0 0.0
214 50.0 0.0
215 46.15384615384615 0.0
216 46.15384615384615 0.0
217 38.46153846153846 0.0
218 42.30769230769231 0.0
219 30.76923076923077 0.0
220 30.76923076923077 0.0
221 34.61538461538461 0.0
222 38.46153846153846 0.0
223 34.61538461538461 0.0
224 38.46153846153846 0.0
225 46.15384615384615 0.0
226 30.76923076923077 0.0
227 30.76923076923077 0.0
228 34.61538461538461 0.0
229 50.0 0.0
230 42.30769230769231 0.0
231 46.15384615384615 0.0
232 69.23076923076923 0.0
233 69.23076923076923 0.0
234 65.38461538461539 0.0
235 76.92307692307692 0.0
236 69.23076923076923 0.0
237 61.53846153846154 0.0
238 50.0 0.0
239 57.69230769230769 0.0
240 46.15384615384615 0.0
241 65.38461538461539 0.0
242 57.69230769230769 0.0
243 46.15384615384615 0.0
244 61.53846153846154 0.0
245 61.53846153846154 0.0
246 53.84615384615385 0.0
247 53.84615384615385 0.0
248 42.30769230769231 0.0
249 50.0 0.0
250 53.84615384615385 0.0
251 42.30769230769231 0.0
252 57.69230769230769 0.0
253 57.69230769230769 0.0
254 46.15384615384615 0.0
255 46.15384615384615 0.0
256 53.84615384615385 0.0
257 53.84615384615385 0.0
258 57.69230769230769 0.0
259 57.69230769230769 0.0
260 73.07692307692308 0.0
261 80.76923076923077 0.0
262 61.53846153846154 0.0
263 84.61538461538461 0.0
264 57.69230769230769 0.0
265 50.0 0.0
266 65.38461538461539 0.0
267 65.38461538461539 0.0
268 57.69230769230769 0.0
269 61.53846153846154 0.0
270 50.0 0.0
271 50.0 0.0
272 50.0 0.0
273 61.53846153846154 0.0
274 46.15384615384615 0.0
275 50.0 0.0
276 53.84615384615385 0.0
277 46.15384615384615 0.0
278 61.53846153846154 0.0
279 61.53846153846154 0.0
280 61.53846153846154 0.0
281 53.84615384615385 0.0
282 50.0 0.0
283 57.69230769230769 0.0
284 50.0 0.0
285 76.92307692307692 0.0
286 65.38461538461539 0.0
287 65.38461538461539 0.0
288 65.38461538461539 0.0
289 57.69230769230769 0.0
290 53.84615384615385 0.0
291 57.69230769230769 0.0
292 61.53846153846154 0.0
293 61.53846153846154 0.0
294 76.92307692307692 0.0
295 61.53846153846154 0.0
296 61.53846153846154 0.0
297 61.53846153846154 0.0
298 50.0 0.0
299 69.23076923076923 0.0
300 84.61538461538461 0.0
301 84.61538461538461 0.0
302 73.07692307692308 0.0
303 84.61538461538461 0.0
304 92.3076923076923 0.0
305 80.76923076923077 0.0
306 73.07692307692308 0.0
307 65.38461538461539 0.0
308 61.53846153846154 0.0
309 73.07692307692308 0.0
310 65.38461538461539 0.0
311 57.69230769230769 0.0
312 65.38461538461539 0.0
313 65.38461538461539 0.0
314 61.53846153846154 0.0
315 80.76923076923077 0.0
316 80.76923076923077 0.0
317 76.92307692307692 0.0
318 92.3076923076923 0.0
319 92.3076923076923 0.0
320 92.3076923076923 0.0
321 92.3076923076923 0.0
322 92.3076923076923 0.0
323 69.23076923076923 0.0
324 84.61538461538461 0.0
325 76.92307692307692 0.0
326 73.07692307692308 0.0
327 76.92307692307692 0.0
328 69.23076923076923 0.0
329 65.38461538461539 0.0
330 80.76923076923077 0.0
331 80.76923076923077 0.0
332 57.69230769230769 0.0
333 80.76923076923077 0.0
334 73.07692307692308 0.0
335 80.76923076923077 0.0
336 61.53846153846154 0.0
337 61.53846153846154 0.0
338 69.23076923076923 0.0
339 50.0 0.0
340 50.0 0.0
341 57.69230769230769 0.0
342 50.0 0.0
343 61.53846153846154 0.0
344 61.53846153846154 0.0
345 61.53846153846154 0.0
346 50.0 0.0
347 50.0 0.0
348 34.61538461538461 0.0
349 46.15384615384615 0.0
350 38.46153846153846 0.0
351 46.15384615384615 0.0
352 42.30769230769231 0.0
353 46.15384615384615 0.0
354 46.15384615384615 0.0
355 38.46153846153846 0.0
356 46.15384615384615 0.0
357 50.0 0.0
358 65.38461538461539 0.0
359 65.38461538461539 0.0
360 61.53846153846154 0.0
361 57.69230769230769 0.0
362 38.46153846153846 0.0
363 42.30769230769231 0.0
364 53.84615384615385 0.0
365 50.0 0.0
366 30.76923076923077 0.0
367 65.38461538461539 0.0
368 46.15384615384615 0.0
369 50.0 0.0
370 69.23076923076923 0.0
371 61.53846153846154 0.0
372 73.07692307692308 0.0
373 73.07692307692308 0.0
374 76.92307692307692 0.0
375 84.61538461538461 0.0
376 84.61538461538461 0.0
377 76.92307692307692 0.0
378 84.61538461538461 0.0
379 92.3076923076923 0.0
380 84.61538461538461 0.0
381 80.76923076923077 0.0
382 76.92307692307692 0.0
383 80.76923076923077 0.0
384 84.61538461538461 0.0
385 73.07692307692308 0.0
386 76.92307692307692 0.0
387 76.92307692307692 0.0
388 73.07692307692308 0.0
389 57.69230769230769 0.0
390 73.07692307692308 0.0
391 65.38461538461539 0.0
392 53.84615384615385 0.0
393 65.38461538461539 0.0
394 76.92307692307692 0.0
395 76.92307692307692 0.0
396 76.92307692307692 0.0
397 76.92307692307692 0.0
398 76.92307692307692 0.0
399 69.23076923076923 0.0
400 76.92307692307692 0.0
401 69.23076923076923 0.0
402 84.61538461538461 0.0
403 76.92307692307692 0.0
404 69.23076923076923 0.0
405 61.53846153846154 0.0
406 65.38461538461539 0.0
407 76.92307692307692 0.0
408 69.23076923076923 0.0
409 65.38461538461539 0.0
410 76.92307692307692 0.0
411 76.92307692307692 0.0
412 76.92307692307692 0.0
413 65.38461538461539 0.0
414 65.38461538461539 0.0
415 65.38461538461539 0.0
416 73.07692307692308 0.0
417 76.92307692307692 0.0
418 73.07692307692308 0.0
419 80.76923076923077 0.0
420 69.23076923076923 0.0
421 73.07692307692308 0.0
422 76.92307692307692 0.0
423 73.07692307692308 0.0
424 65.38461538461539 0.0
425 73.07692307692308 0.0
426 69.23076923076923 0.0
427 84.61538461538461 0.0
428 92.3076923076923 0.0
429 84.61538461538461 0.0
430 84.61538461538461 0.0
431 76.92307692307692 0.0
432 65.38461538461539 0.0
433 73.07692307692308 0.0
434 84.61538461538461 0.0
435 69.23076923076923 0.0
436 61.53846153846154 0.0
437 61.53846153846154 0.0
438 69.23076923076923 0.0
439 76.92307692307692 0.0
440 76.92307692307692 0.0
441 73.07692307692308 0.0
442 76.92307692307692 0.0
443 69.23076923076923 0.0
444 46.15384615384615 0.0
445 57.69230769230769 0.0
446 61.53846153846154 0.0
447 53.84615384615385 0.0
448 61.53846153846154 0.0
449 61.53846153846154 0.0
450 61.53846153846154 0.0
451 69.23076923076923 0.0
452 69.23076923076923 0.0
453 53.84615384615385 0.0
454 65.38461538461539 0.0
455 65.38461538461539 0.0
456 38.46153846153846 0.0
457 61.53846153846154 0.0
458 57.69230769230769 0.0
459 76.92307692307692 0.0
460 53.84615384615385 0.0
461 50.0 0.0
462 50.0 0.0
463 46.15384615384615 0.0
464 50.0 0.0
465 50.0 0.0
466 46.15384615384615 0.0
467 57.69230769230769 0.0
468 61.53846153846154 0.0
469 65.38461538461539 0.0
470 76.92307692307692 0.0
471 61.53846153846154 0.0
472 61.53846153846154 0.0
473 53.84615384615385 0.0
474 50.0 0.0
475 73.07692307692308 0.0
476 73.07692307692308 0.0
477 73.07692307692308 0.0
478 65.38461538461539 0.0
479 65.38461538461539 0.0
480 61.53846153846154 0.0
481 73.07692307692308 0.0
482 80.76923076923077 0.0
483 73.07692307692308 0.0
484 69.23076923076923 0.0
485 53.84615384615385 0.0
486 50.0 0.0
487 69.23076923076923 0.0
488 61.53846153846154 0.0
489 61.53846153846154 0.0
490 61.53846153846154 0.0
491 57.69230769230769 0.0
492 65.38461538461539 0.0
493 57.69230769230769 0.0
494 53.84615384615385 0.0
495 53.84615384615385 0.0
496 53.84615384615385 0.0
497 65.38461538461539 0.0
498 61.53846153846154 0.0
499 61.53846153846154 0.0
500 69.23076923076923 0.0
501 61.53846153846154 0.0
502 65.38461538461539 0.0
503 65.38461538461539 0.0
504 73.07692307692308 0.0
505 65.38461538461539 0.0
506 65.38461538461539 0.0
507 69.23076923076923 0.0
508 65.38461538461539 0.0
509 57.69230769230769 0.0
510 61.53846153846154 0.0
511 57.69230769230769 0.0
512 53.84615384615385 0.0
513 61.53846153846154 0.0
514 61.53846153846154 0.0
515 61.53846153846154 0.0
516 84.61538461538461 0.0
517 76.92307692307692 0.0
518 73.07692307692308 0.0
519 76.92307692307692 0.0
520 76.92307692307692 0.0
521 57.69230769230769 0.0
522 69.23076923076923 0.0
523 76.92307692307692 0.0
524 69.23076923076923 0.0
525 69.23076923076923 0.0
526 73.07692307692308 0.0
527 69.23076923076923 0.0
528 76.92307692307692 0.0
529 65.38461538461539 0.0
530 53.84615384615385 0.0
531 61.53846153846154 0.0
532 61.53846153846154 0.0
533 69.23076923076923 0.0
534 61.53846153846154 0.0
535 69.23076923076923 0.0
536 61.53846153846154 0.0
537 61.53846153846154 0.0
538 65.38461538461539 0.0
539 65.38461538461539 0.0
540 73.07692307692308 0.0
541 69.23076923076923 0.0
542 69.23076923076923 0.0
543 69.23076923076923 0.0
544 61.53846153846154 0.0
545 53.84615384615385 0.0
546 61.53846153846154 0.0
547 61.53846153846154 0.0
548 65.38461538461539 0.0
549 57.69230769230769 0.0
550 50.0 0.0
551 57.69230769230769 0.0
552 53.84615384615385 0.0
553 42.30769230769231 0.0
554 53.84615384615385 0.0
555 50.0 0.0
556 50.0 0.0
557 38.46153846153846 0.0
558 34.61538461538461 0.0
559 34.61538461538461 0.0
560 46.15384615384615 0.0
561 34.61538461538461 0.0
562 34.61538461538461 0.0
563 30.76923076923077 0.0
564 30.76923076923077 0.0
565 26.923076923076923 0.0
566 50.0 0.0
567 46.15384615384615 0.0
568 34.61538461538461 0.0
569 53.84615384615385 0.0
570 46.15384615384615 0.0
571 50.0 0.0
572 42.30769230769231 0.0
573 46.15384615384615 0.0
574 57.69230769230769 0.0
575 61.53846153846154 0.0
576 53.84615384615385 0.0
577 53.84615384615385 0.0
578 46.15384615384615 0.0
579 53.84615384615385 0.0
580 50.0 0.0
581 50.0 0.0
582 53.84615384615385 0.0
583 61.53846153846154 0.0
584 53.84615384615385 0.0
585 42.30769230769231 0.0
586 53.84615384615385 0.0
587 46.15384615384615 0.0
588 50.0 0.0
589 46.15384615384615 0.0
590 53.84615384615385 0.0
591 34.61538461538461 0.0
592 53.84615384615385 0.0
593 46.15384615384615 0.0
594 57.69230769230769 0.0
595 50.0 0.0
596 50.0 0.0
597 46.15384615384615 0.0
598 42.30769230769231 0.0
599 53.84615384615385 0.0
600 61.53846153846154 0.0
601 46.15384615384615 0.0
602 46.15384615384615 0.0
603 42.30769230769231 0.0
604 53.84615384615385 0.0
605 65.38461538461539 0.0
606 73.07692307692308 0.0
607 53.84615384615385 0.0
608 69.23076923076923 0.0
609 73.07692307692308 0.0
610 65.38461538461539 0.0
611 53.84615384615385 0.0
612 61.53846153846154 0.0
613 61.53846153846154 0.0
614 53.84615384615385 0.0
615 46.15384615384615 0.0
616 57.69230769230769 0.0
617 57.69230769230769 0.0
618 61.53846153846154 0.0
619 57.69230769230769 0.0
620 57.69230769230769 0.0
621 53.84615384615385 0.0
622 65.38461538461539 0.0
623 61.53846153846154 0.0
624 57.69230769230769 0.0
625 69.23076923076923 0.0
626 73.07692307692308 0.0
627 65.38461538461539 0.0
628 69.23076923076923 0.0
629 61.53846153846154 0.0
630 38.46153846153846 0.0
631 57.69230769230769 0.0
632 42.30769230769231 0.0
633 46.15384615384615 0.0
634 46.15384615384615 0.0
635 42.30769230769231 0.0
636 61.53846153846154 0.0
637 53.84615384615385 0.0
638 61.53846153846154 0.0
639 53.84615384615385 0.0
640 50.0 0.0
641 69.23076923076923 0.0
642 73.07692307692308 0.0
643 65.38461538461539 0.0
644 80.76923076923077 0.0
645 65.38461538461539 0.0
646 50.0 0.0
647 57.69230769230769 0.0
648 46.15384615384615 0.0
649 61.53846153846154 0.0
650 50.0 0.0
651 42.30769230769231 0.0
652 34.61538461538461 0.0
653 50.0 0.0
654 38.46153846153846 0.0
655 46.15384615384615 0.0
656 53.84615384615385 0.0
657 42.30769230769231 0.0
658 53.84615384615385 0.0
659 46.15384615384615 0.0
660 46.15384615384615 0.0
661 65.38461538461539 0.0
662 69.23076923076923 0.0
663 69.23076923076923 0.0
664 65.38461538461539 0.0
665 76.92307692307692 0.0
666 84.61538461538461 0.0
667 76.92307692307692 0.0
668 57.69230769230769 0.0
669 50.0 0.0
670 57.69230769230769 0.0
671 61.53846153846154 0.0
672 57.69230769230769 0.0
673 50.0 0.0
674 42.30769230769231 0.0
675 69.23076923076923 0.0
676 50.0 0.0
677 65.38461538461539 0.0
678 69.23076923076923 0.0
679 61.53846153846154 0.0
680 57.69230769230769 0.0
681 53.84615384615385 0.0
682 50.0 0.0
683 53.84615384615385 0.0
684 69.23076923076923 0.0
685 65.38461538461539 0.0
686 61.53846153846154 0.0
687 57.69230769230769 0.0
688 61.53846153846154 0.0
689 61.53846153846154 0.0
690 34.61538461538461 0.0
691 57.69230769230769 0.0
692 53.84615384615385 0.0
693 57.69230769230769 0.0
694 50.0 0.0
695 61.53846153846154 0.0
696 50.0 0.0
697 46.15384615384615 0.0
698 53.84615384615385 0.0
699 42.30769230769231 0.0
700 46.15384615384615 0.0
701 61.53846153846154 0.0
702 65.38461538461539 0.0
703 57.69230769230769 0.0
704 42.30769230769231 0.0
705 42.30769230769231 0.0
706 38.46153846153846 0.0
707 57.69230769230769 0.0
708 50.0 0.0
709 46.15384615384615 0.0
710 53.84615384615385 0.0
711 42.30769230769231 0.0
712 53.84615384615385 0.0
713 61.53846153846154 0.0
714 65.38461538461539 0.0
715 53.84615384615385 0.0
716 61.53846153846154 0.0
717 65.38461538461539 0.0
718 53.84615384615385 0.0
719 53.84615384615385 0.0
720 46.15384615384615 0.0
721 53.84615384615385 0.0
722 53.84615384615385 0.0
723 50.0 0.0
724 57.69230769230769 0.0
725 34.61538461538461 0.0
726 57.69230769230769 0.0
727 50.0 0.0
728 42.30769230769231 0.0
729 50.0 0.0
730 53.84615384615385 0.0
731 50.0 0.0
732 46.15384615384615 0.0
733 57.69230769230769 0.0
734 46.15384615384615 0.0
735 50.0 0.0
736 53.84615384615385 0.0
737 46.15384615384615 0.0
738 38.46153846153846 0.0
739 50.0 0.0
740 50.0 0.0
741 50.0 0.0
742 53.84615384615385 0.0
743 53.84615384615385 0.0
744 57.69230769230769 0.0
745 46.15384615384615 0.0
746 53.84615384615385 0.0
747 61.53846153846154 0.0
748 73.07692307692308 0.0
749 57.69230769230769 0.0
750 61.53846153846154 0.0
751 61.53846153846154 0.0
752 73.07692307692308 0.0
753 69.23076923076923 0.0
754 69.23076923076923 0.0
755 57.69230769230769 0.0
756 65.38461538461539 0.0
757 46.15384615384615 0.0
758 46.15384615384615 0.0
759 53.84615384615385 0.0
760 57.69230769230769 0.0
761 69.23076923076923 0.0
762 57.69230769230769 0.0
763 61.53846153846154 0.0
764 61.53846153846154 0.0
765 61.53846153846154 0.0
766 50.0 0.0
767 57.69230769230769 0.0
768 53.84615384615385 0.0
769 46.15384615384615 0.0
770 61.53846153846154 0.0
771 61.53846153846154 0.0
772 61.53846153846154 0.0
773 61.53846153846154 0.0
774 61.53846153846154 0.0
775 53.84615384615385 0.0
776 61.53846153846154 0.0
777 61.53846153846154 0.0
778 61.53846153846154 0.0
779 57.69230769230769 0.0
780 61.53846153846154 0.0
781 61.53846153846154 0.0
782 61.53846153846154 0.0
783 61.53846153846154 0.0
784 53.84615384615385 0.0
785 53.84615384615385 0.0
786 53.84615384615385 0.0
787 57.69230769230769 0.0
788 50.0 0.0
789 57.69230769230769 0.0
790 57.69230769230769 0.0
791 57.69230769230769 0.0
792 57.69230769230769 0.0
793 57.69230769230769 0.0
794 65.38461538461539 0.0
795 53.84615384615385 0.0
796 50.0 0.0
797 65.38461538461539 0.0
798 65.38461538461539 0.0
799 46.15384615384615 0.0
800 42.30769230769231 0.0
801 50.0 0.0
802 42.30769230769231 0.0
803 50.0 0.0
804 34.61538461538461 0.0
805 38.46153846153846 0.0
806 34.61538461538461 0.0
807 53.84615384615385 0.0
808 46.15384615384615 0.0
809 42.30769230769231 0.0
810 69.23076923076923 0.0
811 65.38461538461539 0.0
812 57.69230769230769 0.0
813 46.15384615384615 0.0
814 57.69230769230769 0.0
815 53.84615384615385 0.0
816 53.84615384615385 0.0
817 53.84615384615385 0.0
818 38.46153846153846 0.0
819 46.15384615384615 0.0
820 53.84615384615385 0.0
821 42.30769230769231 0.0
822 46.15384615384615 0.0
823 57.69230769230769 0.0
824 53.84615384615385 0.0
825 46.15384615384615 0.0
826 53.84615384615385 0.0
827 57.69230769230769 0.0
828 46.15384615384615 0.0
829 46.15384615384615 0.0
830 69.23076923076923 0.0
831 57.69230769230769 0.0
832 69.23076923076923 0.0
833 76.92307692307692 0.0
834 61.53846153846154 0.0
835 57.69230769230769 0.0
836 50.0 0.0
837 65.38461538461539 0.0
838 57.69230769230769 0.0
839 57.69230769230769 0.0
840 57.69230769230769 0.0
841 53.84615384615385 0.0
842 50.0 0.0
843 38.46153846153846 0.0
844 53.84615384615385 0.0
845 57.69230769230769 0.0
846 57.69230769230769 0.0
847 73.07692307692308 0.0
848 69.23076923076923 0.0
849 61.53846153846154 0.0
850 53.84615384615385 0.0
851 46.15384615384615 0.0
852 46.15384615384615 0.0
853 53.84615384615385 0.0
854 50.0 0.0
855 53.84615384615385 0.0
856 57.69230769230769 0.0
857 46.15384615384615 0.0
858 57.69230769230769 0.0
859 50.0 0.0
860 65.38461538461539 0.0
861 69.23076923076923 0.0
862 61.53846153846154 0.0
863 46.15384615384615 0.0
864 61.53846153846154 0.0
865 69.23076923076923 0.0
866 53.84615384615385 0.0
867 57.69230769230769 0.0
868 61.53846153846154 0.0
869 69.23076923076923 0.0
870 50.0 0.0
871 46.15384615384615 0.0
872 34.61538461538461 0.0
873 61.53846153846154 0.0
874 42.30769230769231 0.0
875 57.69230769230769 0.0
876 57.69230769230769 0.0
877 57.69230769230769 0.0
878 53.84615384615385 0.0
879 61.53846153846154 0.0
880 50.0 0.0
881 53.84615384615385 0.0
882 57.69230769230769 0.0
883 53.84615384615385 0.0
884 42.30769230769231 0.0
885 61.53846153846154 0.0
886 53.84615384615385 0.0
887 53.84615384615385 0.0
888 34.61538461538461 0.0
889 50.0 0.0
890 46.15384615384615 0.0
891 50.0 0.0
892 57.69230769230769 0.0
893 38.46153846153846 0.0
894 38.46153846153846 0.0
895 46.15384615384615 0.0
896 46.15384615384615 0.0
897 42.30769230769231 0.0
898 38.46153846153846 0.0
899 46.15384615384615 0.0
900 38.46153846153846 0.0
901 26.923076923076923 0.0
902 50.0 0.0
903 53.84615384615385 0.0
904 38.46153846153846 0.0
905 46.15384615384615 0.0
906 38.46153846153846 0.0
907 38.46153846153846 0.0
908 38.46153846153846 0.0
909 34.61538461538461 0.0
910 30.76923076923077 0.0
911 50.0 0.0
912 53.84615384615385 0.0
913 46.15384615384615 0.0
914 34.61538461538461 0.0
915 26.923076923076923 0.0
916 23.076923076923077 0.0
917 42.30769230769231 0.0
918 34.61538461538461 0.0
919 42.30769230769231 0.0
920 46.15384615384615 0.0
921 42.30769230769231 0.0
922 46.15384615384615 0.0
923 65.38461538461539 0.0
924 46.15384615384615 0.0
925 53.84615384615385 0.0
926 53.84615384615385 0.0
927 61.53846153846154 0.0
928 46.15384615384615 0.0
929 46.15384615384615 0.0
930 50.0 0.0
931 53.84615384615385 0.0
932 50.0 0.0
933 42.30769230769231 0.0
934 50.0 0.0
935 53.84615384615385 0.0
936 50.0 0.0
937 42.30769230769231 0.0
938 42.30769230769231 0.0
939 53.84615384615385 0.0
940 38.46153846153846 0.0
941 38.46153846153846 0.0
942 38.46153846153846 0.0
943 30.76923076923077 0.0
944 38.46153846153846 0.0
945 30.76923076923077 0.0
946 26.923076923076923 0.0
947 23.076923076923077 0.0
948 26.923076923076923 0.0
949 30.76923076923077 0.0
950 26.923076923076923 0.0
951 30.76923076923077 0.0
952 38.46153846153846 0.0
953 42.30769230769231 0.0
954 46.15384615384615 0.0
955 46.15384615384615 0.0
956 38.46153846153846 0.0
957 42.30769230769231 0.0
958 38.46153846153846 0.0
959 50.0 0.0
960 50.0 0.0
961 46.15384615384615 0.0
962 38.46153846153846 0.0
963 38.46153846153846 0.0
964 38.46153846153846 0.0
965 38.46153846153846 0.0
966 46.15384615384615 0.0
967 50.0 0.0
968 42.30769230769231 0.0
969 46.15384615384615 0.0
970 38.46153846153846 0.0
971 26.923076923076923 0.0
972 34.61538461538461 0.0
973 26.923076923076923 0.0
974 26.923076923076923 0.0
975 30.76923076923077 0.0
976 26.923076923076923 0.0
977 26.923076923076923 0.0
978 19.23076923076923 0.0
979 38.46153846153846 0.0
980 30.76923076923077 0.0
981 34.61538461538461 0.0
982 38.46153846153846 0.0
983 38.46153846153846 0.0
984 38.46153846153846 0.0
985 50.0 0.0
986 34.61538461538461 0.0
987 46.15384615384615 0.0
988 46.15384615384615 0.0
989 46.15384615384615 0.0
990 50.0 0.0
991 50.0 0.0
992 53.84615384615385 0.0
993 46.15384615384615 0.0
994 34.61538461538461 0.0
995 30.76923076923077 0.0
996 34.61538461538461 0.0
997 42.30769230769231 0.0
998 57.69230769230769 0.0
999 42.30769230769231 0.0
