#frame monomers_% popc_isolated_%
0 50.0 0.0
1 73.07692307692308 0.0
2 73.07692307692308 0.0
3 57.69230769230769 0.0
4 65.38461538461539 0.0
5 73.07692307692308 0.0
6 46.15384615384615 0.0
7 42.30769230769231 0.0
8 50.0 0.0
9 57.69230769230769 0.0
10 42.30769230769231 0.0
11 61.53846153846154 0.0
12 53.84615384615385 0.0
13 53.84615384615385 0.0
14 57.69230769230769 0.0
15 57.69230769230769 0.0
16 69.23076923076923 0.0
17 53.84615384615385 0.0
18 73.07692307692308 0.0
19 57.69230769230769 0.0
20 61.53846153846154 0.0
21 53.84615384615385 0.0
22 73.07692307692308 0.0
23 65.38461538461539 0.0
24 65.38461538461539 0.0
25 61.53846153846154 0.0
26 57.69230769230769 0.0
27 57.69230769230769 0.0
28 61.53846153846154 0.0
29 57.69230769230769 0.0
30 46.15384615384615 0.0
31 53.84615384615385 0.0
32 57.69230769230769 0.0
33 46.15384615384615 0.0
34 38.46153846153846 0.0
35 53.84615384615385 0.0
36 38.46153846153846 0.0
37 38.46153846153846 0.0
38 34.61538461538461 0.0
39 50.0 0.0
40 69.23076923076923 0.0
41 57.69230769230769 0.0
42 61.53846153846154 0.0
43 53.84615384615385 0.0
44 50.0 0.0
45 46.15384615384615 0.0
46 42.30769230769231 0.0
47 42.30769230769231 0.0
48 50.0 0.0
49 50.0 0.0
50 53.84615384615385 0.0
51 42.30769230769231 0.0
52 34.61538461538461 0.0
53 46.15384615384615 0.0
54 42.30769230769231 0.0
55 50.0 0.0
56 61.53846153846154 0.0
57 61.53846153846154 0.0
58 42.30769230769231 0.0
59 46.15384615384615 0.0
60 46.15384615384615 0.0
61 65.38461538461539 0.0
62 61.53846153846154 0.0
63 53.84615384615385 0.0
64 50.0 0.0
65 50.0 0.0
66 50.0 0.0
67 50.0 0.0
68 57.69230769230769 0.0
69 53.84615384615385 0.0
70 57.69230769230769 0.0
71 53.84615384615385 0.0
72 50.0 0.0
73 65.38461538461539 0.0
74 50.0 0.0
75 53.84615384615385 0.0
76 42.30769230769231 0.0
77 57.69230769230769 0.0
78 65.38461538461539 0.0
79 61.53846153846154 0.0
80 57.69230769230769 0.0
81 50.0 0.0
82 50.0 0.0
83 53.84615384615385 0.0
84 50.0 0.0
85 38.46153846153846 0.0
86 34.61538461538461 0.0
87 38.46153846153846 0.0
88 50.0 0.0
89 61.53846153846154 0.0
90 61.53846153846154 0.0
91 34.61538461538461 0.0
92 50.0 0.0
93 50.0 0.0
94 53.84615384615385 0.0
95 53.84615384615385 0.0
96 53.84615384615385 0.0
97 46.15384615384615 0.0
98 46.15384615384615 0.0
99 50.0 0.0
100 42.30769230769231 0.0
101 53.84615384615385 0.0
102 53.84615384615385 0.0
103 73.07692307692308 0.0
104 57.69230769230769 0.0
105 53.84615384615385 0.0
106 53.84615384615385 0.0
107 65.38461538461539 0.0
108 57.69230769230769 0.0
109 53.84615384615385 0.0
110 65.38461538461539 0.0
111 57.69230769230769 0.0
112 46.15384615384615 0.0
113 61.53846153846154 0.0
114 46.15384615384615 0.0
115 50.0 0.0
116 61.53846153846154 0.0
117 65.38461538461539 0.0
118 73.07692307692308 0.0
119 76.92307692307692 0.0
120 69.23076923076923 0.0
121 61.53846153846154 0.0
122 65.38461538461539 0.0
123 61.53846153846154 0.0
124 73.07692307692308 0.0
125 76.92307692307692 0.0
126 65.38461538461539 0.0
127 57.69230769230769 0.0
128 65.38461538461539 0.0
129 57.69230769230769 0.0
130 65.38461538461539 0.0
131 53.84615384615385 0.0
132 57.69230769230769 0.0
133 50.0 0.0
134 53.84615384615385 0.0
135 46.15384615384615 0.0
136 61.53846153846154 0.0
137 61.53846153846154 0.0
138 57.69230769230769 0.0
139 57.69230769230769 0.0
140 57.69230769230769 0.0
141 57.69230769230769 0.0
142 53.84615384615385 0.0
143 53.84615384615385 0.0
144 46.15384615384615 0.0
145 46.15384615384615 0.0
146 46.15384615384615 0.0
147 46.15384615384615 0.0
148 50.0 0.0
149 50.0 0.0
150 42.30769230769231 0.0
151 30.76923076923077 0.0
152 46.15384615384615 0.0
153 50.0 0.0
154 50.0 0.0
155 50.0 0.0
156 53.84615384615385 0.0
157 50.0 0.0
158 57.69230769230769 0.0
159 61.53846153846154 0.0
160 53.84615384615385 0.0
161 42.30769230769231 0.0
162 57.69230769230769 0.0
163 53.84615384615385 0.0
164 46.15384615384615 0.0
165 53.84615384615385 0.0
166 53.84615384615385 0.0
167 38.46153846153846 0.0
168 50.0 0.0
169 23.076923076923077 0.0
170 38.46153846153846 0.0
171 50.0 0.0
172 61.53846153846154 0.0
173 61.53846153846154 0.0
174 61.53846153846154 0.0
175 50.0 0.0
176 50.0 0.0
177 65.38461538461539 0.0
178 53.84615384615385 0.0
179 57.69230769230769 0.0
180 46.15384615384615 0.0
181 57.69230769230769 0.0
182 50.0 0.0
183 57.69230769230769 0.0
184 57.69230769230769 0.0
185 53.84615384615385 0.0
186 57.69230769230769 0.0
187 53.84615384615385 0.0
188 57.69230769230769 0.0
189 53.84615384615385 0.0
190 53.84615384615385 0.0
191 61.53846153846154 0.0
192 57.69230769230769 0.0
193 57.69230769230769 0.0
194 61.53846153846154 0.0
195 73.07692307692308 0.0
196 65.38461538461539 0.0
197 65.38461538461539 0.0
198 57.69230769230769 0.0
199 57.69230769230769 0.0
200 57.69230769230769 0.0
201 53.84615384615385 0.0
202 46.15384615384615 0.0
203 50.0 0.0
204 57.69230769230769 0.0
205 65.38461538461539 0.0
206 53.84615384615385 0.0
207 53.84615384615385 0.0
208 61.53846153846154 0.0
209 69.23076923076923 0.0
210 65.38461538461539 0.0
211 61.53846153846154 0.0
212 53.84615384615385 0.0
213 61.53846153846154 0.0
214 76.92307692307692 0.0
215 61.53846153846154 0.0
216 76.92307692307692 0.0
217 50.0 0.0
218 53.84615384615385 0.0
219 61.53846153846154 0.0
220 69.23076923076923 0.0
221 65.38461538461539 0.0
222 57.69230769230769 0.0
223 69.23076923076923 0.0
224 76.92307692307692 0.0
225 76.92307692307692 0.0
226 57.69230769230769 0.0
227 73.07692307692308 0.0
228 53.84615384615385 0.0
229 50.0 0.0
230 57.69230769230769 0.0
231 61.53846153846154 0.0
232 61.53846153846154 0.0
233 61.53846153846154 0.0
234 84.61538461538461 0.0
235 76.92307692307692 0.0
236 84.61538461538461 0.0
237 73.07692307692308 0.0
238 73.07692307692308 0.0
239 73.07692307692308 0.0
240 65.38461538461539 0.0
241 73.07692307692308 0.0
242 76.92307692307692 0.0
243 50.0 0.0
244 57.69230769230769 0.0
245 57.69230769230769 0.0
246 42.30769230769231 0.0
247 57.69230769230769 0.0
248 61.53846153846154 0.0
249 50.0 0.0
250 65.38461538461539 0.0
251 76.92307692307692 0.0
252 61.53846153846154 0.0
253 69.23076923076923 0.0
254 57.69230769230769 0.0
255 53.84615384615385 0.0
256 65.38461538461539 0.0
257 69.23076923076923 0.0
258 69.23076923076923 0.0
259 65.38461538461539 0.0
260 61.53846153846154 0.0
261 65.38461538461539 0.0
262 73.07692307692308 0.0
263 73.07692307692308 0.0
264 73.07692307692308 0.0
265 65.38461538461539 0.0
266 57.69230769230769 0.0
267 69.23076923076923 0.0
268 61.53846153846154 0.0
269 69.23076923076923 0.0
270 69.23076923076923 0.0
271 57.69230769230769 0.0
272 69.23076923076923 0.0
273 69.23076923076923 0.0
274 57.69230769230769 0.0
275 61.53846153846154 0.0
276 61.53846153846154 0.0
277 57.69230769230769 0.0
278 53.84615384615385 0.0
279 42.30769230769231 0.0
280 50.0 0.0
281 61.53846153846154 0.0
282 57.69230769230769 0.0
283 73.07692307692308 0.0
284 57.69230769230769 0.0
285 38.46153846153846 0.0
286 53.84615384615385 0.0
287 53.84615384615385 0.0
288 61.53846153846154 0.0
289 42.30769230769231 0.0
290 50.0 0.0
291 53.84615384615385 0.0
292 50.0 0.0
293 46.15384615384615 0.0
294 46.15384615384615 0.0
295 38.46153846153846 0.0
296 42.30769230769231 0.0
297 61.53846153846154 0.0
298 57.69230769230769 0.0
299 34.61538461538461 0.0
300 57.69230769230769 0.0
301 53.84615384615385 0.0
302 42.30769230769231 0.0
303 50.0 0.0
304 57.69230769230769 0.0
305 61.53846153846154 0.0
306 50.0 0.0
307 53.84615384615385 0.0
308 50.0 0.0
309 46.15384615384615 0.0
310 53.84615384615385 0.0
311 53.84615384615385 0.0
312 38.46153846153846 0.0
313 38.46153846153846 0.0
314 42.30769230769231 0.0
315 34.61538461538461 0.0
316 50.0 0.0
317 26.923076923076923 0.0
318 42.30769230769231 0.0
319 53.84615384615385 0.0
320 46.15384615384615 0.0
321 34.61538461538461 0.0
322 34.61538461538461 0.0
323 34.61538461538461 0.0
324 46.15384615384615 0.0
325 50.0 0.0
326 50.0 0.0
327 50.0 0.0
328 53.84615384615385 0.0
329 57.69230769230769 0.0
330 61.53846153846154 0.0
331 69.23076923076923 0.0
332 76.92307692307692 0.0
333 65.38461538461539 0.0
334 80.76923076923077 0.0
335 69.23076923076923 0.0
336 65.38461538461539 0.0
337 61.53846153846154 0.0
338 53.84615384615385 0.0
339 46.15384615384615 0.0
340 69.23076923076923 0.0
341 57.69230769230769 0.0
342 50.0 0.0
343 53.84615384615385 0.0
344 50.0 0.0
345 57.69230769230769 0.0
346 57.69230769230769 0.0
347 57.69230769230769 0.0
348 73.07692307692308 0.0
349 53.84615384615385 0.0
350 57.69230769230769 0.0
351 65.38461538461539 0.0
352 50.0 0.0
353 61.53846153846154 0.0
354 69.23076923076923 0.0
355 61.53846153846154 0.0
356 61.53846153846154 0.0
357 73.07692307692308 0.0
358 92.3076923076923 0.0
359 84.61538461538461 0.0
360 84.61538461538461 0.0
361 88.46153846153847 0.0
362 73.07692307692308 0.0
363 73.07692307692308 0.0
364 88.46153846153847 0.0
365 88.46153846153847 0.0
366 76.92307692307692 0.0
367 65.38461538461539 0.0
368 69.23076923076923 0.0
369 65.38461538461539 0.0
370 84.61538461538461 0.0
371 65.38461538461539 0.0
372 69.23076923076923 0.0
373 76.92307692307692 0.0
374 50.0 0.0
375 50.0 0.0
376 46.15384615384615 0.0
377 61.53846153846154 0.0
378 50.0 0.0
379 61.53846153846154 0.0
380 57.69230769230769 0.0
381 53.84615384615385 0.0
382 42.30769230769231 0.0
383 61.53846153846154 0.0
384 53.84615384615385 0.0
385 65.38461538461539 0.0
386 57.69230769230769 0.0
387 69.23076923076923 0.0
388 65.38461538461539 0.0
389 46.15384615384615 0.0
390 53.84615384615385 0.0
391 57.69230769230769 0.0
392 50.0 0.0
393 50.0 0.0
394 65.38461538461539 0.0
395 46.15384615384615 0.0
396 53.84615384615385 0.0
397 57.69230769230769 0.0
398 50.0 0.0
399 53.84615384615385 0.0
400 53.84615384615385 0.0
401 42.30769230769231 0.0
402 50.0 0.0
403 42.30769230769231 0.0
404 42.30769230769231 0.0
405 57.69230769230769 0.0
406 53.84615384615385 0.0
407 46.15384615384615 0.0
408 46.15384615384615 0.0
409 53.84615384615385 0.0
410 50.0 0.0
411 69.23076923076923 0.0
412 53.84615384615385 0.0
413 61.53846153846154 0.0
414 53.84615384615385 0.0
415 65.38461538461539 0.0
416 57.69230769230769 0.0
417 61.53846153846154 0.0
418 53.84615384615385 0.0
419 57.69230769230769 0.0
420 61.53846153846154 0.0
421 69.23076923076923 0.0
422 73.07692307692308 0.0
423 57.69230769230769 0.0
424 76.92307692307692 0.0
425 61.53846153846154 0.0
426 69.23076923076923 0.0
427 46.15384615384615 0.0
428 50.0 0.0
429 53.84615384615385 0.0
430 50.0 0.0
431 42.30769230769231 0.0
432 38.46153846153846 0.0
433 42.30769230769231 0.0
434 53.84615384615385 0.0
435 65.38461538461539 0.0
436 53.84615384615385 0.0
437 69.23076923076923 0.0
438 69.23076923076923 0.0
439 76.92307692307692 0.0
440 69.23076923076923 0.0
441 69.23076923076923 0.0
442 57.69230769230769 0.0
443 50.0 0.0
444 50.0 0.0
445 57.69230769230769 0.0
446 50.0 0.0
447 50.0 0.0
448 50.0 0.0
449 53.84615384615385 0.0
450 50.0 0.0
451 42.30769230769231 0.0
452 53.84615384615385 0.0
453 61.53846153846154 0.0
454 61.53846153846154 0.0
455 61.53846153846154 0.0
456 57.69230769230769 0.0
457 46.15384615384615 0.0
458 61.53846153846154 0.0
459 46.15384615384615 0.0
460 53.84615384615385 0.0
461 53.84615384615385 0.0
462 53.84615384615385 0.0
463 53.84615384615385 0.0
464 61.53846153846154 0.0
465 65.38461538461539 0.0
466 57.69230769230769 0.0
467 61.53846153846154 0.0
468 57.69230769230769 0.0
469 50.0 0.0
470 46.15384615384615 0.0
471 46.15384615384615 0.0
472 57.69230769230769 0.0
473 53.84615384615385 0.0
474 50.0 0.0
475 61.53846153846154 0.0
476 57.69230769230769 0.0
477 65.38461538461539 0.0
478 61.53846153846154 0.0
479 61.53846153846154 0.0
480 46.15384615384615 0.0
481 50.0 0.0
482 53.84615384615385 0.0
483 50.0 0.0
484 42.30769230769231 0.0
485 38.46153846153846 0.0
486 42.30769230769231 0.0
487 46.15384615384615 0.0
488 50.0 0.0
489 53.84615384615385 0.0
490 46.15384615384615 0.0
491 38.46153846153846 0.0
492 46.15384615384615 0.0
493 53.84615384615385 0.0
494 46.15384615384615 0.0
495 50.0 0.0
496 46.15384615384615 0.0
497 50.0 0.0
498 50.0 0.0
499 50.0 0.0
500 53.84615384615385 0.0
501 53.84615384615385 0.0
502 57.69230769230769 0.0
503 50.0 0.0
504 50.0 0.0
505 53.84615384615385 0.0
506 69.23076923076923 0.0
507 50.0 0.0
508 42.30769230769231 0.0
509 53.84615384615385 0.0
510 57.69230769230769 0.0
511 53.84615384615385 0.0
512 53.84615384615385 0.0
513 50.0 0.0
514 69.23076923076923 0.0
515 57.69230769230769 0.0
516 42.30769230769231 0.0
517 53.84615384615385 0.0
518 61.53846153846154 0.0
519 57.69230769230769 0.0
520 61.53846153846154 0.0
521 53.84615384615385 0.0
522 57.69230769230769 0.0
523 61.53846153846154 0.0
524 50.0 0.0
525 42.30769230769231 0.0
526 46.15384615384615 0.0
527 53.84615384615385 0.0
528 50.0 0.0
529 50.0 0.0
530 50.0 0.0
531 57.69230769230769 0.0
532 65.38461538461539 0.0
533 57.69230769230769 0.0
534 53.84615384615385 0.0
535 69.23076923076923 0.0
536 65.38461538461539 0.0
537 46.15384615384615 0.0
538 61.53846153846154 0.0
539 53.84615384615385 0.0
540 46.15384615384615 0.0
541 42.30769230769231 0.0
542 38.46153846153846 0.0
543 38.46153846153846 0.0
544 42.30769230769231 0.0
545 34.61538461538461 0.0
546 38.46153846153846 0.0
547 42.30769230769231 0.0
548 50.0 0.0
549 50.0 0.0
550 46.15384615384615 0.0
551 50.0 0.0
552 53.84615384615385 0.0
553 50.0 0.0
554 53.84615384615385 0.0
555 53.84615384615385 0.0
556 53.84615384615385 0.0
557 46.15384615384615 0.0
558 53.84615384615385 0.0
559 50.0 0.0
560 46.15384615384615 0.0
561 50.0 0.0
562 42.30769230769231 0.0
563 42.30769230769231 0.0
564 38.46153846153846 0.0
565 50.0 0.0
566 46.15384615384615 0.0
567 42.30769230769231 0.0
568 42.30769230769231 0.0
569 46.15384615384615 0.0
570 42.30769230769231 0.0
571 46.15384615384615 0.0
572 42.30769230769231 0.0
573 38.46153846153846 0.0
574 42.30769230769231 0.0
575 42.30769230769231 0.0
576 46.15384615384615 0.0
577 53.84615384615385 0.0
578 57.69230769230769 0.0
579 61.53846153846154 0.0
580 46.15384615384615 0.0
581 46.15384615384615 0.0
582 50.0 0.0
583 50.0 0.0
584 53.84615384615385 0.0
585 57.69230769230769 0.0
586 57.69230769230769 0.0
587 46.15384615384615 0.0
588 61.53846153846154 0.0
589 65.38461538461539 0.0
590 53.84615384615385 0.0
591 65.38461538461539 0.0
592 61.53846153846154 0.0
593 57.69230769230769 0.0
594 57.69230769230769 0.0
595 73.07692307692308 0.0
596 73.07692307692308 0.0
597 73.07692307692308 0.0
598 53.84615384615385 0.0
599 46.15384615384615 0.0
600 38.46153846153846 0.0
601 50.0 0.0
602 57.69230769230769 0.0
603 53.84615384615385 0.0
604 42.30769230769231 0.0
605 30.76923076923077 0.0
606 57.69230769230769 0.0
607 61.53846153846154 0.0
608 61.53846153846154 0.0
609 50.0 0.0
610 53.84615384615385 0.0
611 57.69230769230769 0.0
612 53.84615384615385 0.0
613 53.84615384615385 0.0
614 42.30769230769231 0.0
615 50.0 0.0
616 50.0 0.0
617 53.84615384615385 0.0
618 57.69230769230769 0.0
619 57.69230769230769 0.0
620 57.69230769230769 0.0
621 50.0 0.0
622 57.69230769230769 0.0
623 50.0 0.0
624 50.0 0.0
625 46.15384615384615 0.0
626 42.30769230769231 0.0
627 46.15384615384615 0.0
628 57.69230769230769 0.0
629 57.69230769230769 0.0
630 53.84615384615385 0.0
631 38.46153846153846 0.0
632 57.69230769230769 0.0
633 57.69230769230769 0.0
634 50.0 0.0
635 46.15384615384615 0.0
636 46.15384615384615 0.0
637 46.15384615384615 0.0
638 50.0 0.0
639 42.30769230769231 0.0
640 46.15384615384615 0.0
641 42.30769230769231 0.0
642 34.61538461538461 0.0
643 61.53846153846154 0.0
644 53.84615384615385 0.0
645 46.15384615384615 0.0
646 53.84615384615385 0.0
647 38.46153846153846 0.0
648 42.30769230769231 0.0
649 42.30769230769231 0.0
650 50.0 0.0
651 46.15384615384615 0.0
652 50.0 0.0
653 46.15384615384615 0.0
654 46.15384615384615 0.0
655 46.15384615384615 0.0
656 46.15384615384615 0.0
657 42.30769230769231 0.0
658 42.30769230769231 0.0
659 38.46153846153846 0.0
660 46.15384615384615 0.0
661 38.46153846153846 0.0
662 46.15384615384615 0.0
663 42.30769230769231 0.0
664 46.15384615384615 0.0
665 50.0 0.0
666 46.15384615384615 0.0
667 42.30769230769231 0.0
668 46.15384615384615 0.0
669 53.84615384615385 0.0
670 38.46153846153846 0.0
671 50.0 0.0
672 50.0 0.0
673 53.84615384615385 0.0
674 50.0 0.0
675 53.84615384615385 0.0
676 53.84615384615385 0.0
677 53.84615384615385 0.0
678 69.23076923076923 0.0
679 46.15384615384615 0.0
680 50.0 0.0
681 50.0 0.0
682 50.0 0.0
683 57.69230769230769 0.0
684 57.69230769230769 0.0
685 61.53846153846154 0.0
686 30.76923076923077 0.0
687 26.923076923076923 0.0
688 42.30769230769231 0.0
689 46.15384615384615 0.0
690 50.0 0.0
691 57.69230769230769 0.0
692 57.69230769230769 0.0
693 61.53846153846154 0.0
694 61.53846153846154 0.0
695 73.07692307692308 0.0
696 53.84615384615385 0.0
697 42.30769230769231 0.0
698 42.30769230769231 0.0
699 50.0 0.0
700 42.30769230769231 0.0
701 34.61538461538461 0.0
702 38.46153846153846 0.0
703 46.15384615384615 0.0
704 38.46153846153846 0.0
705 42.30769230769231 0.0
706 30.76923076923077 0.0
707 38.46153846153846 0.0
708 38.46153846153846 0.0
709 50.0 0.0
710 46.15384615384615 0.0
711 53.84615384615385 0.0
712 42.30769230769231 0.0
713 42.30769230769231 0.0
714 38.46153846153846 0.0
715 34.61538461538461 0.0
716 42.30769230769231 0.0
717 53.84615384615385 0.0
718 38.46153846153846 0.0
719 50.0 0.0
720 30.76923076923077 0.0
721 38.46153846153846 0.0
722 50.0 0.0
723 53.84615384615385 0.0
724 57.69230769230769 0.0
725 50.0 0.0
726 38.46153846153846 0.0
727 46.15384615384615 0.0
728 46.15384615384615 0.0
729 53.84615384615385 0.0
730 46.15384615384615 0.0
731 46.15384615384615 0.0
732 50.0 0.0
733 46.15384615384615 0.0
734 38.46153846153846 0.0
735 30.76923076923077 0.0
736 38.46153846153846 0.0
737 26.923076923076923 0.0
738 42.30769230769231 0.0
739 34.61538461538461 0.0
740 38.46153846153846 0.0
741 38.46153846153846 0.0
742 34.61538461538461 0.0
743 46.15384615384615 0.0
744 53.84615384615385 0.0
745 53.84615384615385 0.0
746 38.46153846153846 0.0
747 53.84615384615385 0.0
748 53.84615384615385 0.0
749 61.53846153846154 0.0
750 42.30769230769231 0.0
751 61.53846153846154 0.0
752 46.15384615384615 0.0
753 42.30769230769231 0.0
754 46.15384615384615 0.0
755 46.15384615384615 0.0
756 61.53846153846154 0.0
757 61.53846153846154 0.0
758 53.84615384615385 0.0
759 69.23076923076923 0.0
760 46.15384615384615 0.0
761 61.53846153846154 0.0
762 42.30769230769231 0.0
763 53.84615384615385 0.0
764 46.15384615384615 0.0
765 50.0 0.0
766 38.46153846153846 0.0
767 53.84615384615385 0.0
768 50.0 0.0
769 50.0 0.0
770 53.84615384615385 0.0
771 61.53846153846154 0.0
772 50.0 0.0
773 57.69230769230769 0.0
774 61.53846153846154 0.0
775 46.15384615384615 0.0
776 50.0 0.0
777 65.38461538461539 0.0
778 57.69230769230769 0.0
779 57.69230769230769 0.0
780 46.15384615384615 0.0
781 38.46153846153846 0.0
782 69.23076923076923 0.0
783 53.84615384615385 0.0
784 65.38461538461539 0.0
785 65.38461538461539 0.0
786 46.15384615384615 0.0
787 57.69230769230769 0.0
788 50.0 0.0
789 46.15384615384615 0.0
790 50.0 0.0
791 53.84615384615385 0.0
792 46.15384615384615 0.0
793 61.53846153846154 0.0
794 53.84615384615385 0.0
795 65.38461538461539 0.0
796 61.53846153846154 0.0
797 73.07692307692308 0.0
798 61.53846153846154 0.0
799 53.84615384615385 0.0
800 50.0 0.0
801 42.30769230769231 0.0
802 57.69230769230769 0.0
803 61.53846153846154 0.0
804 46.15384615384615 0.0
805 53.84615384615385 0.0
806 69.23076923076923 0.0
807 65.38461538461539 0.0
808 76.92307692307692 0.0
809 69.23076923076923 0.0
810 76.92307692307692 0.0
811 76.92307692307692 0.0
812 76.92307692307692 0.0
813 73.07692307692308 0.0
814 80.76923076923077 0.0
815 80.76923076923077 0.0
816 76.92307692307692 0.0
817 73.07692307692308 0.0
818 73.07692307692308 0.0
819 65.38461538461539 0.0
820 76.92307692307692 0.0
821 76.92307692307692 0.0
822 76.92307692307692 0.0
823 73.07692307692308 0.0
824 76.92307692307692 0.0
825 65.38461538461539 0.0
826 65.38461538461539 0.0
827 73.07692307692308 0.0
828 65.38461538461539 0.0
829 57.69230769230769 0.0
830 61.53846153846154 0.0
831 61.53846153846154 0.0
832 57.69230769230769 0.0
833 50.0 0.0
834 53.84615384615385 0.0
835 53.84615384615385 0.0
836 57.69230769230769 0.0
837 50.0 0.0
838 57.69230769230769 0.0
839 42.30769230769231 0.0
840 50.0 0.0
841 50.0 0.0
842 42.30769230769231 0.0
843 34.61538461538461 0.0
844 42.30769230769231 0.0
845 42.30769230769231 0.0
846 46.15384615384615 0.0
847 53.84615384615385 0.0
848 53.84615384615385 0.0
849 50.0 0.0
850 46.15384615384615 0.0
851 46.15384615384615 0.0
852 57.69230769230769 0.0
853 61.53846153846154 0.0
854 53.84615384615385 0.0
855 53.84615384615385 0.0
856 50.0 0.0
857 50.0 0.0
858 38.46153846153846 0.0
859 50.0 0.0
860 53.84615384615385 0.0
861 61.53846153846154 0.0
862 38.46153846153846 0.0
863 61.53846153846154 0.0
864 53.84615384615385 0.0
865 61.53846153846154 0.0
866 50.0 0.0
867 53.84615384615385 0.0
868 50.0 0.0
869 46.15384615384615 0.0
870 53.84615384615385 0.0
871 65.38461538461539 0.0
872 53.84615384615385 0.0
873 57.69230769230769 0.0
874 61.53846153846154 0.0
875 57.69230769230769 0.0
876 61.53846153846154 0.0
877 61.53846153846154 0.0
878 53.84615384615385 0.0
879 57.69230769230769 0.0
880 61.53846153846154 0.0
881 53.84615384615385 0.0
882 69.23076923076923 0.0
883 53.84615384615385 0.0
884 61.53846153846154 0.0
885 57.69230769230769 0.0
886 61.53846153846154 0.0
887 61.53846153846154 0.0
888 57.69230769230769 0.0
889 46.15384615384615 0.0
890 57.69230769230769 0.0
891 46.15384615384615 0.0
892 42.30769230769231 0.0
893 46.15384615384615 0.0
894 53.84615384615385 0.0
895 57.69230769230769 0.0
896 46.15384615384615 0.0
897 73.07692307692308 0.0
898 76.92307692307692 0.0
899 61.53846153846154 0.0
900 53.84615384615385 0.0
901 34.61538461538461 0.0
902 50.0 0.0
903 42.30769230769231 0.0
904 46.15384615384615 0.0
905 46.15384615384615 0.0
906 50.0 0.0
907 38.46153846153846 0.0
908 34.61538461538461 0.0
909 50.0 0.0
910 53.84615384615385 0.0
911 50.0 0.0
912 50.0 0.0
913 61.53846153846154 0.0
914 65.38461538461539 0.0
915 38.46153846153846 0.0
916 46.15384615384615 0.0
917 53.84615384615385 0.0
918 50.0 0.0
919 53.84615384615385 0.0
920 53.84615384615385 0.0
921 50.0 0.0
922 50.0 0.0
923 46.15384615384615 0.0
924 46.15384615384615 0.0
925 46.15384615384615 0.0
926 61.53846153846154 0.0
927 50.0 0.0
928 42.30769230769231 0.0
929 38.46153846153846 0.0
930 42.30769230769231 0.0
931 53.84615384615385 0.0
932 50.0 0.0
933 46.15384615384615 0.0
934 42.30769230769231 0.0
935 38.46153846153846 0.0
936 38.46153846153846 0.0
937 42.30769230769231 0.0
938 42.30769230769231 0.0
939 42.30769230769231 0.0
940 42.30769230769231 0.0
941 46.15384615384615 0.0
942 46.15384615384615 0.0
943 42.30769230769231 0.0
944 50.0 0.0
945 50.0 0.0
946 42.30769230769231 0.0
947 46.15384615384615 0.0
948 50.0 0.0
949 65.38461538461539 0.0
950 50.0 0.0
951 50.0 0.0
952 53.84615384615385 0.0
953 53.84615384615385 0.0
954 53.84615384615385 0.0
955 61.53846153846154 0.0
956 61.53846153846154 0.0
957 50.0 0.0
958 53.84615384615385 0.0
959 53.84615384615385 0.0
960 42.30769230769231 0.0
961 46.15384615384615 0.0
962 42.30769230769231 0.0
963 46.15384615384615 0.0
964 57.69230769230769 0.0
965 69.23076923076923 0.0
966 61.53846153846154 0.0
967 61.53846153846154 0.0
968 57.69230769230769 0.0
969 50.0 0.0
970 42.30769230769231 0.0
971 42.30769230769231 0.0
972 42.30769230769231 0.0
973 50.0 0.0
974 38.46153846153846 0.0
975 42.30769230769231 0.0
976 38.46153846153846 0.0
977 38.46153846153846 0.0
978 46.15384615384615 0.0
979 42.30769230769231 0.0
980 46.15384615384615 0.0
981 42.30769230769231 0.0
982 42.30769230769231 0.0
983 50.0 0.0
984 61.53846153846154 0.0
985 34.61538461538461 0.0
986 46.15384615384615 0.0
987 42.30769230769231 0.0
988 30.76923076923077 0.0
989 38.46153846153846 0.0
990 46.15384615384615 0.0
991 53.84615384615385 0.0
992 65.38461538461539 0.0
993 65.38461538461539 0.0
994 57.69230769230769 0.0
995 61.53846153846154 0.0
996 57.69230769230769 0.0
997 69.23076923076923 0.0
998 69.23076923076923 0.0
999 84.61538461538461 0.0
