#resid average_duration max_duration persistent_contacts
1 5.795918367346939 37 49
10 7.349514563106796 27 103
11 6.207920792079208 49 101
12 7.957142857142857 43 70
13 6.5 25 22
14 6.808988764044944 37 89
15 6.805555555555555 28 72
16 6.735294117647059 33 68
17 5.816666666666666 31 120
18 6.527777777777778 36 72
19 7.637362637362638 49 91
2 7.162162162162162 29 74
20 6.532258064516129 37 62
21 5.893939393939394 25 66
22 4.428571428571429 17 14
23 6.1688311688311686 21 77
24 6.958333333333333 32 72
25 5.336842105263158 27 95
26 4.938461538461539 18 65
3 7.117647058823529 43 17
4 6.846153846153846 31 117
5 5.851851851851852 27 54
6 6.465346534653466 30 101
7 7.39622641509434 36 106
8 5.2272727272727275 22 44
9 6.144578313253012 31 83
#TOTAL_CONTACTS 7003 for 1000 frames
