#resid average_duration max_duration persistent_contacts
1 6.291970802919708 32 137
10 5.356060606060606 31 132
11 5.19327731092437 34 119
12 7.164835164835165 44 91
13 7.074626865671642 40 67
14 5.653333333333333 43 75
15 5.838983050847458 32 118
16 6.990291262135922 60 103
17 7.641025641025641 45 78
18 6.684782608695652 52 92
19 6.135922330097087 49 103
2 6.265822784810126 34 79
20 7.26595744680851 35 94
21 5.547008547008547 72 117
22 7.24 72 50
23 5.452173913043478 27 115
24 7.12 44 100
25 5.772151898734177 34 79
26 6.376237623762377 48 101
3 5.302631578947368 22 76
4 7.527027027027027 60 74
5 5.82051282051282 31 78
6 7.518867924528302 49 106
7 6.586538461538462 44 104
8 7.378947368421053 52 95
9 6.140350877192983 43 57
#TOTAL_CONTACTS 8811 for 1000 frames
