#resid average_duration max_duration persistent_contacts
1 7.283333333333333 34 60
10 5.030769230769231 23 65
11 6.531645569620253 40 79
12 6.923913043478261 59 92
13 7.704545454545454 51 88
14 7.317647058823529 44 85
15 6.318681318681318 37 91
16 6.042857142857143 33 70
17 7.352941176470588 31 34
18 6.170212765957447 30 94
19 7.451612903225806 30 62
2 7.963302752293578 45 109
20 6.828571428571428 50 70
21 6.877358490566038 40 106
22 5.862745098039215 39 102
23 6.575221238938053 40 113
24 6.352380952380952 40 105
25 7.118279569892473 63 93
26 4.45 14 20
3 8.423728813559322 41 59
4 7.391891891891892 51 74
5 7.180722891566265 41 83
6 7.016393442622951 50 122
7 6.974683544303797 63 79
8 7.288135593220339 59 59
9 7.0 37 24
#TOTAL_CONTACTS 7790 for 1000 frames
