#frame monomers_% popc_isolated_%
0 57.69230769230769 0.0
1 69.23076923076923 0.0
2 76.92307692307692 0.0
3 69.23076923076923 0.0
4 84.61538461538461 0.0
5 84.61538461538461 0.0
6 61.53846153846154 0.0
7 76.92307692307692 0.0
8 76.92307692307692 0.0
9 73.07692307692308 0.0
10 76.92307692307692 0.0
11 73.07692307692308 0.0
12 61.53846153846154 0.0
13 76.92307692307692 0.0
14 84.61538461538461 0.0
15 80.76923076923077 0.0
16 76.92307692307692 0.0
17 88.46153846153847 0.0
18 69.23076923076923 0.0
19 57.69230769230769 0.0
20 53.84615384615385 0.0
21 57.69230769230769 0.0
22 61.53846153846154 0.0
23 46.15384615384615 0.0
24 50.0 0.0
25 57.69230769230769 0.0
26 53.84615384615385 0.0
27 46.15384615384615 0.0
28 76.92307692307692 0.0
29 84.61538461538461 0.0
30 73.07692307692308 0.0
31 76.92307692307692 0.0
32 65.38461538461539 0.0
33 57.69230769230769 0.0
34 65.38461538461539 0.0
35 53.84615384615385 0.0
36 53.84615384615385 0.0
37 65.38461538461539 0.0
38 69.23076923076923 0.0
39 57.69230769230769 0.0
40 50.0 0.0
41 73.07692307692308 0.0
42 57.69230769230769 0.0
43 46.15384615384615 0.0
44 65.38461538461539 0.0
45 61.53846153846154 0.0
46 65.38461538461539 0.0
47 84.61538461538461 0.0
48 84.61538461538461 0.0
49 61.53846153846154 0.0
50 76.92307692307692 0.0
51 80.76923076923077 0.0
52 92.3076923076923 0.0
53 92.3076923076923 0.0
54 80.76923076923077 0.0
55 84.61538461538461 0.0
56 84.61538461538461 0.0
57 76.92307692307692 0.0
58 76.92307692307692 0.0
59 76.92307692307692 0.0
60 76.92307692307692 0.0
61 84.61538461538461 0.0
62 80.76923076923077 0.0
63 80.76923076923077 0.0
64 73.07692307692308 0.0
65 73.07692307692308 0.0
66 61.53846153846154 0.0
67 61.53846153846154 0.0
68 73.07692307692308 0.0
69 61.53846153846154 0.0
70 61.53846153846154 0.0
71 61.53846153846154 0.0
72 76.92307692307692 0.0
73 69.23076923076923 0.0
74 69.23076923076923 0.0
75 73.07692307692308 0.0
76 61.53846153846154 0.0
77 61.53846153846154 0.0
78 76.92307692307692 0.0
79 65.38461538461539 0.0
80 73.07692307692308 0.0
81 73.07692307692308 0.0
82 73.07692307692308 0.0
83 73.07692307692308 0.0
84 84.61538461538461 0.0
85 84.61538461538461 0.0
86 73.07692307692308 0.0
87 65.38461538461539 0.0
88 84.61538461538461 0.0
89 76.92307692307692 0.0
90 69.23076923076923 0.0
91 65.38461538461539 0.0
92 73.07692307692308 0.0
93 65.38461538461539 0.0
94 57.69230769230769 0.0
95 80.76923076923077 0.0
96 65.38461538461539 0.0
97 84.61538461538461 0.0
98 76.92307692307692 0.0
99 69.23076923076923 0.0
100 53.84615384615385 0.0
101 69.23076923076923 0.0
102 69.23076923076923 0.0
103 76.92307692307692 0.0
104 65.38461538461539 0.0
105 76.92307692307692 0.0
106 76.92307692307692 0.0
107 76.92307692307692 0.0
108 61.53846153846154 0.0
109 65.38461538461539 0.0
110 57.69230769230769 0.0
111 65.38461538461539 0.0
112 61.53846153846154 0.0
113 61.53846153846154 0.0
114 69.23076923076923 0.0
115 65.38461538461539 0.0
116 69.23076923076923 0.0
117 50.0 0.0
118 50.0 0.0
119 61.53846153846154 0.0
120 73.07692307692308 0.0
121 76.92307692307692 0.0
122 69.23076923076923 0.0
123 73.07692307692308 0.0
124 84.61538461538461 0.0
125 88.46153846153847 0.0
126 76.92307692307692 0.0
127 80.76923076923077 0.0
128 84.61538461538461 0.0
129 65.38461538461539 0.0
130 69.23076923076923 0.0
131 73.07692307692308 0.0
132 73.07692307692308 0.0
133 73.07692307692308 0.0
134 76.92307692307692 0.0
135 61.53846153846154 0.0
136 80.76923076923077 0.0
137 69.23076923076923 0.0
138 61.53846153846154 0.0
139 65.38461538461539 0.0
140 73.07692307692308 0.0
141 65.38461538461539 0.0
142 76.92307692307692 0.0
143 76.92307692307692 0.0
144 53.84615384615385 0.0
145 80.76923076923077 0.0
146 65.38461538461539 0.0
147 69.23076923076923 0.0
148 69.23076923076923 0.0
149 76.92307692307692 0.0
150 84.61538461538461 0.0
151 76.92307692307692 0.0
152 76.92307692307692 0.0
153 80.76923076923077 0.0
154 69.23076923076923 0.0
155 69.23076923076923 0.0
156 84.61538461538461 0.0
157 61.53846153846154 0.0
158 73.07692307692308 0.0
159 61.53846153846154 0.0
160 76.92307692307692 0.0
161 76.92307692307692 0.0
162 69.23076923076923 0.0
163 73.07692307692308 0.0
164 73.07692307692308 0.0
165 80.76923076923077 0.0
166 46.15384615384615 0.0
167 84.61538461538461 0.0
168 69.23076923076923 0.0
169 80.76923076923077 0.0
170 80.76923076923077 0.0
171 65.38461538461539 0.0
172 65.38461538461539 0.0
173 57.69230769230769 0.0
174 42.30769230769231 0.0
175 46.15384615384615 0.0
176 50.0 0.0
177 53.84615384615385 0.0
178 50.0 0.0
179 65.38461538461539 0.0
180 65.38461538461539 0.0
181 57.69230769230769 0.0
182 69.23076923076923 0.0
183 61.53846153846154 0.0
184 80.76923076923077 0.0
185 73.07692307692308 0.0
186 76.92307692307692 0.0
187 92.3076923076923 0.0
188 57.69230769230769 0.0
189 61.53846153846154 0.0
190 53.84615384615385 0.0
191 80.76923076923077 0.0
192 69.23076923076923 0.0
193 69.23076923076923 0.0
194 46.15384615384615 0.0
195 57.69230769230769 0.0
196 53.84615384615385 0.0
197 61.53846153846154 0.0
198 50.0 0.0
199 61.53846153846154 0.0
200 73.07692307692308 0.0
201 73.07692307692308 0.0
202 65.38461538461539 0.0
203 57.69230769230769 0.0
204 50.0 0.0
205 57.69230769230769 0.0
206 76.92307692307692 0.0
207 76.92307692307692 0.0
208 73.07692307692308 0.0
209 73.07692307692308 0.0
210 76.92307692307692 0.0
211 84.61538461538461 0.0
212 69.23076923076923 0.0
213 84.61538461538461 0.0
214 84.61538461538461 0.0
215 76.92307692307692 0.0
216 69.23076923076923 0.0
217 69.23076923076923 0.0
218 61.53846153846154 0.0
219 61.53846153846154 0.0
220 69.23076923076923 0.0
221 69.23076923076923 0.0
222 69.23076923076923 0.0
223 69.23076923076923 0.0
224 73.07692307692308 0.0
225 76.92307692307692 0.0
226 69.23076923076923 0.0
227 73.07692307692308 0.0
228 73.07692307692308 0.0
229 80.76923076923077 0.0
230 80.76923076923077 0.0
231 73.07692307692308 0.0
232 73.07692307692308 0.0
233 73.07692307692308 0.0
234 53.84615384615385 0.0
235 69.23076923076923 0.0
236 69.23076923076923 0.0
237 57.69230769230769 0.0
238 76.92307692307692 0.0
239 73.07692307692308 0.0
240 69.23076923076923 0.0
241 80.76923076923077 0.0
242 73.07692307692308 0.0
243 73.07692307692308 0.0
244 65.38461538461539 0.0
245 73.07692307692308 0.0
246 73.07692307692308 0.0
247 69.23076923076923 0.0
248 76.92307692307692 0.0
249 76.92307692307692 0.0
250 80.76923076923077 0.0
251 73.07692307692308 0.0
252 73.07692307692308 0.0
253 76.92307692307692 0.0
254 73.07692307692308 0.0
255 80.76923076923077 0.0
256 84.61538461538461 0.0
257 84.61538461538461 0.0
258 73.07692307692308 0.0
259 88.46153846153847 0.0
260 73.07692307692308 0.0
261 76.92307692307692 0.0
262 80.76923076923077 0.0
263 76.92307692307692 0.0
264 76.92307692307692 0.0
265 76.92307692307692 0.0
266 80.76923076923077 0.0
267 80.76923076923077 0.0
268 80.76923076923077 0.0
269 76.92307692307692 0.0
270 80.76923076923077 0.0
271 73.07692307692308 0.0
272 84.61538461538461 0.0
273 69.23076923076923 0.0
274 80.76923076923077 0.0
275 76.92307692307692 0.0
276 73.07692307692308 0.0
277 88.46153846153847 0.0
278 80.76923076923077 0.0
279 80.76923076923077 0.0
280 65.38461538461539 0.0
281 69.23076923076923 0.0
282 80.76923076923077 0.0
283 76.92307692307692 0.0
284 73.07692307692308 0.0
285 57.69230769230769 0.0
286 65.38461538461539 0.0
287 65.38461538461539 0.0
288 73.07692307692308 0.0
289 69.23076923076923 0.0
290 69.23076923076923 0.0
291 76.92307692307692 0.0
292 76.92307692307692 0.0
293 73.07692307692308 0.0
294 76.92307692307692 0.0
295 92.3076923076923 0.0
296 76.92307692307692 0.0
297 76.92307692307692 0.0
298 76.92307692307692 0.0
299 84.61538461538461 0.0
300 92.3076923076923 0.0
301 69.23076923076923 0.0
302 69.23076923076923 0.0
303 53.84615384615385 0.0
304 69.23076923076923 0.0
305 61.53846153846154 0.0
306 76.92307692307692 0.0
307 69.23076923076923 0.0
308 73.07692307692308 0.0
309 88.46153846153847 0.0
310 76.92307692307692 0.0
311 84.61538461538461 0.0
312 69.23076923076923 0.0
313 84.61538461538461 0.0
314 88.46153846153847 0.0
315 76.92307692307692 0.0
316 84.61538461538461 0.0
317 76.92307692307692 0.0
318 61.53846153846154 0.0
319 76.92307692307692 0.0
320 65.38461538461539 0.0
321 65.38461538461539 0.0
322 73.07692307692308 0.0
323 76.92307692307692 0.0
324 80.76923076923077 0.0
325 61.53846153846154 0.0
326 50.0 0.0
327 73.07692307692308 0.0
328 42.30769230769231 0.0
329 61.53846153846154 0.0
330 61.53846153846154 0.0
331 69.23076923076923 0.0
332 61.53846153846154 0.0
333 57.69230769230769 0.0
334 61.53846153846154 0.0
335 65.38461538461539 0.0
336 73.07692307692308 0.0
337 57.69230769230769 0.0
338 57.69230769230769 0.0
339 57.69230769230769 0.0
340 53.84615384615385 0.0
341 61.53846153846154 0.0
342 57.69230769230769 0.0
343 61.53846153846154 0.0
344 84.61538461538461 0.0
345 65.38461538461539 0.0
346 76.92307692307692 0.0
347 69.23076923076923 0.0
348 65.38461538461539 0.0
349 69.23076923076923 0.0
350 69.23076923076923 0.0
351 69.23076923076923 0.0
352 57.69230769230769 0.0
353 80.76923076923077 0.0
354 88.46153846153847 0.0
355 76.92307692307692 0.0
356 65.38461538461539 0.0
357 73.07692307692308 0.0
358 65.38461538461539 0.0
359 88.46153846153847 0.0
360 76.92307692307692 0.0
361 73.07692307692308 0.0
362 76.92307692307692 0.0
363 73.07692307692308 0.0
364 84.61538461538461 0.0
365 65.38461538461539 0.0
366 69.23076923076923 0.0
367 65.38461538461539 0.0
368 69.23076923076923 0.0
369 69.23076923076923 0.0
370 69.23076923076923 0.0
371 69.23076923076923 0.0
372 76.92307692307692 0.0
373 80.76923076923077 0.0
374 69.23076923076923 0.0
375 69.23076923076923 0.0
376 76.92307692307692 0.0
377 76.92307692307692 0.0
378 84.61538461538461 0.0
379 76.92307692307692 0.0
380 69.23076923076923 0.0
381 65.38461538461539 0.0
382 80.76923076923077 0.0
383 80.76923076923077 0.0
384 80.76923076923077 0.0
385 73.07692307692308 0.0
386 76.92307692307692 0.0
387 73.07692307692308 0.0
388 73.07692307692308 0.0
389 92.3076923076923 0.0
390 80.76923076923077 0.0
391 76.92307692307692 0.0
392 92.3076923076923 0.0
393 84.61538461538461 0.0
394 69.23076923076923 0.0
395 61.53846153846154 0.0
396 84.61538461538461 0.0
397 76.92307692307692 0.0
398 53.84615384615385 0.0
399 84.61538461538461 0.0
400 69.23076923076923 0.0
401 76.92307692307692 0.0
402 65.38461538461539 0.0
403 69.23076923076923 0.0
404 53.84615384615385 0.0
405 46.15384615384615 0.0
406 65.38461538461539 0.0
407 69.23076923076923 0.0
408 76.92307692307692 0.0
409 69.23076923076923 0.0
410 73.07692307692308 0.0
411 61.53846153846154 0.0
412 76.92307692307692 0.0
413 65.38461538461539 0.0
414 50.0 0.0
415 69.23076923076923 0.0
416 61.53846153846154 0.0
417 53.84615384615385 0.0
418 65.38461538461539 0.0
419 61.53846153846154 0.0
420 42.30769230769231 0.0
421 50.0 0.0
422 53.84615384615385 0.0
423 50.0 0.0
424 57.69230769230769 0.0
425 53.84615384615385 0.0
426 57.69230769230769 0.0
427 57.69230769230769 0.0
428 53.84615384615385 0.0
429 42.30769230769231 0.0
430 57.69230769230769 0.0
431 69.23076923076923 0.0
432 61.53846153846154 0.0
433 57.69230769230769 0.0
434 61.53846153846154 0.0
435 61.53846153846154 0.0
436 57.69230769230769 0.0
437 61.53846153846154 0.0
438 61.53846153846154 0.0
439 57.69230769230769 0.0
440 65.38461538461539 0.0
441 73.07692307692308 0.0
442 76.92307692307692 0.0
443 92.3076923076923 0.0
444 80.76923076923077 0.0
445 80.76923076923077 0.0
446 69.23076923076923 0.0
447 76.92307692307692 0.0
448 92.3076923076923 0.0
449 76.92307692307692 0.0
450 84.61538461538461 0.0
451 92.3076923076923 0.0
452 61.53846153846154 0.0
453 57.69230769230769 0.0
454 38.46153846153846 0.0
455 61.53846153846154 0.0
456 57.69230769230769 0.0
457 57.69230769230769 0.0
458 73.07692307692308 0.0
459 84.61538461538461 0.0
460 76.92307692307692 0.0
461 76.92307692307692 0.0
462 69.23076923076923 0.0
463 76.92307692307692 0.0
464 76.92307692307692 0.0
465 76.92307692307692 0.0
466 69.23076923076923 0.0
467 69.23076923076923 0.0
468 84.61538461538461 0.0
469 76.92307692307692 0.0
470 80.76923076923077 0.0
471 84.61538461538461 0.0
472 69.23076923076923 0.0
473 57.69230769230769 0.0
474 61.53846153846154 0.0
475 69.23076923076923 0.0
476 80.76923076923077 0.0
477 80.76923076923077 0.0
478 92.3076923076923 0.0
479 76.92307692307692 0.0
480 76.92307692307692 0.0
481 80.76923076923077 0.0
482 84.61538461538461 0.0
483 80.76923076923077 0.0
484 88.46153846153847 0.0
485 80.76923076923077 0.0
486 76.92307692307692 0.0
487 88.46153846153847 0.0
488 84.61538461538461 0.0
489 69.23076923076923 0.0
490 76.92307692307692 0.0
491 61.53846153846154 0.0
492 65.38461538461539 0.0
493 76.92307692307692 0.0
494 84.61538461538461 0.0
495 92.3076923076923 0.0
496 73.07692307692308 0.0
497 84.61538461538461 0.0
498 76.92307692307692 0.0
499 65.38461538461539 0.0
500 69.23076923076923 0.0
501 76.92307692307692 0.0
502 61.53846153846154 0.0
503 61.53846153846154 0.0
504 76.92307692307692 0.0
505 76.92307692307692 0.0
506 92.3076923076923 0.0
507 76.92307692307692 0.0
508 84.61538461538461 0.0
509 73.07692307692308 0.0
510 57.69230769230769 0.0
511 65.38461538461539 0.0
512 57.69230769230769 0.0
513 73.07692307692308 0.0
514 65.38461538461539 0.0
515 65.38461538461539 0.0
516 61.53846153846154 0.0
517 69.23076923076923 0.0
518 69.23076923076923 0.0
519 61.53846153846154 0.0
520 69.23076923076923 0.0
521 76.92307692307692 0.0
522 73.07692307692308 0.0
523 73.07692307692308 0.0
524 76.92307692307692 0.0
525 76.92307692307692 0.0
526 73.07692307692308 0.0
527 73.07692307692308 0.0
528 61.53846153846154 0.0
529 65.38461538461539 0.0
530 69.23076923076923 0.0
531 61.53846153846154 0.0
532 88.46153846153847 0.0
533 76.92307692307692 0.0
534 76.92307692307692 0.0
535 84.61538461538461 0.0
536 76.92307692307692 0.0
537 84.61538461538461 0.0
538 84.61538461538461 0.0
539 84.61538461538461 0.0
540 69.23076923076923 0.0
541 73.07692307692308 0.0
542 84.61538461538461 0.0
543 61.53846153846154 0.0
544 65.38461538461539 0.0
545 73.07692307692308 0.0
546 73.07692307692308 0.0
547 73.07692307692308 0.0
548 65.38461538461539 0.0
549 73.07692307692308 0.0
550 65.38461538461539 0.0
551 73.07692307692308 0.0
552 69.23076923076923 0.0
553 65.38461538461539 0.0
554 92.3076923076923 0.0
555 84.61538461538461 0.0
556 92.3076923076923 0.0
557 88.46153846153847 0.0
558 84.61538461538461 0.0
559 69.23076923076923 0.0
560 76.92307692307692 0.0
561 73.07692307692308 0.0
562 65.38461538461539 0.0
563 53.84615384615385 0.0
564 53.84615384615385 0.0
565 69.23076923076923 0.0
566 76.92307692307692 0.0
567 69.23076923076923 0.0
568 61.53846153846154 0.0
569 69.23076923076923 0.0
570 61.53846153846154 0.0
571 61.53846153846154 0.0
572 76.92307692307692 0.0
573 84.61538461538461 0.0
574 76.92307692307692 0.0
575 73.07692307692308 0.0
576 69.23076923076923 0.0
577 69.23076923076923 0.0
578 84.61538461538461 0.0
579 73.07692307692308 0.0
580 84.61538461538461 0.0
581 73.07692307692308 0.0
582 80.76923076923077 0.0
583 73.07692307692308 0.0
584 69.23076923076923 0.0
585 80.76923076923077 0.0
586 76.92307692307692 0.0
587 65.38461538461539 0.0
588 84.61538461538461 0.0
589 69.23076923076923 0.0
590 76.92307692307692 0.0
591 73.07692307692308 0.0
592 84.61538461538461 0.0
593 73.07692307692308 0.0
594 84.61538461538461 0.0
595 69.23076923076923 0.0
596 69.23076923076923 0.0
597 61.53846153846154 0.0
598 76.92307692307692 0.0
599 65.38461538461539 0.0
600 73.07692307692308 0.0
601 80.76923076923077 0.0
602 80.76923076923077 0.0
603 73.07692307692308 0.0
604 61.53846153846154 0.0
605 80.76923076923077 0.0
606 80.76923076923077 0.0
607 76.92307692307692 0.0
608 80.76923076923077 0.0
609 84.61538461538461 0.0
610 76.92307692307692 0.0
611 100.0 0.0
612 100.0 0.0
613 84.61538461538461 0.0
614 76.92307692307692 0.0
615 84.61538461538461 0.0
616 84.61538461538461 0.0
617 69.23076923076923 0.0
618 69.23076923076923 0.0
619 61.53846153846154 0.0
620 69.23076923076923 0.0
621 50.0 0.0
622 50.0 0.0
623 61.53846153846154 0.0
624 53.84615384615385 0.0
625 50.0 0.0
626 57.69230769230769 0.0
627 42.30769230769231 0.0
628 61.53846153846154 0.0
629 57.69230769230769 0.0
630 69.23076923076923 0.0
631 61.53846153846154 0.0
632 61.53846153846154 0.0
633 53.84615384615385 0.0
634 69.23076923076923 0.0
635 57.69230769230769 0.0
636 69.23076923076923 0.0
637 69.23076923076923 0.0
638 69.23076923076923 0.0
639 69.23076923076923 0.0
640 65.38461538461539 0.0
641 57.69230769230769 0.0
642 73.07692307692308 0.0
643 61.53846153846154 0.0
644 73.07692307692308 0.0
645 65.38461538461539 0.0
646 80.76923076923077 0.0
647 53.84615384615385 0.0
648 53.84615384615385 0.0
649 57.69230769230769 0.0
650 65.38461538461539 0.0
651 69.23076923076923 0.0
652 69.23076923076923 0.0
653 65.38461538461539 0.0
654 61.53846153846154 0.0
655 57.69230769230769 0.0
656 65.38461538461539 0.0
657 76.92307692307692 0.0
658 73.07692307692308 0.0
659 65.38461538461539 0.0
660 69.23076923076923 0.0
661 69.23076923076923 0.0
662 76.92307692307692 0.0
663 61.53846153846154 0.0
664 73.07692307692308 0.0
665 73.07692307692308 0.0
666 65.38461538461539 0.0
667 76.92307692307692 0.0
668 76.92307692307692 0.0
669 80.76923076923077 0.0
670 53.84615384615385 0.0
671 61.53846153846154 0.0
672 76.92307692307692 0.0
673 76.92307692307692 0.0
674 69.23076923076923 0.0
675 73.07692307692308 0.0
676 80.76923076923077 0.0
677 73.07692307692308 0.0
678 65.38461538461539 0.0
679 84.61538461538461 0.0
680 80.76923076923077 0.0
681 84.61538461538461 0.0
682 92.3076923076923 0.0
683 61.53846153846154 0.0
684 84.61538461538461 0.0
685 84.61538461538461 0.0
686 92.3076923076923 0.0
687 92.3076923076923 0.0
688 69.23076923076923 0.0
689 57.69230769230769 0.0
690 61.53846153846154 0.0
691 65.38461538461539 0.0
692 73.07692307692308 0.0
693 65.38461538461539 0.0
694 65.38461538461539 0.0
695 65.38461538461539 0.0
696 73.07692307692308 0.0
697 69.23076923076923 0.0
698 69.23076923076923 0.0
699 69.23076923076923 0.0
700 69.23076923076923 0.0
701 84.61538461538461 0.0
702 76.92307692307692 0.0
703 76.92307692307692 0.0
704 73.07692307692308 0.0
705 76.92307692307692 0.0
706 73.07692307692308 0.0
707 76.92307692307692 0.0
708 80.76923076923077 0.0
709 76.92307692307692 0.0
710 65.38461538461539 0.0
711 69.23076923076923 0.0
712 50.0 0.0
713 61.53846153846154 0.0
714 69.23076923076923 0.0
715 69.23076923076923 0.0
716 76.92307692307692 0.0
717 88.46153846153847 0.0
718 76.92307692307692 0.0
719 88.46153846153847 0.0
720 80.76923076923077 0.0
721 65.38461538461539 0.0
722 57.69230769230769 0.0
723 65.38461538461539 0.0
724 57.69230769230769 0.0
725 73.07692307692308 0.0
726 73.07692307692308 0.0
727 80.76923076923077 0.0
728 84.61538461538461 0.0
729 92.3076923076923 0.0
730 76.92307692307692 0.0
731 76.92307692307692 0.0
732 84.61538461538461 0.0
733 92.3076923076923 0.0
734 92.3076923076923 0.0
735 84.61538461538461 0.0
736 76.92307692307692 0.0
737 76.92307692307692 0.0
738 76.92307692307692 0.0
739 84.61538461538461 0.0
740 84.61538461538461 0.0
741 92.3076923076923 0.0
742 92.3076923076923 0.0
743 80.76923076923077 0.0
744 92.3076923076923 0.0
745 88.46153846153847 0.0
746 88.46153846153847 0.0
747 92.3076923076923 0.0
748 84.61538461538461 0.0
749 84.61538461538461 0.0
750 65.38461538461539 0.0
751 57.69230769230769 0.0
752 76.92307692307692 0.0
753 73.07692307692308 0.0
754 80.76923076923077 0.0
755 84.61538461538461 0.0
756 80.76923076923077 0.0
757 88.46153846153847 0.0
758 80.76923076923077 0.0
759 84.61538461538461 0.0
760 80.76923076923077 0.0
761 73.07692307692308 0.0
762 73.07692307692308 0.0
763 69.23076923076923 0.0
764 61.53846153846154 0.0
765 61.53846153846154 0.0
766 76.92307692307692 0.0
767 69.23076923076923 0.0
768 76.92307692307692 0.0
769 84.61538461538461 0.0
770 100.0 0.0
771 100.0 0.0
772 92.3076923076923 0.0
773 100.0 0.0
774 84.61538461538461 0.0
775 84.61538461538461 0.0
776 92.3076923076923 0.0
777 92.3076923076923 0.0
778 84.61538461538461 0.0
779 92.3076923076923 0.0
780 92.3076923076923 0.0
781 100.0 0.0
782 100.0 0.0
783 84.61538461538461 0.0
784 80.76923076923077 0.0
785 84.61538461538461 0.0
786 73.07692307692308 0.0
787 73.07692307692308 0.0
788 76.92307692307692 0.0
789 76.92307692307692 0.0
790 57.69230769230769 0.0
791 80.76923076923077 0.0
792 69.23076923076923 0.0
793 61.53846153846154 0.0
794 76.92307692307692 0.0
795 80.76923076923077 0.0
796 84.61538461538461 0.0
797 92.3076923076923 0.0
798 84.61538461538461 0.0
799 61.53846153846154 0.0
800 69.23076923076923 0.0
801 69.23076923076923 0.0
802 61.53846153846154 0.0
803 76.92307692307692 0.0
804 69.23076923076923 0.0
805 69.23076923076923 0.0
806 61.53846153846154 0.0
807 73.07692307692308 0.0
808 84.61538461538461 0.0
809 69.23076923076923 0.0
810 76.92307692307692 0.0
811 76.92307692307692 0.0
812 57.69230769230769 0.0
813 69.23076923076923 0.0
814 84.61538461538461 0.0
815 84.61538461538461 0.0
816 84.61538461538461 0.0
817 76.92307692307692 0.0
818 69.23076923076923 0.0
819 76.92307692307692 0.0
820 61.53846153846154 0.0
821 69.23076923076923 0.0
822 69.23076923076923 0.0
823 76.92307692307692 0.0
824 61.53846153846154 0.0
825 61.53846153846154 0.0
826 65.38461538461539 0.0
827 73.07692307692308 0.0
828 76.92307692307692 0.0
829 76.92307692307692 0.0
830 84.61538461538461 0.0
831 69.23076923076923 0.0
832 76.92307692307692 0.0
833 76.92307692307692 0.0
834 88.46153846153847 0.0
835 73.07692307692308 0.0
836 69.23076923076923 0.0
837 76.92307692307692 0.0
838 76.92307692307692 0.0
839 73.07692307692308 0.0
840 69.23076923076923 0.0
841 61.53846153846154 0.0
842 73.07692307692308 0.0
843 73.07692307692308 0.0
844 69.23076923076923 0.0
845 69.23076923076923 0.0
846 65.38461538461539 0.0
847 69.23076923076923 0.0
848 65.38461538461539 0.0
849 69.23076923076923 0.0
850 53.84615384615385 0.0
851 61.53846153846154 0.0
852 53.84615384615385 0.0
853 53.84615384615385 0.0
854 69.23076923076923 0.0
855 69.23076923076923 0.0
856 80.76923076923077 0.0
857 69.23076923076923 0.0
858 73.07692307692308 0.0
859 65.38461538461539 0.0
860 65.38461538461539 0.0
861 65.38461538461539 0.0
862 65.38461538461539 0.0
863 53.84615384615385 0.0
864 69.23076923076923 0.0
865 61.53846153846154 0.0
866 61.53846153846154 0.0
867 76.92307692307692 0.0
868 73.07692307692308 0.0
869 73.07692307692308 0.0
870 80.76923076923077 0.0
871 50.0 0.0
872 65.38461538461539 0.0
873 65.38461538461539 0.0
874 65.38461538461539 0.0
875 61.53846153846154 0.0
876 61.53846153846154 0.0
877 65.38461538461539 0.0
878 61.53846153846154 0.0
879 73.07692307692308 0.0
880 65.38461538461539 0.0
881 57.69230769230769 0.0
882 73.07692307692308 0.0
883 84.61538461538461 0.0
884 61.53846153846154 0.0
885 76.92307692307692 0.0
886 57.69230769230769 0.0
887 57.69230769230769 0.0
888 65.38461538461539 0.0
889 69.23076923076923 0.0
890 69.23076923076923 0.0
891 69.23076923076923 0.0
892 69.23076923076923 0.0
893 69.23076923076923 0.0
894 92.3076923076923 0.0
895 61.53846153846154 0.0
896 76.92307692307692 0.0
897 76.92307692307692 0.0
898 69.23076923076923 0.0
899 92.3076923076923 0.0
900 69.23076923076923 0.0
901 65.38461538461539 0.0
902 76.92307692307692 0.0
903 76.92307692307692 0.0
904 65.38461538461539 0.0
905 73.07692307692308 0.0
906 69.23076923076923 0.0
907 65.38461538461539 0.0
908 65.38461538461539 0.0
909 65.38461538461539 0.0
910 69.23076923076923 0.0
911 84.61538461538461 0.0
912 84.61538461538461 0.0
913 80.76923076923077 0.0
914 69.23076923076923 0.0
915 65.38461538461539 0.0
916 69.23076923076923 0.0
917 76.92307692307692 0.0
918 84.61538461538461 0.0
919 80.76923076923077 0.0
920 76.92307692307692 0.0
921 65.38461538461539 0.0
922 69.23076923076923 0.0
923 57.69230769230769 0.0
924 57.69230769230769 0.0
925 57.69230769230769 0.0
926 65.38461538461539 0.0
927 73.07692307692308 0.0
928 84.61538461538461 0.0
929 84.61538461538461 0.0
930 76.92307692307692 0.0
931 76.92307692307692 0.0
932 84.61538461538461 0.0
933 73.07692307692308 0.0
934 76.92307692307692 0.0
935 84.61538461538461 0.0
936 88.46153846153847 0.0
937 84.61538461538461 0.0
938 84.61538461538461 0.0
939 84.61538461538461 0.0
940 76.92307692307692 0.0
941 84.61538461538461 0.0
942 73.07692307692308 0.0
943 76.92307692307692 0.0
944 76.92307692307692 0.0
945 84.61538461538461 0.0
946 76.92307692307692 0.0
947 65.38461538461539 0.0
948 84.61538461538461 0.0
949 76.92307692307692 0.0
950 76.92307692307692 0.0
951 76.92307692307692 0.0
952 76.92307692307692 0.0
953 76.92307692307692 0.0
954 76.92307692307692 0.0
955 73.07692307692308 0.0
956 69.23076923076923 0.0
957 76.92307692307692 0.0
958 69.23076923076923 0.0
959 73.07692307692308 0.0
960 61.53846153846154 0.0
961 76.92307692307692 0.0
962 80.76923076923077 0.0
963 69.23076923076923 0.0
964 65.38461538461539 0.0
965 80.76923076923077 0.0
966 80.76923076923077 0.0
967 65.38461538461539 0.0
968 73.07692307692308 0.0
969 76.92307692307692 0.0
970 80.76923076923077 0.0
971 80.76923076923077 0.0
972 80.76923076923077 0.0
973 65.38461538461539 0.0
974 61.53846153846154 0.0
975 61.53846153846154 0.0
976 65.38461538461539 0.0
977 80.76923076923077 0.0
978 80.76923076923077 0.0
979 65.38461538461539 0.0
980 69.23076923076923 0.0
981 76.92307692307692 0.0
982 88.46153846153847 0.0
983 65.38461538461539 0.0
984 69.23076923076923 0.0
985 65.38461538461539 0.0
986 65.38461538461539 0.0
987 76.92307692307692 0.0
988 69.23076923076923 0.0
989 69.23076923076923 0.0
990 69.23076923076923 0.0
991 73.07692307692308 0.0
992 65.38461538461539 0.0
993 73.07692307692308 0.0
994 61.53846153846154 0.0
995 50.0 0.0
996 61.53846153846154 0.0
997 61.53846153846154 0.0
998 69.23076923076923 0.0
999 61.53846153846154 0.0
