#frame monomers_% popc_isolated_%
0 76.92307692307692 0.0
1 76.92307692307692 0.0
2 84.61538461538461 0.0
3 65.38461538461539 0.0
4 69.23076923076923 1.5625
5 57.69230769230769 0.0
6 61.53846153846154 1.5625
7 61.53846153846154 0.0
8 50.0 0.0
9 50.0 0.0
10 57.69230769230769 0.0
11 61.53846153846154 0.0
12 65.38461538461539 0.0
13 42.30769230769231 0.0
14 53.84615384615385 0.0
15 61.53846153846154 0.0
16 61.53846153846154 0.0
17 69.23076923076923 0.0
18 61.53846153846154 0.0
19 53.84615384615385 0.0
20 61.53846153846154 0.0
21 61.53846153846154 0.0
22 69.23076923076923 0.0
23 69.23076923076923 0.0
24 65.38461538461539 0.0
25 73.07692307692308 0.0
26 76.92307692307692 0.0
27 76.92307692307692 0.0
28 80.76923076923077 0.0
29 76.92307692307692 0.0
30 69.23076923076923 0.0
31 73.07692307692308 1.5625
32 57.69230769230769 1.5625
33 65.38461538461539 0.0
34 65.38461538461539 0.0
35 73.07692307692308 0.0
36 80.76923076923077 0.0
37 65.38461538461539 0.0
38 73.07692307692308 0.0
39 80.76923076923077 0.0
40 69.23076923076923 0.0
41 73.07692307692308 0.0
42 76.92307692307692 0.0
43 76.92307692307692 0.0
44 69.23076923076923 0.0
45 76.92307692307692 0.0
46 69.23076923076923 0.0
47 61.53846153846154 0.0
48 69.23076923076923 0.0
49 69.23076923076923 0.0
50 69.23076923076923 1.5625
51 69.23076923076923 1.5625
52 80.76923076923077 1.5625
53 76.92307692307692 1.5625
54 76.92307692307692 1.5625
55 100.0 0.0
56 84.61538461538461 1.5625
57 61.53846153846154 1.5625
58 61.53846153846154 0.0
59 76.92307692307692 0.0
60 76.92307692307692 1.5625
61 69.23076923076923 0.0
62 84.61538461538461 0.0
63 84.61538461538461 1.5625
64 76.92307692307692 1.5625
65 65.38461538461539 0.0
66 65.38461538461539 1.5625
67 61.53846153846154 1.5625
68 69.23076923076923 1.5625
69 84.61538461538461 1.5625
70 61.53846153846154 1.5625
71 84.61538461538461 3.125
72 69.23076923076923 3.125
73 84.61538461538461 1.5625
74 76.92307692307692 3.125
75 76.92307692307692 1.5625
76 84.61538461538461 0.0
77 76.92307692307692 4.6875
78 84.61538461538461 3.125
79 73.07692307692308 4.6875
80 73.07692307692308 3.125
81 76.92307692307692 3.125
82 84.61538461538461 3.125
83 84.61538461538461 1.5625
84 92.3076923076923 3.125
85 69.23076923076923 1.5625
86 76.92307692307692 1.5625
87 76.92307692307692 0.0
88 69.23076923076923 0.0
89 69.23076923076923 0.0
90 61.53846153846154 1.5625
91 69.23076923076923 1.5625
92 61.53846153846154 3.125
93 61.53846153846154 1.5625
94 61.53846153846154 1.5625
95 61.53846153846154 0.0
96 61.53846153846154 0.0
97 69.23076923076923 0.0
98 69.23076923076923 0.0
99 69.23076923076923 0.0
100 65.38461538461539 0.0
101 69.23076923076923 0.0
102 69.23076923076923 0.0
103 57.69230769230769 0.0
104 69.23076923076923 0.0
105 69.23076923076923 0.0
106 69.23076923076923 0.0
107 69.23076923076923 1.5625
108 76.92307692307692 1.5625
109 69.23076923076923 0.0
110 57.69230769230769 0.0
111 69.23076923076923 0.0
112 76.92307692307692 0.0
113 73.07692307692308 0.0
114 73.07692307692308 1.5625
115 76.92307692307692 1.5625
116 84.61538461538461 1.5625
117 84.61538461538461 1.5625
118 65.38461538461539 1.5625
119 53.84615384615385 3.125
120 69.23076923076923 1.5625
121 61.53846153846154 4.6875
122 53.84615384615385 1.5625
123 53.84615384615385 3.125
124 50.0 3.125
125 57.69230769230769 1.5625
126 61.53846153846154 0.0
127 53.84615384615385 0.0
128 69.23076923076923 0.0
129 65.38461538461539 0.0
130 73.07692307692308 0.0
131 84.61538461538461 0.0
132 73.07692307692308 0.0
133 57.69230769230769 3.125
134 69.23076923076923 0.0
135 53.84615384615385 0.0
136 61.53846153846154 3.125
137 69.23076923076923 1.5625
138 84.61538461538461 3.125
139 69.23076923076923 1.5625
140 73.07692307692308 0.0
141 69.23076923076923 0.0
142 69.23076923076923 0.0
143 84.61538461538461 0.0
144 84.61538461538461 0.0
145 84.61538461538461 1.5625
146 84.61538461538461 1.5625
147 84.61538461538461 0.0
148 84.61538461538461 0.0
149 76.92307692307692 1.5625
150 61.53846153846154 3.125
151 69.23076923076923 0.0
152 73.07692307692308 0.0
153 76.92307692307692 0.0
154 65.38461538461539 0.0
155 50.0 0.0
156 61.53846153846154 1.5625
157 61.53846153846154 0.0
158 69.23076923076923 0.0
159 69.23076923076923 0.0
160 57.69230769230769 3.125
161 65.38461538461539 0.0
162 73.07692307692308 0.0
163 76.92307692307692 1.5625
164 69.23076923076923 0.0
165 57.69230769230769 1.5625
166 76.92307692307692 3.125
167 61.53846153846154 1.5625
168 76.92307692307692 3.125
169 61.53846153846154 3.125
170 100.0 3.125
171 88.46153846153847 3.125
172 92.3076923076923 1.5625
173 92.3076923076923 4.6875
174 84.61538461538461 3.125
175 84.61538461538461 1.5625
176 80.76923076923077 4.6875
177 76.92307692307692 3.125
178 80.76923076923077 4.6875
179 65.38461538461539 1.5625
180 61.53846153846154 1.5625
181 65.38461538461539 3.125
182 69.23076923076923 1.5625
183 42.30769230769231 3.125
184 53.84615384615385 1.5625
185 73.07692307692308 3.125
186 65.38461538461539 1.5625
187 65.38461538461539 1.5625
188 69.23076923076923 1.5625
189 69.23076923076923 1.5625
190 73.07692307692308 1.5625
191 65.38461538461539 3.125
192 69.23076923076923 3.125
193 73.07692307692308 3.125
194 84.61538461538461 0.0
195 73.07692307692308 1.5625
196 92.3076923076923 0.0
197 69.23076923076923 1.5625
198 76.92307692307692 0.0
199 84.61538461538461 0.0
200 69.23076923076923 0.0
201 65.38461538461539 0.0
202 73.07692307692308 0.0
203 57.69230769230769 0.0
204 61.53846153846154 0.0
205 73.07692307692308 0.0
206 57.69230769230769 0.0
207 65.38461538461539 0.0
208 80.76923076923077 0.0
209 65.38461538461539 1.5625
210 76.92307692307692 3.125
211 61.53846153846154 0.0
212 61.53846153846154 0.0
213 61.53846153846154 0.0
214 69.23076923076923 0.0
215 73.07692307692308 0.0
216 69.23076923076923 1.5625
217 69.23076923076923 1.5625
218 61.53846153846154 1.5625
219 61.53846153846154 0.0
220 69.23076923076923 1.5625
221 57.69230769230769 1.5625
222 88.46153846153847 1.5625
223 69.23076923076923 0.0
224 61.53846153846154 0.0
225 69.23076923076923 3.125
226 69.23076923076923 1.5625
227 53.84615384615385 0.0
228 57.69230769230769 0.0
229 57.69230769230769 1.5625
230 57.69230769230769 0.0
231 53.84615384615385 1.5625
232 50.0 0.0
233 50.0 0.0
234 73.07692307692308 0.0
235 69.23076923076923 0.0
236 76.92307692307692 0.0
237 61.53846153846154 1.5625
238 69.23076923076923 1.5625
239 61.53846153846154 0.0
240 65.38461538461539 0.0
241 53.84615384615385 0.0
242 57.69230769230769 4.6875
243 57.69230769230769 6.25
244 57.69230769230769 3.125
245 65.38461538461539 4.6875
246 73.07692307692308 3.125
247 73.07692307692308 1.5625
248 73.07692307692308 1.5625
249 65.38461538461539 4.6875
250 61.53846153846154 1.5625
251 53.84615384615385 1.5625
252 46.15384615384615 0.0
253 46.15384615384615 1.5625
254 46.15384615384615 3.125
255 46.15384615384615 1.5625
256 53.84615384615385 3.125
257 57.69230769230769 3.125
258 50.0 1.5625
259 61.53846153846154 1.5625
260 50.0 3.125
261 84.61538461538461 3.125
262 65.38461538461539 3.125
263 84.61538461538461 3.125
264 100.0 3.125
265 80.76923076923077 1.5625
266 80.76923076923077 1.5625
267 76.92307692307692 1.5625
268 76.92307692307692 3.125
269 84.61538461538461 3.125
270 92.3076923076923 1.5625
271 76.92307692307692 1.5625
272 84.61538461538461 0.0
273 73.07692307692308 0.0
274 73.07692307692308 3.125
275 76.92307692307692 0.0
276 76.92307692307692 1.5625
277 76.92307692307692 0.0
278 76.92307692307692 0.0
279 57.69230769230769 0.0
280 65.38461538461539 3.125
281 73.07692307692308 3.125
282 76.92307692307692 1.5625
283 69.23076923076923 0.0
284 65.38461538461539 0.0
285 88.46153846153847 1.5625
286 76.92307692307692 1.5625
287 84.61538461538461 0.0
288 69.23076923076923 0.0
289 65.38461538461539 0.0
290 76.92307692307692 0.0
291 76.92307692307692 0.0
292 73.07692307692308 0.0
293 61.53846153846154 0.0
294 50.0 0.0
295 61.53846153846154 0.0
296 53.84615384615385 0.0
297 46.15384615384615 0.0
298 76.92307692307692 0.0
299 76.92307692307692 0.0
300 69.23076923076923 0.0
301 65.38461538461539 0.0
302 57.69230769230769 1.5625
303 42.30769230769231 1.5625
304 50.0 0.0
305 57.69230769230769 0.0
306 69.23076923076923 0.0
307 69.23076923076923 0.0
308 57.69230769230769 0.0
309 69.23076923076923 0.0
310 69.23076923076923 0.0
311 73.07692307692308 0.0
312 73.07692307692308 0.0
313 84.61538461538461 0.0
314 61.53846153846154 0.0
315 65.38461538461539 0.0
316 76.92307692307692 0.0
317 69.23076923076923 0.0
318 76.92307692307692 0.0
319 76.92307692307692 0.0
320 61.53846153846154 0.0
321 76.92307692307692 0.0
322 57.69230769230769 0.0
323 61.53846153846154 0.0
324 76.92307692307692 0.0
325 76.92307692307692 0.0
326 76.92307692307692 0.0
327 69.23076923076923 0.0
328 84.61538461538461 0.0
329 76.92307692307692 0.0
330 65.38461538461539 0.0
331 61.53846153846154 0.0
332 61.53846153846154 0.0
333 57.69230769230769 0.0
334 57.69230769230769 0.0
335 69.23076923076923 0.0
336 73.07692307692308 0.0
337 84.61538461538461 0.0
338 61.53846153846154 0.0
339 69.23076923076923 0.0
340 57.69230769230769 0.0
341 69.23076923076923 0.0
342 61.53846153846154 0.0
343 69.23076923076923 0.0
344 76.92307692307692 0.0
345 76.92307692307692 0.0
346 65.38461538461539 0.0
347 53.84615384615385 0.0
348 69.23076923076923 0.0
349 65.38461538461539 0.0
350 80.76923076923077 0.0
351 73.07692307692308 0.0
352 73.07692307692308 0.0
353 84.61538461538461 1.5625
354 65.38461538461539 0.0
355 76.92307692307692 0.0
356 69.23076923076923 0.0
357 69.23076923076923 0.0
358 76.92307692307692 0.0
359 76.92307692307692 0.0
360 80.76923076923077 1.5625
361 88.46153846153847 0.0
362 84.61538461538461 0.0
363 69.23076923076923 0.0
364 65.38461538461539 0.0
365 57.69230769230769 0.0
366 65.38461538461539 0.0
367 53.84615384615385 1.5625
368 57.69230769230769 0.0
369 69.23076923076923 1.5625
370 76.92307692307692 0.0
371 69.23076923076923 0.0
372 57.69230769230769 0.0
373 46.15384615384615 0.0
374 57.69230769230769 0.0
375 57.69230769230769 0.0
376 50.0 0.0
377 65.38461538461539 0.0
378 73.07692307692308 0.0
379 76.92307692307692 0.0
380 76.92307692307692 0.0
381 76.92307692307692 0.0
382 73.07692307692308 0.0
383 57.69230769230769 0.0
384 84.61538461538461 0.0
385 73.07692307692308 0.0
386 76.92307692307692 0.0
387 69.23076923076923 0.0
388 73.07692307692308 0.0
389 73.07692307692308 1.5625
390 65.38461538461539 0.0
391 65.38461538461539 0.0
392 57.69230769230769 0.0
393 57.69230769230769 0.0
394 69.23076923076923 0.0
395 65.38461538461539 0.0
396 61.53846153846154 0.0
397 65.38461538461539 0.0
398 53.84615384615385 0.0
399 61.53846153846154 1.5625
400 69.23076923076923 1.5625
401 69.23076923076923 0.0
402 76.92307692307692 0.0
403 53.84615384615385 1.5625
404 61.53846153846154 1.5625
405 65.38461538461539 1.5625
406 61.53846153846154 1.5625
407 69.23076923076923 0.0
408 53.84615384615385 0.0
409 57.69230769230769 0.0
410 57.69230769230769 0.0
411 57.69230769230769 0.0
412 42.30769230769231 0.0
413 46.15384615384615 0.0
414 61.53846153846154 0.0
415 76.92307692307692 0.0
416 42.30769230769231 0.0
417 69.23076923076923 0.0
418 61.53846153846154 0.0
419 65.38461538461539 0.0
420 61.53846153846154 0.0
421 65.38461538461539 0.0
422 69.23076923076923 0.0
423 76.92307692307692 0.0
424 76.92307692307692 0.0
425 73.07692307692308 0.0
426 61.53846153846154 0.0
427 50.0 0.0
428 65.38461538461539 0.0
429 73.07692307692308 0.0
430 69.23076923076923 0.0
431 65.38461538461539 1.5625
432 57.69230769230769 1.5625
433 57.69230769230769 0.0
434 76.92307692307692 0.0
435 69.23076923076923 0.0
436 76.92307692307692 0.0
437 76.92307692307692 0.0
438 76.92307692307692 0.0
439 88.46153846153847 0.0
440 76.92307692307692 0.0
441 80.76923076923077 0.0
442 73.07692307692308 0.0
443 57.69230769230769 0.0
444 57.69230769230769 0.0
445 65.38461538461539 0.0
446 50.0 0.0
447 53.84615384615385 0.0
448 76.92307692307692 0.0
449 73.07692307692308 0.0
450 80.76923076923077 0.0
451 76.92307692307692 0.0
452 69.23076923076923 0.0
453 61.53846153846154 0.0
454 61.53846153846154 0.0
455 65.38461538461539 0.0
456 61.53846153846154 0.0
457 80.76923076923077 0.0
458 73.07692307692308 0.0
459 80.76923076923077 0.0
460 65.38461538461539 0.0
461 73.07692307692308 0.0
462 53.84615384615385 0.0
463 53.84615384615385 0.0
464 61.53846153846154 0.0
465 65.38461538461539 0.0
466 73.07692307692308 0.0
467 73.07692307692308 0.0
468 80.76923076923077 0.0
469 80.76923076923077 0.0
470 80.76923076923077 0.0
471 73.07692307692308 0.0
472 84.61538461538461 0.0
473 84.61538461538461 0.0
474 76.92307692307692 0.0
475 84.61538461538461 0.0
476 73.07692307692308 0.0
477 84.61538461538461 0.0
478 92.3076923076923 0.0
479 92.3076923076923 0.0
480 76.92307692307692 0.0
481 76.92307692307692 0.0
482 92.3076923076923 0.0
483 76.92307692307692 0.0
484 69.23076923076923 0.0
485 69.23076923076923 0.0
486 69.23076923076923 0.0
487 73.07692307692308 0.0
488 65.38461538461539 0.0
489 76.92307692307692 0.0
490 76.92307692307692 0.0
491 69.23076923076923 0.0
492 76.92307692307692 0.0
493 84.61538461538461 0.0
494 92.3076923076923 0.0
495 84.61538461538461 0.0
496 92.3076923076923 0.0
497 92.3076923076923 0.0
498 84.61538461538461 0.0
499 73.07692307692308 0.0
500 76.92307692307692 0.0
501 84.61538461538461 0.0
502 76.92307692307692 0.0
503 69.23076923076923 0.0
504 65.38461538461539 0.0
505 69.23076923076923 0.0
506 53.84615384615385 0.0
507 61.53846153846154 0.0
508 76.92307692307692 0.0
509 84.61538461538461 0.0
510 84.61538461538461 0.0
511 80.76923076923077 0.0
512 84.61538461538461 0.0
513 84.61538461538461 0.0
514 80.76923076923077 0.0
515 84.61538461538461 0.0
516 84.61538461538461 0.0
517 92.3076923076923 0.0
518 92.3076923076923 0.0
519 100.0 0.0
520 92.3076923076923 0.0
521 100.0 0.0
522 84.61538461538461 0.0
523 84.61538461538461 0.0
524 100.0 0.0
525 76.92307692307692 0.0
526 84.61538461538461 0.0
527 76.92307692307692 0.0
528 84.61538461538461 0.0
529 92.3076923076923 0.0
530 80.76923076923077 0.0
531 80.76923076923077 0.0
532 92.3076923076923 0.0
533 61.53846153846154 0.0
534 69.23076923076923 0.0
535 65.38461538461539 0.0
536 50.0 0.0
537 61.53846153846154 0.0
538 69.23076923076923 0.0
539 65.38461538461539 0.0
540 61.53846153846154 0.0
541 50.0 0.0
542 65.38461538461539 0.0
543 84.61538461538461 0.0
544 84.61538461538461 0.0
545 73.07692307692308 0.0
546 80.76923076923077 0.0
547 73.07692307692308 0.0
548 69.23076923076923 0.0
549 73.07692307692308 0.0
550 73.07692307692308 0.0
551 76.92307692307692 0.0
552 73.07692307692308 0.0
553 65.38461538461539 0.0
554 73.07692307692308 0.0
555 84.61538461538461 0.0
556 84.61538461538461 0.0
557 69.23076923076923 0.0
558 76.92307692307692 0.0
559 73.07692307692308 0.0
560 65.38461538461539 0.0
561 84.61538461538461 0.0
562 84.61538461538461 0.0
563 84.61538461538461 0.0
564 69.23076923076923 0.0
565 69.23076923076923 0.0
566 57.69230769230769 0.0
567 65.38461538461539 0.0
568 69.23076923076923 0.0
569 73.07692307692308 0.0
570 92.3076923076923 0.0
571 92.3076923076923 0.0
572 92.3076923076923 0.0
573 92.3076923076923 0.0
574 92.3076923076923 0.0
575 76.92307692307692 0.0
576 76.92307692307692 0.0
577 92.3076923076923 0.0
578 84.61538461538461 0.0
579 73.07692307692308 0.0
580 80.76923076923077 0.0
581 76.92307692307692 0.0
582 73.07692307692308 0.0
583 69.23076923076923 0.0
584 76.92307692307692 0.0
585 92.3076923076923 0.0
586 84.61538461538461 0.0
587 76.92307692307692 0.0
588 76.92307692307692 1.5625
589 84.61538461538461 0.0
590 76.92307692307692 0.0
591 76.92307692307692 0.0
592 92.3076923076923 1.5625
593 84.61538461538461 0.0
594 84.61538461538461 1.5625
595 92.3076923076923 0.0
596 92.3076923076923 0.0
597 92.3076923076923 3.125
598 92.3076923076923 3.125
599 69.23076923076923 4.6875
600 80.76923076923077 3.125
601 84.61538461538461 1.5625
602 76.92307692307692 3.125
603 84.61538461538461 0.0
604 73.07692307692308 1.5625
605 76.92307692307692 1.5625
606 69.23076923076923 3.125
607 76.92307692307692 1.5625
608 84.61538461538461 3.125
609 69.23076923076923 4.6875
610 76.92307692307692 3.125
611 69.23076923076923 3.125
612 84.61538461538461 4.6875
613 69.23076923076923 6.25
614 84.61538461538461 6.25
615 73.07692307692308 6.25
616 69.23076923076923 1.5625
617 84.61538461538461 4.6875
618 92.3076923076923 3.125
619 76.92307692307692 3.125
620 84.61538461538461 6.25
621 65.38461538461539 3.125
622 57.69230769230769 4.6875
623 73.07692307692308 4.6875
624 73.07692307692308 3.125
625 69.23076923076923 3.125
626 57.69230769230769 1.5625
627 57.69230769230769 4.6875
628 69.23076923076923 3.125
629 76.92307692307692 3.125
630 84.61538461538461 3.125
631 84.61538461538461 1.5625
632 84.61538461538461 1.5625
633 76.92307692307692 3.125
634 69.23076923076923 1.5625
635 84.61538461538461 4.6875
636 80.76923076923077 3.125
637 92.3076923076923 4.6875
638 69.23076923076923 0.0
639 73.07692307692308 0.0
640 84.61538461538461 0.0
641 92.3076923076923 1.5625
642 92.3076923076923 1.5625
643 92.3076923076923 1.5625
644 76.92307692307692 4.6875
645 73.07692307692308 6.25
646 73.07692307692308 4.6875
647 80.76923076923077 0.0
648 73.07692307692308 4.6875
649 69.23076923076923 6.25
650 65.38461538461539 1.5625
651 65.38461538461539 3.125
652 61.53846153846154 3.125
653 61.53846153846154 3.125
654 73.07692307692308 1.5625
655 69.23076923076923 1.5625
656 84.61538461538461 0.0
657 84.61538461538461 1.5625
658 84.61538461538461 1.5625
659 92.3076923076923 1.5625
660 46.15384615384615 3.125
661 50.0 0.0
662 50.0 3.125
663 61.53846153846154 0.0
664 65.38461538461539 0.0
665 50.0 0.0
666 73.07692307692308 0.0
667 65.38461538461539 0.0
668 61.53846153846154 0.0
669 65.38461538461539 1.5625
670 53.84615384615385 1.5625
671 65.38461538461539 3.125
672 73.07692307692308 1.5625
673 69.23076923076923 1.5625
674 61.53846153846154 1.5625
675 61.53846153846154 1.5625
676 61.53846153846154 1.5625
677 61.53846153846154 0.0
678 61.53846153846154 1.5625
679 61.53846153846154 1.5625
680 69.23076923076923 1.5625
681 61.53846153846154 1.5625
682 53.84615384615385 0.0
683 61.53846153846154 1.5625
684 76.92307692307692 3.125
685 76.92307692307692 1.5625
686 76.92307692307692 1.5625
687 84.61538461538461 1.5625
688 84.61538461538461 1.5625
689 92.3076923076923 0.0
690 76.92307692307692 1.5625
691 92.3076923076923 1.5625
692 100.0 1.5625
693 92.3076923076923 1.5625
694 69.23076923076923 0.0
695 84.61538461538461 0.0
696 84.61538461538461 1.5625
697 76.92307692307692 0.0
698 76.92307692307692 1.5625
699 84.61538461538461 3.125
700 84.61538461538461 1.5625
701 76.92307692307692 1.5625
702 57.69230769230769 3.125
703 69.23076923076923 3.125
704 80.76923076923077 3.125
705 76.92307692307692 3.125
706 84.61538461538461 3.125
707 84.61538461538461 3.125
708 80.76923076923077 3.125
709 84.61538461538461 1.5625
710 100.0 1.5625
711 100.0 3.125
712 92.3076923076923 0.0
713 84.61538461538461 1.5625
714 76.92307692307692 1.5625
715 84.61538461538461 1.5625
716 76.92307692307692 0.0
717 92.3076923076923 0.0
718 92.3076923076923 0.0
719 92.3076923076923 1.5625
720 76.92307692307692 3.125
721 84.61538461538461 3.125
722 76.92307692307692 4.6875
723 84.61538461538461 4.6875
724 76.92307692307692 1.5625
725 80.76923076923077 1.5625
726 92.3076923076923 1.5625
727 76.92307692307692 1.5625
728 76.92307692307692 1.5625
729 76.92307692307692 3.125
730 76.92307692307692 1.5625
731 53.84615384615385 3.125
732 69.23076923076923 1.5625
733 76.92307692307692 1.5625
734 92.3076923076923 3.125
735 84.61538461538461 6.25
736 69.23076923076923 1.5625
737 69.23076923076923 0.0
738 80.76923076923077 4.6875
739 92.3076923076923 0.0
740 84.61538461538461 1.5625
741 84.61538461538461 1.5625
742 84.61538461538461 1.5625
743 84.61538461538461 1.5625
744 76.92307692307692 3.125
745 92.3076923076923 6.25
746 80.76923076923077 3.125
747 84.61538461538461 1.5625
748 84.61538461538461 1.5625
749 84.61538461538461 1.5625
750 69.23076923076923 1.5625
751 73.07692307692308 3.125
752 69.23076923076923 1.5625
753 65.38461538461539 0.0
754 80.76923076923077 0.0
755 73.07692307692308 1.5625
756 65.38461538461539 0.0
757 65.38461538461539 0.0
758 76.92307692307692 1.5625
759 65.38461538461539 3.125
760 65.38461538461539 1.5625
761 84.61538461538461 3.125
762 84.61538461538461 3.125
763 65.38461538461539 1.5625
764 76.92307692307692 1.5625
765 76.92307692307692 0.0
766 73.07692307692308 1.5625
767 69.23076923076923 3.125
768 92.3076923076923 0.0
769 76.92307692307692 1.5625
770 76.92307692307692 1.5625
771 76.92307692307692 1.5625
772 84.61538461538461 4.6875
773 80.76923076923077 1.5625
774 80.76923076923077 1.5625
775 73.07692307692308 0.0
776 73.07692307692308 1.5625
777 73.07692307692308 3.125
778 76.92307692307692 1.5625
779 69.23076923076923 1.5625
780 73.07692307692308 3.125
781 73.07692307692308 1.5625
782 57.69230769230769 1.5625
783 57.69230769230769 0.0
784 57.69230769230769 0.0
785 57.69230769230769 0.0
786 50.0 0.0
787 53.84615384615385 0.0
788 73.07692307692308 0.0
789 65.38461538461539 0.0
790 76.92307692307692 0.0
791 73.07692307692308 0.0
792 84.61538461538461 0.0
793 69.23076923076923 0.0
794 69.23076923076923 0.0
795 84.61538461538461 0.0
796 65.38461538461539 0.0
797 61.53846153846154 0.0
798 61.53846153846154 0.0
799 61.53846153846154 1.5625
800 61.53846153846154 0.0
801 46.15384615384615 0.0
802 57.69230769230769 0.0
803 73.07692307692308 0.0
804 57.69230769230769 0.0
805 61.53846153846154 0.0
806 69.23076923076923 0.0
807 69.23076923076923 0.0
808 61.53846153846154 1.5625
809 53.84615384615385 0.0
810 46.15384615384615 0.0
811 53.84615384615385 0.0
812 50.0 0.0
813 46.15384615384615 0.0
814 46.15384615384615 0.0
815 42.30769230769231 1.5625
816 42.30769230769231 0.0
817 53.84615384615385 0.0
818 53.84615384615385 0.0
819 38.46153846153846 0.0
820 46.15384615384615 1.5625
821 69.23076923076923 1.5625
822 65.38461538461539 1.5625
823 57.69230769230769 1.5625
824 57.69230769230769 0.0
825 53.84615384615385 1.5625
826 73.07692307692308 1.5625
827 73.07692307692308 0.0
828 53.84615384615385 1.5625
829 53.84615384615385 0.0
830 53.84615384615385 0.0
831 50.0 0.0
832 73.07692307692308 0.0
833 65.38461538461539 0.0
834 73.07692307692308 1.5625
835 73.07692307692308 0.0
836 76.92307692307692 1.5625
837 73.07692307692308 0.0
838 80.76923076923077 1.5625
839 76.92307692307692 1.5625
840 73.07692307692308 1.5625
841 73.07692307692308 1.5625
842 69.23076923076923 0.0
843 73.07692307692308 0.0
844 69.23076923076923 0.0
845 65.38461538461539 0.0
846 53.84615384615385 1.5625
847 46.15384615384615 1.5625
848 57.69230769230769 0.0
849 42.30769230769231 1.5625
850 53.84615384615385 1.5625
851 50.0 1.5625
852 42.30769230769231 1.5625
853 46.15384615384615 1.5625
854 19.23076923076923 1.5625
855 42.30769230769231 0.0
856 69.23076923076923 1.5625
857 61.53846153846154 1.5625
858 53.84615384615385 3.125
859 61.53846153846154 1.5625
860 61.53846153846154 0.0
861 73.07692307692308 0.0
862 65.38461538461539 0.0
863 65.38461538461539 0.0
864 53.84615384615385 0.0
865 69.23076923076923 0.0
866 80.76923076923077 1.5625
867 73.07692307692308 0.0
868 80.76923076923077 0.0
869 88.46153846153847 0.0
870 46.15384615384615 1.5625
871 73.07692307692308 1.5625
872 73.07692307692308 3.125
873 65.38461538461539 1.5625
874 69.23076923076923 1.5625
875 76.92307692307692 1.5625
876 69.23076923076923 1.5625
877 61.53846153846154 0.0
878 65.38461538461539 1.5625
879 57.69230769230769 1.5625
880 61.53846153846154 1.5625
881 53.84615384615385 0.0
882 61.53846153846154 1.5625
883 65.38461538461539 3.125
884 73.07692307692308 0.0
885 76.92307692307692 0.0
886 61.53846153846154 0.0
887 69.23076923076923 0.0
888 69.23076923076923 0.0
889 76.92307692307692 1.5625
890 80.76923076923077 1.5625
891 84.61538461538461 0.0
892 80.76923076923077 0.0
893 73.07692307692308 0.0
894 76.92307692307692 3.125
895 76.92307692307692 1.5625
896 88.46153846153847 0.0
897 76.92307692307692 1.5625
898 73.07692307692308 0.0
899 69.23076923076923 4.6875
900 80.76923076923077 3.125
901 80.76923076923077 4.6875
902 80.76923076923077 1.5625
903 73.07692307692308 1.5625
904 69.23076923076923 0.0
905 65.38461538461539 0.0
906 84.61538461538461 0.0
907 76.92307692307692 0.0
908 84.61538461538461 0.0
909 84.61538461538461 0.0
910 88.46153846153847 0.0
911 92.3076923076923 0.0
912 88.46153846153847 0.0
913 84.61538461538461 0.0
914 76.92307692307692 0.0
915 80.76923076923077 0.0
916 76.92307692307692 0.0
917 76.92307692307692 0.0
918 65.38461538461539 0.0
919 76.92307692307692 0.0
920 65.38461538461539 0.0
921 69.23076923076923 0.0
922 65.38461538461539 0.0
923 69.23076923076923 0.0
924 73.07692307692308 0.0
925 73.07692307692308 0.0
926 61.53846153846154 0.0
927 65.38461538461539 0.0
928 73.07692307692308 0.0
929 61.53846153846154 0.0
930 57.69230769230769 0.0
931 69.23076923076923 0.0
932 57.69230769230769 0.0
933 57.69230769230769 0.0
934 57.69230769230769 0.0
935 61.53846153846154 0.0
936 80.76923076923077 0.0
937 88.46153846153847 0.0
938 65.38461538461539 0.0
939 61.53846153846154 0.0
940 53.84615384615385 0.0
941 53.84615384615385 0.0
942 42.30769230769231 0.0
943 53.84615384615385 0.0
944 69.23076923076923 0.0
945 61.53846153846154 0.0
946 61.53846153846154 0.0
947 61.53846153846154 0.0
948 69.23076923076923 0.0
949 61.53846153846154 0.0
950 57.69230769230769 0.0
951 65.38461538461539 0.0
952 57.69230769230769 0.0
953 65.38461538461539 0.0
954 61.53846153846154 0.0
955 61.53846153846154 0.0
956 65.38461538461539 0.0
957 53.84615384615385 0.0
958 57.69230769230769 0.0
959 53.84615384615385 0.0
960 57.69230769230769 0.0
961 73.07692307692308 0.0
962 73.07692307692308 0.0
963 65.38461538461539 0.0
964 65.38461538461539 0.0
965 65.38461538461539 0.0
966 65.38461538461539 0.0
967 65.38461538461539 0.0
968 69.23076923076923 0.0
969 69.23076923076923 0.0
970 61.53846153846154 0.0
971 65.38461538461539 0.0
972 53.84615384615385 0.0
973 65.38461538461539 0.0
974 46.15384615384615 0.0
975 53.84615384615385 0.0
976 42.30769230769231 0.0
977 50.0 0.0
978 53.84615384615385 0.0
979 61.53846153846154 0.0
980 53.84615384615385 0.0
981 61.53846153846154 0.0
982 57.69230769230769 0.0
983 65.38461538461539 0.0
984 61.53846153846154 0.0
985 69.23076923076923 0.0
986 61.53846153846154 0.0
987 57.69230769230769 0.0
988 50.0 0.0
989 53.84615384615385 1.5625
990 46.15384615384615 1.5625
991 69.23076923076923 0.0
992 69.23076923076923 1.5625
993 69.23076923076923 1.5625
994 61.53846153846154 0.0
995 53.84615384615385 1.5625
996 53.84615384615385 0.0
997 65.38461538461539 0.0
998 69.23076923076923 0.0
999 61.53846153846154 0.0
