#frame monomers_% popc_isolated_%
0 76.92307692307692 0.0
1 84.61538461538461 0.0
2 84.61538461538461 0.0
3 80.76923076923077 0.0
4 84.61538461538461 0.0
5 69.23076923076923 0.0
6 84.61538461538461 0.0
7 73.07692307692308 0.0
8 84.61538461538461 0.0
9 76.92307692307692 0.0
10 76.92307692307692 0.0
11 80.76923076923077 0.0
12 80.76923076923077 0.0
13 65.38461538461539 0.0
14 53.84615384615385 0.0
15 69.23076923076923 0.0
16 76.92307692307692 0.0
17 61.53846153846154 0.0
18 73.07692307692308 0.0
19 76.92307692307692 0.0
20 92.3076923076923 0.0
21 100.0 0.0
22 92.3076923076923 0.0
23 84.61538461538461 0.0
24 92.3076923076923 0.0
25 76.92307692307692 0.0
26 92.3076923076923 0.0
27 84.61538461538461 0.0
28 80.76923076923077 0.0
29 84.61538461538461 0.0
30 92.3076923076923 0.0
31 73.07692307692308 0.0
32 76.92307692307692 0.0
33 69.23076923076923 0.0
34 73.07692307692308 0.0
35 84.61538461538461 0.0
36 69.23076923076923 0.0
37 69.23076923076923 0.0
38 84.61538461538461 0.0
39 92.3076923076923 0.0
40 84.61538461538461 0.0
41 92.3076923076923 0.0
42 92.3076923076923 0.0
43 80.76923076923077 0.0
44 73.07692307692308 0.0
45 76.92307692307692 0.0
46 76.92307692307692 0.0
47 84.61538461538461 0.0
48 76.92307692307692 0.0
49 92.3076923076923 0.0
50 69.23076923076923 0.0
51 92.3076923076923 0.0
52 84.61538461538461 0.0
53 84.61538461538461 0.0
54 84.61538461538461 0.0
55 76.92307692307692 0.0
56 84.61538461538461 0.0
57 84.61538461538461 0.0
58 92.3076923076923 0.0
59 76.92307692307692 0.0
60 92.3076923076923 0.0
61 76.92307692307692 0.0
62 76.92307692307692 0.0
63 69.23076923076923 0.0
64 76.92307692307692 0.0
65 84.61538461538461 0.0
66 76.92307692307692 0.0
67 84.61538461538461 0.0
68 65.38461538461539 0.0
69 69.23076923076923 0.0
70 69.23076923076923 0.0
71 84.61538461538461 0.0
72 76.92307692307692 0.0
73 80.76923076923077 0.0
74 84.61538461538461 0.0
75 76.92307692307692 0.0
76 92.3076923076923 0.0
77 76.92307692307692 0.0
78 69.23076923076923 0.0
79 76.92307692307692 0.0
80 61.53846153846154 0.0
81 76.92307692307692 0.0
82 65.38461538461539 0.0
83 57.69230769230769 0.0
84 76.92307692307692 0.0
85 69.23076923076923 0.0
86 57.69230769230769 0.0
87 76.92307692307692 0.0
88 57.69230769230769 0.0
89 73.07692307692308 0.0
90 57.69230769230769 0.0
91 80.76923076923077 0.0
92 76.92307692307692 0.0
93 92.3076923076923 0.0
94 76.92307692307692 0.0
95 73.07692307692308 0.0
96 69.23076923076923 0.0
97 92.3076923076923 0.0
98 84.61538461538461 0.0
99 92.3076923076923 0.0
100 92.3076923076923 0.0
101 92.3076923076923 0.0
102 92.3076923076923 0.0
103 76.92307692307692 0.0
104 69.23076923076923 0.0
105 50.0 0.0
106 76.92307692307692 0.0
107 65.38461538461539 0.0
108 50.0 0.0
109 57.69230769230769 0.0
110 65.38461538461539 0.0
111 57.69230769230769 0.0
112 73.07692307692308 0.0
113 76.92307692307692 0.0
114 84.61538461538461 0.0
115 61.53846153846154 0.0
116 65.38461538461539 0.0
117 76.92307692307692 0.0
118 73.07692307692308 0.0
119 69.23076923076923 0.0
120 76.92307692307692 0.0
121 84.61538461538461 0.0
122 76.92307692307692 0.0
123 73.07692307692308 0.0
124 69.23076923076923 0.0
125 76.92307692307692 0.0
126 69.23076923076923 0.0
127 76.92307692307692 0.0
128 69.23076923076923 0.0
129 73.07692307692308 0.0
130 76.92307692307692 0.0
131 69.23076923076923 0.0
132 76.92307692307692 0.0
133 84.61538461538461 0.0
134 84.61538461538461 0.0
135 84.61538461538461 0.0
136 76.92307692307692 0.0
137 84.61538461538461 0.0
138 69.23076923076923 0.0
139 76.92307692307692 0.0
140 76.92307692307692 0.0
141 76.92307692307692 0.0
142 76.92307692307692 0.0
143 92.3076923076923 0.0
144 92.3076923076923 0.0
145 73.07692307692308 0.0
146 65.38461538461539 0.0
147 65.38461538461539 0.0
148 65.38461538461539 0.0
149 65.38461538461539 0.0
150 65.38461538461539 0.0
151 61.53846153846154 0.0
152 50.0 0.0
153 57.69230769230769 0.0
154 57.69230769230769 0.0
155 61.53846153846154 0.0
156 84.61538461538461 0.0
157 76.92307692307692 0.0
158 84.61538461538461 0.0
159 69.23076923076923 0.0
160 76.92307692307692 0.0
161 80.76923076923077 0.0
162 69.23076923076923 0.0
163 80.76923076923077 0.0
164 65.38461538461539 0.0
165 76.92307692307692 0.0
166 84.61538461538461 0.0
167 92.3076923076923 0.0
168 57.69230769230769 0.0
169 76.92307692307692 0.0
170 84.61538461538461 0.0
171 65.38461538461539 0.0
172 88.46153846153847 0.0
173 92.3076923076923 0.0
174 92.3076923076923 0.0
175 92.3076923076923 0.0
176 84.61538461538461 0.0
177 76.92307692307692 0.0
178 80.76923076923077 0.0
179 80.76923076923077 0.0
180 80.76923076923077 0.0
181 76.92307692307692 0.0
182 69.23076923076923 0.0
183 69.23076923076923 0.0
184 92.3076923076923 0.0
185 76.92307692307692 0.0
186 69.23076923076923 0.0
187 80.76923076923077 0.0
188 73.07692307692308 0.0
189 61.53846153846154 0.0
190 61.53846153846154 0.0
191 61.53846153846154 0.0
192 76.92307692307692 0.0
193 69.23076923076923 0.0
194 84.61538461538461 0.0
195 84.61538461538461 0.0
196 61.53846153846154 0.0
197 76.92307692307692 0.0
198 76.92307692307692 0.0
199 84.61538461538461 0.0
200 76.92307692307692 0.0
201 92.3076923076923 0.0
202 69.23076923076923 0.0
203 53.84615384615385 0.0
204 65.38461538461539 0.0
205 65.38461538461539 0.0
206 57.69230769230769 0.0
207 57.69230769230769 0.0
208 57.69230769230769 0.0
209 73.07692307692308 0.0
210 53.84615384615385 0.0
211 65.38461538461539 0.0
212 57.69230769230769 0.0
213 73.07692307692308 0.0
214 57.69230769230769 0.0
215 69.23076923076923 0.0
216 65.38461538461539 0.0
217 69.23076923076923 0.0
218 65.38461538461539 0.0
219 73.07692307692308 0.0
220 65.38461538461539 0.0
221 65.38461538461539 0.0
222 73.07692307692308 0.0
223 57.69230769230769 0.0
224 57.69230769230769 0.0
225 84.61538461538461 0.0
226 61.53846153846154 0.0
227 80.76923076923077 0.0
228 84.61538461538461 0.0
229 80.76923076923077 0.0
230 69.23076923076923 0.0
231 73.07692307692308 0.0
232 80.76923076923077 0.0
233 69.23076923076923 0.0
234 92.3076923076923 0.0
235 84.61538461538461 0.0
236 73.07692307692308 0.0
237 65.38461538461539 0.0
238 80.76923076923077 0.0
239 65.38461538461539 0.0
240 69.23076923076923 0.0
241 76.92307692307692 0.0
242 65.38461538461539 0.0
243 65.38461538461539 0.0
244 69.23076923076923 0.0
245 80.76923076923077 0.0
246 69.23076923076923 0.0
247 73.07692307692308 0.0
248 84.61538461538461 0.0
249 92.3076923076923 0.0
250 76.92307692307692 0.0
251 84.61538461538461 0.0
252 100.0 0.0
253 100.0 0.0
254 84.61538461538461 0.0
255 76.92307692307692 0.0
256 80.76923076923077 0.0
257 73.07692307692308 0.0
258 80.76923076923077 0.0
259 84.61538461538461 0.0
260 76.92307692307692 0.0
261 76.92307692307692 0.0
262 65.38461538461539 0.0
263 76.92307692307692 0.0
264 84.61538461538461 0.0
265 80.76923076923077 0.0
266 84.61538461538461 0.0
267 88.46153846153847 0.0
268 92.3076923076923 0.0
269 100.0 0.0
270 84.61538461538461 0.0
271 92.3076923076923 0.0
272 92.3076923076923 0.0
273 100.0 0.0
274 92.3076923076923 0.0
275 84.61538461538461 0.0
276 76.92307692307692 0.0
277 80.76923076923077 0.0
278 84.61538461538461 0.0
279 80.76923076923077 0.0
280 76.92307692307692 0.0
281 80.76923076923077 0.0
282 76.92307692307692 0.0
283 92.3076923076923 0.0
284 88.46153846153847 0.0
285 92.3076923076923 0.0
286 92.3076923076923 0.0
287 84.61538461538461 0.0
288 84.61538461538461 0.0
289 76.92307692307692 0.0
290 84.61538461538461 0.0
291 92.3076923076923 0.0
292 73.07692307692308 0.0
293 73.07692307692308 0.0
294 76.92307692307692 0.0
295 69.23076923076923 0.0
296 61.53846153846154 0.0
297 61.53846153846154 0.0
298 76.92307692307692 0.0
299 76.92307692307692 0.0
300 76.92307692307692 0.0
301 84.61538461538461 0.0
302 84.61538461538461 0.0
303 84.61538461538461 0.0
304 80.76923076923077 0.0
305 84.61538461538461 0.0
306 76.92307692307692 0.0
307 69.23076923076923 0.0
308 84.61538461538461 0.0
309 88.46153846153847 0.0
310 76.92307692307692 0.0
311 84.61538461538461 0.0
312 88.46153846153847 0.0
313 76.92307692307692 0.0
314 84.61538461538461 0.0
315 76.92307692307692 0.0
316 61.53846153846154 0.0
317 65.38461538461539 0.0
318 61.53846153846154 0.0
319 69.23076923076923 0.0
320 61.53846153846154 0.0
321 57.69230769230769 0.0
322 61.53846153846154 0.0
323 50.0 0.0
324 53.84615384615385 0.0
325 69.23076923076923 0.0
326 84.61538461538461 0.0
327 61.53846153846154 0.0
328 65.38461538461539 0.0
329 65.38461538461539 0.0
330 61.53846153846154 0.0
331 53.84615384615385 0.0
332 65.38461538461539 0.0
333 69.23076923076923 0.0
334 53.84615384615385 0.0
335 61.53846153846154 0.0
336 73.07692307692308 0.0
337 65.38461538461539 0.0
338 65.38461538461539 0.0
339 57.69230769230769 0.0
340 53.84615384615385 0.0
341 46.15384615384615 0.0
342 53.84615384615385 0.0
343 76.92307692307692 0.0
344 73.07692307692308 0.0
345 65.38461538461539 0.0
346 69.23076923076923 0.0
347 76.92307692307692 0.0
348 73.07692307692308 0.0
349 65.38461538461539 0.0
350 65.38461538461539 0.0
351 76.92307692307692 0.0
352 76.92307692307692 0.0
353 76.92307692307692 0.0
354 76.92307692307692 0.0
355 76.92307692307692 0.0
356 73.07692307692308 0.0
357 69.23076923076923 0.0
358 76.92307692307692 0.0
359 84.61538461538461 0.0
360 84.61538461538461 0.0
361 73.07692307692308 0.0
362 76.92307692307692 0.0
363 73.07692307692308 0.0
364 69.23076923076923 0.0
365 69.23076923076923 0.0
366 69.23076923076923 0.0
367 73.07692307692308 0.0
368 88.46153846153847 0.0
369 84.61538461538461 0.0
370 69.23076923076923 0.0
371 76.92307692307692 0.0
372 73.07692307692308 0.0
373 76.92307692307692 0.0
374 69.23076923076923 0.0
375 76.92307692307692 0.0
376 84.61538461538461 0.0
377 80.76923076923077 0.0
378 73.07692307692308 0.0
379 80.76923076923077 0.0
380 76.92307692307692 0.0
381 76.92307692307692 0.0
382 73.07692307692308 0.0
383 65.38461538461539 0.0
384 65.38461538461539 0.0
385 76.92307692307692 0.0
386 76.92307692307692 0.0
387 61.53846153846154 0.0
388 69.23076923076923 0.0
389 69.23076923076923 0.0
390 69.23076923076923 0.0
391 69.23076923076923 0.0
392 73.07692307692308 0.0
393 80.76923076923077 0.0
394 88.46153846153847 0.0
395 76.92307692307692 0.0
396 88.46153846153847 0.0
397 84.61538461538461 0.0
398 73.07692307692308 0.0
399 61.53846153846154 0.0
400 76.92307692307692 0.0
401 69.23076923076923 0.0
402 76.92307692307692 0.0
403 61.53846153846154 0.0
404 73.07692307692308 0.0
405 80.76923076923077 0.0
406 76.92307692307692 0.0
407 84.61538461538461 0.0
408 92.3076923076923 0.0
409 84.61538461538461 0.0
410 100.0 0.0
411 73.07692307692308 0.0
412 80.76923076923077 0.0
413 76.92307692307692 0.0
414 84.61538461538461 0.0
415 84.61538461538461 0.0
416 65.38461538461539 0.0
417 76.92307692307692 0.0
418 69.23076923076923 0.0
419 84.61538461538461 0.0
420 69.23076923076923 0.0
421 69.23076923076923 0.0
422 65.38461538461539 0.0
423 57.69230769230769 0.0
424 65.38461538461539 0.0
425 69.23076923076923 0.0
426 69.23076923076923 0.0
427 65.38461538461539 0.0
428 53.84615384615385 0.0
429 61.53846153846154 0.0
430 69.23076923076923 0.0
431 76.92307692307692 0.0
432 76.92307692307692 0.0
433 80.76923076923077 0.0
434 76.92307692307692 0.0
435 84.61538461538461 0.0
436 76.92307692307692 0.0
437 65.38461538461539 0.0
438 69.23076923076923 0.0
439 76.92307692307692 0.0
440 73.07692307692308 0.0
441 76.92307692307692 0.0
442 76.92307692307692 0.0
443 69.23076923076923 0.0
444 84.61538461538461 0.0
445 73.07692307692308 0.0
446 80.76923076923077 0.0
447 88.46153846153847 0.0
448 76.92307692307692 0.0
449 88.46153846153847 0.0
450 88.46153846153847 0.0
451 84.61538461538461 0.0
452 88.46153846153847 0.0
453 92.3076923076923 0.0
454 92.3076923076923 0.0
455 84.61538461538461 0.0
456 76.92307692307692 0.0
457 76.92307692307692 0.0
458 76.92307692307692 0.0
459 76.92307692307692 0.0
460 88.46153846153847 0.0
461 88.46153846153847 0.0
462 76.92307692307692 0.0
463 80.76923076923077 0.0
464 76.92307692307692 0.0
465 84.61538461538461 0.0
466 84.61538461538461 0.0
467 84.61538461538461 0.0
468 80.76923076923077 0.0
469 76.92307692307692 0.0
470 84.61538461538461 0.0
471 76.92307692307692 0.0
472 88.46153846153847 0.0
473 80.76923076923077 0.0
474 61.53846153846154 0.0
475 65.38461538461539 0.0
476 69.23076923076923 0.0
477 65.38461538461539 0.0
478 69.23076923076923 0.0
479 61.53846153846154 0.0
480 61.53846153846154 0.0
481 65.38461538461539 0.0
482 53.84615384615385 0.0
483 46.15384615384615 0.0
484 57.69230769230769 0.0
485 46.15384615384615 0.0
486 50.0 0.0
487 69.23076923076923 0.0
488 76.92307692307692 0.0
489 57.69230769230769 0.0
490 76.92307692307692 0.0
491 76.92307692307692 0.0
492 73.07692307692308 0.0
493 84.61538461538461 0.0
494 76.92307692307692 0.0
495 76.92307692307692 0.0
496 69.23076923076923 0.0
497 76.92307692307692 0.0
498 76.92307692307692 0.0
499 76.92307692307692 0.0
500 76.92307692307692 0.0
501 65.38461538461539 0.0
502 73.07692307692308 0.0
503 65.38461538461539 0.0
504 73.07692307692308 0.0
505 73.07692307692308 0.0
506 65.38461538461539 0.0
507 73.07692307692308 0.0
508 69.23076923076923 0.0
509 69.23076923076923 0.0
510 69.23076923076923 0.0
511 65.38461538461539 0.0
512 69.23076923076923 0.0
513 73.07692307692308 0.0
514 73.07692307692308 0.0
515 76.92307692307692 0.0
516 69.23076923076923 0.0
517 69.23076923076923 0.0
518 65.38461538461539 0.0
519 69.23076923076923 0.0
520 84.61538461538461 0.0
521 84.61538461538461 0.0
522 88.46153846153847 0.0
523 76.92307692307692 0.0
524 73.07692307692308 0.0
525 61.53846153846154 0.0
526 76.92307692307692 0.0
527 61.53846153846154 0.0
528 61.53846153846154 0.0
529 69.23076923076923 0.0
530 57.69230769230769 0.0
531 69.23076923076923 0.0
532 53.84615384615385 0.0
533 61.53846153846154 0.0
534 46.15384615384615 0.0
535 50.0 0.0
536 50.0 0.0
537 65.38461538461539 0.0
538 73.07692307692308 0.0
539 73.07692307692308 0.0
540 76.92307692307692 0.0
541 84.61538461538461 0.0
542 69.23076923076923 0.0
543 69.23076923076923 0.0
544 69.23076923076923 0.0
545 84.61538461538461 0.0
546 76.92307692307692 0.0
547 76.92307692307692 0.0
548 65.38461538461539 0.0
549 76.92307692307692 0.0
550 73.07692307692308 0.0
551 80.76923076923077 0.0
552 69.23076923076923 0.0
553 53.84615384615385 0.0
554 73.07692307692308 0.0
555 57.69230769230769 0.0
556 65.38461538461539 0.0
557 76.92307692307692 0.0
558 73.07692307692308 0.0
559 65.38461538461539 0.0
560 76.92307692307692 0.0
561 57.69230769230769 0.0
562 57.69230769230769 0.0
563 73.07692307692308 0.0
564 57.69230769230769 0.0
565 61.53846153846154 0.0
566 61.53846153846154 0.0
567 69.23076923076923 0.0
568 65.38461538461539 0.0
569 61.53846153846154 0.0
570 65.38461538461539 0.0
571 76.92307692307692 0.0
572 76.92307692307692 0.0
573 76.92307692307692 0.0
574 69.23076923076923 0.0
575 65.38461538461539 0.0
576 76.92307692307692 0.0
577 76.92307692307692 0.0
578 76.92307692307692 0.0
579 69.23076923076923 0.0
580 73.07692307692308 0.0
581 61.53846153846154 0.0
582 57.69230769230769 0.0
583 84.61538461538461 0.0
584 92.3076923076923 0.0
585 88.46153846153847 0.0
586 80.76923076923077 0.0
587 76.92307692307692 0.0
588 84.61538461538461 0.0
589 76.92307692307692 0.0
590 69.23076923076923 0.0
591 76.92307692307692 0.0
592 73.07692307692308 0.0
593 80.76923076923077 0.0
594 88.46153846153847 0.0
595 88.46153846153847 0.0
596 88.46153846153847 0.0
597 57.69230769230769 0.0
598 57.69230769230769 0.0
599 73.07692307692308 0.0
600 61.53846153846154 0.0
601 61.53846153846154 0.0
602 61.53846153846154 0.0
603 57.69230769230769 0.0
604 61.53846153846154 0.0
605 65.38461538461539 0.0
606 65.38461538461539 0.0
607 61.53846153846154 0.0
608 80.76923076923077 0.0
609 76.92307692307692 0.0
610 76.92307692307692 0.0
611 73.07692307692308 0.0
612 84.61538461538461 0.0
613 76.92307692307692 0.0
614 73.07692307692308 0.0
615 76.92307692307692 0.0
616 80.76923076923077 0.0
617 69.23076923076923 0.0
618 76.92307692307692 0.0
619 65.38461538461539 0.0
620 69.23076923076923 0.0
621 80.76923076923077 0.0
622 65.38461538461539 0.0
623 61.53846153846154 0.0
624 76.92307692307692 0.0
625 76.92307692307692 0.0
626 57.69230769230769 0.0
627 57.69230769230769 0.0
628 57.69230769230769 0.0
629 61.53846153846154 0.0
630 34.61538461538461 0.0
631 53.84615384615385 0.0
632 53.84615384615385 0.0
633 57.69230769230769 0.0
634 61.53846153846154 0.0
635 65.38461538461539 0.0
636 57.69230769230769 0.0
637 69.23076923076923 0.0
638 61.53846153846154 0.0
639 88.46153846153847 0.0
640 80.76923076923077 0.0
641 84.61538461538461 0.0
642 84.61538461538461 0.0
643 80.76923076923077 0.0
644 80.76923076923077 0.0
645 65.38461538461539 0.0
646 73.07692307692308 0.0
647 73.07692307692308 0.0
648 69.23076923076923 0.0
649 76.92307692307692 0.0
650 73.07692307692308 0.0
651 84.61538461538461 0.0
652 76.92307692307692 0.0
653 76.92307692307692 0.0
654 65.38461538461539 0.0
655 73.07692307692308 0.0
656 73.07692307692308 0.0
657 84.61538461538461 0.0
658 73.07692307692308 0.0
659 80.76923076923077 0.0
660 73.07692307692308 0.0
661 69.23076923076923 0.0
662 76.92307692307692 0.0
663 61.53846153846154 0.0
664 61.53846153846154 0.0
665 57.69230769230769 0.0
666 65.38461538461539 0.0
667 65.38461538461539 0.0
668 65.38461538461539 0.0
669 73.07692307692308 0.0
670 65.38461538461539 0.0
671 69.23076923076923 0.0
672 53.84615384615385 0.0
673 69.23076923076923 0.0
674 69.23076923076923 0.0
675 92.3076923076923 0.0
676 92.3076923076923 0.0
677 76.92307692307692 0.0
678 84.61538461538461 0.0
679 73.07692307692308 0.0
680 65.38461538461539 0.0
681 69.23076923076923 0.0
682 73.07692307692308 0.0
683 73.07692307692308 0.0
684 69.23076923076923 0.0
685 73.07692307692308 0.0
686 84.61538461538461 0.0
687 76.92307692307692 0.0
688 76.92307692307692 0.0
689 73.07692307692308 0.0
690 69.23076923076923 0.0
691 65.38461538461539 0.0
692 65.38461538461539 0.0
693 73.07692307692308 0.0
694 84.61538461538461 0.0
695 84.61538461538461 0.0
696 88.46153846153847 0.0
697 92.3076923076923 0.0
698 61.53846153846154 0.0
699 61.53846153846154 0.0
700 61.53846153846154 0.0
701 76.92307692307692 0.0
702 61.53846153846154 0.0
703 69.23076923076923 0.0
704 84.61538461538461 0.0
705 73.07692307692308 0.0
706 69.23076923076923 0.0
707 84.61538461538461 0.0
708 69.23076923076923 0.0
709 69.23076923076923 0.0
710 69.23076923076923 0.0
711 76.92307692307692 0.0
712 69.23076923076923 0.0
713 76.92307692307692 0.0
714 73.07692307692308 0.0
715 65.38461538461539 0.0
716 61.53846153846154 0.0
717 76.92307692307692 0.0
718 80.76923076923077 0.0
719 73.07692307692308 0.0
720 73.07692307692308 0.0
721 50.0 0.0
722 65.38461538461539 0.0
723 69.23076923076923 0.0
724 69.23076923076923 0.0
725 69.23076923076923 0.0
726 73.07692307692308 0.0
727 73.07692307692308 0.0
728 73.07692307692308 0.0
729 76.92307692307692 0.0
730 73.07692307692308 0.0
731 53.84615384615385 0.0
732 53.84615384615385 0.0
733 76.92307692307692 0.0
734 73.07692307692308 0.0
735 73.07692307692308 0.0
736 57.69230769230769 0.0
737 50.0 0.0
738 73.07692307692308 0.0
739 42.30769230769231 0.0
740 46.15384615384615 0.0
741 50.0 0.0
742 61.53846153846154 0.0
743 46.15384615384615 0.0
744 65.38461538461539 0.0
745 61.53846153846154 0.0
746 61.53846153846154 0.0
747 42.30769230769231 0.0
748 46.15384615384615 0.0
749 53.84615384615385 0.0
750 38.46153846153846 0.0
751 65.38461538461539 0.0
752 53.84615384615385 0.0
753 53.84615384615385 0.0
754 50.0 0.0
755 50.0 0.0
756 42.30769230769231 0.0
757 53.84615384615385 0.0
758 57.69230769230769 0.0
759 50.0 0.0
760 73.07692307692308 0.0
761 53.84615384615385 0.0
762 50.0 0.0
763 53.84615384615385 0.0
764 57.69230769230769 0.0
765 53.84615384615385 0.0
766 38.46153846153846 0.0
767 46.15384615384615 0.0
768 57.69230769230769 0.0
769 61.53846153846154 0.0
770 53.84615384615385 0.0
771 46.15384615384615 0.0
772 53.84615384615385 0.0
773 57.69230769230769 0.0
774 57.69230769230769 0.0
775 50.0 0.0
776 53.84615384615385 0.0
777 57.69230769230769 0.0
778 61.53846153846154 0.0
779 57.69230769230769 0.0
780 69.23076923076923 0.0
781 57.69230769230769 0.0
782 57.69230769230769 0.0
783 76.92307692307692 0.0
784 76.92307692307692 0.0
785 69.23076923076923 0.0
786 73.07692307692308 0.0
787 61.53846153846154 0.0
788 76.92307692307692 0.0
789 69.23076923076923 0.0
790 65.38461538461539 0.0
791 73.07692307692308 0.0
792 69.23076923076923 0.0
793 69.23076923076923 0.0
794 76.92307692307692 0.0
795 53.84615384615385 0.0
796 61.53846153846154 0.0
797 53.84615384615385 0.0
798 53.84615384615385 0.0
799 50.0 0.0
800 46.15384615384615 0.0
801 50.0 0.0
802 50.0 0.0
803 53.84615384615385 0.0
804 50.0 0.0
805 65.38461538461539 0.0
806 50.0 0.0
807 57.69230769230769 0.0
808 69.23076923076923 0.0
809 53.84615384615385 0.0
810 46.15384615384615 0.0
811 65.38461538461539 0.0
812 50.0 0.0
813 61.53846153846154 0.0
814 53.84615384615385 0.0
815 57.69230769230769 0.0
816 69.23076923076923 0.0
817 69.23076923076923 0.0
818 69.23076923076923 0.0
819 76.92307692307692 0.0
820 76.92307692307692 0.0
821 73.07692307692308 0.0
822 84.61538461538461 0.0
823 69.23076923076923 0.0
824 92.3076923076923 0.0
825 92.3076923076923 0.0
826 92.3076923076923 0.0
827 92.3076923076923 0.0
828 92.3076923076923 0.0
829 84.61538461538461 0.0
830 100.0 0.0
831 100.0 0.0
832 100.0 0.0
833 92.3076923076923 0.0
834 100.0 0.0
835 100.0 0.0
836 76.92307692307692 0.0
837 84.61538461538461 0.0
838 92.3076923076923 0.0
839 100.0 0.0
840 92.3076923076923 0.0
841 92.3076923076923 0.0
842 84.61538461538461 0.0
843 84.61538461538461 0.0
844 76.92307692307692 0.0
845 84.61538461538461 0.0
846 76.92307692307692 0.0
847 84.61538461538461 0.0
848 84.61538461538461 0.0
849 84.61538461538461 0.0
850 84.61538461538461 0.0
851 92.3076923076923 0.0
852 65.38461538461539 0.0
853 84.61538461538461 0.0
854 92.3076923076923 0.0
855 73.07692307692308 0.0
856 65.38461538461539 0.0
857 73.07692307692308 0.0
858 61.53846153846154 0.0
859 76.92307692307692 0.0
860 76.92307692307692 0.0
861 61.53846153846154 0.0
862 69.23076923076923 0.0
863 76.92307692307692 0.0
864 92.3076923076923 0.0
865 84.61538461538461 0.0
866 84.61538461538461 0.0
867 69.23076923076923 0.0
868 61.53846153846154 0.0
869 69.23076923076923 0.0
870 65.38461538461539 0.0
871 65.38461538461539 0.0
872 57.69230769230769 0.0
873 57.69230769230769 0.0
874 61.53846153846154 0.0
875 65.38461538461539 0.0
876 69.23076923076923 0.0
877 76.92307692307692 0.0
878 65.38461538461539 0.0
879 76.92307692307692 0.0
880 76.92307692307692 0.0
881 73.07692307692308 0.0
882 61.53846153846154 0.0
883 57.69230769230769 0.0
884 69.23076923076923 0.0
885 65.38461538461539 0.0
886 50.0 0.0
887 50.0 0.0
888 57.69230769230769 0.0
889 65.38461538461539 0.0
890 65.38461538461539 0.0
891 53.84615384615385 0.0
892 50.0 0.0
893 34.61538461538461 0.0
894 34.61538461538461 0.0
895 61.53846153846154 0.0
896 61.53846153846154 0.0
897 61.53846153846154 0.0
898 65.38461538461539 0.0
899 65.38461538461539 0.0
900 57.69230769230769 0.0
901 50.0 0.0
902 50.0 0.0
903 65.38461538461539 0.0
904 42.30769230769231 0.0
905 50.0 0.0
906 42.30769230769231 0.0
907 38.46153846153846 0.0
908 61.53846153846154 0.0
909 53.84615384615385 0.0
910 53.84615384615385 0.0
911 61.53846153846154 0.0
912 53.84615384615385 0.0
913 53.84615384615385 0.0
914 57.69230769230769 0.0
915 57.69230769230769 0.0
916 61.53846153846154 0.0
917 53.84615384615385 0.0
918 53.84615384615385 0.0
919 73.07692307692308 0.0
920 53.84615384615385 0.0
921 69.23076923076923 0.0
922 65.38461538461539 0.0
923 80.76923076923077 0.0
924 69.23076923076923 0.0
925 84.61538461538461 0.0
926 76.92307692307692 0.0
927 84.61538461538461 0.0
928 69.23076923076923 0.0
929 69.23076923076923 0.0
930 84.61538461538461 0.0
931 73.07692307692308 0.0
932 61.53846153846154 0.0
933 76.92307692307692 0.0
934 69.23076923076923 0.0
935 84.61538461538461 0.0
936 84.61538461538461 0.0
937 100.0 0.0
938 61.53846153846154 0.0
939 73.07692307692308 0.0
940 76.92307692307692 0.0
941 61.53846153846154 0.0
942 57.69230769230769 0.0
943 61.53846153846154 0.0
944 61.53846153846154 0.0
945 69.23076923076923 0.0
946 69.23076923076923 0.0
947 53.84615384615385 0.0
948 65.38461538461539 0.0
949 65.38461538461539 0.0
950 69.23076923076923 0.0
951 69.23076923076923 0.0
952 69.23076923076923 0.0
953 65.38461538461539 0.0
954 69.23076923076923 0.0
955 57.69230769230769 0.0
956 61.53846153846154 0.0
957 76.92307692307692 0.0
958 80.76923076923077 0.0
959 76.92307692307692 0.0
960 73.07692307692308 0.0
961 65.38461538461539 0.0
962 57.69230769230769 0.0
963 53.84615384615385 0.0
964 65.38461538461539 0.0
965 65.38461538461539 0.0
966 73.07692307692308 0.0
967 73.07692307692308 0.0
968 69.23076923076923 0.0
969 65.38461538461539 0.0
970 61.53846153846154 0.0
971 69.23076923076923 0.0
972 76.92307692307692 0.0
973 61.53846153846154 0.0
974 69.23076923076923 0.0
975 69.23076923076923 0.0
976 65.38461538461539 0.0
977 57.69230769230769 0.0
978 76.92307692307692 0.0
979 69.23076923076923 0.0
980 61.53846153846154 0.0
981 69.23076923076923 0.0
982 69.23076923076923 0.0
983 76.92307692307692 0.0
984 73.07692307692308 0.0
985 76.92307692307692 0.0
986 84.61538461538461 0.0
987 92.3076923076923 0.0
988 73.07692307692308 0.0
989 73.07692307692308 0.0
990 84.61538461538461 0.0
991 84.61538461538461 0.0
992 69.23076923076923 0.0
993 65.38461538461539 0.0
994 61.53846153846154 0.0
995 76.92307692307692 0.0
996 65.38461538461539 0.0
997 80.76923076923077 0.0
998 65.38461538461539 0.0
999 76.92307692307692 0.0
