#frame monomers_% popc_isolated_%
0 80.76923076923077 0.0
1 80.76923076923077 0.0
2 84.61538461538461 0.0
3 73.07692307692308 0.0
4 69.23076923076923 0.0
5 65.38461538461539 0.0
6 57.69230769230769 0.0
7 65.38461538461539 0.0
8 80.76923076923077 0.0
9 76.92307692307692 0.0
10 69.23076923076923 0.0
11 73.07692307692308 0.0
12 65.38461538461539 0.0
13 84.61538461538461 0.0
14 61.53846153846154 0.0
15 69.23076923076923 0.0
16 61.53846153846154 0.0
17 69.23076923076923 0.0
18 69.23076923076923 0.0
19 80.76923076923077 0.0
20 69.23076923076923 0.0
21 69.23076923076923 0.0
22 84.61538461538461 0.0
23 73.07692307692308 0.0
24 76.92307692307692 0.0
25 84.61538461538461 0.0
26 80.76923076923077 0.0
27 80.76923076923077 0.0
28 76.92307692307692 0.0
29 84.61538461538461 0.0
30 92.3076923076923 0.0
31 92.3076923076923 0.0
32 92.3076923076923 0.0
33 88.46153846153847 0.0
34 76.92307692307692 0.0
35 73.07692307692308 0.0
36 69.23076923076923 0.0
37 69.23076923076923 0.0
38 69.23076923076923 0.0
39 84.61538461538461 0.0
40 84.61538461538461 0.0
41 76.92307692307692 0.0
42 73.07692307692308 0.0
43 69.23076923076923 0.0
44 84.61538461538461 0.0
45 84.61538461538461 0.0
46 92.3076923076923 0.0
47 80.76923076923077 0.0
48 73.07692307692308 0.0
49 76.92307692307692 0.0
50 80.76923076923077 0.0
51 65.38461538461539 0.0
52 65.38461538461539 0.0
53 73.07692307692308 0.0
54 73.07692307692308 0.0
55 76.92307692307692 0.0
56 65.38461538461539 0.0
57 57.69230769230769 0.0
58 50.0 0.0
59 53.84615384615385 0.0
60 73.07692307692308 0.0
61 61.53846153846154 0.0
62 61.53846153846154 0.0
63 57.69230769230769 0.0
64 50.0 0.0
65 53.84615384615385 0.0
66 57.69230769230769 0.0
67 50.0 0.0
68 53.84615384615385 0.0
69 61.53846153846154 0.0
70 61.53846153846154 0.0
71 69.23076923076923 0.0
72 76.92307692307692 0.0
73 69.23076923076923 0.0
74 61.53846153846154 0.0
75 61.53846153846154 0.0
76 69.23076923076923 0.0
77 76.92307692307692 0.0
78 61.53846153846154 0.0
79 76.92307692307692 0.0
80 65.38461538461539 0.0
81 65.38461538461539 0.0
82 73.07692307692308 0.0
83 50.0 0.0
84 73.07692307692308 0.0
85 65.38461538461539 0.0
86 61.53846153846154 0.0
87 61.53846153846154 0.0
88 65.38461538461539 0.0
89 57.69230769230769 0.0
90 61.53846153846154 0.0
91 57.69230769230769 0.0
92 61.53846153846154 0.0
93 69.23076923076923 0.0
94 73.07692307692308 0.0
95 80.76923076923077 0.0
96 69.23076923076923 0.0
97 80.76923076923077 0.0
98 69.23076923076923 0.0
99 73.07692307692308 0.0
100 73.07692307692308 0.0
101 80.76923076923077 0.0
102 65.38461538461539 0.0
103 84.61538461538461 0.0
104 69.23076923076923 0.0
105 76.92307692307692 0.0
106 76.92307692307692 0.0
107 76.92307692307692 0.0
108 88.46153846153847 0.0
109 88.46153846153847 0.0
110 84.61538461538461 0.0
111 80.76923076923077 0.0
112 84.61538461538461 0.0
113 73.07692307692308 0.0
114 73.07692307692308 0.0
115 76.92307692307692 0.0
116 73.07692307692308 0.0
117 73.07692307692308 0.0
118 69.23076923076923 0.0
119 61.53846153846154 0.0
120 61.53846153846154 0.0
121 61.53846153846154 0.0
122 69.23076923076923 0.0
123 61.53846153846154 0.0
124 76.92307692307692 0.0
125 100.0 0.0
126 76.92307692307692 0.0
127 69.23076923076923 0.0
128 69.23076923076923 0.0
129 76.92307692307692 0.0
130 73.07692307692308 0.0
131 73.07692307692308 0.0
132 73.07692307692308 0.0
133 57.69230769230769 0.0
134 53.84615384615385 0.0
135 73.07692307692308 0.0
136 50.0 0.0
137 84.61538461538461 0.0
138 76.92307692307692 0.0
139 76.92307692307692 0.0
140 69.23076923076923 0.0
141 84.61538461538461 0.0
142 92.3076923076923 0.0
143 80.76923076923077 0.0
144 61.53846153846154 0.0
145 76.92307692307692 0.0
146 69.23076923076923 0.0
147 61.53846153846154 0.0
148 69.23076923076923 0.0
149 69.23076923076923 0.0
150 69.23076923076923 0.0
151 65.38461538461539 0.0
152 84.61538461538461 0.0
153 84.61538461538461 0.0
154 76.92307692307692 0.0
155 61.53846153846154 0.0
156 57.69230769230769 0.0
157 57.69230769230769 0.0
158 65.38461538461539 0.0
159 69.23076923076923 0.0
160 65.38461538461539 0.0
161 80.76923076923077 0.0
162 84.61538461538461 0.0
163 84.61538461538461 0.0
164 76.92307692307692 0.0
165 92.3076923076923 0.0
166 92.3076923076923 0.0
167 76.92307692307692 0.0
168 92.3076923076923 0.0
169 69.23076923076923 0.0
170 88.46153846153847 0.0
171 80.76923076923077 0.0
172 65.38461538461539 0.0
173 76.92307692307692 0.0
174 80.76923076923077 0.0
175 80.76923076923077 0.0
176 84.61538461538461 0.0
177 69.23076923076923 0.0
178 61.53846153846154 0.0
179 69.23076923076923 0.0
180 69.23076923076923 0.0
181 76.92307692307692 0.0
182 69.23076923076923 0.0
183 69.23076923076923 0.0
184 61.53846153846154 0.0
185 57.69230769230769 0.0
186 57.69230769230769 0.0
187 76.92307692307692 0.0
188 73.07692307692308 0.0
189 69.23076923076923 0.0
190 69.23076923076923 0.0
191 76.92307692307692 0.0
192 73.07692307692308 0.0
193 76.92307692307692 0.0
194 61.53846153846154 0.0
195 57.69230769230769 0.0
196 65.38461538461539 0.0
197 80.76923076923077 0.0
198 69.23076923076923 0.0
199 76.92307692307692 0.0
200 76.92307692307692 0.0
201 76.92307692307692 0.0
202 84.61538461538461 0.0
203 88.46153846153847 0.0
204 84.61538461538461 0.0
205 76.92307692307692 0.0
206 80.76923076923077 0.0
207 80.76923076923077 0.0
208 69.23076923076923 0.0
209 73.07692307692308 0.0
210 69.23076923076923 0.0
211 65.38461538461539 0.0
212 65.38461538461539 0.0
213 65.38461538461539 0.0
214 61.53846153846154 0.0
215 65.38461538461539 0.0
216 73.07692307692308 0.0
217 65.38461538461539 0.0
218 53.84615384615385 0.0
219 61.53846153846154 0.0
220 65.38461538461539 0.0
221 65.38461538461539 0.0
222 57.69230769230769 0.0
223 61.53846153846154 0.0
224 57.69230769230769 0.0
225 76.92307692307692 0.0
226 57.69230769230769 0.0
227 65.38461538461539 0.0
228 65.38461538461539 0.0
229 69.23076923076923 0.0
230 76.92307692307692 0.0
231 69.23076923076923 0.0
232 69.23076923076923 0.0
233 65.38461538461539 0.0
234 73.07692307692308 0.0
235 73.07692307692308 0.0
236 73.07692307692308 0.0
237 73.07692307692308 0.0
238 57.69230769230769 0.0
239 73.07692307692308 0.0
240 69.23076923076923 0.0
241 76.92307692307692 0.0
242 61.53846153846154 0.0
243 65.38461538461539 0.0
244 69.23076923076923 0.0
245 84.61538461538461 0.0
246 69.23076923076923 0.0
247 69.23076923076923 0.0
248 50.0 0.0
249 42.30769230769231 0.0
250 61.53846153846154 0.0
251 65.38461538461539 0.0
252 57.69230769230769 0.0
253 57.69230769230769 0.0
254 57.69230769230769 0.0
255 65.38461538461539 0.0
256 80.76923076923077 0.0
257 84.61538461538461 0.0
258 76.92307692307692 0.0
259 92.3076923076923 0.0
260 84.61538461538461 0.0
261 61.53846153846154 0.0
262 61.53846153846154 0.0
263 69.23076923076923 0.0
264 53.84615384615385 0.0
265 69.23076923076923 0.0
266 69.23076923076923 0.0
267 57.69230769230769 0.0
268 76.92307692307692 0.0
269 65.38461538461539 0.0
270 76.92307692307692 0.0
271 69.23076923076923 0.0
272 84.61538461538461 0.0
273 65.38461538461539 0.0
274 69.23076923076923 0.0
275 61.53846153846154 0.0
276 73.07692307692308 0.0
277 76.92307692307692 0.0
278 65.38461538461539 0.0
279 76.92307692307692 0.0
280 69.23076923076923 0.0
281 92.3076923076923 0.0
282 84.61538461538461 0.0
283 92.3076923076923 0.0
284 76.92307692307692 0.0
285 76.92307692307692 0.0
286 76.92307692307692 0.0
287 76.92307692307692 0.0
288 84.61538461538461 0.0
289 84.61538461538461 0.0
290 69.23076923076923 0.0
291 69.23076923076923 0.0
292 69.23076923076923 0.0
293 73.07692307692308 0.0
294 42.30769230769231 0.0
295 53.84615384615385 0.0
296 57.69230769230769 0.0
297 73.07692307692308 0.0
298 88.46153846153847 0.0
299 65.38461538461539 0.0
300 69.23076923076923 0.0
301 76.92307692307692 0.0
302 73.07692307692308 0.0
303 61.53846153846154 0.0
304 80.76923076923077 0.0
305 65.38461538461539 0.0
306 65.38461538461539 0.0
307 65.38461538461539 0.0
308 65.38461538461539 0.0
309 73.07692307692308 0.0
310 73.07692307692308 0.0
311 69.23076923076923 0.0
312 76.92307692307692 0.0
313 80.76923076923077 0.0
314 73.07692307692308 0.0
315 76.92307692307692 0.0
316 84.61538461538461 0.0
317 76.92307692307692 0.0
318 76.92307692307692 0.0
319 76.92307692307692 0.0
320 76.92307692307692 0.0
321 76.92307692307692 0.0
322 84.61538461538461 0.0
323 84.61538461538461 0.0
324 84.61538461538461 0.0
325 84.61538461538461 0.0
326 69.23076923076923 0.0
327 69.23076923076923 0.0
328 57.69230769230769 0.0
329 73.07692307692308 0.0
330 65.38461538461539 0.0
331 65.38461538461539 0.0
332 65.38461538461539 0.0
333 61.53846153846154 0.0
334 65.38461538461539 0.0
335 65.38461538461539 0.0
336 73.07692307692308 0.0
337 73.07692307692308 0.0
338 73.07692307692308 0.0
339 76.92307692307692 0.0
340 84.61538461538461 0.0
341 73.07692307692308 0.0
342 57.69230769230769 0.0
343 65.38461538461539 0.0
344 80.76923076923077 0.0
345 69.23076923076923 0.0
346 76.92307692307692 0.0
347 88.46153846153847 0.0
348 88.46153846153847 0.0
349 84.61538461538461 0.0
350 76.92307692307692 0.0
351 73.07692307692308 0.0
352 92.3076923076923 0.0
353 76.92307692307692 0.0
354 84.61538461538461 0.0
355 84.61538461538461 0.0
356 69.23076923076923 0.0
357 69.23076923076923 0.0
358 53.84615384615385 0.0
359 61.53846153846154 0.0
360 69.23076923076923 0.0
361 76.92307692307692 0.0
362 73.07692307692308 0.0
363 69.23076923076923 0.0
364 76.92307692307692 0.0
365 76.92307692307692 0.0
366 84.61538461538461 0.0
367 92.3076923076923 0.0
368 65.38461538461539 0.0
369 61.53846153846154 0.0
370 61.53846153846154 0.0
371 57.69230769230769 0.0
372 53.84615384615385 0.0
373 57.69230769230769 0.0
374 61.53846153846154 0.0
375 57.69230769230769 0.0
376 57.69230769230769 0.0
377 61.53846153846154 0.0
378 61.53846153846154 0.0
379 53.84615384615385 0.0
380 53.84615384615385 0.0
381 53.84615384615385 0.0
382 53.84615384615385 0.0
383 57.69230769230769 0.0
384 61.53846153846154 0.0
385 61.53846153846154 0.0
386 53.84615384615385 0.0
387 61.53846153846154 0.0
388 53.84615384615385 0.0
389 65.38461538461539 0.0
390 69.23076923076923 0.0
391 65.38461538461539 0.0
392 69.23076923076923 0.0
393 61.53846153846154 0.0
394 65.38461538461539 0.0
395 65.38461538461539 0.0
396 61.53846153846154 0.0
397 57.69230769230769 0.0
398 46.15384615384615 0.0
399 53.84615384615385 0.0
400 53.84615384615385 0.0
401 65.38461538461539 0.0
402 50.0 0.0
403 69.23076923076923 0.0
404 76.92307692307692 0.0
405 61.53846153846154 0.0
406 61.53846153846154 0.0
407 46.15384615384615 0.0
408 61.53846153846154 0.0
409 53.84615384615385 0.0
410 50.0 0.0
411 57.69230769230769 0.0
412 46.15384615384615 0.0
413 50.0 0.0
414 38.46153846153846 0.0
415 65.38461538461539 0.0
416 53.84615384615385 0.0
417 53.84615384615385 0.0
418 53.84615384615385 0.0
419 50.0 0.0
420 69.23076923076923 0.0
421 61.53846153846154 0.0
422 73.07692307692308 0.0
423 76.92307692307692 0.0
424 76.92307692307692 0.0
425 73.07692307692308 0.0
426 73.07692307692308 0.0
427 69.23076923076923 0.0
428 76.92307692307692 0.0
429 84.61538461538461 0.0
430 76.92307692307692 0.0
431 76.92307692307692 0.0
432 69.23076923076923 0.0
433 73.07692307692308 0.0
434 84.61538461538461 0.0
435 76.92307692307692 0.0
436 76.92307692307692 0.0
437 65.38461538461539 0.0
438 61.53846153846154 0.0
439 57.69230769230769 0.0
440 73.07692307692308 0.0
441 61.53846153846154 0.0
442 61.53846153846154 0.0
443 57.69230769230769 0.0
444 53.84615384615385 0.0
445 50.0 0.0
446 53.84615384615385 0.0
447 69.23076923076923 0.0
448 69.23076923076923 0.0
449 50.0 0.0
450 65.38461538461539 0.0
451 65.38461538461539 0.0
452 73.07692307692308 0.0
453 57.69230769230769 0.0
454 69.23076923076923 0.0
455 61.53846153846154 0.0
456 61.53846153846154 0.0
457 65.38461538461539 0.0
458 57.69230769230769 0.0
459 42.30769230769231 0.0
460 57.69230769230769 0.0
461 76.92307692307692 0.0
462 76.92307692307692 0.0
463 69.23076923076923 0.0
464 73.07692307692308 0.0
465 80.76923076923077 0.0
466 65.38461538461539 0.0
467 65.38461538461539 0.0
468 73.07692307692308 0.0
469 65.38461538461539 0.0
470 80.76923076923077 0.0
471 46.15384615384615 0.0
472 69.23076923076923 0.0
473 61.53846153846154 0.0
474 69.23076923076923 0.0
475 53.84615384615385 0.0
476 53.84615384615385 0.0
477 69.23076923076923 0.0
478 61.53846153846154 0.0
479 69.23076923076923 0.0
480 69.23076923076923 0.0
481 69.23076923076923 0.0
482 61.53846153846154 0.0
483 76.92307692307692 0.0
484 73.07692307692308 0.0
485 57.69230769230769 0.0
486 61.53846153846154 0.0
487 73.07692307692308 0.0
488 76.92307692307692 0.0
489 84.61538461538461 0.0
490 76.92307692307692 0.0
491 84.61538461538461 0.0
492 84.61538461538461 0.0
493 92.3076923076923 0.0
494 76.92307692307692 0.0
495 69.23076923076923 0.0
496 92.3076923076923 0.0
497 84.61538461538461 0.0
498 65.38461538461539 0.0
499 65.38461538461539 0.0
500 53.84615384615385 0.0
501 61.53846153846154 0.0
502 61.53846153846154 0.0
503 57.69230769230769 0.0
504 53.84615384615385 0.0
505 61.53846153846154 0.0
506 65.38461538461539 0.0
507 57.69230769230769 0.0
508 73.07692307692308 0.0
509 50.0 0.0
510 53.84615384615385 0.0
511 61.53846153846154 0.0
512 57.69230769230769 0.0
513 61.53846153846154 0.0
514 69.23076923076923 0.0
515 61.53846153846154 0.0
516 69.23076923076923 0.0
517 50.0 0.0
518 61.53846153846154 0.0
519 65.38461538461539 0.0
520 61.53846153846154 0.0
521 73.07692307692308 0.0
522 73.07692307692308 0.0
523 80.76923076923077 0.0
524 80.76923076923077 0.0
525 76.92307692307692 0.0
526 76.92307692307692 0.0
527 69.23076923076923 0.0
528 69.23076923076923 0.0
529 73.07692307692308 0.0
530 76.92307692307692 0.0
531 80.76923076923077 0.0
532 69.23076923076923 0.0
533 84.61538461538461 0.0
534 76.92307692307692 0.0
535 65.38461538461539 0.0
536 73.07692307692308 0.0
537 80.76923076923077 0.0
538 84.61538461538461 0.0
539 73.07692307692308 0.0
540 65.38461538461539 0.0
541 76.92307692307692 0.0
542 76.92307692307692 0.0
543 61.53846153846154 0.0
544 76.92307692307692 0.0
545 73.07692307692308 0.0
546 80.76923076923077 0.0
547 73.07692307692308 0.0
548 69.23076923076923 0.0
549 61.53846153846154 0.0
550 65.38461538461539 0.0
551 80.76923076923077 0.0
552 65.38461538461539 0.0
553 53.84615384615385 0.0
554 76.92307692307692 0.0
555 84.61538461538461 0.0
556 65.38461538461539 0.0
557 65.38461538461539 0.0
558 76.92307692307692 0.0
559 57.69230769230769 0.0
560 84.61538461538461 0.0
561 76.92307692307692 0.0
562 73.07692307692308 0.0
563 73.07692307692308 0.0
564 76.92307692307692 0.0
565 92.3076923076923 0.0
566 80.76923076923077 0.0
567 88.46153846153847 0.0
568 76.92307692307692 0.0
569 76.92307692307692 0.0
570 92.3076923076923 0.0
571 80.76923076923077 0.0
572 92.3076923076923 0.0
573 92.3076923076923 0.0
574 69.23076923076923 0.0
575 84.61538461538461 0.0
576 65.38461538461539 0.0
577 65.38461538461539 0.0
578 73.07692307692308 0.0
579 80.76923076923077 0.0
580 73.07692307692308 0.0
581 73.07692307692308 0.0
582 73.07692307692308 0.0
583 76.92307692307692 0.0
584 53.84615384615385 0.0
585 61.53846153846154 0.0
586 57.69230769230769 0.0
587 42.30769230769231 0.0
588 46.15384615384615 0.0
589 61.53846153846154 0.0
590 76.92307692307692 0.0
591 61.53846153846154 0.0
592 73.07692307692308 0.0
593 76.92307692307692 0.0
594 73.07692307692308 0.0
595 69.23076923076923 0.0
596 69.23076923076923 0.0
597 69.23076923076923 0.0
598 76.92307692307692 0.0
599 84.61538461538461 0.0
600 84.61538461538461 0.0
601 69.23076923076923 0.0
602 69.23076923076923 0.0
603 76.92307692307692 0.0
604 76.92307692307692 0.0
605 92.3076923076923 0.0
606 76.92307692307692 0.0
607 84.61538461538461 0.0
608 76.92307692307692 0.0
609 76.92307692307692 0.0
610 100.0 0.0
611 84.61538461538461 0.0
612 100.0 0.0
613 92.3076923076923 0.0
614 100.0 0.0
615 92.3076923076923 0.0
616 92.3076923076923 0.0
617 92.3076923076923 0.0
618 80.76923076923077 0.0
619 73.07692307692308 0.0
620 61.53846153846154 0.0
621 76.92307692307692 0.0
622 84.61538461538461 0.0
623 84.61538461538461 0.0
624 100.0 0.0
625 69.23076923076923 0.0
626 53.84615384615385 0.0
627 61.53846153846154 0.0
628 92.3076923076923 0.0
629 84.61538461538461 0.0
630 76.92307692307692 0.0
631 57.69230769230769 0.0
632 76.92307692307692 0.0
633 61.53846153846154 0.0
634 73.07692307692308 0.0
635 65.38461538461539 0.0
636 69.23076923076923 0.0
637 76.92307692307692 0.0
638 76.92307692307692 0.0
639 65.38461538461539 0.0
640 69.23076923076923 0.0
641 69.23076923076923 0.0
642 69.23076923076923 0.0
643 80.76923076923077 0.0
644 73.07692307692308 0.0
645 73.07692307692308 0.0
646 53.84615384615385 0.0
647 65.38461538461539 0.0
648 69.23076923076923 0.0
649 61.53846153846154 0.0
650 46.15384615384615 0.0
651 57.69230769230769 0.0
652 53.84615384615385 0.0
653 46.15384615384615 0.0
654 53.84615384615385 0.0
655 61.53846153846154 0.0
656 53.84615384615385 0.0
657 61.53846153846154 0.0
658 69.23076923076923 0.0
659 53.84615384615385 0.0
660 76.92307692307692 0.0
661 69.23076923076923 0.0
662 50.0 0.0
663 61.53846153846154 0.0
664 53.84615384615385 0.0
665 50.0 0.0
666 46.15384615384615 0.0
667 61.53846153846154 0.0
668 61.53846153846154 0.0
669 65.38461538461539 0.0
670 53.84615384615385 0.0
671 76.92307692307692 0.0
672 65.38461538461539 0.0
673 53.84615384615385 0.0
674 53.84615384615385 0.0
675 57.69230769230769 0.0
676 53.84615384615385 0.0
677 57.69230769230769 0.0
678 61.53846153846154 0.0
679 57.69230769230769 0.0
680 73.07692307692308 0.0
681 76.92307692307692 0.0
682 57.69230769230769 0.0
683 84.61538461538461 0.0
684 73.07692307692308 0.0
685 76.92307692307692 0.0
686 61.53846153846154 0.0
687 61.53846153846154 0.0
688 53.84615384615385 0.0
689 76.92307692307692 0.0
690 61.53846153846154 0.0
691 61.53846153846154 0.0
692 57.69230769230769 0.0
693 76.92307692307692 0.0
694 84.61538461538461 0.0
695 92.3076923076923 0.0
696 92.3076923076923 0.0
697 84.61538461538461 0.0
698 65.38461538461539 0.0
699 76.92307692307692 0.0
700 80.76923076923077 0.0
701 80.76923076923077 0.0
702 76.92307692307692 0.0
703 57.69230769230769 0.0
704 73.07692307692308 0.0
705 69.23076923076923 0.0
706 80.76923076923077 0.0
707 73.07692307692308 0.0
708 69.23076923076923 0.0
709 57.69230769230769 0.0
710 69.23076923076923 0.0
711 65.38461538461539 0.0
712 69.23076923076923 0.0
713 76.92307692307692 0.0
714 65.38461538461539 0.0
715 57.69230769230769 0.0
716 84.61538461538461 0.0
717 65.38461538461539 0.0
718 69.23076923076923 0.0
719 57.69230769230769 0.0
720 76.92307692307692 0.0
721 76.92307692307692 0.0
722 76.92307692307692 0.0
723 53.84615384615385 0.0
724 69.23076923076923 0.0
725 76.92307692307692 0.0
726 65.38461538461539 0.0
727 73.07692307692308 0.0
728 76.92307692307692 0.0
729 69.23076923076923 0.0
730 53.84615384615385 0.0
731 42.30769230769231 0.0
732 38.46153846153846 0.0
733 50.0 0.0
734 53.84615384615385 0.0
735 53.84615384615385 0.0
736 61.53846153846154 0.0
737 57.69230769230769 0.0
738 84.61538461538461 0.0
739 65.38461538461539 0.0
740 69.23076923076923 0.0
741 61.53846153846154 0.0
742 73.07692307692308 0.0
743 76.92307692307692 0.0
744 84.61538461538461 0.0
745 76.92307692307692 0.0
746 73.07692307692308 0.0
747 80.76923076923077 0.0
748 73.07692307692308 0.0
749 73.07692307692308 0.0
750 73.07692307692308 0.0
751 80.76923076923077 0.0
752 84.61538461538461 0.0
753 76.92307692307692 0.0
754 76.92307692307692 0.0
755 73.07692307692308 0.0
756 65.38461538461539 0.0
757 73.07692307692308 0.0
758 69.23076923076923 0.0
759 69.23076923076923 0.0
760 73.07692307692308 0.0
761 73.07692307692308 0.0
762 80.76923076923077 0.0
763 80.76923076923077 0.0
764 69.23076923076923 0.0
765 92.3076923076923 0.0
766 84.61538461538461 0.0
767 69.23076923076923 0.0
768 61.53846153846154 0.0
769 46.15384615384615 0.0
770 69.23076923076923 0.0
771 57.69230769230769 0.0
772 65.38461538461539 0.0
773 50.0 0.0
774 46.15384615384615 0.0
775 61.53846153846154 0.0
776 57.69230769230769 0.0
777 76.92307692307692 0.0
778 61.53846153846154 0.0
779 76.92307692307692 0.0
780 61.53846153846154 0.0
781 84.61538461538461 0.0
782 65.38461538461539 0.0
783 69.23076923076923 0.0
784 65.38461538461539 0.0
785 65.38461538461539 0.0
786 69.23076923076923 0.0
787 65.38461538461539 0.0
788 61.53846153846154 0.0
789 57.69230769230769 0.0
790 65.38461538461539 0.0
791 65.38461538461539 0.0
792 61.53846153846154 0.0
793 69.23076923076923 0.0
794 65.38461538461539 0.0
795 73.07692307692308 0.0
796 73.07692307692308 0.0
797 73.07692307692308 0.0
798 73.07692307692308 0.0
799 65.38461538461539 0.0
800 73.07692307692308 0.0
801 69.23076923076923 0.0
802 73.07692307692308 0.0
803 65.38461538461539 0.0
804 73.07692307692308 0.0
805 61.53846153846154 0.0
806 57.69230769230769 0.0
807 73.07692307692308 0.0
808 80.76923076923077 0.0
809 76.92307692307692 0.0
810 73.07692307692308 0.0
811 76.92307692307692 0.0
812 76.92307692307692 0.0
813 69.23076923076923 0.0
814 73.07692307692308 0.0
815 73.07692307692308 0.0
816 73.07692307692308 0.0
817 69.23076923076923 0.0
818 69.23076923076923 0.0
819 61.53846153846154 0.0
820 61.53846153846154 0.0
821 76.92307692307692 0.0
822 73.07692307692308 0.0
823 76.92307692307692 0.0
824 76.92307692307692 0.0
825 80.76923076923077 0.0
826 92.3076923076923 0.0
827 92.3076923076923 0.0
828 76.92307692307692 0.0
829 69.23076923076923 0.0
830 65.38461538461539 0.0
831 73.07692307692308 0.0
832 53.84615384615385 0.0
833 76.92307692307692 0.0
834 61.53846153846154 0.0
835 69.23076923076923 0.0
836 57.69230769230769 0.0
837 57.69230769230769 0.0
838 53.84615384615385 0.0
839 84.61538461538461 0.0
840 76.92307692307692 0.0
841 61.53846153846154 0.0
842 61.53846153846154 0.0
843 76.92307692307692 0.0
844 76.92307692307692 0.0
845 61.53846153846154 0.0
846 69.23076923076923 0.0
847 84.61538461538461 0.0
848 84.61538461538461 0.0
849 84.61538461538461 0.0
850 69.23076923076923 0.0
851 76.92307692307692 0.0
852 76.92307692307692 0.0
853 80.76923076923077 0.0
854 69.23076923076923 0.0
855 80.76923076923077 0.0
856 80.76923076923077 0.0
857 69.23076923076923 0.0
858 69.23076923076923 0.0
859 61.53846153846154 0.0
860 69.23076923076923 0.0
861 76.92307692307692 0.0
862 73.07692307692308 0.0
863 80.76923076923077 0.0
864 65.38461538461539 0.0
865 84.61538461538461 0.0
866 61.53846153846154 0.0
867 69.23076923076923 0.0
868 61.53846153846154 0.0
869 61.53846153846154 0.0
870 73.07692307692308 0.0
871 61.53846153846154 0.0
872 53.84615384615385 0.0
873 53.84615384615385 0.0
874 57.69230769230769 0.0
875 61.53846153846154 0.0
876 69.23076923076923 0.0
877 65.38461538461539 0.0
878 61.53846153846154 0.0
879 61.53846153846154 0.0
880 65.38461538461539 0.0
881 69.23076923076923 0.0
882 65.38461538461539 0.0
883 73.07692307692308 0.0
884 84.61538461538461 0.0
885 76.92307692307692 0.0
886 76.92307692307692 0.0
887 84.61538461538461 0.0
888 73.07692307692308 0.0
889 61.53846153846154 0.0
890 50.0 0.0
891 57.69230769230769 0.0
892 50.0 0.0
893 65.38461538461539 0.0
894 61.53846153846154 0.0
895 61.53846153846154 0.0
896 61.53846153846154 0.0
897 57.69230769230769 0.0
898 69.23076923076923 0.0
899 57.69230769230769 0.0
900 50.0 0.0
901 57.69230769230769 0.0
902 50.0 0.0
903 76.92307692307692 0.0
904 65.38461538461539 0.0
905 65.38461538461539 0.0
906 57.69230769230769 0.0
907 57.69230769230769 0.0
908 53.84615384615385 0.0
909 57.69230769230769 0.0
910 61.53846153846154 0.0
911 61.53846153846154 0.0
912 61.53846153846154 0.0
913 73.07692307692308 0.0
914 69.23076923076923 0.0
915 84.61538461538461 0.0
916 61.53846153846154 0.0
917 69.23076923076923 0.0
918 84.61538461538461 0.0
919 76.92307692307692 0.0
920 73.07692307692308 0.0
921 65.38461538461539 0.0
922 69.23076923076923 0.0
923 65.38461538461539 0.0
924 73.07692307692308 0.0
925 69.23076923076923 0.0
926 69.23076923076923 0.0
927 65.38461538461539 0.0
928 65.38461538461539 0.0
929 53.84615384615385 0.0
930 61.53846153846154 0.0
931 61.53846153846154 0.0
932 57.69230769230769 0.0
933 61.53846153846154 0.0
934 73.07692307692308 0.0
935 61.53846153846154 0.0
936 69.23076923076923 0.0
937 65.38461538461539 0.0
938 65.38461538461539 0.0
939 84.61538461538461 0.0
940 80.76923076923077 0.0
941 65.38461538461539 0.0
942 73.07692307692308 0.0
943 57.69230769230769 0.0
944 65.38461538461539 0.0
945 61.53846153846154 0.0
946 84.61538461538461 0.0
947 76.92307692307692 0.0
948 61.53846153846154 0.0
949 69.23076923076923 0.0
950 61.53846153846154 0.0
951 69.23076923076923 0.0
952 84.61538461538461 0.0
953 73.07692307692308 0.0
954 73.07692307692308 0.0
955 76.92307692307692 0.0
956 84.61538461538461 0.0
957 69.23076923076923 0.0
958 76.92307692307692 0.0
959 84.61538461538461 0.0
960 84.61538461538461 0.0
961 69.23076923076923 0.0
962 92.3076923076923 0.0
963 92.3076923076923 0.0
964 84.61538461538461 0.0
965 92.3076923076923 0.0
966 100.0 0.0
967 84.61538461538461 0.0
968 92.3076923076923 0.0
969 92.3076923076923 0.0
970 92.3076923076923 0.0
971 76.92307692307692 0.0
972 84.61538461538461 0.0
973 76.92307692307692 0.0
974 69.23076923076923 0.0
975 84.61538461538461 0.0
976 73.07692307692308 0.0
977 69.23076923076923 0.0
978 84.61538461538461 0.0
979 84.61538461538461 0.0
980 76.92307692307692 0.0
981 69.23076923076923 0.0
982 61.53846153846154 0.0
983 69.23076923076923 0.0
984 84.61538461538461 0.0
985 69.23076923076923 0.0
986 76.92307692307692 0.0
987 73.07692307692308 0.0
988 76.92307692307692 0.0
989 73.07692307692308 0.0
990 65.38461538461539 0.0
991 61.53846153846154 0.0
992 61.53846153846154 0.0
993 65.38461538461539 0.0
994 69.23076923076923 0.0
995 57.69230769230769 0.0
996 50.0 0.0
997 61.53846153846154 0.0
998 57.69230769230769 0.0
999 57.69230769230769 0.0
