#resid average_duration max_duration persistent_contacts
1 6.293478260869565 28 92
10 4.951807228915663 20 83
11 5.189655172413793 27 58
12 5.633802816901408 18 71
13 5.142857142857143 32 56
14 4.44 17 75
15 5.483870967741935 25 62
16 5.2153846153846155 28 65
17 4.635135135135135 28 74
18 5.576923076923077 32 78
19 5.555555555555555 22 81
2 4.457142857142857 19 70
20 7.104477611940299 32 67
21 5.872727272727273 28 55
22 4.688311688311688 22 77
23 4.47887323943662 18 71
24 4.175438596491228 11 57
25 4.4 28 80
26 4.350877192982456 17 57
3 4.25 18 52
4 5.4 22 75
5 4.454545454545454 17 44
6 5.855555555555555 20 90
7 5.533333333333333 22 75
8 4.91044776119403 32 67
9 5.9375 28 64
#TOTAL_CONTACTS 5475 for 1000 frames
