#resid average_duration max_duration persistent_contacts
1 5.216216216216216 30 74
10 4.5 17 44
11 4.2727272727272725 12 44
12 4.741935483870968 21 62
13 4.0181818181818185 17 55
14 4.576271186440678 15 59
15 4.536585365853658 17 82
16 4.2560975609756095 20 82
17 5.054794520547945 21 73
18 5.115942028985507 21 69
19 4.585714285714285 16 70
2 5.236363636363636 30 55
20 5.183333333333334 22 60
21 4.528301886792453 25 53
22 4.109090909090909 17 55
23 4.790697674418604 28 86
24 4.488372093023256 18 86
25 4.469879518072289 17 83
26 5.168421052631579 28 95
3 5.579710144927536 26 69
4 4.973684210526316 16 76
5 4.746268656716418 19 67
6 4.742268041237113 23 97
7 4.779411764705882 23 68
8 3.7254901960784315 26 51
9 2.0 2 1
#TOTAL_CONTACTS 4832 for 1000 frames
