#resid average_duration max_duration persistent_contacts
1 5.213114754098361 24 61
10 5.632352941176471 23 68
11 5.571428571428571 23 28
12 4.193548387096774 20 31
13 8.4 30 10
14 4.962962962962963 17 54
15 4.590163934426229 20 61
16 4.346153846153846 14 78
17 4.5 15 80
18 4.863636363636363 16 66
19 4.672727272727273 30 55
2 4.6 20 60
20 4.371428571428571 25 70
21 4.333333333333333 14 51
22 4.6 14 35
23 5.159574468085107 23 94
24 5.227848101265823 23 79
25 4.907894736842105 25 76
26 4.565789473684211 18 76
3 5.872727272727273 25 55
4 5.044117647058823 21 68
5 5.484848484848484 24 66
6 4.852459016393443 30 61
7 3.8734177215189876 23 79
8 7.0 30 14
9 4.333333333333333 20 66
#TOTAL_CONTACTS 4410 for 1000 frames
