#resid average_duration max_duration persistent_contacts
1 5.35 51 60
10 4.793103448275862 25 58
11 4.365384615384615 18 52
12 4.62962962962963 19 54
13 4.126760563380282 11 71
14 4.516666666666667 15 60
15 4.552238805970149 18 67
16 6.0 23 14
17 5.571428571428571 29 70
18 5.470588235294118 20 51
19 6.966101694915254 51 59
2 4.387755102040816 16 49
20 4.7846153846153845 23 65
21 4.963636363636364 20 55
22 4.714285714285714 21 56
23 2.625 5 8
24 5.090909090909091 26 77
25 4.343283582089552 25 67
26 3.9 23 60
3 4.9393939393939394 21 33
4 3.75 8 4
5 5.728571428571429 38 70
6 5.241379310344827 19 58
7 4.666666666666667 20 81
8 4.884615384615385 23 52
9 4.904761904761905 21 63
#TOTAL_CONTACTS 4124 for 1000 frames
