#frame monomers_% popc_isolated_%
0 61.53846153846154 0.0
1 57.69230769230769 0.0
2 65.38461538461539 0.0
3 57.69230769230769 0.0
4 57.69230769230769 0.0
5 50.0 0.0
6 65.38461538461539 0.0
7 73.07692307692308 0.0
8 65.38461538461539 0.0
9 73.07692307692308 0.0
10 65.38461538461539 0.0
11 65.38461538461539 0.0
12 57.69230769230769 0.0
13 69.23076923076923 0.0
14 57.69230769230769 0.0
15 76.92307692307692 0.0
16 73.07692307692308 0.0
17 76.92307692307692 0.0
18 73.07692307692308 0.0
19 73.07692307692308 0.0
20 73.07692307692308 0.0
21 73.07692307692308 0.0
22 76.92307692307692 0.0
23 80.76923076923077 0.0
24 76.92307692307692 0.0
25 76.92307692307692 0.0
26 69.23076923076923 0.0
27 80.76923076923077 0.0
28 73.07692307692308 0.0
29 65.38461538461539 0.0
30 61.53846153846154 0.0
31 73.07692307692308 0.0
32 73.07692307692308 0.0
33 80.76923076923077 0.0
34 80.76923076923077 0.0
35 80.76923076923077 0.0
36 88.46153846153847 0.0
37 80.76923076923077 0.0
38 80.76923076923077 0.0
39 80.76923076923077 0.0
40 73.07692307692308 0.0
41 73.07692307692308 0.0
42 73.07692307692308 0.0
43 73.07692307692308 0.0
44 57.69230769230769 0.0
45 65.38461538461539 0.0
46 88.46153846153847 0.0
47 80.76923076923077 0.0
48 73.07692307692308 0.0
49 73.07692307692308 0.0
50 73.07692307692308 0.0
51 80.76923076923077 0.0
52 88.46153846153847 0.0
53 80.76923076923077 0.0
54 80.76923076923077 0.0
55 80.76923076923077 0.0
56 88.46153846153847 0.0
57 88.46153846153847 0.0
58 88.46153846153847 0.0
59 73.07692307692308 0.0
60 80.76923076923077 0.0
61 80.76923076923077 0.0
62 80.76923076923077 0.0
63 80.76923076923077 0.0
64 65.38461538461539 0.0
65 80.76923076923077 0.0
66 65.38461538461539 0.0
67 65.38461538461539 0.0
68 88.46153846153847 0.0
69 88.46153846153847 0.0
70 80.76923076923077 0.0
71 73.07692307692308 0.0
72 80.76923076923077 0.0
73 73.07692307692308 0.0
74 88.46153846153847 0.0
75 88.46153846153847 0.0
76 88.46153846153847 0.0
77 73.07692307692308 0.0
78 65.38461538461539 0.0
79 65.38461538461539 0.0
80 73.07692307692308 0.0
81 80.76923076923077 0.0
82 73.07692307692308 0.0
83 73.07692307692308 0.0
84 57.69230769230769 0.0
85 65.38461538461539 0.0
86 65.38461538461539 0.0
87 65.38461538461539 0.0
88 65.38461538461539 0.0
89 80.76923076923077 0.0
90 73.07692307692308 0.0
91 65.38461538461539 0.0
92 65.38461538461539 0.0
93 73.07692307692308 0.0
94 73.07692307692308 0.0
95 73.07692307692308 0.0
96 73.07692307692308 0.0
97 73.07692307692308 0.0
98 69.23076923076923 0.0
99 73.07692307692308 0.0
100 73.07692307692308 0.0
101 73.07692307692308 0.0
102 80.76923076923077 0.0
103 73.07692307692308 0.0
104 57.69230769230769 0.0
105 69.23076923076923 0.0
106 76.92307692307692 0.0
107 69.23076923076923 0.0
108 76.92307692307692 0.0
109 76.92307692307692 0.0
110 76.92307692307692 0.0
111 76.92307692307692 0.0
112 76.92307692307692 0.0
113 69.23076923076923 0.0
114 76.92307692307692 0.0
115 76.92307692307692 0.0
116 80.76923076923077 0.0
117 80.76923076923077 0.0
118 61.53846153846154 0.0
119 73.07692307692308 0.0
120 65.38461538461539 0.0
121 65.38461538461539 0.0
122 73.07692307692308 0.0
123 69.23076923076923 0.0
124 69.23076923076923 0.0
125 65.38461538461539 0.0
126 73.07692307692308 0.0
127 65.38461538461539 0.0
128 65.38461538461539 0.0
129 57.69230769230769 0.0
130 65.38461538461539 0.0
131 65.38461538461539 0.0
132 69.23076923076923 0.0
133 69.23076923076923 0.0
134 61.53846153846154 0.0
135 69.23076923076923 0.0
136 69.23076923076923 0.0
137 61.53846153846154 0.0
138 61.53846153846154 0.0
139 65.38461538461539 0.0
140 69.23076923076923 0.0
141 61.53846153846154 0.0
142 69.23076923076923 0.0
143 69.23076923076923 0.0
144 65.38461538461539 0.0
145 73.07692307692308 0.0
146 73.07692307692308 0.0
147 69.23076923076923 0.0
148 65.38461538461539 0.0
149 65.38461538461539 0.0
150 73.07692307692308 0.0
151 69.23076923076923 0.0
152 73.07692307692308 0.0
153 73.07692307692308 0.0
154 65.38461538461539 0.0
155 65.38461538461539 0.0
156 65.38461538461539 0.0
157 65.38461538461539 0.0
158 69.23076923076923 0.0
159 69.23076923076923 0.0
160 76.92307692307692 0.0
161 76.92307692307692 0.0
162 69.23076923076923 0.0
163 73.07692307692308 0.0
164 73.07692307692308 0.0
165 73.07692307692308 0.0
166 73.07692307692308 0.0
167 80.76923076923077 0.0
168 73.07692307692308 0.0
169 80.76923076923077 0.0
170 80.76923076923077 0.0
171 73.07692307692308 0.0
172 65.38461538461539 0.0
173 50.0 0.0
174 80.76923076923077 0.0
175 88.46153846153847 0.0
176 73.07692307692308 0.0
177 80.76923076923077 0.0
178 73.07692307692308 0.0
179 73.07692307692308 0.0
180 73.07692307692308 0.0
181 73.07692307692308 0.0
182 65.38461538461539 0.0
183 73.07692307692308 0.0
184 73.07692307692308 0.0
185 73.07692307692308 0.0
186 80.76923076923077 0.0
187 80.76923076923077 0.0
188 88.46153846153847 0.0
189 88.46153846153847 0.0
190 80.76923076923077 0.0
191 80.76923076923077 0.0
192 88.46153846153847 0.0
193 88.46153846153847 0.0
194 80.76923076923077 0.0
195 88.46153846153847 0.0
196 80.76923076923077 0.0
197 88.46153846153847 0.0
198 88.46153846153847 0.0
199 88.46153846153847 0.0
200 88.46153846153847 0.0
201 80.76923076923077 0.0
202 88.46153846153847 0.0
203 80.76923076923077 0.0
204 88.46153846153847 0.0
205 88.46153846153847 0.0
206 80.76923076923077 0.0
207 88.46153846153847 0.0
208 80.76923076923077 0.0
209 73.07692307692308 0.0
210 80.76923076923077 0.0
211 80.76923076923077 0.0
212 76.92307692307692 0.0
213 80.76923076923077 0.0
214 80.76923076923077 0.0
215 76.92307692307692 0.0
216 76.92307692307692 0.0
217 76.92307692307692 0.0
218 69.23076923076923 0.0
219 61.53846153846154 0.0
220 69.23076923076923 0.0
221 69.23076923076923 0.0
222 61.53846153846154 0.0
223 61.53846153846154 0.0
224 65.38461538461539 0.0
225 65.38461538461539 0.0
226 73.07692307692308 0.0
227 69.23076923076923 0.0
228 61.53846153846154 0.0
229 69.23076923076923 0.0
230 73.07692307692308 0.0
231 57.69230769230769 0.0
232 73.07692307692308 0.0
233 65.38461538461539 0.0
234 57.69230769230769 0.0
235 73.07692307692308 0.0
236 65.38461538461539 0.0
237 53.84615384615385 0.0
238 61.53846153846154 0.0
239 57.69230769230769 0.0
240 61.53846153846154 0.0
241 61.53846153846154 0.0
242 69.23076923076923 0.0
243 73.07692307692308 0.0
244 69.23076923076923 0.0
245 73.07692307692308 0.0
246 65.38461538461539 0.0
247 65.38461538461539 0.0
248 65.38461538461539 0.0
249 65.38461538461539 0.0
250 65.38461538461539 0.0
251 80.76923076923077 0.0
252 65.38461538461539 0.0
253 69.23076923076923 0.0
254 73.07692307692308 0.0
255 73.07692307692308 0.0
256 73.07692307692308 0.0
257 69.23076923076923 0.0
258 69.23076923076923 0.0
259 61.53846153846154 0.0
260 61.53846153846154 0.0
261 73.07692307692308 0.0
262 73.07692307692308 0.0
263 65.38461538461539 0.0
264 80.76923076923077 0.0
265 73.07692307692308 0.0
266 65.38461538461539 0.0
267 80.76923076923077 0.0
268 73.07692307692308 0.0
269 65.38461538461539 0.0
270 65.38461538461539 0.0
271 65.38461538461539 0.0
272 73.07692307692308 0.0
273 57.69230769230769 0.0
274 61.53846153846154 0.0
275 61.53846153846154 0.0
276 69.23076923076923 0.0
277 69.23076923076923 0.0
278 61.53846153846154 0.0
279 69.23076923076923 0.0
280 61.53846153846154 0.0
281 61.53846153846154 0.0
282 69.23076923076923 0.0
283 61.53846153846154 0.0
284 61.53846153846154 0.0
285 57.69230769230769 0.0
286 65.38461538461539 0.0
287 65.38461538461539 0.0
288 65.38461538461539 0.0
289 65.38461538461539 0.0
290 65.38461538461539 0.0
291 65.38461538461539 0.0
292 65.38461538461539 0.0
293 65.38461538461539 0.0
294 65.38461538461539 0.0
295 65.38461538461539 0.0
296 65.38461538461539 0.0
297 73.07692307692308 0.0
298 73.07692307692308 0.0
299 65.38461538461539 0.0
300 73.07692307692308 0.0
301 65.38461538461539 0.0
302 65.38461538461539 0.0
303 57.69230769230769 0.0
304 57.69230769230769 0.0
305 65.38461538461539 0.0
306 65.38461538461539 0.0
307 65.38461538461539 0.0
308 65.38461538461539 0.0
309 73.07692307692308 0.0
310 65.38461538461539 0.0
311 73.07692307692308 0.0
312 65.38461538461539 0.0
313 65.38461538461539 0.0
314 73.07692307692308 0.0
315 65.38461538461539 0.0
316 65.38461538461539 0.0
317 65.38461538461539 0.0
318 73.07692307692308 0.0
319 73.07692307692308 0.0
320 57.69230769230769 0.0
321 65.38461538461539 0.0
322 65.38461538461539 0.0
323 69.23076923076923 0.0
324 69.23076923076923 0.0
325 73.07692307692308 0.0
326 65.38461538461539 0.0
327 65.38461538461539 0.0
328 73.07692307692308 0.0
329 65.38461538461539 0.0
330 65.38461538461539 0.0
331 73.07692307692308 0.0
332 65.38461538461539 0.0
333 65.38461538461539 0.0
334 65.38461538461539 0.0
335 65.38461538461539 0.0
336 65.38461538461539 0.0
337 65.38461538461539 0.0
338 65.38461538461539 0.0
339 65.38461538461539 0.0
340 65.38461538461539 0.0
341 65.38461538461539 0.0
342 65.38461538461539 0.0
343 65.38461538461539 0.0
344 65.38461538461539 0.0
345 57.69230769230769 0.0
346 57.69230769230769 0.0
347 61.53846153846154 0.0
348 61.53846153846154 0.0
349 50.0 0.0
350 50.0 0.0
351 46.15384615384615 0.0
352 42.30769230769231 0.0
353 42.30769230769231 0.0
354 42.30769230769231 0.0
355 53.84615384615385 0.0
356 50.0 0.0
357 57.69230769230769 0.0
358 57.69230769230769 0.0
359 57.69230769230769 0.0
360 53.84615384615385 0.0
361 53.84615384615385 0.0
362 65.38461538461539 0.0
363 65.38461538461539 0.0
364 65.38461538461539 0.0
365 65.38461538461539 0.0
366 65.38461538461539 0.0
367 61.53846153846154 0.0
368 61.53846153846154 0.0
369 69.23076923076923 0.0
370 61.53846153846154 0.0
371 61.53846153846154 0.0
372 61.53846153846154 0.0
373 57.69230769230769 0.0
374 57.69230769230769 0.0
375 69.23076923076923 0.0
376 69.23076923076923 0.0
377 76.92307692307692 0.0
378 84.61538461538461 0.0
379 69.23076923076923 0.0
380 76.92307692307692 0.0
381 61.53846153846154 0.0
382 61.53846153846154 0.0
383 61.53846153846154 0.0
384 69.23076923076923 0.0
385 69.23076923076923 0.0
386 76.92307692307692 0.0
387 84.61538461538461 0.0
388 84.61538461538461 0.0
389 76.92307692307692 0.0
390 76.92307692307692 0.0
391 84.61538461538461 0.0
392 84.61538461538461 0.0
393 84.61538461538461 0.0
394 84.61538461538461 0.0
395 84.61538461538461 0.0
396 84.61538461538461 0.0
397 84.61538461538461 0.0
398 69.23076923076923 0.0
399 84.61538461538461 0.0
400 76.92307692307692 0.0
401 84.61538461538461 0.0
402 84.61538461538461 0.0
403 84.61538461538461 0.0
404 76.92307692307692 0.0
405 84.61538461538461 0.0
406 84.61538461538461 0.0
407 84.61538461538461 0.0
408 84.61538461538461 0.0
409 84.61538461538461 0.0
410 84.61538461538461 0.0
411 84.61538461538461 0.0
412 84.61538461538461 0.0
413 76.92307692307692 0.0
414 69.23076923076923 0.0
415 76.92307692307692 0.0
416 76.92307692307692 0.0
417 69.23076923076923 0.0
418 76.92307692307692 0.0
419 76.92307692307692 0.0
420 84.61538461538461 0.0
421 84.61538461538461 0.0
422 92.3076923076923 0.0
423 73.07692307692308 0.0
424 69.23076923076923 0.0
425 76.92307692307692 0.0
426 84.61538461538461 0.0
427 84.61538461538461 0.0
428 84.61538461538461 0.0
429 92.3076923076923 0.0
430 84.61538461538461 0.0
431 84.61538461538461 0.0
432 84.61538461538461 0.0
433 76.92307692307692 0.0
434 76.92307692307692 0.0
435 61.53846153846154 0.0
436 69.23076923076923 0.0
437 76.92307692307692 0.0
438 69.23076923076923 0.0
439 76.92307692307692 0.0
440 69.23076923076923 0.0
441 61.53846153846154 0.0
442 84.61538461538461 0.0
443 76.92307692307692 0.0
444 84.61538461538461 0.0
445 61.53846153846154 0.0
446 69.23076923076923 0.0
447 76.92307692307692 0.0
448 69.23076923076923 0.0
449 69.23076923076923 0.0
450 69.23076923076923 0.0
451 69.23076923076923 0.0
452 61.53846153846154 0.0
453 69.23076923076923 0.0
454 69.23076923076923 0.0
455 69.23076923076923 0.0
456 69.23076923076923 0.0
457 76.92307692307692 0.0
458 69.23076923076923 0.0
459 69.23076923076923 0.0
460 69.23076923076923 0.0
461 76.92307692307692 0.0
462 69.23076923076923 0.0
463 61.53846153846154 0.0
464 61.53846153846154 0.0
465 76.92307692307692 0.0
466 76.92307692307692 0.0
467 69.23076923076923 0.0
468 65.38461538461539 0.0
469 61.53846153846154 0.0
470 65.38461538461539 0.0
471 84.61538461538461 0.0
472 61.53846153846154 0.0
473 61.53846153846154 0.0
474 76.92307692307692 0.0
475 69.23076923076923 0.0
476 69.23076923076923 0.0
477 76.92307692307692 0.0
478 76.92307692307692 0.0
479 73.07692307692308 0.0
480 76.92307692307692 0.0
481 61.53846153846154 0.0
482 65.38461538461539 0.0
483 76.92307692307692 0.0
484 65.38461538461539 0.0
485 57.69230769230769 0.0
486 50.0 0.0
487 50.0 0.0
488 65.38461538461539 0.0
489 61.53846153846154 0.0
490 53.84615384615385 0.0
491 46.15384615384615 0.0
492 46.15384615384615 0.0
493 53.84615384615385 0.0
494 61.53846153846154 0.0
495 53.84615384615385 0.0
496 61.53846153846154 0.0
497 53.84615384615385 0.0
498 61.53846153846154 0.0
499 57.69230769230769 0.0
500 76.92307692307692 0.0
501 76.92307692307692 0.0
502 76.92307692307692 0.0
503 69.23076923076923 0.0
504 69.23076923076923 0.0
505 76.92307692307692 0.0
506 76.92307692307692 0.0
507 73.07692307692308 0.0
508 76.92307692307692 0.0
509 76.92307692307692 0.0
510 69.23076923076923 0.0
511 73.07692307692308 0.0
512 65.38461538461539 0.0
513 65.38461538461539 0.0
514 65.38461538461539 0.0
515 57.69230769230769 0.0
516 57.69230769230769 0.0
517 61.53846153846154 0.0
518 57.69230769230769 0.0
519 61.53846153846154 0.0
520 50.0 0.0
521 65.38461538461539 0.0
522 61.53846153846154 0.0
523 57.69230769230769 0.0
524 73.07692307692308 0.0
525 76.92307692307692 0.0
526 76.92307692307692 0.0
527 76.92307692307692 0.0
528 84.61538461538461 0.0
529 73.07692307692308 0.0
530 69.23076923076923 0.0
531 65.38461538461539 0.0
532 73.07692307692308 0.0
533 80.76923076923077 0.0
534 76.92307692307692 0.0
535 92.3076923076923 0.0
536 69.23076923076923 0.0
537 76.92307692307692 0.0
538 76.92307692307692 0.0
539 84.61538461538461 0.0
540 76.92307692307692 0.0
541 76.92307692307692 0.0
542 76.92307692307692 0.0
543 84.61538461538461 0.0
544 84.61538461538461 0.0
545 84.61538461538461 0.0
546 65.38461538461539 0.0
547 84.61538461538461 0.0
548 76.92307692307692 0.0
549 84.61538461538461 0.0
550 76.92307692307692 0.0
551 80.76923076923077 0.0
552 76.92307692307692 0.0
553 76.92307692307692 0.0
554 76.92307692307692 0.0
555 76.92307692307692 0.0
556 76.92307692307692 0.0
557 57.69230769230769 0.0
558 69.23076923076923 0.0
559 76.92307692307692 0.0
560 76.92307692307692 0.0
561 76.92307692307692 0.0
562 84.61538461538461 0.0
563 84.61538461538461 0.0
564 76.92307692307692 0.0
565 84.61538461538461 0.0
566 76.92307692307692 0.0
567 65.38461538461539 0.0
568 69.23076923076923 0.0
569 69.23076923076923 0.0
570 69.23076923076923 0.0
571 61.53846153846154 0.0
572 69.23076923076923 0.0
573 69.23076923076923 0.0
574 69.23076923076923 0.0
575 69.23076923076923 0.0
576 65.38461538461539 0.0
577 76.92307692307692 0.0
578 65.38461538461539 0.0
579 65.38461538461539 0.0
580 65.38461538461539 0.0
581 76.92307692307692 0.0
582 76.92307692307692 0.0
583 73.07692307692308 0.0
584 73.07692307692308 0.0
585 73.07692307692308 0.0
586 73.07692307692308 0.0
587 76.92307692307692 0.0
588 76.92307692307692 0.0
589 76.92307692307692 0.0
590 76.92307692307692 0.0
591 76.92307692307692 0.0
592 76.92307692307692 0.0
593 76.92307692307692 0.0
594 84.61538461538461 0.0
595 84.61538461538461 0.0
596 92.3076923076923 0.0
597 73.07692307692308 0.0
598 80.76923076923077 0.0
599 84.61538461538461 0.0
600 84.61538461538461 0.0
601 92.3076923076923 0.0
602 84.61538461538461 0.0
603 84.61538461538461 0.0
604 76.92307692307692 0.0
605 76.92307692307692 0.0
606 84.61538461538461 0.0
607 92.3076923076923 0.0
608 92.3076923076923 0.0
609 92.3076923076923 0.0
610 92.3076923076923 0.0
611 84.61538461538461 0.0
612 84.61538461538461 0.0
613 92.3076923076923 0.0
614 84.61538461538461 0.0
615 80.76923076923077 0.0
616 92.3076923076923 0.0
617 92.3076923076923 0.0
618 84.61538461538461 0.0
619 92.3076923076923 0.0
620 88.46153846153847 0.0
621 88.46153846153847 0.0
622 88.46153846153847 0.0
623 88.46153846153847 0.0
624 80.76923076923077 0.0
625 88.46153846153847 0.0
626 88.46153846153847 0.0
627 88.46153846153847 0.0
628 88.46153846153847 0.0
629 88.46153846153847 0.0
630 88.46153846153847 0.0
631 88.46153846153847 0.0
632 88.46153846153847 0.0
633 88.46153846153847 0.0
634 88.46153846153847 0.0
635 92.3076923076923 0.0
636 84.61538461538461 0.0
637 76.92307692307692 0.0
638 84.61538461538461 0.0
639 92.3076923076923 0.0
640 84.61538461538461 0.0
641 92.3076923076923 0.0
642 92.3076923076923 0.0
643 92.3076923076923 0.0
644 92.3076923076923 0.0
645 84.61538461538461 0.0
646 92.3076923076923 0.0
647 80.76923076923077 0.0
648 84.61538461538461 0.0
649 80.76923076923077 0.0
650 92.3076923076923 0.0
651 84.61538461538461 0.0
652 84.61538461538461 0.0
653 76.92307692307692 0.0
654 76.92307692307692 0.0
655 84.61538461538461 0.0
656 92.3076923076923 0.0
657 92.3076923076923 0.0
658 84.61538461538461 0.0
659 84.61538461538461 0.0
660 84.61538461538461 0.0
661 76.92307692307692 0.0
662 84.61538461538461 0.0
663 92.3076923076923 0.0
664 100.0 0.0
665 100.0 0.0
666 100.0 0.0
667 100.0 0.0
668 100.0 0.0
669 100.0 0.0
670 92.3076923076923 0.0
671 92.3076923076923 0.0
672 92.3076923076923 0.0
673 92.3076923076923 0.0
674 92.3076923076923 0.0
675 84.61538461538461 0.0
676 92.3076923076923 0.0
677 80.76923076923077 0.0
678 76.92307692307692 0.0
679 76.92307692307692 0.0
680 76.92307692307692 0.0
681 76.92307692307692 0.0
682 76.92307692307692 0.0
683 84.61538461538461 0.0
684 84.61538461538461 0.0
685 92.3076923076923 0.0
686 92.3076923076923 0.0
687 80.76923076923077 0.0
688 76.92307692307692 0.0
689 84.61538461538461 0.0
690 92.3076923076923 0.0
691 84.61538461538461 0.0
692 92.3076923076923 0.0
693 84.61538461538461 0.0
694 69.23076923076923 0.0
695 69.23076923076923 0.0
696 76.92307692307692 0.0
697 65.38461538461539 0.0
698 76.92307692307692 0.0
699 84.61538461538461 0.0
700 73.07692307692308 0.0
701 84.61538461538461 0.0
702 73.07692307692308 0.0
703 76.92307692307692 0.0
704 65.38461538461539 0.0
705 57.69230769230769 0.0
706 73.07692307692308 0.0
707 69.23076923076923 0.0
708 61.53846153846154 0.0
709 69.23076923076923 0.0
710 61.53846153846154 0.0
711 69.23076923076923 0.0
712 69.23076923076923 0.0
713 73.07692307692308 0.0
714 65.38461538461539 0.0
715 65.38461538461539 0.0
716 65.38461538461539 0.0
717 73.07692307692308 0.0
718 73.07692307692308 0.0
719 73.07692307692308 0.0
720 65.38461538461539 0.0
721 73.07692307692308 0.0
722 73.07692307692308 0.0
723 65.38461538461539 0.0
724 57.69230769230769 0.0
725 65.38461538461539 0.0
726 65.38461538461539 0.0
727 65.38461538461539 0.0
728 53.84615384615385 0.0
729 69.23076923076923 0.0
730 61.53846153846154 0.0
731 65.38461538461539 0.0
732 73.07692307692308 0.0
733 65.38461538461539 0.0
734 65.38461538461539 0.0
735 73.07692307692308 0.0
736 65.38461538461539 0.0
737 73.07692307692308 0.0
738 69.23076923076923 0.0
739 57.69230769230769 0.0
740 65.38461538461539 0.0
741 65.38461538461539 0.0
742 65.38461538461539 0.0
743 65.38461538461539 0.0
744 69.23076923076923 0.0
745 69.23076923076923 0.0
746 76.92307692307692 0.0
747 69.23076923076923 0.0
748 69.23076923076923 0.0
749 69.23076923076923 0.0
750 69.23076923076923 0.0
751 65.38461538461539 0.0
752 69.23076923076923 0.0
753 69.23076923076923 0.0
754 69.23076923076923 0.0
755 69.23076923076923 0.0
756 69.23076923076923 0.0
757 69.23076923076923 0.0
758 69.23076923076923 0.0
759 73.07692307692308 0.0
760 76.92307692307692 0.0
761 76.92307692307692 0.0
762 69.23076923076923 0.0
763 69.23076923076923 0.0
764 69.23076923076923 0.0
765 69.23076923076923 0.0
766 76.92307692307692 0.0
767 76.92307692307692 0.0
768 69.23076923076923 0.0
769 61.53846153846154 0.0
770 84.61538461538461 0.0
771 92.3076923076923 0.0
772 84.61538461538461 0.0
773 84.61538461538461 0.0
774 84.61538461538461 0.0
775 76.92307692307692 0.0
776 84.61538461538461 0.0
777 84.61538461538461 0.0
778 84.61538461538461 0.0
779 84.61538461538461 0.0
780 69.23076923076923 0.0
781 69.23076923076923 0.0
782 76.92307692307692 0.0
783 84.61538461538461 0.0
784 76.92307692307692 0.0
785 84.61538461538461 0.0
786 92.3076923076923 0.0
787 84.61538461538461 0.0
788 84.61538461538461 0.0
789 76.92307692307692 0.0
790 76.92307692307692 0.0
791 84.61538461538461 0.0
792 84.61538461538461 0.0
793 76.92307692307692 0.0
794 73.07692307692308 0.0
795 84.61538461538461 0.0
796 76.92307692307692 0.0
797 69.23076923076923 0.0
798 69.23076923076923 0.0
799 69.23076923076923 0.0
800 76.92307692307692 0.0
801 73.07692307692308 0.0
802 73.07692307692308 0.0
803 65.38461538461539 0.0
804 65.38461538461539 0.0
805 69.23076923076923 0.0
806 57.69230769230769 0.0
807 53.84615384615385 0.0
808 61.53846153846154 0.0
809 61.53846153846154 0.0
810 61.53846153846154 0.0
811 50.0 0.0
812 53.84615384615385 0.0
813 61.53846153846154 0.0
814 69.23076923076923 0.0
815 65.38461538461539 0.0
816 65.38461538461539 0.0
817 57.69230769230769 0.0
818 69.23076923076923 0.0
819 53.84615384615385 0.0
820 57.69230769230769 0.0
821 69.23076923076923 0.0
822 65.38461538461539 0.0
823 50.0 0.0
824 50.0 0.0
825 57.69230769230769 0.0
826 53.84615384615385 0.0
827 53.84615384615385 0.0
828 53.84615384615385 0.0
829 65.38461538461539 0.0
830 57.69230769230769 0.0
831 76.92307692307692 0.0
832 84.61538461538461 0.0
833 76.92307692307692 0.0
834 61.53846153846154 0.0
835 84.61538461538461 0.0
836 76.92307692307692 0.0
837 65.38461538461539 0.0
838 76.92307692307692 0.0
839 61.53846153846154 0.0
840 65.38461538461539 0.0
841 69.23076923076923 0.0
842 92.3076923076923 0.0
843 76.92307692307692 0.0
844 84.61538461538461 0.0
845 76.92307692307692 0.0
846 69.23076923076923 0.0
847 76.92307692307692 0.0
848 61.53846153846154 0.0
849 69.23076923076923 0.0
850 61.53846153846154 0.0
851 61.53846153846154 0.0
852 69.23076923076923 0.0
853 69.23076923076923 0.0
854 69.23076923076923 0.0
855 76.92307692307692 0.0
856 61.53846153846154 0.0
857 65.38461538461539 0.0
858 53.84615384615385 0.0
859 61.53846153846154 0.0
860 61.53846153846154 0.0
861 61.53846153846154 0.0
862 61.53846153846154 0.0
863 69.23076923076923 0.0
864 61.53846153846154 0.0
865 61.53846153846154 0.0
866 61.53846153846154 0.0
867 61.53846153846154 0.0
868 65.38461538461539 0.0
869 65.38461538461539 0.0
870 65.38461538461539 0.0
871 61.53846153846154 0.0
872 53.84615384615385 0.0
873 61.53846153846154 0.0
874 65.38461538461539 0.0
875 65.38461538461539 0.0
876 65.38461538461539 0.0
877 69.23076923076923 0.0
878 61.53846153846154 0.0
879 76.92307692307692 0.0
880 69.23076923076923 0.0
881 69.23076923076923 0.0
882 61.53846153846154 0.0
883 61.53846153846154 0.0
884 73.07692307692308 0.0
885 76.92307692307692 0.0
886 69.23076923076923 0.0
887 69.23076923076923 0.0
888 65.38461538461539 0.0
889 69.23076923076923 0.0
890 73.07692307692308 0.0
891 65.38461538461539 0.0
892 65.38461538461539 0.0
893 65.38461538461539 0.0
894 65.38461538461539 0.0
895 65.38461538461539 0.0
896 65.38461538461539 0.0
897 65.38461538461539 0.0
898 65.38461538461539 0.0
899 57.69230769230769 0.0
900 65.38461538461539 0.0
901 69.23076923076923 0.0
902 69.23076923076923 0.0
903 61.53846153846154 0.0
904 65.38461538461539 0.0
905 61.53846153846154 0.0
906 73.07692307692308 0.0
907 76.92307692307692 0.0
908 69.23076923076923 0.0
909 69.23076923076923 0.0
910 61.53846153846154 0.0
911 65.38461538461539 0.0
912 57.69230769230769 0.0
913 65.38461538461539 0.0
914 65.38461538461539 0.0
915 61.53846153846154 0.0
916 53.84615384615385 0.0
917 53.84615384615385 0.0
918 53.84615384615385 0.0
919 53.84615384615385 0.0
920 50.0 0.0
921 61.53846153846154 0.0
922 65.38461538461539 0.0
923 61.53846153846154 0.0
924 61.53846153846154 0.0
925 69.23076923076923 0.0
926 53.84615384615385 0.0
927 61.53846153846154 0.0
928 69.23076923076923 0.0
929 61.53846153846154 0.0
930 61.53846153846154 0.0
931 50.0 0.0
932 50.0 0.0
933 50.0 0.0
934 50.0 0.0
935 53.84615384615385 0.0
936 53.84615384615385 0.0
937 61.53846153846154 0.0
938 57.69230769230769 0.0
939 57.69230769230769 0.0
940 61.53846153846154 0.0
941 57.69230769230769 0.0
942 50.0 0.0
943 53.84615384615385 0.0
944 53.84615384615385 0.0
945 53.84615384615385 0.0
946 61.53846153846154 0.0
947 73.07692307692308 0.0
948 61.53846153846154 0.0
949 73.07692307692308 0.0
950 65.38461538461539 0.0
951 57.69230769230769 0.0
952 69.23076923076923 0.0
953 53.84615384615385 0.0
954 65.38461538461539 0.0
955 61.53846153846154 0.0
956 73.07692307692308 0.0
957 73.07692307692308 0.0
958 69.23076923076923 0.0
959 76.92307692307692 0.0
960 73.07692307692308 0.0
961 73.07692307692308 0.0
962 61.53846153846154 0.0
963 61.53846153846154 0.0
964 61.53846153846154 0.0
965 61.53846153846154 0.0
966 61.53846153846154 0.0
967 53.84615384615385 0.0
968 76.92307692307692 0.0
969 57.69230769230769 0.0
970 61.53846153846154 0.0
971 69.23076923076923 0.0
972 73.07692307692308 0.0
973 84.61538461538461 0.0
974 84.61538461538461 0.0
975 76.92307692307692 0.0
976 73.07692307692308 0.0
977 76.92307692307692 0.0
978 69.23076923076923 0.0
979 69.23076923076923 0.0
980 69.23076923076923 0.0
981 69.23076923076923 0.0
982 76.92307692307692 0.0
983 69.23076923076923 0.0
984 76.92307692307692 0.0
985 76.92307692307692 0.0
986 84.61538461538461 0.0
987 84.61538461538461 0.0
988 84.61538461538461 0.0
989 80.76923076923077 0.0
990 76.92307692307692 0.0
991 84.61538461538461 0.0
992 76.92307692307692 0.0
993 73.07692307692308 0.0
994 73.07692307692308 0.0
995 73.07692307692308 0.0
996 73.07692307692308 0.0
997 76.92307692307692 0.0
998 73.07692307692308 0.0
999 80.76923076923077 0.0
