#frame monomers_% popc_isolated_%
0 76.92307692307692 0.0
1 73.07692307692308 0.0
2 69.23076923076923 0.0
3 84.61538461538461 0.0
4 84.61538461538461 0.0
5 73.07692307692308 0.0
6 69.23076923076923 0.0
7 80.76923076923077 0.0
8 84.61538461538461 0.0
9 76.92307692307692 0.0
10 76.92307692307692 0.0
11 76.92307692307692 0.0
12 76.92307692307692 0.0
13 88.46153846153847 0.0
14 84.61538461538461 0.0
15 88.46153846153847 0.0
16 84.61538461538461 0.0
17 80.76923076923077 0.0
18 73.07692307692308 0.0
19 73.07692307692308 0.0
20 80.76923076923077 0.0
21 88.46153846153847 0.0
22 80.76923076923077 0.0
23 88.46153846153847 0.0
24 80.76923076923077 0.0
25 73.07692307692308 0.0
26 73.07692307692308 0.0
27 76.92307692307692 0.0
28 80.76923076923077 0.0
29 84.61538461538461 0.0
30 92.3076923076923 0.0
31 76.92307692307692 0.0
32 84.61538461538461 0.0
33 84.61538461538461 0.0
34 84.61538461538461 0.0
35 92.3076923076923 0.0
36 84.61538461538461 0.0
37 84.61538461538461 0.0
38 76.92307692307692 0.0
39 61.53846153846154 0.0
40 76.92307692307692 0.0
41 92.3076923076923 0.0
42 92.3076923076923 0.0
43 92.3076923076923 0.0
44 92.3076923076923 0.0
45 92.3076923076923 0.0
46 92.3076923076923 0.0
47 92.3076923076923 0.0
48 84.61538461538461 0.0
49 84.61538461538461 0.0
50 84.61538461538461 0.0
51 76.92307692307692 0.0
52 84.61538461538461 0.0
53 80.76923076923077 0.0
54 73.07692307692308 0.0
55 84.61538461538461 0.0
56 73.07692307692308 0.0
57 65.38461538461539 0.0
58 84.61538461538461 0.0
59 76.92307692307692 0.0
60 76.92307692307692 0.0
61 80.76923076923077 0.0
62 76.92307692307692 0.0
63 84.61538461538461 0.0
64 80.76923076923077 0.0
65 80.76923076923077 0.0
66 80.76923076923077 0.0
67 73.07692307692308 0.0
68 76.92307692307692 0.0
69 80.76923076923077 0.0
70 76.92307692307692 0.0
71 69.23076923076923 0.0
72 65.38461538461539 0.0
73 69.23076923076923 0.0
74 76.92307692307692 0.0
75 69.23076923076923 0.0
76 61.53846153846154 0.0
77 65.38461538461539 0.0
78 65.38461538461539 0.0
79 61.53846153846154 0.0
80 76.92307692307692 0.0
81 65.38461538461539 0.0
82 80.76923076923077 0.0
83 76.92307692307692 0.0
84 69.23076923076923 0.0
85 76.92307692307692 0.0
86 69.23076923076923 0.0
87 80.76923076923077 0.0
88 84.61538461538461 0.0
89 76.92307692307692 0.0
90 84.61538461538461 0.0
91 69.23076923076923 0.0
92 65.38461538461539 0.0
93 61.53846153846154 0.0
94 76.92307692307692 0.0
95 84.61538461538461 0.0
96 84.61538461538461 0.0
97 76.92307692307692 0.0
98 84.61538461538461 0.0
99 84.61538461538461 0.0
100 84.61538461538461 0.0
101 76.92307692307692 0.0
102 84.61538461538461 0.0
103 76.92307692307692 0.0
104 84.61538461538461 0.0
105 84.61538461538461 0.0
106 84.61538461538461 0.0
107 92.3076923076923 0.0
108 84.61538461538461 0.0
109 69.23076923076923 0.0
110 84.61538461538461 0.0
111 92.3076923076923 0.0
112 84.61538461538461 0.0
113 92.3076923076923 0.0
114 92.3076923076923 0.0
115 92.3076923076923 0.0
116 84.61538461538461 0.0
117 84.61538461538461 0.0
118 84.61538461538461 0.0
119 84.61538461538461 0.0
120 84.61538461538461 0.0
121 84.61538461538461 0.0
122 84.61538461538461 0.0
123 84.61538461538461 0.0
124 84.61538461538461 0.0
125 80.76923076923077 0.0
126 69.23076923076923 0.0
127 84.61538461538461 0.0
128 92.3076923076923 0.0
129 76.92307692307692 0.0
130 69.23076923076923 0.0
131 84.61538461538461 0.0
132 84.61538461538461 0.0
133 92.3076923076923 0.0
134 84.61538461538461 0.0
135 84.61538461538461 0.0
136 84.61538461538461 0.0
137 84.61538461538461 0.0
138 84.61538461538461 0.0
139 76.92307692307692 0.0
140 84.61538461538461 0.0
141 76.92307692307692 0.0
142 84.61538461538461 0.0
143 84.61538461538461 0.0
144 84.61538461538461 0.0
145 76.92307692307692 0.0
146 76.92307692307692 0.0
147 76.92307692307692 0.0
148 76.92307692307692 0.0
149 69.23076923076923 0.0
150 76.92307692307692 0.0
151 84.61538461538461 0.0
152 80.76923076923077 0.0
153 92.3076923076923 0.0
154 80.76923076923077 0.0
155 84.61538461538461 0.0
156 76.92307692307692 0.0
157 92.3076923076923 0.0
158 76.92307692307692 0.0
159 92.3076923076923 0.0
160 80.76923076923077 0.0
161 80.76923076923077 0.0
162 73.07692307692308 0.0
163 76.92307692307692 0.0
164 84.61538461538461 0.0
165 76.92307692307692 0.0
166 76.92307692307692 0.0
167 76.92307692307692 0.0
168 61.53846153846154 0.0
169 69.23076923076923 0.0
170 76.92307692307692 0.0
171 76.92307692307692 0.0
172 92.3076923076923 0.0
173 76.92307692307692 0.0
174 76.92307692307692 0.0
175 92.3076923076923 0.0
176 84.61538461538461 0.0
177 84.61538461538461 0.0
178 76.92307692307692 0.0
179 84.61538461538461 0.0
180 92.3076923076923 0.0
181 69.23076923076923 0.0
182 84.61538461538461 0.0
183 80.76923076923077 0.0
184 92.3076923076923 0.0
185 84.61538461538461 0.0
186 80.76923076923077 0.0
187 80.76923076923077 0.0
188 88.46153846153847 0.0
189 80.76923076923077 0.0
190 88.46153846153847 0.0
191 84.61538461538461 0.0
192 84.61538461538461 0.0
193 84.61538461538461 0.0
194 84.61538461538461 0.0
195 84.61538461538461 0.0
196 84.61538461538461 0.0
197 100.0 0.0
198 100.0 0.0
199 100.0 0.0
200 84.61538461538461 0.0
201 92.3076923076923 0.0
202 92.3076923076923 0.0
203 92.3076923076923 0.0
204 92.3076923076923 0.0
205 84.61538461538461 0.0
206 92.3076923076923 0.0
207 92.3076923076923 0.0
208 92.3076923076923 0.0
209 100.0 0.0
210 84.61538461538461 0.0
211 100.0 0.0
212 84.61538461538461 0.0
213 92.3076923076923 0.0
214 92.3076923076923 0.0
215 84.61538461538461 0.0
216 92.3076923076923 0.0
217 92.3076923076923 0.0
218 84.61538461538461 0.0
219 92.3076923076923 0.0
220 92.3076923076923 0.0
221 92.3076923076923 0.0
222 92.3076923076923 0.0
223 92.3076923076923 0.0
224 92.3076923076923 0.0
225 84.61538461538461 0.0
226 92.3076923076923 0.0
227 92.3076923076923 0.0
228 92.3076923076923 0.0
229 92.3076923076923 0.0
230 92.3076923076923 0.0
231 92.3076923076923 0.0
232 92.3076923076923 0.0
233 92.3076923076923 0.0
234 92.3076923076923 0.0
235 92.3076923076923 0.0
236 92.3076923076923 0.0
237 92.3076923076923 0.0
238 92.3076923076923 0.0
239 92.3076923076923 0.0
240 92.3076923076923 0.0
241 84.61538461538461 0.0
242 92.3076923076923 0.0
243 84.61538461538461 0.0
244 92.3076923076923 0.0
245 92.3076923076923 0.0
246 92.3076923076923 0.0
247 84.61538461538461 0.0
248 84.61538461538461 0.0
249 92.3076923076923 0.0
250 92.3076923076923 0.0
251 92.3076923076923 0.0
252 84.61538461538461 0.0
253 92.3076923076923 0.0
254 92.3076923076923 0.0
255 92.3076923076923 0.0
256 92.3076923076923 0.0
257 84.61538461538461 0.0
258 92.3076923076923 0.0
259 84.61538461538461 0.0
260 92.3076923076923 0.0
261 92.3076923076923 0.0
262 92.3076923076923 0.0
263 92.3076923076923 0.0
264 92.3076923076923 0.0
265 92.3076923076923 0.0
266 92.3076923076923 0.0
267 92.3076923076923 0.0
268 92.3076923076923 0.0
269 92.3076923076923 0.0
270 92.3076923076923 0.0
271 84.61538461538461 0.0
272 92.3076923076923 0.0
273 84.61538461538461 0.0
274 84.61538461538461 0.0
275 84.61538461538461 0.0
276 92.3076923076923 0.0
277 76.92307692307692 0.0
278 84.61538461538461 0.0
279 76.92307692307692 0.0
280 69.23076923076923 0.0
281 69.23076923076923 0.0
282 69.23076923076923 0.0
283 76.92307692307692 0.0
284 76.92307692307692 0.0
285 76.92307692307692 0.0
286 76.92307692307692 0.0
287 76.92307692307692 0.0
288 76.92307692307692 0.0
289 76.92307692307692 0.0
290 73.07692307692308 0.0
291 73.07692307692308 0.0
292 65.38461538461539 0.0
293 73.07692307692308 0.0
294 84.61538461538461 0.0
295 73.07692307692308 0.0
296 65.38461538461539 0.0
297 65.38461538461539 0.0
298 65.38461538461539 0.0
299 65.38461538461539 0.0
300 80.76923076923077 0.0
301 65.38461538461539 0.0
302 73.07692307692308 0.0
303 80.76923076923077 0.0
304 65.38461538461539 0.0
305 65.38461538461539 0.0
306 73.07692307692308 0.0
307 65.38461538461539 0.0
308 65.38461538461539 0.0
309 69.23076923076923 0.0
310 65.38461538461539 0.0
311 73.07692307692308 0.0
312 65.38461538461539 0.0
313 69.23076923076923 0.0
314 69.23076923076923 0.0
315 73.07692307692308 0.0
316 73.07692307692308 0.0
317 76.92307692307692 0.0
318 84.61538461538461 0.0
319 76.92307692307692 0.0
320 76.92307692307692 0.0
321 76.92307692307692 0.0
322 84.61538461538461 0.0
323 84.61538461538461 0.0
324 65.38461538461539 0.0
325 76.92307692307692 0.0
326 69.23076923076923 0.0
327 76.92307692307692 0.0
328 76.92307692307692 0.0
329 76.92307692307692 0.0
330 84.61538461538461 0.0
331 69.23076923076923 0.0
332 73.07692307692308 0.0
333 80.76923076923077 0.0
334 73.07692307692308 0.0
335 76.92307692307692 0.0
336 73.07692307692308 0.0
337 80.76923076923077 0.0
338 65.38461538461539 0.0
339 65.38461538461539 0.0
340 69.23076923076923 0.0
341 65.38461538461539 0.0
342 73.07692307692308 0.0
343 69.23076923076923 0.0
344 76.92307692307692 0.0
345 76.92307692307692 0.0
346 69.23076923076923 0.0
347 69.23076923076923 0.0
348 76.92307692307692 0.0
349 84.61538461538461 0.0
350 84.61538461538461 0.0
351 76.92307692307692 0.0
352 73.07692307692308 0.0
353 73.07692307692308 0.0
354 65.38461538461539 0.0
355 65.38461538461539 0.0
356 73.07692307692308 0.0
357 65.38461538461539 0.0
358 69.23076923076923 0.0
359 57.69230769230769 0.0
360 65.38461538461539 0.0
361 76.92307692307692 0.0
362 84.61538461538461 0.0
363 76.92307692307692 0.0
364 84.61538461538461 0.0
365 84.61538461538461 0.0
366 69.23076923076923 0.0
367 69.23076923076923 0.0
368 69.23076923076923 0.0
369 69.23076923076923 0.0
370 84.61538461538461 0.0
371 61.53846153846154 0.0
372 84.61538461538461 0.0
373 69.23076923076923 0.0
374 76.92307692307692 0.0
375 84.61538461538461 0.0
376 73.07692307692308 0.0
377 69.23076923076923 0.0
378 65.38461538461539 0.0
379 57.69230769230769 0.0
380 69.23076923076923 0.0
381 65.38461538461539 0.0
382 76.92307692307692 0.0
383 76.92307692307692 0.0
384 61.53846153846154 0.0
385 65.38461538461539 0.0
386 69.23076923076923 0.0
387 65.38461538461539 0.0
388 65.38461538461539 0.0
389 65.38461538461539 0.0
390 57.69230769230769 0.0
391 65.38461538461539 0.0
392 61.53846153846154 0.0
393 61.53846153846154 0.0
394 65.38461538461539 0.0
395 57.69230769230769 0.0
396 65.38461538461539 0.0
397 65.38461538461539 0.0
398 76.92307692307692 0.0
399 69.23076923076923 0.0
400 65.38461538461539 0.0
401 73.07692307692308 0.0
402 69.23076923076923 0.0
403 69.23076923076923 0.0
404 69.23076923076923 0.0
405 65.38461538461539 0.0
406 73.07692307692308 0.0
407 73.07692307692308 0.0
408 73.07692307692308 0.0
409 73.07692307692308 0.0
410 73.07692307692308 0.0
411 69.23076923076923 0.0
412 65.38461538461539 0.0
413 69.23076923076923 0.0
414 69.23076923076923 0.0
415 69.23076923076923 0.0
416 69.23076923076923 0.0
417 73.07692307692308 0.0
418 69.23076923076923 0.0
419 61.53846153846154 0.0
420 73.07692307692308 0.0
421 76.92307692307692 0.0
422 76.92307692307692 0.0
423 73.07692307692308 0.0
424 73.07692307692308 0.0
425 69.23076923076923 0.0
426 69.23076923076923 0.0
427 65.38461538461539 0.0
428 61.53846153846154 0.0
429 65.38461538461539 0.0
430 69.23076923076923 0.0
431 61.53846153846154 0.0
432 61.53846153846154 0.0
433 61.53846153846154 0.0
434 61.53846153846154 0.0
435 61.53846153846154 0.0
436 69.23076923076923 0.0
437 65.38461538461539 0.0
438 69.23076923076923 0.0
439 69.23076923076923 0.0
440 69.23076923076923 0.0
441 65.38461538461539 0.0
442 61.53846153846154 0.0
443 76.92307692307692 0.0
444 73.07692307692308 0.0
445 76.92307692307692 0.0
446 69.23076923076923 0.0
447 69.23076923076923 0.0
448 69.23076923076923 0.0
449 69.23076923076923 0.0
450 65.38461538461539 0.0
451 61.53846153846154 0.0
452 69.23076923076923 0.0
453 61.53846153846154 0.0
454 61.53846153846154 0.0
455 61.53846153846154 0.0
456 61.53846153846154 0.0
457 57.69230769230769 0.0
458 65.38461538461539 0.0
459 69.23076923076923 0.0
460 57.69230769230769 0.0
461 61.53846153846154 0.0
462 53.84615384615385 0.0
463 69.23076923076923 0.0
464 84.61538461538461 0.0
465 84.61538461538461 0.0
466 57.69230769230769 0.0
467 65.38461538461539 0.0
468 73.07692307692308 0.0
469 69.23076923076923 0.0
470 69.23076923076923 0.0
471 61.53846153846154 0.0
472 53.84615384615385 0.0
473 69.23076923076923 0.0
474 61.53846153846154 0.0
475 53.84615384615385 0.0
476 69.23076923076923 0.0
477 69.23076923076923 0.0
478 76.92307692307692 0.0
479 69.23076923076923 0.0
480 69.23076923076923 0.0
481 76.92307692307692 0.0
482 76.92307692307692 0.0
483 57.69230769230769 0.0
484 61.53846153846154 0.0
485 69.23076923076923 0.0
486 61.53846153846154 0.0
487 65.38461538461539 0.0
488 65.38461538461539 0.0
489 61.53846153846154 0.0
490 76.92307692307692 0.0
491 76.92307692307692 0.0
492 76.92307692307692 0.0
493 76.92307692307692 0.0
494 84.61538461538461 0.0
495 84.61538461538461 0.0
496 84.61538461538461 0.0
497 76.92307692307692 0.0
498 76.92307692307692 0.0
499 69.23076923076923 0.0
500 84.61538461538461 0.0
501 84.61538461538461 0.0
502 92.3076923076923 0.0
503 84.61538461538461 0.0
504 84.61538461538461 0.0
505 76.92307692307692 0.0
506 76.92307692307692 0.0
507 76.92307692307692 0.0
508 76.92307692307692 0.0
509 84.61538461538461 0.0
510 76.92307692307692 0.0
511 76.92307692307692 0.0
512 84.61538461538461 0.0
513 92.3076923076923 0.0
514 84.61538461538461 0.0
515 76.92307692307692 0.0
516 76.92307692307692 0.0
517 76.92307692307692 0.0
518 69.23076923076923 0.0
519 69.23076923076923 0.0
520 61.53846153846154 0.0
521 61.53846153846154 0.0
522 69.23076923076923 0.0
523 69.23076923076923 0.0
524 61.53846153846154 0.0
525 69.23076923076923 0.0
526 61.53846153846154 0.0
527 76.92307692307692 0.0
528 57.69230769230769 0.0
529 61.53846153846154 0.0
530 57.69230769230769 0.0
531 61.53846153846154 0.0
532 53.84615384615385 0.0
533 46.15384615384615 0.0
534 53.84615384615385 0.0
535 53.84615384615385 0.0
536 53.84615384615385 0.0
537 57.69230769230769 0.0
538 53.84615384615385 0.0
539 53.84615384615385 0.0
540 53.84615384615385 0.0
541 53.84615384615385 0.0
542 53.84615384615385 0.0
543 53.84615384615385 0.0
544 53.84615384615385 0.0
545 61.53846153846154 0.0
546 69.23076923076923 0.0
547 50.0 0.0
548 57.69230769230769 0.0
549 57.69230769230769 0.0
550 50.0 0.0
551 57.69230769230769 0.0
552 50.0 0.0
553 53.84615384615385 0.0
554 50.0 0.0
555 50.0 0.0
556 50.0 0.0
557 50.0 0.0
558 53.84615384615385 0.0
559 61.53846153846154 0.0
560 69.23076923076923 0.0
561 69.23076923076923 0.0
562 61.53846153846154 0.0
563 61.53846153846154 0.0
564 61.53846153846154 0.0
565 69.23076923076923 0.0
566 53.84615384615385 0.0
567 61.53846153846154 0.0
568 57.69230769230769 0.0
569 57.69230769230769 0.0
570 69.23076923076923 0.0
571 61.53846153846154 0.0
572 61.53846153846154 0.0
573 61.53846153846154 0.0
574 61.53846153846154 0.0
575 61.53846153846154 0.0
576 61.53846153846154 0.0
577 61.53846153846154 0.0
578 61.53846153846154 0.0
579 65.38461538461539 0.0
580 61.53846153846154 0.0
581 65.38461538461539 0.0
582 73.07692307692308 0.0
583 65.38461538461539 0.0
584 65.38461538461539 0.0
585 65.38461538461539 0.0
586 57.69230769230769 0.0
587 69.23076923076923 0.0
588 69.23076923076923 0.0
589 69.23076923076923 0.0
590 69.23076923076923 0.0
591 69.23076923076923 0.0
592 61.53846153846154 0.0
593 61.53846153846154 0.0
594 61.53846153846154 0.0
595 69.23076923076923 0.0
596 61.53846153846154 0.0
597 61.53846153846154 0.0
598 53.84615384615385 0.0
599 61.53846153846154 0.0
600 61.53846153846154 0.0
601 65.38461538461539 0.0
602 65.38461538461539 0.0
603 65.38461538461539 0.0
604 73.07692307692308 0.0
605 73.07692307692308 0.0
606 73.07692307692308 0.0
607 65.38461538461539 0.0
608 73.07692307692308 0.0
609 76.92307692307692 0.0
610 76.92307692307692 0.0
611 61.53846153846154 0.0
612 57.69230769230769 0.0
613 73.07692307692308 0.0
614 80.76923076923077 0.0
615 84.61538461538461 0.0
616 69.23076923076923 0.0
617 80.76923076923077 0.0
618 84.61538461538461 0.0
619 76.92307692307692 0.0
620 65.38461538461539 0.0
621 73.07692307692308 0.0
622 73.07692307692308 0.0
623 76.92307692307692 0.0
624 80.76923076923077 0.0
625 80.76923076923077 0.0
626 80.76923076923077 0.0
627 69.23076923076923 0.0
628 73.07692307692308 0.0
629 69.23076923076923 0.0
630 65.38461538461539 0.0
631 69.23076923076923 0.0
632 61.53846153846154 0.0
633 61.53846153846154 0.0
634 61.53846153846154 0.0
635 61.53846153846154 0.0
636 65.38461538461539 0.0
637 61.53846153846154 0.0
638 65.38461538461539 0.0
639 61.53846153846154 0.0
640 61.53846153846154 0.0
641 73.07692307692308 0.0
642 73.07692307692308 0.0
643 65.38461538461539 0.0
644 65.38461538461539 0.0
645 80.76923076923077 0.0
646 65.38461538461539 0.0
647 80.76923076923077 0.0
648 69.23076923076923 0.0
649 69.23076923076923 0.0
650 73.07692307692308 0.0
651 80.76923076923077 0.0
652 73.07692307692308 0.0
653 84.61538461538461 0.0
654 69.23076923076923 0.0
655 76.92307692307692 0.0
656 76.92307692307692 0.0
657 76.92307692307692 0.0
658 84.61538461538461 0.0
659 76.92307692307692 0.0
660 76.92307692307692 0.0
661 76.92307692307692 0.0
662 73.07692307692308 0.0
663 69.23076923076923 0.0
664 46.15384615384615 0.0
665 57.69230769230769 0.0
666 69.23076923076923 0.0
667 69.23076923076923 0.0
668 65.38461538461539 0.0
669 65.38461538461539 0.0
670 65.38461538461539 0.0
671 69.23076923076923 0.0
672 76.92307692307692 0.0
673 65.38461538461539 0.0
674 65.38461538461539 0.0
675 76.92307692307692 0.0
676 80.76923076923077 0.0
677 73.07692307692308 0.0
678 69.23076923076923 0.0
679 76.92307692307692 0.0
680 69.23076923076923 0.0
681 84.61538461538461 0.0
682 76.92307692307692 0.0
683 65.38461538461539 0.0
684 65.38461538461539 0.0
685 65.38461538461539 0.0
686 50.0 0.0
687 65.38461538461539 0.0
688 69.23076923076923 0.0
689 61.53846153846154 0.0
690 61.53846153846154 0.0
691 57.69230769230769 0.0
692 84.61538461538461 0.0
693 73.07692307692308 0.0
694 65.38461538461539 0.0
695 69.23076923076923 0.0
696 53.84615384615385 0.0
697 53.84615384615385 0.0
698 61.53846153846154 0.0
699 69.23076923076923 0.0
700 76.92307692307692 0.0
701 69.23076923076923 0.0
702 65.38461538461539 0.0
703 76.92307692307692 0.0
704 69.23076923076923 0.0
705 53.84615384615385 0.0
706 61.53846153846154 0.0
707 53.84615384615385 0.0
708 53.84615384615385 0.0
709 69.23076923076923 0.0
710 61.53846153846154 0.0
711 61.53846153846154 0.0
712 61.53846153846154 0.0
713 69.23076923076923 0.0
714 69.23076923076923 0.0
715 65.38461538461539 0.0
716 76.92307692307692 0.0
717 69.23076923076923 0.0
718 69.23076923076923 0.0
719 69.23076923076923 0.0
720 69.23076923076923 0.0
721 65.38461538461539 0.0
722 65.38461538461539 0.0
723 65.38461538461539 0.0
724 65.38461538461539 0.0
725 53.84615384615385 0.0
726 57.69230769230769 0.0
727 65.38461538461539 0.0
728 65.38461538461539 0.0
729 65.38461538461539 0.0
730 57.69230769230769 0.0
731 65.38461538461539 0.0
732 57.69230769230769 0.0
733 50.0 0.0
734 53.84615384615385 0.0
735 61.53846153846154 0.0
736 61.53846153846154 0.0
737 61.53846153846154 0.0
738 69.23076923076923 0.0
739 61.53846153846154 0.0
740 69.23076923076923 0.0
741 53.84615384615385 0.0
742 57.69230769230769 0.0
743 50.0 0.0
744 57.69230769230769 0.0
745 57.69230769230769 0.0
746 46.15384615384615 0.0
747 61.53846153846154 0.0
748 57.69230769230769 0.0
749 57.69230769230769 0.0
750 53.84615384615385 0.0
751 50.0 0.0
752 46.15384615384615 0.0
753 46.15384615384615 0.0
754 46.15384615384615 0.0
755 53.84615384615385 0.0
756 61.53846153846154 0.0
757 61.53846153846154 0.0
758 69.23076923076923 0.0
759 73.07692307692308 0.0
760 57.69230769230769 0.0
761 50.0 0.0
762 57.69230769230769 0.0
763 53.84615384615385 0.0
764 57.69230769230769 0.0
765 50.0 0.0
766 53.84615384615385 0.0
767 50.0 0.0
768 50.0 0.0
769 53.84615384615385 0.0
770 50.0 0.0
771 57.69230769230769 0.0
772 50.0 0.0
773 57.69230769230769 0.0
774 57.69230769230769 0.0
775 57.69230769230769 0.0
776 61.53846153846154 0.0
777 57.69230769230769 0.0
778 69.23076923076923 0.0
779 57.69230769230769 0.0
780 53.84615384615385 0.0
781 50.0 0.0
782 57.69230769230769 0.0
783 50.0 0.0
784 57.69230769230769 0.0
785 50.0 0.0
786 53.84615384615385 0.0
787 61.53846153846154 0.0
788 53.84615384615385 0.0
789 53.84615384615385 0.0
790 61.53846153846154 0.0
791 53.84615384615385 0.0
792 53.84615384615385 0.0
793 61.53846153846154 0.0
794 69.23076923076923 0.0
795 76.92307692307692 0.0
796 69.23076923076923 0.0
797 76.92307692307692 0.0
798 73.07692307692308 0.0
799 50.0 0.0
800 61.53846153846154 0.0
801 76.92307692307692 0.0
802 76.92307692307692 0.0
803 76.92307692307692 0.0
804 53.84615384615385 0.0
805 57.69230769230769 0.0
806 53.84615384615385 0.0
807 61.53846153846154 0.0
808 50.0 0.0
809 50.0 0.0
810 61.53846153846154 0.0
811 57.69230769230769 0.0
812 65.38461538461539 0.0
813 61.53846153846154 0.0
814 57.69230769230769 0.0
815 69.23076923076923 0.0
816 65.38461538461539 0.0
817 53.84615384615385 0.0
818 50.0 0.0
819 53.84615384615385 0.0
820 50.0 0.0
821 34.61538461538461 0.0
822 34.61538461538461 0.0
823 42.30769230769231 0.0
824 42.30769230769231 0.0
825 46.15384615384615 0.0
826 38.46153846153846 0.0
827 46.15384615384615 0.0
828 46.15384615384615 0.0
829 46.15384615384615 0.0
830 46.15384615384615 0.0
831 46.15384615384615 0.0
832 34.61538461538461 0.0
833 34.61538461538461 0.0
834 34.61538461538461 0.0
835 46.15384615384615 0.0
836 53.84615384615385 0.0
837 50.0 0.0
838 50.0 0.0
839 50.0 0.0
840 53.84615384615385 0.0
841 50.0 0.0
842 46.15384615384615 0.0
843 53.84615384615385 0.0
844 42.30769230769231 0.0
845 53.84615384615385 0.0
846 53.84615384615385 0.0
847 53.84615384615385 0.0
848 53.84615384615385 0.0
849 61.53846153846154 0.0
850 50.0 0.0
851 38.46153846153846 0.0
852 38.46153846153846 0.0
853 53.84615384615385 0.0
854 57.69230769230769 0.0
855 65.38461538461539 0.0
856 57.69230769230769 0.0
857 69.23076923076923 0.0
858 69.23076923076923 0.0
859 57.69230769230769 0.0
860 69.23076923076923 0.0
861 76.92307692307692 0.0
862 61.53846153846154 0.0
863 76.92307692307692 0.0
864 69.23076923076923 0.0
865 61.53846153846154 0.0
866 46.15384615384615 0.0
867 53.84615384615385 0.0
868 38.46153846153846 0.0
869 61.53846153846154 0.0
870 69.23076923076923 0.0
871 69.23076923076923 0.0
872 76.92307692307692 0.0
873 69.23076923076923 0.0
874 61.53846153846154 0.0
875 84.61538461538461 0.0
876 76.92307692307692 0.0
877 76.92307692307692 0.0
878 84.61538461538461 0.0
879 76.92307692307692 0.0
880 84.61538461538461 0.0
881 84.61538461538461 0.0
882 76.92307692307692 0.0
883 69.23076923076923 0.0
884 69.23076923076923 0.0
885 76.92307692307692 0.0
886 69.23076923076923 0.0
887 76.92307692307692 0.0
888 76.92307692307692 0.0
889 69.23076923076923 0.0
890 84.61538461538461 0.0
891 92.3076923076923 0.0
892 92.3076923076923 0.0
893 76.92307692307692 0.0
894 84.61538461538461 0.0
895 84.61538461538461 0.0
896 76.92307692307692 0.0
897 76.92307692307692 0.0
898 76.92307692307692 0.0
899 76.92307692307692 0.0
900 76.92307692307692 0.0
901 76.92307692307692 0.0
902 76.92307692307692 0.0
903 76.92307692307692 0.0
904 76.92307692307692 0.0
905 69.23076923076923 0.0
906 76.92307692307692 0.0
907 76.92307692307692 0.0
908 73.07692307692308 0.0
909 76.92307692307692 0.0
910 76.92307692307692 0.0
911 84.61538461538461 0.0
912 69.23076923076923 0.0
913 84.61538461538461 0.0
914 76.92307692307692 0.0
915 84.61538461538461 0.0
916 76.92307692307692 0.0
917 80.76923076923077 0.0
918 80.76923076923077 0.0
919 80.76923076923077 0.0
920 65.38461538461539 0.0
921 76.92307692307692 0.0
922 76.92307692307692 0.0
923 76.92307692307692 0.0
924 92.3076923076923 0.0
925 92.3076923076923 0.0
926 84.61538461538461 0.0
927 76.92307692307692 0.0
928 69.23076923076923 0.0
929 76.92307692307692 0.0
930 69.23076923076923 0.0
931 53.84615384615385 0.0
932 53.84615384615385 0.0
933 50.0 0.0
934 65.38461538461539 0.0
935 61.53846153846154 0.0
936 53.84615384615385 0.0
937 61.53846153846154 0.0
938 61.53846153846154 0.0
939 65.38461538461539 0.0
940 61.53846153846154 0.0
941 76.92307692307692 0.0
942 69.23076923076923 0.0
943 69.23076923076923 0.0
944 69.23076923076923 0.0
945 69.23076923076923 0.0
946 84.61538461538461 0.0
947 69.23076923076923 0.0
948 69.23076923076923 0.0
949 69.23076923076923 0.0
950 57.69230769230769 0.0
951 76.92307692307692 0.0
952 69.23076923076923 0.0
953 61.53846153846154 0.0
954 69.23076923076923 0.0
955 69.23076923076923 0.0
956 76.92307692307692 0.0
957 84.61538461538461 0.0
958 73.07692307692308 0.0
959 84.61538461538461 0.0
960 57.69230769230769 0.0
961 69.23076923076923 0.0
962 84.61538461538461 0.0
963 84.61538461538461 0.0
964 76.92307692307692 0.0
965 76.92307692307692 0.0
966 65.38461538461539 0.0
967 61.53846153846154 0.0
968 57.69230769230769 0.0
969 61.53846153846154 0.0
970 84.61538461538461 0.0
971 84.61538461538461 0.0
972 69.23076923076923 0.0
973 76.92307692307692 0.0
974 76.92307692307692 0.0
975 76.92307692307692 0.0
976 84.61538461538461 0.0
977 73.07692307692308 0.0
978 73.07692307692308 0.0
979 84.61538461538461 0.0
980 73.07692307692308 0.0
981 73.07692307692308 0.0
982 76.92307692307692 0.0
983 65.38461538461539 0.0
984 65.38461538461539 0.0
985 69.23076923076923 0.0
986 80.76923076923077 0.0
987 73.07692307692308 0.0
988 73.07692307692308 0.0
989 73.07692307692308 0.0
990 73.07692307692308 0.0
991 73.07692307692308 0.0
992 65.38461538461539 0.0
993 73.07692307692308 0.0
994 73.07692307692308 0.0
995 76.92307692307692 0.0
996 57.69230769230769 0.0
997 65.38461538461539 0.0
998 57.69230769230769 0.0
999 65.38461538461539 0.0
