#frame monomers_% popc_isolated_%
0 61.53846153846154 0.0
1 53.84615384615385 0.0
2 65.38461538461539 0.0
3 65.38461538461539 0.0
4 65.38461538461539 0.0
5 65.38461538461539 0.0
6 65.38461538461539 0.0
7 80.76923076923077 0.0
8 84.61538461538461 0.0
9 80.76923076923077 0.0
10 84.61538461538461 0.0
11 80.76923076923077 0.0
12 80.76923076923077 0.0
13 73.07692307692308 0.0
14 65.38461538461539 0.0
15 73.07692307692308 0.0
16 61.53846153846154 0.0
17 65.38461538461539 0.0
18 84.61538461538461 0.0
19 84.61538461538461 0.0
20 84.61538461538461 0.0
21 92.3076923076923 0.0
22 84.61538461538461 0.0
23 76.92307692307692 0.0
24 84.61538461538461 0.0
25 84.61538461538461 0.0
26 69.23076923076923 0.0
27 76.92307692307692 0.0
28 73.07692307692308 0.0
29 69.23076923076923 0.0
30 76.92307692307692 0.0
31 84.61538461538461 0.0
32 76.92307692307692 0.0
33 84.61538461538461 0.0
34 73.07692307692308 0.0
35 76.92307692307692 0.0
36 76.92307692307692 0.0
37 80.76923076923077 0.0
38 76.92307692307692 0.0
39 80.76923076923077 0.0
40 69.23076923076923 0.0
41 69.23076923076923 0.0
42 69.23076923076923 0.0
43 61.53846153846154 0.0
44 69.23076923076923 0.0
45 69.23076923076923 0.0
46 76.92307692307692 0.0
47 69.23076923076923 0.0
48 69.23076923076923 0.0
49 84.61538461538461 0.0
50 69.23076923076923 0.0
51 84.61538461538461 0.0
52 61.53846153846154 0.0
53 69.23076923076923 0.0
54 69.23076923076923 0.0
55 76.92307692307692 0.0
56 76.92307692307692 0.0
57 69.23076923076923 0.0
58 65.38461538461539 0.0
59 69.23076923076923 0.0
60 61.53846153846154 0.0
61 53.84615384615385 0.0
62 61.53846153846154 0.0
63 69.23076923076923 0.0
64 76.92307692307692 0.0
65 69.23076923076923 0.0
66 69.23076923076923 0.0
67 80.76923076923077 0.0
68 69.23076923076923 0.0
69 76.92307692307692 0.0
70 76.92307692307692 0.0
71 76.92307692307692 0.0
72 76.92307692307692 0.0
73 84.61538461538461 0.0
74 84.61538461538461 0.0
75 84.61538461538461 0.0
76 84.61538461538461 0.0
77 76.92307692307692 0.0
78 84.61538461538461 0.0
79 84.61538461538461 0.0
80 76.92307692307692 0.0
81 69.23076923076923 0.0
82 84.61538461538461 0.0
83 84.61538461538461 0.0
84 84.61538461538461 0.0
85 76.92307692307692 0.0
86 92.3076923076923 0.0
87 84.61538461538461 0.0
88 84.61538461538461 0.0
89 84.61538461538461 0.0
90 76.92307692307692 0.0
91 76.92307692307692 0.0
92 84.61538461538461 0.0
93 84.61538461538461 0.0
94 73.07692307692308 0.0
95 76.92307692307692 0.0
96 69.23076923076923 0.0
97 76.92307692307692 0.0
98 76.92307692307692 0.0
99 65.38461538461539 0.0
100 57.69230769230769 0.0
101 73.07692307692308 0.0
102 73.07692307692308 0.0
103 73.07692307692308 0.0
104 73.07692307692308 0.0
105 80.76923076923077 0.0
106 76.92307692307692 0.0
107 73.07692307692308 0.0
108 73.07692307692308 0.0
109 73.07692307692308 0.0
110 69.23076923076923 0.0
111 73.07692307692308 0.0
112 80.76923076923077 0.0
113 80.76923076923077 0.0
114 73.07692307692308 0.0
115 69.23076923076923 0.0
116 80.76923076923077 0.0
117 76.92307692307692 0.0
118 84.61538461538461 0.0
119 92.3076923076923 0.0
120 92.3076923076923 0.0
121 84.61538461538461 0.0
122 92.3076923076923 0.0
123 80.76923076923077 0.0
124 76.92307692307692 0.0
125 88.46153846153847 0.0
126 76.92307692307692 0.0
127 76.92307692307692 0.0
128 73.07692307692308 0.0
129 76.92307692307692 0.0
130 80.76923076923077 0.0
131 76.92307692307692 0.0
132 84.61538461538461 0.0
133 73.07692307692308 0.0
134 73.07692307692308 0.0
135 80.76923076923077 0.0
136 80.76923076923077 0.0
137 84.61538461538461 0.0
138 65.38461538461539 0.0
139 65.38461538461539 0.0
140 73.07692307692308 0.0
141 69.23076923076923 0.0
142 65.38461538461539 0.0
143 80.76923076923077 0.0
144 80.76923076923077 0.0
145 73.07692307692308 0.0
146 73.07692307692308 0.0
147 73.07692307692308 0.0
148 80.76923076923077 0.0
149 76.92307692307692 0.0
150 84.61538461538461 0.0
151 84.61538461538461 0.0
152 84.61538461538461 0.0
153 69.23076923076923 0.0
154 69.23076923076923 0.0
155 76.92307692307692 0.0
156 84.61538461538461 0.0
157 84.61538461538461 0.0
158 76.92307692307692 0.0
159 73.07692307692308 0.0
160 76.92307692307692 0.0
161 76.92307692307692 0.0
162 84.61538461538461 0.0
163 84.61538461538461 0.0
164 76.92307692307692 0.0
165 76.92307692307692 0.0
166 76.92307692307692 0.0
167 76.92307692307692 0.0
168 73.07692307692308 0.0
169 80.76923076923077 0.0
170 73.07692307692308 0.0
171 76.92307692307692 0.0
172 84.61538461538461 0.0
173 76.92307692307692 0.0
174 73.07692307692308 0.0
175 84.61538461538461 0.0
176 88.46153846153847 0.0
177 92.3076923076923 0.0
178 84.61538461538461 0.0
179 80.76923076923077 0.0
180 92.3076923076923 0.0
181 92.3076923076923 0.0
182 80.76923076923077 0.0
183 80.76923076923077 0.0
184 84.61538461538461 0.0
185 84.61538461538461 0.0
186 73.07692307692308 0.0
187 61.53846153846154 0.0
188 65.38461538461539 0.0
189 76.92307692307692 0.0
190 84.61538461538461 0.0
191 84.61538461538461 0.0
192 84.61538461538461 0.0
193 92.3076923076923 0.0
194 92.3076923076923 0.0
195 80.76923076923077 0.0
196 80.76923076923077 0.0
197 84.61538461538461 0.0
198 84.61538461538461 0.0
199 80.76923076923077 0.0
200 84.61538461538461 0.0
201 65.38461538461539 0.0
202 69.23076923076923 0.0
203 65.38461538461539 0.0
204 65.38461538461539 0.0
205 73.07692307692308 0.0
206 80.76923076923077 0.0
207 73.07692307692308 0.0
208 76.92307692307692 0.0
209 57.69230769230769 0.0
210 73.07692307692308 0.0
211 69.23076923076923 0.0
212 80.76923076923077 0.0
213 65.38461538461539 0.0
214 65.38461538461539 0.0
215 65.38461538461539 0.0
216 73.07692307692308 0.0
217 80.76923076923077 0.0
218 80.76923076923077 0.0
219 69.23076923076923 0.0
220 76.92307692307692 0.0
221 76.92307692307692 0.0
222 73.07692307692308 0.0
223 69.23076923076923 0.0
224 69.23076923076923 0.0
225 69.23076923076923 0.0
226 65.38461538461539 0.0
227 61.53846153846154 0.0
228 76.92307692307692 0.0
229 76.92307692307692 0.0
230 61.53846153846154 0.0
231 69.23076923076923 0.0
232 65.38461538461539 0.0
233 73.07692307692308 0.0
234 69.23076923076923 0.0
235 69.23076923076923 0.0
236 69.23076923076923 0.0
237 69.23076923076923 0.0
238 69.23076923076923 0.0
239 69.23076923076923 0.0
240 73.07692307692308 0.0
241 53.84615384615385 0.0
242 69.23076923076923 0.0
243 73.07692307692308 0.0
244 73.07692307692308 0.0
245 61.53846153846154 0.0
246 65.38461538461539 0.0
247 76.92307692307692 0.0
248 84.61538461538461 0.0
249 84.61538461538461 0.0
250 84.61538461538461 0.0
251 53.84615384615385 0.0
252 76.92307692307692 0.0
253 76.92307692307692 0.0
254 76.92307692307692 0.0
255 61.53846153846154 0.0
256 65.38461538461539 0.0
257 69.23076923076923 0.0
258 57.69230769230769 0.0
259 57.69230769230769 0.0
260 73.07692307692308 0.0
261 50.0 0.0
262 61.53846153846154 0.0
263 53.84615384615385 0.0
264 65.38461538461539 0.0
265 65.38461538461539 0.0
266 61.53846153846154 0.0
267 65.38461538461539 0.0
268 65.38461538461539 0.0
269 69.23076923076923 0.0
270 65.38461538461539 0.0
271 65.38461538461539 0.0
272 65.38461538461539 0.0
273 69.23076923076923 0.0
274 61.53846153846154 0.0
275 69.23076923076923 0.0
276 76.92307692307692 0.0
277 61.53846153846154 0.0
278 65.38461538461539 0.0
279 61.53846153846154 0.0
280 65.38461538461539 0.0
281 69.23076923076923 0.0
282 76.92307692307692 0.0
283 65.38461538461539 0.0
284 73.07692307692308 0.0
285 69.23076923076923 0.0
286 57.69230769230769 0.0
287 76.92307692307692 0.0
288 57.69230769230769 0.0
289 46.15384615384615 0.0
290 50.0 0.0
291 69.23076923076923 0.0
292 76.92307692307692 0.0
293 65.38461538461539 0.0
294 65.38461538461539 0.0
295 57.69230769230769 0.0
296 73.07692307692308 0.0
297 69.23076923076923 0.0
298 65.38461538461539 0.0
299 69.23076923076923 0.0
300 69.23076923076923 0.0
301 76.92307692307692 0.0
302 76.92307692307692 0.0
303 73.07692307692308 0.0
304 61.53846153846154 0.0
305 73.07692307692308 0.0
306 65.38461538461539 0.0
307 76.92307692307692 0.0
308 84.61538461538461 0.0
309 65.38461538461539 0.0
310 65.38461538461539 0.0
311 76.92307692307692 0.0
312 69.23076923076923 0.0
313 69.23076923076923 0.0
314 84.61538461538461 0.0
315 76.92307692307692 0.0
316 73.07692307692308 0.0
317 84.61538461538461 0.0
318 76.92307692307692 0.0
319 69.23076923076923 0.0
320 69.23076923076923 0.0
321 69.23076923076923 0.0
322 76.92307692307692 0.0
323 73.07692307692308 0.0
324 65.38461538461539 0.0
325 76.92307692307692 0.0
326 76.92307692307692 0.0
327 80.76923076923077 0.0
328 76.92307692307692 0.0
329 76.92307692307692 0.0
330 84.61538461538461 0.0
331 76.92307692307692 0.0
332 65.38461538461539 0.0
333 61.53846153846154 0.0
334 69.23076923076923 0.0
335 65.38461538461539 0.0
336 73.07692307692308 0.0
337 73.07692307692308 0.0
338 73.07692307692308 0.0
339 76.92307692307692 0.0
340 73.07692307692308 0.0
341 73.07692307692308 0.0
342 65.38461538461539 0.0
343 65.38461538461539 0.0
344 57.69230769230769 0.0
345 65.38461538461539 0.0
346 69.23076923076923 0.0
347 69.23076923076923 0.0
348 69.23076923076923 0.0
349 76.92307692307692 0.0
350 76.92307692307692 0.0
351 80.76923076923077 0.0
352 84.61538461538461 0.0
353 65.38461538461539 0.0
354 65.38461538461539 0.0
355 57.69230769230769 0.0
356 65.38461538461539 0.0
357 61.53846153846154 0.0
358 65.38461538461539 0.0
359 57.69230769230769 0.0
360 61.53846153846154 0.0
361 73.07692307692308 0.0
362 69.23076923076923 0.0
363 57.69230769230769 0.0
364 57.69230769230769 0.0
365 57.69230769230769 0.0
366 61.53846153846154 0.0
367 69.23076923076923 0.0
368 65.38461538461539 0.0
369 61.53846153846154 0.0
370 61.53846153846154 0.0
371 76.92307692307692 0.0
372 65.38461538461539 0.0
373 61.53846153846154 0.0
374 50.0 0.0
375 53.84615384615385 0.0
376 65.38461538461539 0.0
377 46.15384615384615 0.0
378 46.15384615384615 0.0
379 46.15384615384615 0.0
380 42.30769230769231 0.0
381 57.69230769230769 0.0
382 73.07692307692308 0.0
383 69.23076923076923 0.0
384 50.0 0.0
385 53.84615384615385 0.0
386 53.84615384615385 0.0
387 61.53846153846154 0.0
388 57.69230769230769 0.0
389 50.0 0.0
390 57.69230769230769 0.0
391 61.53846153846154 0.0
392 57.69230769230769 0.0
393 65.38461538461539 0.0
394 61.53846153846154 0.0
395 53.84615384615385 0.0
396 69.23076923076923 0.0
397 61.53846153846154 0.0
398 57.69230769230769 0.0
399 76.92307692307692 0.0
400 65.38461538461539 0.0
401 53.84615384615385 0.0
402 57.69230769230769 0.0
403 50.0 0.0
404 76.92307692307692 0.0
405 84.61538461538461 0.0
406 65.38461538461539 0.0
407 69.23076923076923 0.0
408 76.92307692307692 0.0
409 69.23076923076923 0.0
410 76.92307692307692 0.0
411 76.92307692307692 0.0
412 76.92307692307692 0.0
413 73.07692307692308 0.0
414 76.92307692307692 0.0
415 76.92307692307692 0.0
416 76.92307692307692 0.0
417 73.07692307692308 0.0
418 69.23076923076923 0.0
419 69.23076923076923 0.0
420 73.07692307692308 0.0
421 65.38461538461539 0.0
422 69.23076923076923 0.0
423 50.0 0.0
424 61.53846153846154 0.0
425 84.61538461538461 0.0
426 76.92307692307692 0.0
427 76.92307692307692 0.0
428 73.07692307692308 0.0
429 76.92307692307692 0.0
430 76.92307692307692 0.0
431 73.07692307692308 0.0
432 65.38461538461539 0.0
433 69.23076923076923 0.0
434 69.23076923076923 0.0
435 73.07692307692308 0.0
436 76.92307692307692 0.0
437 61.53846153846154 0.0
438 61.53846153846154 0.0
439 65.38461538461539 0.0
440 61.53846153846154 0.0
441 61.53846153846154 0.0
442 61.53846153846154 0.0
443 69.23076923076923 0.0
444 76.92307692307692 0.0
445 69.23076923076923 0.0
446 69.23076923076923 0.0
447 80.76923076923077 0.0
448 92.3076923076923 0.0
449 76.92307692307692 0.0
450 73.07692307692308 0.0
451 80.76923076923077 0.0
452 92.3076923076923 0.0
453 69.23076923076923 0.0
454 61.53846153846154 0.0
455 69.23076923076923 0.0
456 65.38461538461539 0.0
457 69.23076923076923 0.0
458 84.61538461538461 0.0
459 84.61538461538461 0.0
460 92.3076923076923 0.0
461 84.61538461538461 0.0
462 84.61538461538461 0.0
463 76.92307692307692 0.0
464 73.07692307692308 0.0
465 84.61538461538461 0.0
466 84.61538461538461 0.0
467 73.07692307692308 0.0
468 69.23076923076923 0.0
469 84.61538461538461 0.0
470 84.61538461538461 0.0
471 80.76923076923077 0.0
472 80.76923076923077 0.0
473 73.07692307692308 0.0
474 92.3076923076923 0.0
475 92.3076923076923 0.0
476 84.61538461538461 0.0
477 92.3076923076923 0.0
478 76.92307692307692 0.0
479 84.61538461538461 0.0
480 76.92307692307692 0.0
481 84.61538461538461 0.0
482 57.69230769230769 0.0
483 69.23076923076923 0.0
484 76.92307692307692 0.0
485 57.69230769230769 0.0
486 69.23076923076923 0.0
487 69.23076923076923 0.0
488 76.92307692307692 0.0
489 76.92307692307692 0.0
490 76.92307692307692 0.0
491 76.92307692307692 0.0
492 76.92307692307692 0.0
493 76.92307692307692 1.5625
494 76.92307692307692 0.0
495 84.61538461538461 0.0
496 76.92307692307692 0.0
497 76.92307692307692 0.0
498 84.61538461538461 0.0
499 84.61538461538461 0.0
500 92.3076923076923 0.0
501 76.92307692307692 0.0
502 76.92307692307692 0.0
503 84.61538461538461 0.0
504 84.61538461538461 0.0
505 84.61538461538461 0.0
506 76.92307692307692 0.0
507 76.92307692307692 0.0
508 73.07692307692308 0.0
509 80.76923076923077 0.0
510 80.76923076923077 0.0
511 73.07692307692308 0.0
512 92.3076923076923 0.0
513 84.61538461538461 0.0
514 73.07692307692308 0.0
515 80.76923076923077 0.0
516 84.61538461538461 0.0
517 84.61538461538461 0.0
518 92.3076923076923 0.0
519 92.3076923076923 0.0
520 92.3076923076923 0.0
521 92.3076923076923 0.0
522 76.92307692307692 0.0
523 84.61538461538461 0.0
524 80.76923076923077 0.0
525 80.76923076923077 0.0
526 92.3076923076923 0.0
527 92.3076923076923 0.0
528 88.46153846153847 0.0
529 80.76923076923077 0.0
530 73.07692307692308 0.0
531 73.07692307692308 0.0
532 76.92307692307692 0.0
533 80.76923076923077 0.0
534 76.92307692307692 0.0
535 76.92307692307692 1.5625
536 76.92307692307692 0.0
537 76.92307692307692 0.0
538 84.61538461538461 0.0
539 76.92307692307692 0.0
540 53.84615384615385 0.0
541 57.69230769230769 0.0
542 76.92307692307692 0.0
543 69.23076923076923 0.0
544 73.07692307692308 0.0
545 73.07692307692308 0.0
546 73.07692307692308 0.0
547 61.53846153846154 0.0
548 61.53846153846154 0.0
549 61.53846153846154 0.0
550 65.38461538461539 0.0
551 69.23076923076923 0.0
552 65.38461538461539 0.0
553 73.07692307692308 0.0
554 80.76923076923077 0.0
555 76.92307692307692 0.0
556 69.23076923076923 0.0
557 69.23076923076923 0.0
558 76.92307692307692 0.0
559 76.92307692307692 0.0
560 84.61538461538461 0.0
561 69.23076923076923 0.0
562 50.0 0.0
563 65.38461538461539 0.0
564 65.38461538461539 0.0
565 50.0 0.0
566 69.23076923076923 0.0
567 61.53846153846154 0.0
568 57.69230769230769 0.0
569 73.07692307692308 0.0
570 73.07692307692308 0.0
571 65.38461538461539 0.0
572 65.38461538461539 0.0
573 57.69230769230769 0.0
574 73.07692307692308 0.0
575 65.38461538461539 0.0
576 73.07692307692308 0.0
577 65.38461538461539 0.0
578 65.38461538461539 0.0
579 76.92307692307692 0.0
580 65.38461538461539 0.0
581 65.38461538461539 0.0
582 73.07692307692308 0.0
583 65.38461538461539 0.0
584 69.23076923076923 0.0
585 69.23076923076923 0.0
586 65.38461538461539 0.0
587 65.38461538461539 0.0
588 65.38461538461539 0.0
589 57.69230769230769 0.0
590 61.53846153846154 0.0
591 65.38461538461539 0.0
592 50.0 0.0
593 65.38461538461539 0.0
594 73.07692307692308 0.0
595 80.76923076923077 0.0
596 65.38461538461539 0.0
597 57.69230769230769 0.0
598 65.38461538461539 0.0
599 76.92307692307692 0.0
600 69.23076923076923 0.0
601 65.38461538461539 0.0
602 69.23076923076923 0.0
603 73.07692307692308 0.0
604 65.38461538461539 0.0
605 76.92307692307692 0.0
606 65.38461538461539 0.0
607 73.07692307692308 0.0
608 65.38461538461539 0.0
609 69.23076923076923 0.0
610 69.23076923076923 0.0
611 76.92307692307692 0.0
612 76.92307692307692 0.0
613 76.92307692307692 0.0
614 80.76923076923077 0.0
615 73.07692307692308 0.0
616 76.92307692307692 0.0
617 76.92307692307692 0.0
618 69.23076923076923 0.0
619 69.23076923076923 0.0
620 73.07692307692308 0.0
621 61.53846153846154 0.0
622 61.53846153846154 0.0
623 57.69230769230769 0.0
624 69.23076923076923 0.0
625 61.53846153846154 0.0
626 65.38461538461539 0.0
627 65.38461538461539 0.0
628 65.38461538461539 0.0
629 61.53846153846154 0.0
630 53.84615384615385 0.0
631 65.38461538461539 0.0
632 65.38461538461539 0.0
633 61.53846153846154 0.0
634 53.84615384615385 0.0
635 61.53846153846154 0.0
636 53.84615384615385 0.0
637 53.84615384615385 0.0
638 53.84615384615385 0.0
639 61.53846153846154 0.0
640 61.53846153846154 0.0
641 69.23076923076923 0.0
642 57.69230769230769 0.0
643 76.92307692307692 0.0
644 73.07692307692308 0.0
645 73.07692307692308 0.0
646 57.69230769230769 0.0
647 69.23076923076923 0.0
648 61.53846153846154 0.0
649 61.53846153846154 0.0
650 61.53846153846154 0.0
651 57.69230769230769 0.0
652 61.53846153846154 0.0
653 57.69230769230769 1.5625
654 53.84615384615385 0.0
655 57.69230769230769 1.5625
656 53.84615384615385 1.5625
657 57.69230769230769 1.5625
658 50.0 1.5625
659 65.38461538461539 0.0
660 50.0 1.5625
661 57.69230769230769 0.0
662 65.38461538461539 0.0
663 42.30769230769231 0.0
664 50.0 0.0
665 50.0 0.0
666 53.84615384615385 0.0
667 53.84615384615385 0.0
668 61.53846153846154 0.0
669 57.69230769230769 0.0
670 65.38461538461539 0.0
671 61.53846153846154 0.0
672 61.53846153846154 0.0
673 53.84615384615385 0.0
674 53.84615384615385 0.0
675 38.46153846153846 0.0
676 61.53846153846154 0.0
677 61.53846153846154 0.0
678 53.84615384615385 0.0
679 57.69230769230769 0.0
680 53.84615384615385 0.0
681 65.38461538461539 0.0
682 65.38461538461539 0.0
683 57.69230769230769 0.0
684 57.69230769230769 0.0
685 65.38461538461539 0.0
686 61.53846153846154 0.0
687 61.53846153846154 0.0
688 57.69230769230769 0.0
689 50.0 0.0
690 53.84615384615385 0.0
691 57.69230769230769 0.0
692 53.84615384615385 0.0
693 57.69230769230769 0.0
694 61.53846153846154 0.0
695 53.84615384615385 0.0
696 38.46153846153846 0.0
697 50.0 0.0
698 50.0 0.0
699 50.0 0.0
700 46.15384615384615 0.0
701 53.84615384615385 0.0
702 46.15384615384615 0.0
703 53.84615384615385 0.0
704 53.84615384615385 0.0
705 69.23076923076923 0.0
706 61.53846153846154 0.0
707 69.23076923076923 0.0
708 69.23076923076923 1.5625
709 69.23076923076923 1.5625
710 53.84615384615385 1.5625
711 50.0 1.5625
712 53.84615384615385 1.5625
713 53.84615384615385 1.5625
714 53.84615384615385 1.5625
715 50.0 1.5625
716 61.53846153846154 1.5625
717 61.53846153846154 1.5625
718 69.23076923076923 1.5625
719 61.53846153846154 1.5625
720 69.23076923076923 3.125
721 61.53846153846154 1.5625
722 53.84615384615385 3.125
723 53.84615384615385 3.125
724 57.69230769230769 1.5625
725 57.69230769230769 1.5625
726 57.69230769230769 0.0
727 69.23076923076923 0.0
728 69.23076923076923 0.0
729 69.23076923076923 1.5625
730 76.92307692307692 0.0
731 69.23076923076923 0.0
732 76.92307692307692 0.0
733 76.92307692307692 0.0
734 61.53846153846154 0.0
735 69.23076923076923 0.0
736 61.53846153846154 0.0
737 61.53846153846154 1.5625
738 65.38461538461539 0.0
739 65.38461538461539 0.0
740 65.38461538461539 0.0
741 65.38461538461539 0.0
742 61.53846153846154 0.0
743 61.53846153846154 0.0
744 69.23076923076923 1.5625
745 69.23076923076923 0.0
746 69.23076923076923 0.0
747 69.23076923076923 0.0
748 61.53846153846154 0.0
749 65.38461538461539 0.0
750 76.92307692307692 1.5625
751 69.23076923076923 1.5625
752 69.23076923076923 0.0
753 69.23076923076923 1.5625
754 76.92307692307692 1.5625
755 61.53846153846154 0.0
756 80.76923076923077 0.0
757 65.38461538461539 0.0
758 57.69230769230769 0.0
759 50.0 0.0
760 65.38461538461539 0.0
761 57.69230769230769 0.0
762 57.69230769230769 0.0
763 65.38461538461539 0.0
764 65.38461538461539 0.0
765 73.07692307692308 0.0
766 57.69230769230769 0.0
767 69.23076923076923 0.0
768 61.53846153846154 0.0
769 65.38461538461539 0.0
770 73.07692307692308 0.0
771 73.07692307692308 0.0
772 69.23076923076923 0.0
773 73.07692307692308 0.0
774 73.07692307692308 0.0
775 73.07692307692308 0.0
776 73.07692307692308 0.0
777 73.07692307692308 0.0
778 76.92307692307692 0.0
779 76.92307692307692 0.0
780 73.07692307692308 0.0
781 76.92307692307692 0.0
782 69.23076923076923 0.0
783 65.38461538461539 0.0
784 69.23076923076923 0.0
785 69.23076923076923 0.0
786 69.23076923076923 0.0
787 69.23076923076923 0.0
788 69.23076923076923 0.0
789 69.23076923076923 0.0
790 69.23076923076923 0.0
791 80.76923076923077 0.0
792 73.07692307692308 0.0
793 73.07692307692308 0.0
794 76.92307692307692 0.0
795 73.07692307692308 0.0
796 76.92307692307692 0.0
797 84.61538461538461 0.0
798 73.07692307692308 0.0
799 73.07692307692308 0.0
800 73.07692307692308 0.0
801 73.07692307692308 0.0
802 61.53846153846154 0.0
803 61.53846153846154 0.0
804 80.76923076923077 0.0
805 65.38461538461539 0.0
806 65.38461538461539 0.0
807 69.23076923076923 0.0
808 69.23076923076923 0.0
809 69.23076923076923 0.0
810 69.23076923076923 0.0
811 61.53846153846154 0.0
812 69.23076923076923 0.0
813 69.23076923076923 0.0
814 69.23076923076923 0.0
815 76.92307692307692 0.0
816 69.23076923076923 0.0
817 69.23076923076923 0.0
818 69.23076923076923 0.0
819 76.92307692307692 0.0
820 76.92307692307692 0.0
821 76.92307692307692 0.0
822 69.23076923076923 0.0
823 76.92307692307692 0.0
824 69.23076923076923 0.0
825 76.92307692307692 0.0
826 69.23076923076923 0.0
827 76.92307692307692 0.0
828 69.23076923076923 0.0
829 69.23076923076923 0.0
830 69.23076923076923 0.0
831 69.23076923076923 0.0
832 76.92307692307692 0.0
833 76.92307692307692 0.0
834 69.23076923076923 0.0
835 69.23076923076923 0.0
836 76.92307692307692 0.0
837 76.92307692307692 0.0
838 76.92307692307692 0.0
839 69.23076923076923 0.0
840 69.23076923076923 0.0
841 76.92307692307692 0.0
842 69.23076923076923 0.0
843 61.53846153846154 0.0
844 69.23076923076923 0.0
845 57.69230769230769 0.0
846 69.23076923076923 0.0
847 69.23076923076923 0.0
848 69.23076923076923 0.0
849 73.07692307692308 0.0
850 73.07692307692308 0.0
851 73.07692307692308 0.0
852 76.92307692307692 0.0
853 80.76923076923077 0.0
854 73.07692307692308 0.0
855 65.38461538461539 0.0
856 57.69230769230769 0.0
857 50.0 0.0
858 53.84615384615385 0.0
859 53.84615384615385 0.0
860 53.84615384615385 0.0
861 61.53846153846154 0.0
862 57.69230769230769 0.0
863 53.84615384615385 0.0
864 65.38461538461539 0.0
865 61.53846153846154 0.0
866 65.38461538461539 0.0
867 57.69230769230769 0.0
868 65.38461538461539 0.0
869 57.69230769230769 0.0
870 50.0 0.0
871 46.15384615384615 0.0
872 61.53846153846154 0.0
873 61.53846153846154 0.0
874 57.69230769230769 0.0
875 57.69230769230769 0.0
876 53.84615384615385 0.0
877 53.84615384615385 0.0
878 53.84615384615385 0.0
879 50.0 0.0
880 57.69230769230769 0.0
881 61.53846153846154 0.0
882 57.69230769230769 0.0
883 57.69230769230769 0.0
884 65.38461538461539 0.0
885 57.69230769230769 0.0
886 65.38461538461539 0.0
887 57.69230769230769 0.0
888 73.07692307692308 0.0
889 65.38461538461539 0.0
890 69.23076923076923 0.0
891 76.92307692307692 0.0
892 84.61538461538461 0.0
893 69.23076923076923 0.0
894 76.92307692307692 0.0
895 65.38461538461539 0.0
896 73.07692307692308 0.0
897 73.07692307692308 0.0
898 73.07692307692308 0.0
899 76.92307692307692 0.0
900 73.07692307692308 0.0
901 73.07692307692308 0.0
902 69.23076923076923 0.0
903 61.53846153846154 0.0
904 73.07692307692308 0.0
905 76.92307692307692 0.0
906 76.92307692307692 0.0
907 76.92307692307692 0.0
908 76.92307692307692 0.0
909 57.69230769230769 0.0
910 61.53846153846154 0.0
911 57.69230769230769 0.0
912 46.15384615384615 0.0
913 53.84615384615385 0.0
914 53.84615384615385 0.0
915 46.15384615384615 0.0
916 50.0 0.0
917 50.0 0.0
918 53.84615384615385 0.0
919 46.15384615384615 0.0
920 46.15384615384615 0.0
921 50.0 0.0
922 46.15384615384615 0.0
923 73.07692307692308 0.0
924 53.84615384615385 0.0
925 69.23076923076923 0.0
926 69.23076923076923 0.0
927 61.53846153846154 0.0
928 73.07692307692308 0.0
929 69.23076923076923 0.0
930 61.53846153846154 0.0
931 76.92307692307692 0.0
932 61.53846153846154 0.0
933 57.69230769230769 0.0
934 57.69230769230769 0.0
935 57.69230769230769 0.0
936 69.23076923076923 0.0
937 61.53846153846154 0.0
938 61.53846153846154 0.0
939 61.53846153846154 0.0
940 53.84615384615385 0.0
941 69.23076923076923 0.0
942 69.23076923076923 0.0
943 61.53846153846154 0.0
944 69.23076923076923 0.0
945 65.38461538461539 0.0
946 57.69230769230769 0.0
947 57.69230769230769 0.0
948 38.46153846153846 0.0
949 61.53846153846154 0.0
950 50.0 0.0
951 65.38461538461539 0.0
952 57.69230769230769 0.0
953 57.69230769230769 0.0
954 57.69230769230769 0.0
955 61.53846153846154 0.0
956 61.53846153846154 0.0
957 57.69230769230769 0.0
958 57.69230769230769 0.0
959 61.53846153846154 0.0
960 57.69230769230769 0.0
961 61.53846153846154 0.0
962 69.23076923076923 0.0
963 61.53846153846154 0.0
964 53.84615384615385 0.0
965 46.15384615384615 0.0
966 53.84615384615385 0.0
967 53.84615384615385 0.0
968 46.15384615384615 0.0
969 53.84615384615385 0.0
970 61.53846153846154 0.0
971 46.15384615384615 0.0
972 50.0 0.0
973 50.0 0.0
974 50.0 0.0
975 61.53846153846154 0.0
976 61.53846153846154 0.0
977 50.0 0.0
978 50.0 0.0
979 53.84615384615385 0.0
980 53.84615384615385 0.0
981 53.84615384615385 0.0
982 53.84615384615385 0.0
983 53.84615384615385 0.0
984 61.53846153846154 0.0
985 50.0 0.0
986 50.0 0.0
987 38.46153846153846 0.0
988 34.61538461538461 0.0
989 57.69230769230769 0.0
990 50.0 0.0
991 50.0 0.0
992 57.69230769230769 0.0
993 50.0 0.0
994 42.30769230769231 0.0
995 46.15384615384615 0.0
996 46.15384615384615 0.0
997 53.84615384615385 0.0
998 61.53846153846154 0.0
999 53.84615384615385 0.0
