#resid average_duration max_duration persistent_contacts
1 5.5 19 8
10 7.114285714285714 32 35
11 35.875 530 40
12 6.8 37 35
13 2.0 2 1
14 5.0588235294117645 17 17
15 5.2631578947368425 23 19
16 5.478260869565218 19 23
17 6.892857142857143 51 28
18 122.875 435 8
19 7.333333333333333 33 27
2 13.789473684210526 203 38
20 26.285714285714285 194 14
21 7.694444444444445 51 36
22 8.025 41 40
23 134.14285714285714 765 7
24 48.95454545454545 435 22
25 6.083333333333333 23 24
26 4.25 13 12
3 2.0 2 1
4 38.62162162162162 530 37
5 6.266666666666667 59 15
6 5.125 26 16
7 8.789473684210526 41 38
8 134.14285714285714 765 7
9 6.136363636363637 21 22
#TOTAL_CONTACTS 5446 for 1000 frames
