#resid average_duration max_duration persistent_contacts
1 3.6666666666666665 15 9
10 5.681818181818182 26 22
11 3.6666666666666665 6 3
12 22.625 264 16
13 5.8 38 25
14 5.405405405405405 58 37
15 5.48 24 25
16 8.523809523809524 58 21
17 14.181818181818182 264 33
18 29.82857142857143 372 35
19 5.647058823529412 35 34
2 7.181818181818182 26 22
20 7.032258064516129 58 31
21 22.476190476190474 372 42
22 6.333333333333333 30 9
23 16.3 262 30
24 14.435897435897436 262 39
25 5.454545454545454 21 22
26 3.5789473684210527 15 19
3 5.0 35 29
4 9.365853658536585 58 41
5 3.769230769230769 14 13
6 4.0 8 3
7 8.482758620689655 45 29
8 4.44 29 25
9 0 0 0
#TOTAL_CONTACTS 3549 for 1000 frames
