#resid average_duration max_duration persistent_contacts
1 5.194444444444445 39 36
10 2.142857142857143 3 7
11 0 0 0
12 7.108108108108108 52 37
13 2.111111111111111 3 9
14 5.0 17 19
15 6.625 31 8
16 8.0 54 36
17 6.4 23 20
18 9.891891891891891 55 37
19 8.1 25 20
2 8.142857142857142 25 21
20 5.48 27 25
21 10.36111111111111 60 36
22 9.444444444444445 58 36
23 7.862068965517241 139 58
24 9.891891891891891 55 37
25 6.877551020408164 64 49
26 9.75 60 36
3 4.214285714285714 15 14
4 6.111111111111111 31 9
5 5.0 17 10
6 10.161290322580646 62 31
7 7.9 62 50
8 8.152173913043478 139 46
9 6.666666666666667 58 39
#TOTAL_CONTACTS 3177 for 1000 frames
