#resid average_duration max_duration persistent_contacts
1 6.648648648648648 39 37
10 7.7272727272727275 34 33
11 5.2272727272727275 63 44
12 3.0 3 1
13 6.863636363636363 34 22
14 5.181818181818182 14 11
15 11.595238095238095 93 42
16 5.451612903225806 17 31
17 6.818181818181818 24 22
18 6.098360655737705 25 61
19 5.8 29 45
2 5.4 16 30
20 5.4324324324324325 36 37
21 4.0 6 2
22 19.72222222222222 93 18
23 50.36363636363637 307 11
24 10.925 133 40
25 25.8 307 25
26 5.854166666666667 39 48
3 6.411764705882353 60 51
4 4.911111111111111 24 45
5 2.875 6 8
6 6.037037037037037 63 54
7 6.5 60 28
8 5.954545454545454 33 22
9 18.714285714285715 133 14
#TOTAL_CONTACTS 3597 for 1000 frames
