#resid average_duration max_duration persistent_contacts
1 15.25 235 28
10 18.5 71 6
11 5.92 20 25
12 14.253968253968255 175 63
13 9.818181818181818 32 11
14 6.21875 23 32
15 11.728395061728396 332 81
16 6.3 114 110
17 5.074074074074074 23 27
18 19.12121212121212 162 33
19 4.373983739837398 26 123
2 15.068965517241379 95 29
20 13.208333333333334 71 24
21 11.74736842105263 129 95
22 9.887096774193548 160 62
23 18.77777777777778 124 18
24 11.426470588235293 160 68
25 11.385542168674698 175 83
26 12.333333333333334 32 3
3 0 0 0
4 2.857142857142857 5 7
5 30.384615384615383 332 13
6 18.42105263157895 235 19
7 6.195121951219512 25 41
8 16.36 162 25
9 7.487804878048781 82 82
#TOTAL_CONTACTS 6277 for 1000 frames
