#resid average_duration max_duration persistent_contacts
1 12.148936170212766 196 282
10 16.227678571428573 230 224
11 13.038394415357766 216 573
12 19.737913486005088 412 393
13 12.325301204819278 129 166
14 22.37579617834395 464 471
15 13.826548672566371 549 565
16 12.116161616161616 316 594
17 12.910891089108912 263 404
18 19.19871794871795 332 312
19 13.484913793103448 316 464
2 22.87936507936508 412 315
20 21.31908831908832 1166 351
21 20.86723163841808 1166 354
22 19.01502145922747 549 466
23 12.830152671755725 358 524
24 24.40993788819876 361 483
25 20.314878892733564 483 289
26 18.954407294832826 303 329
3 24.754863813229573 404 257
4 25.31058823529412 404 425
5 13.135135135135135 332 481
6 20.920430107526883 355 465
7 16.929032258064517 348 310
8 28.939393939393938 464 363
9 12.779467680608365 327 526
#TOTAL_CONTACTS 96212 for 10100 frames
