#resid average_duration max_duration persistent_contacts
1 2.357142857142857 4 14
10 2.0 2 10
11 2.5714285714285716 4 7
12 2.4444444444444446 4 9
13 2.2857142857142856 3 7
14 2.4285714285714284 3 7
15 2.4285714285714284 4 7
16 2.0 2 9
17 2.3333333333333335 4 9
18 2.8333333333333335 10 18
19 3.3636363636363638 10 11
2 3.3333333333333335 5 3
20 2.2 3 5
21 2.0 2 4
22 2.6666666666666665 4 6
23 2.0 2 2
24 2.0 2 5
25 2.7777777777777777 5 9
26 2.3333333333333335 3 3
3 2.625 5 8
4 2.75 6 8
5 2.272727272727273 4 11
6 2.466666666666667 6 15
7 2.5833333333333335 4 12
8 2.2666666666666666 4 15
9 2.625 4 8
#TOTAL_CONTACTS 491 for 100 frames
