#resid average_duration max_duration persistent_contacts
1 2.5454545454545454 7 11
10 2.2857142857142856 4 7
11 2.75 6 12
12 2.4285714285714284 3 7
13 2.0 2 3
14 2.3636363636363638 4 11
15 2.25 3 4
16 2.5555555555555554 4 9
17 2.5555555555555554 4 9
18 2.6363636363636362 4 11
19 2.25 3 4
2 2.3333333333333335 3 9
20 2.1 3 10
21 2.625 4 8
22 2.142857142857143 3 14
23 2.9 6 10
24 2.5 4 10
25 2.0 2 4
26 2.75 5 4
3 2.888888888888889 5 9
4 2.6666666666666665 3 3
5 2.2 3 5
6 4.333333333333333 7 3
7 2.6923076923076925 4 13
8 2.2222222222222223 3 9
9 2.2857142857142856 3 7
#TOTAL_CONTACTS 510 for 100 frames
