#frame monomers_% popc_isolated_%
0 76.92307692307692 0.0
1 65.38461538461539 0.0
2 92.3076923076923 0.0
3 84.61538461538461 0.0
4 100.0 0.0
5 84.61538461538461 0.0
6 84.61538461538461 0.0
7 92.3076923076923 0.0
8 84.61538461538461 0.0
9 76.92307692307692 0.0
10 92.3076923076923 0.0
11 80.76923076923077 0.0
12 84.61538461538461 0.0
13 80.76923076923077 0.0
14 76.92307692307692 0.0
15 69.23076923076923 0.0
16 73.07692307692308 0.0
17 76.92307692307692 0.0
18 92.3076923076923 0.0
19 76.92307692307692 0.0
20 76.92307692307692 0.0
21 57.69230769230769 0.0
22 53.84615384615385 0.0
23 57.69230769230769 0.0
24 76.92307692307692 0.0
25 84.61538461538461 0.0
26 61.53846153846154 0.0
27 61.53846153846154 0.0
28 57.69230769230769 0.0
29 80.76923076923077 0.0
30 84.61538461538461 0.0
31 69.23076923076923 0.0
32 76.92307692307692 0.0
33 73.07692307692308 0.0
34 73.07692307692308 0.0
35 69.23076923076923 0.0
36 65.38461538461539 0.0
37 73.07692307692308 0.0
38 80.76923076923077 0.0
39 80.76923076923077 0.0
40 73.07692307692308 0.0
41 88.46153846153847 0.0
42 73.07692307692308 0.0
43 73.07692307692308 0.0
44 84.61538461538461 0.0
45 100.0 0.0
46 84.61538461538461 0.0
47 88.46153846153847 0.0
48 88.46153846153847 0.0
49 88.46153846153847 0.0
50 92.3076923076923 0.0
51 80.76923076923077 0.0
52 76.92307692307692 0.0
53 92.3076923076923 0.0
54 92.3076923076923 0.0
55 76.92307692307692 0.0
56 76.92307692307692 0.0
57 76.92307692307692 0.0
58 61.53846153846154 0.0
59 69.23076923076923 0.0
60 69.23076923076923 0.0
61 61.53846153846154 0.0
62 61.53846153846154 0.0
63 57.69230769230769 0.0
64 53.84615384615385 0.0
65 57.69230769230769 0.0
66 61.53846153846154 0.0
67 73.07692307692308 0.0
68 84.61538461538461 0.0
69 69.23076923076923 0.0
70 92.3076923076923 0.0
71 92.3076923076923 0.0
72 84.61538461538461 0.0
73 92.3076923076923 0.0
74 92.3076923076923 0.0
75 76.92307692307692 0.0
76 92.3076923076923 0.0
77 84.61538461538461 0.0
78 84.61538461538461 0.0
79 76.92307692307692 0.0
80 76.92307692307692 0.0
81 76.92307692307692 0.0
82 84.61538461538461 0.0
83 84.61538461538461 0.0
84 84.61538461538461 0.0
85 84.61538461538461 0.0
86 92.3076923076923 0.0
87 84.61538461538461 0.0
88 92.3076923076923 0.0
89 65.38461538461539 0.0
90 92.3076923076923 0.0
91 84.61538461538461 0.0
92 84.61538461538461 0.0
93 84.61538461538461 0.0
94 84.61538461538461 0.0
95 80.76923076923077 0.0
96 88.46153846153847 0.0
97 80.76923076923077 0.0
98 92.3076923076923 0.0
99 92.3076923076923 0.0
100 73.07692307692308 0.0
101 76.92307692307692 0.0
102 88.46153846153847 0.0
103 76.92307692307692 0.0
104 80.76923076923077 0.0
105 61.53846153846154 0.0
106 73.07692307692308 0.0
107 84.61538461538461 0.0
108 92.3076923076923 0.0
109 88.46153846153847 0.0
110 92.3076923076923 0.0
111 84.61538461538461 0.0
112 84.61538461538461 0.0
113 92.3076923076923 0.0
114 76.92307692307692 0.0
115 84.61538461538461 0.0
116 92.3076923076923 0.0
117 100.0 0.0
118 100.0 0.0
119 100.0 0.0
120 92.3076923076923 0.0
121 84.61538461538461 0.0
122 92.3076923076923 0.0
123 76.92307692307692 0.0
124 84.61538461538461 0.0
125 92.3076923076923 0.0
126 92.3076923076923 0.0
127 84.61538461538461 0.0
128 84.61538461538461 0.0
129 84.61538461538461 0.0
130 84.61538461538461 0.0
131 88.46153846153847 0.0
132 92.3076923076923 0.0
133 73.07692307692308 0.0
134 80.76923076923077 0.0
135 73.07692307692308 0.0
136 80.76923076923077 0.0
137 76.92307692307692 0.0
138 73.07692307692308 0.0
139 84.61538461538461 0.0
140 76.92307692307692 0.0
141 84.61538461538461 0.0
142 65.38461538461539 0.0
143 92.3076923076923 0.0
144 92.3076923076923 0.0
145 84.61538461538461 0.0
146 92.3076923076923 0.0
147 100.0 0.0
148 92.3076923076923 0.0
149 92.3076923076923 0.0
150 92.3076923076923 0.0
151 76.92307692307692 0.0
152 84.61538461538461 0.0
153 61.53846153846154 0.0
154 61.53846153846154 0.0
155 61.53846153846154 0.0
156 65.38461538461539 0.0
157 69.23076923076923 0.0
158 69.23076923076923 0.0
159 84.61538461538461 0.0
160 84.61538461538461 0.0
161 84.61538461538461 0.0
162 84.61538461538461 0.0
163 84.61538461538461 0.0
164 100.0 0.0
165 92.3076923076923 0.0
166 92.3076923076923 0.0
167 84.61538461538461 0.0
168 84.61538461538461 0.0
169 61.53846153846154 0.0
170 76.92307692307692 0.0
171 84.61538461538461 0.0
172 69.23076923076923 0.0
173 73.07692307692308 0.0
174 84.61538461538461 0.0
175 65.38461538461539 0.0
176 65.38461538461539 0.0
177 76.92307692307692 0.0
178 76.92307692307692 0.0
179 73.07692307692308 0.0
180 80.76923076923077 0.0
181 76.92307692307692 0.0
182 61.53846153846154 0.0
183 57.69230769230769 0.0
184 57.69230769230769 0.0
185 76.92307692307692 0.0
186 80.76923076923077 0.0
187 76.92307692307692 0.0
188 84.61538461538461 0.0
189 76.92307692307692 0.0
190 92.3076923076923 0.0
191 76.92307692307692 0.0
192 80.76923076923077 0.0
193 84.61538461538461 0.0
194 80.76923076923077 0.0
195 92.3076923076923 0.0
196 84.61538461538461 0.0
197 69.23076923076923 0.0
198 84.61538461538461 0.0
199 76.92307692307692 0.0
200 84.61538461538461 0.0
201 73.07692307692308 0.0
202 84.61538461538461 0.0
203 76.92307692307692 0.0
204 69.23076923076923 0.0
205 65.38461538461539 0.0
206 76.92307692307692 0.0
207 76.92307692307692 0.0
208 73.07692307692308 0.0
209 84.61538461538461 0.0
210 76.92307692307692 0.0
211 61.53846153846154 0.0
212 57.69230769230769 0.0
213 61.53846153846154 0.0
214 69.23076923076923 0.0
215 76.92307692307692 0.0
216 69.23076923076923 0.0
217 65.38461538461539 0.0
218 73.07692307692308 0.0
219 80.76923076923077 0.0
220 65.38461538461539 0.0
221 80.76923076923077 0.0
222 73.07692307692308 0.0
223 84.61538461538461 0.0
224 61.53846153846154 0.0
225 69.23076923076923 0.0
226 53.84615384615385 0.0
227 69.23076923076923 0.0
228 61.53846153846154 0.0
229 57.69230769230769 0.0
230 76.92307692307692 0.0
231 69.23076923076923 0.0
232 65.38461538461539 0.0
233 65.38461538461539 0.0
234 69.23076923076923 0.0
235 69.23076923076923 0.0
236 76.92307692307692 0.0
237 80.76923076923077 0.0
238 88.46153846153847 0.0
239 76.92307692307692 0.0
240 69.23076923076923 0.0
241 84.61538461538461 0.0
242 84.61538461538461 0.0
243 69.23076923076923 0.0
244 69.23076923076923 0.0
245 84.61538461538461 0.0
246 84.61538461538461 0.0
247 76.92307692307692 0.0
248 61.53846153846154 0.0
249 69.23076923076923 0.0
250 76.92307692307692 0.0
251 61.53846153846154 0.0
252 65.38461538461539 0.0
253 73.07692307692308 0.0
254 65.38461538461539 0.0
255 73.07692307692308 0.0
256 76.92307692307692 0.0
257 84.61538461538461 0.0
258 88.46153846153847 0.0
259 80.76923076923077 0.0
260 76.92307692307692 0.0
261 65.38461538461539 0.0
262 80.76923076923077 0.0
263 76.92307692307692 0.0
264 92.3076923076923 0.0
265 76.92307692307692 0.0
266 84.61538461538461 0.0
267 84.61538461538461 0.0
268 84.61538461538461 0.0
269 76.92307692307692 0.0
270 80.76923076923077 0.0
271 80.76923076923077 0.0
272 65.38461538461539 0.0
273 69.23076923076923 0.0
274 73.07692307692308 0.0
275 84.61538461538461 0.0
276 92.3076923076923 0.0
277 65.38461538461539 0.0
278 84.61538461538461 0.0
279 88.46153846153847 0.0
280 76.92307692307692 0.0
281 92.3076923076923 0.0
282 100.0 0.0
283 84.61538461538461 0.0
284 69.23076923076923 0.0
285 76.92307692307692 0.0
286 76.92307692307692 0.0
287 69.23076923076923 0.0
288 84.61538461538461 0.0
289 69.23076923076923 0.0
290 76.92307692307692 0.0
291 61.53846153846154 0.0
292 65.38461538461539 0.0
293 80.76923076923077 0.0
294 65.38461538461539 0.0
295 92.3076923076923 0.0
296 84.61538461538461 0.0
297 76.92307692307692 0.0
298 61.53846153846154 0.0
299 65.38461538461539 0.0
300 73.07692307692308 0.0
301 69.23076923076923 0.0
302 61.53846153846154 0.0
303 76.92307692307692 0.0
304 65.38461538461539 0.0
305 65.38461538461539 0.0
306 65.38461538461539 0.0
307 69.23076923076923 0.0
308 69.23076923076923 0.0
309 73.07692307692308 0.0
310 61.53846153846154 0.0
311 80.76923076923077 0.0
312 65.38461538461539 0.0
313 73.07692307692308 0.0
314 57.69230769230769 0.0
315 80.76923076923077 0.0
316 88.46153846153847 0.0
317 61.53846153846154 0.0
318 65.38461538461539 0.0
319 84.61538461538461 0.0
320 65.38461538461539 0.0
321 65.38461538461539 0.0
322 73.07692307692308 0.0
323 73.07692307692308 0.0
324 84.61538461538461 0.0
325 65.38461538461539 0.0
326 84.61538461538461 0.0
327 65.38461538461539 0.0
328 80.76923076923077 0.0
329 61.53846153846154 0.0
330 73.07692307692308 0.0
331 80.76923076923077 0.0
332 80.76923076923077 0.0
333 92.3076923076923 0.0
334 84.61538461538461 0.0
335 80.76923076923077 0.0
336 76.92307692307692 0.0
337 80.76923076923077 0.0
338 84.61538461538461 0.0
339 76.92307692307692 0.0
340 84.61538461538461 0.0
341 92.3076923076923 0.0
342 84.61538461538461 0.0
343 65.38461538461539 0.0
344 76.92307692307692 0.0
345 76.92307692307692 0.0
346 84.61538461538461 0.0
347 84.61538461538461 0.0
348 80.76923076923077 0.0
349 80.76923076923077 0.0
350 84.61538461538461 0.0
351 84.61538461538461 0.0
352 80.76923076923077 0.0
353 76.92307692307692 0.0
354 61.53846153846154 0.0
355 53.84615384615385 0.0
356 50.0 0.0
357 50.0 0.0
358 61.53846153846154 0.0
359 76.92307692307692 0.0
360 69.23076923076923 0.0
361 69.23076923076923 0.0
362 69.23076923076923 0.0
363 84.61538461538461 0.0
364 84.61538461538461 0.0
365 84.61538461538461 0.0
366 76.92307692307692 0.0
367 92.3076923076923 0.0
368 92.3076923076923 0.0
369 84.61538461538461 0.0
370 84.61538461538461 0.0
371 80.76923076923077 0.0
372 92.3076923076923 0.0
373 73.07692307692308 0.0
374 69.23076923076923 0.0
375 92.3076923076923 0.0
376 61.53846153846154 0.0
377 57.69230769230769 0.0
378 53.84615384615385 0.0
379 57.69230769230769 0.0
380 69.23076923076923 0.0
381 65.38461538461539 0.0
382 92.3076923076923 0.0
383 80.76923076923077 0.0
384 65.38461538461539 0.0
385 80.76923076923077 0.0
386 92.3076923076923 0.0
387 88.46153846153847 0.0
388 73.07692307692308 0.0
389 73.07692307692308 0.0
390 84.61538461538461 0.0
391 92.3076923076923 0.0
392 100.0 0.0
393 100.0 0.0
394 76.92307692307692 0.0
395 73.07692307692308 0.0
396 84.61538461538461 0.0
397 80.76923076923077 0.0
398 92.3076923076923 0.0
399 84.61538461538461 0.0
400 92.3076923076923 0.0
401 92.3076923076923 0.0
402 69.23076923076923 0.0
403 76.92307692307692 0.0
404 84.61538461538461 0.0
405 88.46153846153847 0.0
406 80.76923076923077 0.0
407 92.3076923076923 0.0
408 76.92307692307692 0.0
409 76.92307692307692 0.0
410 84.61538461538461 0.0
411 92.3076923076923 0.0
412 92.3076923076923 0.0
413 76.92307692307692 0.0
414 76.92307692307692 0.0
415 69.23076923076923 0.0
416 80.76923076923077 0.0
417 73.07692307692308 0.0
418 61.53846153846154 0.0
419 76.92307692307692 0.0
420 84.61538461538461 0.0
421 73.07692307692308 0.0
422 76.92307692307692 0.0
423 84.61538461538461 0.0
424 100.0 0.0
425 100.0 0.0
426 92.3076923076923 0.0
427 92.3076923076923 0.0
428 76.92307692307692 0.0
429 73.07692307692308 0.0
430 65.38461538461539 0.0
431 69.23076923076923 0.0
432 76.92307692307692 0.0
433 73.07692307692308 0.0
434 73.07692307692308 0.0
435 76.92307692307692 0.0
436 84.61538461538461 0.0
437 92.3076923076923 0.0
438 92.3076923076923 0.0
439 57.69230769230769 0.0
440 61.53846153846154 0.0
441 84.61538461538461 0.0
442 69.23076923076923 0.0
443 84.61538461538461 0.0
444 76.92307692307692 0.0
445 84.61538461538461 0.0
446 84.61538461538461 0.0
447 84.61538461538461 0.0
448 92.3076923076923 0.0
449 84.61538461538461 0.0
450 92.3076923076923 0.0
451 92.3076923076923 0.0
452 76.92307692307692 0.0
453 76.92307692307692 0.0
454 80.76923076923077 0.0
455 73.07692307692308 0.0
456 69.23076923076923 0.0
457 69.23076923076923 0.0
458 61.53846153846154 0.0
459 73.07692307692308 0.0
460 80.76923076923077 0.0
461 69.23076923076923 0.0
462 100.0 0.0
463 76.92307692307692 0.0
464 92.3076923076923 0.0
465 92.3076923076923 0.0
466 84.61538461538461 0.0
467 92.3076923076923 0.0
468 76.92307692307692 0.0
469 84.61538461538461 0.0
470 100.0 0.0
471 76.92307692307692 0.0
472 92.3076923076923 0.0
473 92.3076923076923 0.0
474 100.0 0.0
475 100.0 0.0
476 100.0 0.0
477 100.0 0.0
478 92.3076923076923 0.0
479 100.0 0.0
480 92.3076923076923 0.0
481 100.0 0.0
482 100.0 0.0
483 100.0 0.0
484 84.61538461538461 0.0
485 76.92307692307692 0.0
486 84.61538461538461 0.0
487 84.61538461538461 0.0
488 80.76923076923077 0.0
489 76.92307692307692 0.0
490 84.61538461538461 0.0
491 92.3076923076923 0.0
492 100.0 0.0
493 84.61538461538461 0.0
494 84.61538461538461 0.0
495 76.92307692307692 0.0
496 84.61538461538461 0.0
497 92.3076923076923 0.0
498 76.92307692307692 0.0
499 84.61538461538461 0.0
500 84.61538461538461 0.0
501 76.92307692307692 0.0
502 69.23076923076923 0.0
503 76.92307692307692 0.0
504 69.23076923076923 0.0
505 88.46153846153847 0.0
506 88.46153846153847 0.0
507 80.76923076923077 0.0
508 84.61538461538461 0.0
509 69.23076923076923 0.0
510 76.92307692307692 0.0
511 61.53846153846154 0.0
512 65.38461538461539 0.0
513 69.23076923076923 0.0
514 80.76923076923077 0.0
515 80.76923076923077 0.0
516 84.61538461538461 0.0
517 76.92307692307692 0.0
518 76.92307692307692 0.0
519 84.61538461538461 0.0
520 92.3076923076923 0.0
521 88.46153846153847 0.0
522 84.61538461538461 0.0
523 80.76923076923077 0.0
524 84.61538461538461 0.0
525 76.92307692307692 0.0
526 84.61538461538461 0.0
527 92.3076923076923 0.0
528 92.3076923076923 0.0
529 73.07692307692308 0.0
530 76.92307692307692 0.0
531 84.61538461538461 0.0
532 65.38461538461539 0.0
533 76.92307692307692 0.0
534 84.61538461538461 0.0
535 73.07692307692308 0.0
536 76.92307692307692 0.0
537 76.92307692307692 0.0
538 69.23076923076923 0.0
539 76.92307692307692 0.0
540 84.61538461538461 0.0
541 69.23076923076923 0.0
542 76.92307692307692 0.0
543 84.61538461538461 0.0
544 92.3076923076923 0.0
545 84.61538461538461 0.0
546 100.0 0.0
547 100.0 0.0
548 80.76923076923077 0.0
549 92.3076923076923 0.0
550 84.61538461538461 0.0
551 84.61538461538461 0.0
552 76.92307692307692 0.0
553 73.07692307692308 0.0
554 76.92307692307692 0.0
555 73.07692307692308 0.0
556 73.07692307692308 0.0
557 76.92307692307692 0.0
558 65.38461538461539 0.0
559 76.92307692307692 0.0
560 76.92307692307692 0.0
561 84.61538461538461 0.0
562 76.92307692307692 0.0
563 88.46153846153847 0.0
564 80.76923076923077 0.0
565 76.92307692307692 0.0
566 84.61538461538461 0.0
567 92.3076923076923 0.0
568 76.92307692307692 0.0
569 69.23076923076923 0.0
570 69.23076923076923 0.0
571 76.92307692307692 0.0
572 57.69230769230769 0.0
573 80.76923076923077 0.0
574 84.61538461538461 0.0
575 76.92307692307692 0.0
576 84.61538461538461 0.0
577 76.92307692307692 0.0
578 92.3076923076923 0.0
579 84.61538461538461 0.0
580 69.23076923076923 0.0
581 84.61538461538461 0.0
582 84.61538461538461 0.0
583 92.3076923076923 0.0
584 84.61538461538461 0.0
585 84.61538461538461 0.0
586 84.61538461538461 0.0
587 84.61538461538461 0.0
588 84.61538461538461 0.0
589 92.3076923076923 0.0
590 92.3076923076923 0.0
591 84.61538461538461 0.0
592 76.92307692307692 0.0
593 69.23076923076923 0.0
594 69.23076923076923 0.0
595 73.07692307692308 0.0
596 76.92307692307692 0.0
597 100.0 0.0
598 69.23076923076923 0.0
599 100.0 0.0
600 88.46153846153847 0.0
601 92.3076923076923 0.0
602 88.46153846153847 0.0
603 92.3076923076923 0.0
604 88.46153846153847 0.0
605 80.76923076923077 0.0
606 80.76923076923077 0.0
607 88.46153846153847 0.0
608 73.07692307692308 0.0
609 80.76923076923077 0.0
610 69.23076923076923 0.0
611 84.61538461538461 0.0
612 92.3076923076923 0.0
613 84.61538461538461 0.0
614 69.23076923076923 0.0
615 69.23076923076923 0.0
616 84.61538461538461 0.0
617 84.61538461538461 0.0
618 76.92307692307692 0.0
619 84.61538461538461 0.0
620 92.3076923076923 0.0
621 84.61538461538461 0.0
622 92.3076923076923 0.0
623 61.53846153846154 0.0
624 73.07692307692308 0.0
625 69.23076923076923 0.0
626 76.92307692307692 0.0
627 92.3076923076923 0.0
628 92.3076923076923 0.0
629 92.3076923076923 0.0
630 76.92307692307692 0.0
631 76.92307692307692 0.0
632 76.92307692307692 0.0
633 73.07692307692308 0.0
634 88.46153846153847 0.0
635 92.3076923076923 0.0
636 84.61538461538461 0.0
637 76.92307692307692 0.0
638 73.07692307692308 0.0
639 88.46153846153847 0.0
640 76.92307692307692 0.0
641 76.92307692307692 0.0
642 69.23076923076923 0.0
643 76.92307692307692 0.0
644 76.92307692307692 0.0
645 84.61538461538461 0.0
646 84.61538461538461 0.0
647 76.92307692307692 0.0
648 69.23076923076923 0.0
649 76.92307692307692 0.0
650 84.61538461538461 0.0
651 92.3076923076923 0.0
652 92.3076923076923 0.0
653 92.3076923076923 0.0
654 92.3076923076923 0.0
655 73.07692307692308 0.0
656 84.61538461538461 0.0
657 76.92307692307692 0.0
658 73.07692307692308 0.0
659 84.61538461538461 0.0
660 76.92307692307692 0.0
661 76.92307692307692 0.0
662 92.3076923076923 0.0
663 84.61538461538461 0.0
664 92.3076923076923 0.0
665 84.61538461538461 0.0
666 92.3076923076923 0.0
667 84.61538461538461 0.0
668 100.0 0.0
669 92.3076923076923 0.0
670 100.0 0.0
671 92.3076923076923 0.0
672 76.92307692307692 0.0
673 84.61538461538461 0.0
674 84.61538461538461 0.0
675 88.46153846153847 0.0
676 84.61538461538461 0.0
677 76.92307692307692 0.0
678 76.92307692307692 0.0
679 76.92307692307692 0.0
680 92.3076923076923 0.0
681 84.61538461538461 0.0
682 84.61538461538461 0.0
683 76.92307692307692 0.0
684 84.61538461538461 0.0
685 84.61538461538461 0.0
686 76.92307692307692 0.0
687 100.0 0.0
688 92.3076923076923 0.0
689 100.0 0.0
690 84.61538461538461 0.0
691 76.92307692307692 0.0
692 84.61538461538461 0.0
693 73.07692307692308 0.0
694 61.53846153846154 0.0
695 76.92307692307692 0.0
696 84.61538461538461 0.0
697 92.3076923076923 0.0
698 84.61538461538461 0.0
699 92.3076923076923 0.0
700 100.0 0.0
701 84.61538461538461 0.0
702 84.61538461538461 0.0
703 92.3076923076923 0.0
704 100.0 0.0
705 69.23076923076923 0.0
706 84.61538461538461 0.0
707 84.61538461538461 0.0
708 84.61538461538461 0.0
709 76.92307692307692 0.0
710 65.38461538461539 0.0
711 65.38461538461539 0.0
712 76.92307692307692 0.0
713 69.23076923076923 0.0
714 73.07692307692308 0.0
715 80.76923076923077 0.0
716 73.07692307692308 0.0
717 76.92307692307692 0.0
718 76.92307692307692 0.0
719 76.92307692307692 0.0
720 84.61538461538461 0.0
721 76.92307692307692 0.0
722 92.3076923076923 0.0
723 84.61538461538461 0.0
724 76.92307692307692 0.0
725 69.23076923076923 0.0
726 84.61538461538461 0.0
727 76.92307692307692 0.0
728 84.61538461538461 0.0
729 92.3076923076923 0.0
730 84.61538461538461 0.0
731 80.76923076923077 0.0
732 92.3076923076923 0.0
733 92.3076923076923 0.0
734 92.3076923076923 0.0
735 92.3076923076923 0.0
736 76.92307692307692 0.0
737 84.61538461538461 0.0
738 76.92307692307692 0.0
739 92.3076923076923 0.0
740 84.61538461538461 0.0
741 65.38461538461539 0.0
742 84.61538461538461 0.0
743 80.76923076923077 0.0
744 84.61538461538461 0.0
745 92.3076923076923 0.0
746 84.61538461538461 0.0
747 76.92307692307692 0.0
748 76.92307692307692 0.0
749 76.92307692307692 0.0
750 69.23076923076923 0.0
751 76.92307692307692 0.0
752 53.84615384615385 0.0
753 76.92307692307692 0.0
754 65.38461538461539 0.0
755 76.92307692307692 0.0
756 65.38461538461539 0.0
757 76.92307692307692 0.0
758 76.92307692307692 0.0
759 73.07692307692308 0.0
760 80.76923076923077 0.0
761 76.92307692307692 0.0
762 80.76923076923077 0.0
763 80.76923076923077 0.0
764 65.38461538461539 0.0
765 69.23076923076923 0.0
766 73.07692307692308 0.0
767 61.53846153846154 0.0
768 57.69230769230769 0.0
769 61.53846153846154 0.0
770 65.38461538461539 0.0
771 80.76923076923077 0.0
772 80.76923076923077 0.0
773 73.07692307692308 0.0
774 84.61538461538461 0.0
775 100.0 0.0
776 84.61538461538461 0.0
777 84.61538461538461 0.0
778 65.38461538461539 0.0
779 61.53846153846154 0.0
780 73.07692307692308 0.0
781 61.53846153846154 0.0
782 53.84615384615385 0.0
783 65.38461538461539 0.0
784 61.53846153846154 0.0
785 80.76923076923077 0.0
786 73.07692307692308 0.0
787 73.07692307692308 0.0
788 73.07692307692308 0.0
789 84.61538461538461 0.0
790 84.61538461538461 0.0
791 76.92307692307692 0.0
792 84.61538461538461 0.0
793 76.92307692307692 0.0
794 69.23076923076923 0.0
795 69.23076923076923 0.0
796 76.92307692307692 0.0
797 69.23076923076923 0.0
798 92.3076923076923 0.0
799 84.61538461538461 0.0
800 84.61538461538461 0.0
801 84.61538461538461 0.0
802 100.0 0.0
803 84.61538461538461 0.0
804 92.3076923076923 0.0
805 92.3076923076923 0.0
806 92.3076923076923 0.0
807 92.3076923076923 0.0
808 76.92307692307692 0.0
809 80.76923076923077 0.0
810 80.76923076923077 0.0
811 80.76923076923077 0.0
812 76.92307692307692 0.0
813 69.23076923076923 0.0
814 73.07692307692308 0.0
815 88.46153846153847 0.0
816 88.46153846153847 0.0
817 88.46153846153847 0.0
818 88.46153846153847 0.0
819 84.61538461538461 0.0
820 88.46153846153847 0.0
821 88.46153846153847 0.0
822 88.46153846153847 0.0
823 88.46153846153847 0.0
824 88.46153846153847 0.0
825 76.92307692307692 0.0
826 84.61538461538461 0.0
827 73.07692307692308 0.0
828 84.61538461538461 0.0
829 92.3076923076923 0.0
830 100.0 0.0
831 80.76923076923077 0.0
832 84.61538461538461 0.0
833 84.61538461538461 0.0
834 100.0 0.0
835 76.92307692307692 0.0
836 100.0 0.0
837 92.3076923076923 0.0
838 69.23076923076923 0.0
839 76.92307692307692 0.0
840 84.61538461538461 0.0
841 84.61538461538461 0.0
842 80.76923076923077 0.0
843 92.3076923076923 0.0
844 84.61538461538461 0.0
845 92.3076923076923 0.0
846 84.61538461538461 0.0
847 92.3076923076923 0.0
848 73.07692307692308 0.0
849 92.3076923076923 0.0
850 84.61538461538461 0.0
851 92.3076923076923 0.0
852 84.61538461538461 0.0
853 84.61538461538461 0.0
854 84.61538461538461 0.0
855 100.0 0.0
856 84.61538461538461 0.0
857 84.61538461538461 0.0
858 92.3076923076923 0.0
859 84.61538461538461 0.0
860 92.3076923076923 0.0
861 100.0 0.0
862 80.76923076923077 0.0
863 84.61538461538461 0.0
864 92.3076923076923 0.0
865 84.61538461538461 0.0
866 92.3076923076923 0.0
867 100.0 0.0
868 92.3076923076923 0.0
869 84.61538461538461 0.0
870 100.0 0.0
871 92.3076923076923 0.0
872 80.76923076923077 0.0
873 92.3076923076923 0.0
874 92.3076923076923 0.0
875 84.61538461538461 0.0
876 84.61538461538461 0.0
877 76.92307692307692 0.0
878 100.0 0.0
879 84.61538461538461 0.0
880 76.92307692307692 0.0
881 92.3076923076923 0.0
882 80.76923076923077 0.0
883 76.92307692307692 0.0
884 76.92307692307692 0.0
885 100.0 0.0
886 73.07692307692308 0.0
887 76.92307692307692 0.0
888 69.23076923076923 0.0
889 84.61538461538461 0.0
890 76.92307692307692 0.0
891 76.92307692307692 0.0
892 84.61538461538461 0.0
893 92.3076923076923 0.0
894 73.07692307692308 0.0
895 84.61538461538461 0.0
896 76.92307692307692 0.0
897 65.38461538461539 0.0
898 84.61538461538461 0.0
899 92.3076923076923 0.0
900 84.61538461538461 0.0
901 84.61538461538461 0.0
902 69.23076923076923 0.0
903 76.92307692307692 0.0
904 69.23076923076923 0.0
905 76.92307692307692 0.0
906 92.3076923076923 0.0
907 100.0 0.0
908 100.0 0.0
909 76.92307692307692 0.0
910 84.61538461538461 0.0
911 73.07692307692308 0.0
912 61.53846153846154 0.0
913 65.38461538461539 0.0
914 76.92307692307692 0.0
915 84.61538461538461 0.0
916 65.38461538461539 0.0
917 69.23076923076923 0.0
918 61.53846153846154 0.0
919 61.53846153846154 0.0
920 69.23076923076923 0.0
921 73.07692307692308 0.0
922 65.38461538461539 0.0
923 69.23076923076923 0.0
924 84.61538461538461 0.0
925 80.76923076923077 0.0
926 88.46153846153847 0.0
927 80.76923076923077 0.0
928 73.07692307692308 0.0
929 84.61538461538461 0.0
930 84.61538461538461 0.0
931 76.92307692307692 0.0
932 76.92307692307692 0.0
933 84.61538461538461 0.0
934 84.61538461538461 0.0
935 69.23076923076923 0.0
936 76.92307692307692 0.0
937 53.84615384615385 0.0
938 84.61538461538461 0.0
939 92.3076923076923 0.0
940 100.0 0.0
941 92.3076923076923 0.0
942 84.61538461538461 0.0
943 84.61538461538461 0.0
944 73.07692307692308 0.0
945 84.61538461538461 0.0
946 73.07692307692308 0.0
947 84.61538461538461 0.0
948 65.38461538461539 0.0
949 76.92307692307692 0.0
950 57.69230769230769 0.0
951 80.76923076923077 0.0
952 92.3076923076923 0.0
953 76.92307692307692 0.0
954 84.61538461538461 0.0
955 92.3076923076923 0.0
956 84.61538461538461 0.0
957 84.61538461538461 0.0
958 84.61538461538461 0.0
959 84.61538461538461 0.0
960 92.3076923076923 0.0
961 88.46153846153847 0.0
962 92.3076923076923 0.0
963 92.3076923076923 0.0
964 65.38461538461539 0.0
965 69.23076923076923 0.0
966 65.38461538461539 0.0
967 65.38461538461539 0.0
968 73.07692307692308 0.0
969 76.92307692307692 0.0
970 76.92307692307692 0.0
971 61.53846153846154 0.0
972 69.23076923076923 0.0
973 76.92307692307692 0.0
974 84.61538461538461 0.0
975 76.92307692307692 0.0
976 92.3076923076923 0.0
977 92.3076923076923 0.0
978 84.61538461538461 0.0
979 76.92307692307692 0.0
980 76.92307692307692 0.0
981 84.61538461538461 0.0
982 92.3076923076923 0.0
983 84.61538461538461 0.0
984 92.3076923076923 0.0
985 80.76923076923077 0.0
986 92.3076923076923 0.0
987 84.61538461538461 0.0
988 88.46153846153847 0.0
989 84.61538461538461 0.0
990 88.46153846153847 0.0
991 92.3076923076923 0.0
992 84.61538461538461 0.0
993 84.61538461538461 0.0
994 92.3076923076923 0.0
995 92.3076923076923 0.0
996 100.0 0.0
997 80.76923076923077 0.0
998 76.92307692307692 0.0
999 80.76923076923077 0.0
