#frame monomers_% popc_isolated_%
0 92.3076923076923 0.0
1 92.3076923076923 0.0
2 84.61538461538461 0.0
3 92.3076923076923 0.0
4 76.92307692307692 0.0
5 84.61538461538461 0.0
6 84.61538461538461 0.0
7 69.23076923076923 0.0
8 73.07692307692308 0.0
9 84.61538461538461 0.0
10 84.61538461538461 0.0
11 92.3076923076923 0.0
12 76.92307692307692 0.0
13 69.23076923076923 0.0
14 80.76923076923077 0.0
15 76.92307692307692 0.0
16 76.92307692307692 0.0
17 76.92307692307692 0.0
18 76.92307692307692 0.0
19 84.61538461538461 0.0
20 84.61538461538461 0.0
21 80.76923076923077 0.0
22 80.76923076923077 0.0
23 76.92307692307692 0.0
24 92.3076923076923 0.0
25 92.3076923076923 0.0
26 84.61538461538461 0.0
27 69.23076923076923 0.0
28 76.92307692307692 0.0
29 69.23076923076923 0.0
30 76.92307692307692 0.0
31 76.92307692307692 0.0
32 84.61538461538461 0.0
33 92.3076923076923 0.0
34 100.0 0.0
35 80.76923076923077 0.0
36 92.3076923076923 0.0
37 76.92307692307692 0.0
38 84.61538461538461 0.0
39 84.61538461538461 0.0
40 92.3076923076923 0.0
41 92.3076923076923 0.0
42 92.3076923076923 0.0
43 76.92307692307692 0.0
44 76.92307692307692 0.0
45 92.3076923076923 0.0
46 100.0 0.0
47 92.3076923076923 0.0
48 92.3076923076923 0.0
49 84.61538461538461 0.0
50 57.69230769230769 0.0
51 84.61538461538461 0.0
52 84.61538461538461 0.0
53 61.53846153846154 0.0
54 92.3076923076923 0.0
55 65.38461538461539 0.0
56 57.69230769230769 0.0
57 69.23076923076923 0.0
58 65.38461538461539 0.0
59 69.23076923076923 0.0
60 76.92307692307692 0.0
61 76.92307692307692 0.0
62 76.92307692307692 0.0
63 80.76923076923077 0.0
64 80.76923076923077 0.0
65 80.76923076923077 0.0
66 84.61538461538461 0.0
67 80.76923076923077 0.0
68 73.07692307692308 0.0
69 80.76923076923077 0.0
70 84.61538461538461 0.0
71 84.61538461538461 0.0
72 84.61538461538461 0.0
73 76.92307692307692 0.0
74 92.3076923076923 0.0
75 80.76923076923077 0.0
76 57.69230769230769 0.0
77 61.53846153846154 0.0
78 73.07692307692308 0.0
79 88.46153846153847 0.0
80 84.61538461538461 0.0
81 69.23076923076923 0.0
82 69.23076923076923 0.0
83 69.23076923076923 0.0
84 57.69230769230769 0.0
85 57.69230769230769 0.0
86 65.38461538461539 0.0
87 73.07692307692308 0.0
88 57.69230769230769 0.0
89 61.53846153846154 0.0
90 61.53846153846154 0.0
91 73.07692307692308 0.0
92 76.92307692307692 0.0
93 61.53846153846154 0.0
94 61.53846153846154 0.0
95 61.53846153846154 0.0
96 61.53846153846154 0.0
97 42.30769230769231 0.0
98 65.38461538461539 0.0
99 69.23076923076923 0.0
100 65.38461538461539 0.0
101 69.23076923076923 0.0
102 80.76923076923077 0.0
103 76.92307692307692 0.0
104 88.46153846153847 0.0
105 92.3076923076923 0.0
106 80.76923076923077 0.0
107 92.3076923076923 0.0
108 84.61538461538461 0.0
109 100.0 0.0
110 84.61538461538461 0.0
111 92.3076923076923 0.0
112 76.92307692307692 0.0
113 92.3076923076923 0.0
114 84.61538461538461 0.0
115 76.92307692307692 0.0
116 76.92307692307692 0.0
117 80.76923076923077 0.0
118 80.76923076923077 0.0
119 84.61538461538461 0.0
120 76.92307692307692 0.0
121 84.61538461538461 0.0
122 76.92307692307692 0.0
123 76.92307692307692 0.0
124 57.69230769230769 0.0
125 61.53846153846154 0.0
126 69.23076923076923 0.0
127 84.61538461538461 0.0
128 73.07692307692308 0.0
129 73.07692307692308 0.0
130 69.23076923076923 0.0
131 46.15384615384615 0.0
132 61.53846153846154 0.0
133 61.53846153846154 0.0
134 53.84615384615385 0.0
135 69.23076923076923 0.0
136 92.3076923076923 0.0
137 76.92307692307692 0.0
138 84.61538461538461 0.0
139 69.23076923076923 0.0
140 84.61538461538461 0.0
141 76.92307692307692 0.0
142 84.61538461538461 0.0
143 84.61538461538461 0.0
144 76.92307692307692 0.0
145 84.61538461538461 0.0
146 84.61538461538461 0.0
147 84.61538461538461 0.0
148 76.92307692307692 0.0
149 76.92307692307692 0.0
150 88.46153846153847 0.0
151 84.61538461538461 0.0
152 84.61538461538461 0.0
153 88.46153846153847 0.0
154 88.46153846153847 0.0
155 80.76923076923077 0.0
156 84.61538461538461 0.0
157 84.61538461538461 0.0
158 88.46153846153847 0.0
159 84.61538461538461 0.0
160 88.46153846153847 0.0
161 84.61538461538461 0.0
162 76.92307692307692 0.0
163 80.76923076923077 0.0
164 73.07692307692308 0.0
165 61.53846153846154 0.0
166 76.92307692307692 0.0
167 50.0 0.0
168 61.53846153846154 0.0
169 61.53846153846154 0.0
170 65.38461538461539 0.0
171 65.38461538461539 0.0
172 69.23076923076923 0.0
173 76.92307692307692 0.0
174 84.61538461538461 0.0
175 80.76923076923077 0.0
176 76.92307692307692 0.0
177 65.38461538461539 0.0
178 76.92307692307692 0.0
179 92.3076923076923 0.0
180 80.76923076923077 0.0
181 76.92307692307692 0.0
182 100.0 0.0
183 92.3076923076923 0.0
184 84.61538461538461 0.0
185 92.3076923076923 0.0
186 88.46153846153847 0.0
187 92.3076923076923 0.0
188 80.76923076923077 0.0
189 92.3076923076923 0.0
190 84.61538461538461 0.0
191 92.3076923076923 0.0
192 92.3076923076923 0.0
193 92.3076923076923 0.0
194 84.61538461538461 0.0
195 80.76923076923077 0.0
196 76.92307692307692 0.0
197 69.23076923076923 0.0
198 76.92307692307692 0.0
199 76.92307692307692 0.0
200 73.07692307692308 0.0
201 69.23076923076923 0.0
202 84.61538461538461 0.0
203 84.61538461538461 0.0
204 69.23076923076923 0.0
205 69.23076923076923 0.0
206 80.76923076923077 0.0
207 61.53846153846154 0.0
208 69.23076923076923 0.0
209 73.07692307692308 0.0
210 57.69230769230769 0.0
211 92.3076923076923 0.0
212 65.38461538461539 0.0
213 57.69230769230769 0.0
214 76.92307692307692 0.0
215 76.92307692307692 0.0
216 80.76923076923077 0.0
217 92.3076923076923 0.0
218 88.46153846153847 0.0
219 80.76923076923077 0.0
220 84.61538461538461 0.0
221 84.61538461538461 0.0
222 76.92307692307692 0.0
223 69.23076923076923 0.0
224 65.38461538461539 0.0
225 53.84615384615385 0.0
226 76.92307692307692 0.0
227 69.23076923076923 0.0
228 92.3076923076923 0.0
229 69.23076923076923 0.0
230 76.92307692307692 0.0
231 92.3076923076923 0.0
232 69.23076923076923 0.0
233 73.07692307692308 0.0
234 84.61538461538461 0.0
235 92.3076923076923 0.0
236 84.61538461538461 0.0
237 76.92307692307692 0.0
238 92.3076923076923 0.0
239 65.38461538461539 0.0
240 69.23076923076923 0.0
241 61.53846153846154 0.0
242 73.07692307692308 0.0
243 65.38461538461539 0.0
244 76.92307692307692 0.0
245 84.61538461538461 0.0
246 73.07692307692308 0.0
247 92.3076923076923 0.0
248 92.3076923076923 0.0
249 84.61538461538461 0.0
250 76.92307692307692 0.0
251 76.92307692307692 0.0
252 92.3076923076923 0.0
253 92.3076923076923 0.0
254 92.3076923076923 0.0
255 92.3076923076923 0.0
256 84.61538461538461 0.0
257 73.07692307692308 0.0
258 69.23076923076923 0.0
259 76.92307692307692 0.0
260 76.92307692307692 0.0
261 84.61538461538461 0.0
262 76.92307692307692 0.0
263 84.61538461538461 0.0
264 69.23076923076923 0.0
265 92.3076923076923 0.0
266 80.76923076923077 0.0
267 84.61538461538461 0.0
268 69.23076923076923 0.0
269 84.61538461538461 0.0
270 84.61538461538461 0.0
271 76.92307692307692 0.0
272 84.61538461538461 0.0
273 84.61538461538461 0.0
274 84.61538461538461 0.0
275 84.61538461538461 0.0
276 84.61538461538461 0.0
277 76.92307692307692 0.0
278 76.92307692307692 0.0
279 69.23076923076923 0.0
280 73.07692307692308 0.0
281 76.92307692307692 0.0
282 92.3076923076923 0.0
283 80.76923076923077 0.0
284 80.76923076923077 0.0
285 76.92307692307692 0.0
286 76.92307692307692 0.0
287 76.92307692307692 0.0
288 65.38461538461539 0.0
289 73.07692307692308 0.0
290 80.76923076923077 0.0
291 88.46153846153847 0.0
292 80.76923076923077 0.0
293 73.07692307692308 0.0
294 88.46153846153847 0.0
295 76.92307692307692 0.0
296 76.92307692307692 0.0
297 69.23076923076923 0.0
298 88.46153846153847 0.0
299 76.92307692307692 0.0
300 76.92307692307692 0.0
301 92.3076923076923 0.0
302 69.23076923076923 0.0
303 76.92307692307692 0.0
304 76.92307692307692 0.0
305 84.61538461538461 0.0
306 84.61538461538461 0.0
307 76.92307692307692 0.0
308 84.61538461538461 0.0
309 100.0 0.0
310 92.3076923076923 0.0
311 76.92307692307692 0.0
312 76.92307692307692 0.0
313 84.61538461538461 0.0
314 69.23076923076923 0.0
315 76.92307692307692 0.0
316 69.23076923076923 0.0
317 73.07692307692308 0.0
318 61.53846153846154 0.0
319 61.53846153846154 0.0
320 61.53846153846154 0.0
321 57.69230769230769 0.0
322 65.38461538461539 0.0
323 65.38461538461539 0.0
324 73.07692307692308 0.0
325 84.61538461538461 0.0
326 61.53846153846154 0.0
327 76.92307692307692 0.0
328 84.61538461538461 0.0
329 84.61538461538461 0.0
330 92.3076923076923 0.0
331 84.61538461538461 0.0
332 92.3076923076923 0.0
333 100.0 0.0
334 100.0 0.0
335 92.3076923076923 0.0
336 92.3076923076923 0.0
337 92.3076923076923 0.0
338 100.0 0.0
339 92.3076923076923 0.0
340 84.61538461538461 0.0
341 76.92307692307692 0.0
342 84.61538461538461 0.0
343 92.3076923076923 0.0
344 76.92307692307692 0.0
345 76.92307692307692 0.0
346 92.3076923076923 0.0
347 92.3076923076923 0.0
348 84.61538461538461 0.0
349 76.92307692307692 0.0
350 76.92307692307692 0.0
351 76.92307692307692 0.0
352 73.07692307692308 0.0
353 88.46153846153847 0.0
354 88.46153846153847 0.0
355 73.07692307692308 0.0
356 88.46153846153847 0.0
357 73.07692307692308 0.0
358 84.61538461538461 0.0
359 92.3076923076923 0.0
360 92.3076923076923 0.0
361 80.76923076923077 0.0
362 92.3076923076923 0.0
363 84.61538461538461 0.0
364 84.61538461538461 0.0
365 92.3076923076923 0.0
366 92.3076923076923 0.0
367 84.61538461538461 0.0
368 84.61538461538461 0.0
369 84.61538461538461 0.0
370 92.3076923076923 0.0
371 84.61538461538461 0.0
372 92.3076923076923 0.0
373 84.61538461538461 0.0
374 73.07692307692308 0.0
375 69.23076923076923 0.0
376 73.07692307692308 0.0
377 73.07692307692308 0.0
378 61.53846153846154 0.0
379 84.61538461538461 0.0
380 76.92307692307692 0.0
381 92.3076923076923 0.0
382 100.0 0.0
383 92.3076923076923 0.0
384 76.92307692307692 0.0
385 84.61538461538461 0.0
386 84.61538461538461 0.0
387 84.61538461538461 0.0
388 84.61538461538461 0.0
389 76.92307692307692 0.0
390 84.61538461538461 0.0
391 100.0 0.0
392 80.76923076923077 0.0
393 73.07692307692308 0.0
394 76.92307692307692 0.0
395 76.92307692307692 0.0
396 76.92307692307692 0.0
397 61.53846153846154 0.0
398 76.92307692307692 0.0
399 76.92307692307692 0.0
400 73.07692307692308 0.0
401 76.92307692307692 0.0
402 69.23076923076923 0.0
403 69.23076923076923 0.0
404 76.92307692307692 0.0
405 69.23076923076923 0.0
406 69.23076923076923 0.0
407 76.92307692307692 0.0
408 80.76923076923077 0.0
409 73.07692307692308 0.0
410 53.84615384615385 0.0
411 76.92307692307692 0.0
412 65.38461538461539 0.0
413 73.07692307692308 0.0
414 73.07692307692308 0.0
415 84.61538461538461 0.0
416 84.61538461538461 0.0
417 76.92307692307692 0.0
418 88.46153846153847 0.0
419 73.07692307692308 0.0
420 88.46153846153847 0.0
421 88.46153846153847 0.0
422 76.92307692307692 0.0
423 84.61538461538461 0.0
424 76.92307692307692 0.0
425 69.23076923076923 0.0
426 84.61538461538461 0.0
427 88.46153846153847 0.0
428 69.23076923076923 0.0
429 73.07692307692308 0.0
430 73.07692307692308 0.0
431 84.61538461538461 0.0
432 65.38461538461539 0.0
433 69.23076923076923 0.0
434 76.92307692307692 0.0
435 92.3076923076923 0.0
436 92.3076923076923 0.0
437 69.23076923076923 0.0
438 76.92307692307692 0.0
439 84.61538461538461 0.0
440 84.61538461538461 0.0
441 84.61538461538461 0.0
442 84.61538461538461 0.0
443 80.76923076923077 0.0
444 69.23076923076923 0.0
445 76.92307692307692 0.0
446 84.61538461538461 0.0
447 61.53846153846154 0.0
448 76.92307692307692 0.0
449 73.07692307692308 0.0
450 80.76923076923077 0.0
451 73.07692307692308 0.0
452 76.92307692307692 0.0
453 84.61538461538461 0.0
454 84.61538461538461 0.0
455 92.3076923076923 0.0
456 65.38461538461539 0.0
457 61.53846153846154 0.0
458 61.53846153846154 0.0
459 76.92307692307692 0.0
460 65.38461538461539 0.0
461 73.07692307692308 0.0
462 65.38461538461539 0.0
463 61.53846153846154 0.0
464 69.23076923076923 0.0
465 76.92307692307692 0.0
466 80.76923076923077 0.0
467 84.61538461538461 0.0
468 92.3076923076923 0.0
469 84.61538461538461 0.0
470 69.23076923076923 0.0
471 92.3076923076923 0.0
472 84.61538461538461 0.0
473 92.3076923076923 0.0
474 76.92307692307692 0.0
475 84.61538461538461 0.0
476 84.61538461538461 0.0
477 92.3076923076923 0.0
478 69.23076923076923 0.0
479 84.61538461538461 0.0
480 76.92307692307692 0.0
481 69.23076923076923 0.0
482 76.92307692307692 0.0
483 80.76923076923077 0.0
484 73.07692307692308 0.0
485 57.69230769230769 0.0
486 69.23076923076923 0.0
487 88.46153846153847 0.0
488 69.23076923076923 0.0
489 69.23076923076923 0.0
490 69.23076923076923 0.0
491 69.23076923076923 0.0
492 73.07692307692308 0.0
493 73.07692307692308 0.0
494 80.76923076923077 0.0
495 88.46153846153847 0.0
496 73.07692307692308 0.0
497 80.76923076923077 0.0
498 65.38461538461539 0.0
499 61.53846153846154 0.0
500 65.38461538461539 0.0
501 69.23076923076923 0.0
502 57.69230769230769 0.0
503 61.53846153846154 0.0
504 65.38461538461539 0.0
505 46.15384615384615 1.5625
506 80.76923076923077 1.5625
507 57.69230769230769 1.5625
508 84.61538461538461 0.0
509 57.69230769230769 0.0
510 76.92307692307692 0.0
511 57.69230769230769 0.0
512 61.53846153846154 0.0
513 84.61538461538461 0.0
514 76.92307692307692 0.0
515 84.61538461538461 0.0
516 76.92307692307692 0.0
517 76.92307692307692 0.0
518 92.3076923076923 0.0
519 92.3076923076923 0.0
520 92.3076923076923 0.0
521 84.61538461538461 0.0
522 76.92307692307692 0.0
523 73.07692307692308 0.0
524 61.53846153846154 0.0
525 84.61538461538461 0.0
526 92.3076923076923 0.0
527 84.61538461538461 1.5625
528 73.07692307692308 1.5625
529 84.61538461538461 1.5625
530 61.53846153846154 0.0
531 76.92307692307692 0.0
532 84.61538461538461 0.0
533 76.92307692307692 0.0
534 76.92307692307692 0.0
535 80.76923076923077 0.0
536 80.76923076923077 0.0
537 73.07692307692308 0.0
538 69.23076923076923 0.0
539 80.76923076923077 0.0
540 80.76923076923077 0.0
541 73.07692307692308 0.0
542 80.76923076923077 0.0
543 73.07692307692308 1.5625
544 88.46153846153847 0.0
545 84.61538461538461 1.5625
546 92.3076923076923 0.0
547 88.46153846153847 0.0
548 76.92307692307692 0.0
549 73.07692307692308 0.0
550 65.38461538461539 0.0
551 73.07692307692308 0.0
552 76.92307692307692 0.0
553 69.23076923076923 0.0
554 65.38461538461539 0.0
555 76.92307692307692 0.0
556 76.92307692307692 0.0
557 88.46153846153847 0.0
558 88.46153846153847 0.0
559 84.61538461538461 0.0
560 84.61538461538461 0.0
561 84.61538461538461 0.0
562 84.61538461538461 0.0
563 88.46153846153847 0.0
564 100.0 0.0
565 100.0 0.0
566 100.0 0.0
567 73.07692307692308 0.0
568 61.53846153846154 0.0
569 69.23076923076923 0.0
570 84.61538461538461 0.0
571 76.92307692307692 0.0
572 69.23076923076923 0.0
573 69.23076923076923 0.0
574 65.38461538461539 0.0
575 61.53846153846154 0.0
576 57.69230769230769 0.0
577 57.69230769230769 0.0
578 76.92307692307692 0.0
579 73.07692307692308 0.0
580 76.92307692307692 1.5625
581 73.07692307692308 0.0
582 80.76923076923077 0.0
583 76.92307692307692 0.0
584 73.07692307692308 0.0
585 84.61538461538461 0.0
586 100.0 0.0
587 80.76923076923077 1.5625
588 84.61538461538461 1.5625
589 92.3076923076923 0.0
590 76.92307692307692 0.0
591 84.61538461538461 1.5625
592 80.76923076923077 1.5625
593 84.61538461538461 1.5625
594 76.92307692307692 1.5625
595 76.92307692307692 1.5625
596 73.07692307692308 1.5625
597 76.92307692307692 1.5625
598 73.07692307692308 1.5625
599 80.76923076923077 1.5625
600 65.38461538461539 1.5625
601 65.38461538461539 1.5625
602 61.53846153846154 1.5625
603 69.23076923076923 1.5625
604 84.61538461538461 1.5625
605 69.23076923076923 1.5625
606 53.84615384615385 1.5625
607 69.23076923076923 0.0
608 76.92307692307692 0.0
609 80.76923076923077 0.0
610 69.23076923076923 1.5625
611 61.53846153846154 0.0
612 61.53846153846154 1.5625
613 61.53846153846154 1.5625
614 57.69230769230769 0.0
615 53.84615384615385 1.5625
616 50.0 0.0
617 57.69230769230769 0.0
618 65.38461538461539 1.5625
619 61.53846153846154 0.0
620 61.53846153846154 0.0
621 53.84615384615385 0.0
622 80.76923076923077 0.0
623 73.07692307692308 0.0
624 65.38461538461539 0.0
625 69.23076923076923 0.0
626 65.38461538461539 0.0
627 57.69230769230769 0.0
628 65.38461538461539 0.0
629 61.53846153846154 1.5625
630 53.84615384615385 0.0
631 61.53846153846154 0.0
632 57.69230769230769 0.0
633 46.15384615384615 0.0
634 57.69230769230769 0.0
635 53.84615384615385 0.0
636 65.38461538461539 0.0
637 53.84615384615385 0.0
638 69.23076923076923 0.0
639 73.07692307692308 0.0
640 57.69230769230769 0.0
641 61.53846153846154 0.0
642 92.3076923076923 0.0
643 84.61538461538461 0.0
644 84.61538461538461 0.0
645 100.0 0.0
646 92.3076923076923 0.0
647 84.61538461538461 0.0
648 92.3076923076923 0.0
649 84.61538461538461 0.0
650 84.61538461538461 0.0
651 84.61538461538461 0.0
652 92.3076923076923 0.0
653 84.61538461538461 0.0
654 88.46153846153847 0.0
655 84.61538461538461 0.0
656 84.61538461538461 0.0
657 84.61538461538461 0.0
658 100.0 0.0
659 92.3076923076923 0.0
660 84.61538461538461 0.0
661 65.38461538461539 0.0
662 84.61538461538461 0.0
663 84.61538461538461 0.0
664 76.92307692307692 0.0
665 76.92307692307692 0.0
666 84.61538461538461 0.0
667 80.76923076923077 0.0
668 76.92307692307692 0.0
669 69.23076923076923 0.0
670 76.92307692307692 0.0
671 76.92307692307692 0.0
672 76.92307692307692 0.0
673 69.23076923076923 0.0
674 76.92307692307692 0.0
675 57.69230769230769 0.0
676 76.92307692307692 0.0
677 69.23076923076923 0.0
678 69.23076923076923 0.0
679 84.61538461538461 0.0
680 80.76923076923077 0.0
681 80.76923076923077 0.0
682 92.3076923076923 0.0
683 80.76923076923077 0.0
684 65.38461538461539 0.0
685 76.92307692307692 0.0
686 73.07692307692308 0.0
687 80.76923076923077 0.0
688 69.23076923076923 0.0
689 69.23076923076923 0.0
690 53.84615384615385 0.0
691 65.38461538461539 0.0
692 61.53846153846154 0.0
693 65.38461538461539 0.0
694 65.38461538461539 0.0
695 69.23076923076923 0.0
696 57.69230769230769 0.0
697 61.53846153846154 0.0
698 61.53846153846154 0.0
699 80.76923076923077 0.0
700 65.38461538461539 0.0
701 61.53846153846154 0.0
702 65.38461538461539 0.0
703 69.23076923076923 0.0
704 65.38461538461539 0.0
705 46.15384615384615 0.0
706 61.53846153846154 0.0
707 61.53846153846154 0.0
708 61.53846153846154 0.0
709 53.84615384615385 0.0
710 69.23076923076923 0.0
711 46.15384615384615 0.0
712 65.38461538461539 0.0
713 46.15384615384615 0.0
714 46.15384615384615 0.0
715 53.84615384615385 0.0
716 50.0 0.0
717 53.84615384615385 0.0
718 65.38461538461539 0.0
719 73.07692307692308 0.0
720 88.46153846153847 0.0
721 73.07692307692308 0.0
722 80.76923076923077 0.0
723 84.61538461538461 0.0
724 73.07692307692308 0.0
725 73.07692307692308 0.0
726 92.3076923076923 0.0
727 76.92307692307692 0.0
728 80.76923076923077 0.0
729 84.61538461538461 0.0
730 69.23076923076923 0.0
731 61.53846153846154 0.0
732 76.92307692307692 0.0
733 61.53846153846154 0.0
734 73.07692307692308 0.0
735 76.92307692307692 0.0
736 69.23076923076923 0.0
737 76.92307692307692 0.0
738 76.92307692307692 0.0
739 65.38461538461539 0.0
740 92.3076923076923 0.0
741 76.92307692307692 0.0
742 61.53846153846154 0.0
743 76.92307692307692 0.0
744 69.23076923076923 0.0
745 76.92307692307692 0.0
746 76.92307692307692 0.0
747 76.92307692307692 0.0
748 84.61538461538461 0.0
749 84.61538461538461 0.0
750 73.07692307692308 0.0
751 88.46153846153847 0.0
752 73.07692307692308 0.0
753 76.92307692307692 0.0
754 69.23076923076923 0.0
755 76.92307692307692 0.0
756 84.61538461538461 0.0
757 73.07692307692308 0.0
758 84.61538461538461 0.0
759 92.3076923076923 0.0
760 100.0 0.0
761 84.61538461538461 0.0
762 84.61538461538461 0.0
763 100.0 0.0
764 84.61538461538461 0.0
765 65.38461538461539 0.0
766 69.23076923076923 0.0
767 84.61538461538461 0.0
768 84.61538461538461 0.0
769 84.61538461538461 0.0
770 84.61538461538461 0.0
771 84.61538461538461 0.0
772 84.61538461538461 0.0
773 84.61538461538461 0.0
774 61.53846153846154 0.0
775 73.07692307692308 0.0
776 92.3076923076923 0.0
777 100.0 0.0
778 76.92307692307692 0.0
779 92.3076923076923 0.0
780 84.61538461538461 0.0
781 84.61538461538461 0.0
782 61.53846153846154 0.0
783 76.92307692307692 0.0
784 73.07692307692308 0.0
785 92.3076923076923 0.0
786 65.38461538461539 0.0
787 76.92307692307692 0.0
788 73.07692307692308 0.0
789 84.61538461538461 0.0
790 84.61538461538461 0.0
791 92.3076923076923 0.0
792 92.3076923076923 0.0
793 76.92307692307692 0.0
794 76.92307692307692 0.0
795 61.53846153846154 0.0
796 76.92307692307692 0.0
797 69.23076923076923 0.0
798 84.61538461538461 0.0
799 80.76923076923077 0.0
800 92.3076923076923 0.0
801 92.3076923076923 0.0
802 92.3076923076923 0.0
803 92.3076923076923 0.0
804 84.61538461538461 0.0
805 92.3076923076923 0.0
806 92.3076923076923 0.0
807 92.3076923076923 0.0
808 84.61538461538461 0.0
809 84.61538461538461 0.0
810 76.92307692307692 0.0
811 92.3076923076923 0.0
812 84.61538461538461 0.0
813 76.92307692307692 0.0
814 73.07692307692308 0.0
815 76.92307692307692 0.0
816 84.61538461538461 0.0
817 84.61538461538461 0.0
818 73.07692307692308 0.0
819 84.61538461538461 0.0
820 76.92307692307692 0.0
821 84.61538461538461 0.0
822 84.61538461538461 0.0
823 88.46153846153847 0.0
824 92.3076923076923 0.0
825 84.61538461538461 0.0
826 65.38461538461539 0.0
827 84.61538461538461 0.0
828 92.3076923076923 0.0
829 84.61538461538461 0.0
830 92.3076923076923 0.0
831 92.3076923076923 0.0
832 100.0 0.0
833 100.0 0.0
834 92.3076923076923 0.0
835 100.0 0.0
836 100.0 0.0
837 92.3076923076923 0.0
838 92.3076923076923 0.0
839 92.3076923076923 0.0
840 92.3076923076923 0.0
841 76.92307692307692 0.0
842 84.61538461538461 0.0
843 76.92307692307692 0.0
844 84.61538461538461 0.0
845 84.61538461538461 0.0
846 76.92307692307692 0.0
847 69.23076923076923 0.0
848 69.23076923076923 0.0
849 76.92307692307692 0.0
850 65.38461538461539 0.0
851 61.53846153846154 0.0
852 61.53846153846154 0.0
853 65.38461538461539 0.0
854 61.53846153846154 0.0
855 76.92307692307692 0.0
856 57.69230769230769 0.0
857 57.69230769230769 0.0
858 76.92307692307692 0.0
859 84.61538461538461 0.0
860 73.07692307692308 0.0
861 53.84615384615385 0.0
862 53.84615384615385 0.0
863 50.0 0.0
864 76.92307692307692 0.0
865 76.92307692307692 0.0
866 84.61538461538461 0.0
867 84.61538461538461 0.0
868 76.92307692307692 0.0
869 80.76923076923077 0.0
870 80.76923076923077 0.0
871 92.3076923076923 0.0
872 80.76923076923077 0.0
873 69.23076923076923 0.0
874 80.76923076923077 0.0
875 80.76923076923077 0.0
876 76.92307692307692 0.0
877 61.53846153846154 0.0
878 61.53846153846154 0.0
879 76.92307692307692 0.0
880 80.76923076923077 0.0
881 65.38461538461539 0.0
882 73.07692307692308 0.0
883 65.38461538461539 0.0
884 76.92307692307692 0.0
885 69.23076923076923 0.0
886 80.76923076923077 0.0
887 69.23076923076923 0.0
888 73.07692307692308 0.0
889 69.23076923076923 0.0
890 73.07692307692308 0.0
891 76.92307692307692 0.0
892 84.61538461538461 0.0
893 73.07692307692308 0.0
894 80.76923076923077 0.0
895 76.92307692307692 0.0
896 84.61538461538461 0.0
897 76.92307692307692 0.0
898 69.23076923076923 0.0
899 76.92307692307692 0.0
900 76.92307692307692 0.0
901 73.07692307692308 0.0
902 92.3076923076923 0.0
903 76.92307692307692 0.0
904 76.92307692307692 0.0
905 65.38461538461539 0.0
906 76.92307692307692 0.0
907 76.92307692307692 0.0
908 61.53846153846154 0.0
909 53.84615384615385 0.0
910 69.23076923076923 0.0
911 53.84615384615385 0.0
912 76.92307692307692 0.0
913 46.15384615384615 0.0
914 42.30769230769231 0.0
915 69.23076923076923 0.0
916 69.23076923076923 0.0
917 92.3076923076923 0.0
918 84.61538461538461 0.0
919 69.23076923076923 0.0
920 76.92307692307692 0.0
921 84.61538461538461 0.0
922 100.0 0.0
923 92.3076923076923 0.0
924 76.92307692307692 0.0
925 84.61538461538461 0.0
926 92.3076923076923 0.0
927 84.61538461538461 0.0
928 80.76923076923077 0.0
929 69.23076923076923 0.0
930 84.61538461538461 0.0
931 80.76923076923077 0.0
932 69.23076923076923 0.0
933 69.23076923076923 0.0
934 92.3076923076923 0.0
935 100.0 0.0
936 84.61538461538461 0.0
937 69.23076923076923 0.0
938 76.92307692307692 0.0
939 73.07692307692308 0.0
940 84.61538461538461 0.0
941 92.3076923076923 0.0
942 92.3076923076923 0.0
943 92.3076923076923 0.0
944 92.3076923076923 0.0
945 84.61538461538461 0.0
946 69.23076923076923 0.0
947 76.92307692307692 0.0
948 84.61538461538461 0.0
949 76.92307692307692 0.0
950 92.3076923076923 0.0
951 76.92307692307692 0.0
952 76.92307692307692 0.0
953 61.53846153846154 0.0
954 84.61538461538461 0.0
955 65.38461538461539 0.0
956 69.23076923076923 0.0
957 76.92307692307692 0.0
958 84.61538461538461 0.0
959 61.53846153846154 0.0
960 53.84615384615385 0.0
961 69.23076923076923 0.0
962 53.84615384615385 0.0
963 92.3076923076923 0.0
964 84.61538461538461 0.0
965 84.61538461538461 0.0
966 61.53846153846154 0.0
967 84.61538461538461 0.0
968 92.3076923076923 0.0
969 84.61538461538461 0.0
970 76.92307692307692 0.0
971 92.3076923076923 0.0
972 92.3076923076923 0.0
973 92.3076923076923 0.0
974 100.0 0.0
975 100.0 0.0
976 100.0 0.0
977 92.3076923076923 0.0
978 100.0 0.0
979 84.61538461538461 0.0
980 84.61538461538461 0.0
981 80.76923076923077 0.0
982 92.3076923076923 0.0
983 92.3076923076923 0.0
984 92.3076923076923 0.0
985 92.3076923076923 0.0
986 84.61538461538461 0.0
987 84.61538461538461 0.0
988 76.92307692307692 0.0
989 76.92307692307692 0.0
990 69.23076923076923 0.0
991 69.23076923076923 0.0
992 84.61538461538461 0.0
993 73.07692307692308 0.0
994 92.3076923076923 0.0
995 84.61538461538461 0.0
996 76.92307692307692 0.0
997 92.3076923076923 0.0
998 61.53846153846154 0.0
999 84.61538461538461 0.0
