#frame monomers_% popc_isolated_%
0 80.76923076923077 0.0
1 76.92307692307692 0.0
2 76.92307692307692 0.0
3 69.23076923076923 0.0
4 84.61538461538461 0.0
5 76.92307692307692 0.0
6 76.92307692307692 0.0
7 84.61538461538461 0.0
8 69.23076923076923 0.0
9 76.92307692307692 0.0
10 76.92307692307692 0.0
11 69.23076923076923 0.0
12 92.3076923076923 0.0
13 92.3076923076923 0.0
14 92.3076923076923 0.0
15 84.61538461538461 0.0
16 84.61538461538461 0.0
17 92.3076923076923 0.0
18 84.61538461538461 0.0
19 92.3076923076923 0.0
20 84.61538461538461 0.0
21 84.61538461538461 0.0
22 84.61538461538461 0.0
23 76.92307692307692 0.0
24 84.61538461538461 0.0
25 84.61538461538461 0.0
26 84.61538461538461 0.0
27 84.61538461538461 0.0
28 84.61538461538461 0.0
29 76.92307692307692 0.0
30 76.92307692307692 0.0
31 84.61538461538461 0.0
32 84.61538461538461 0.0
33 76.92307692307692 0.0
34 84.61538461538461 0.0
35 84.61538461538461 0.0
36 92.3076923076923 0.0
37 76.92307692307692 0.0
38 84.61538461538461 0.0
39 88.46153846153847 0.0
40 92.3076923076923 0.0
41 92.3076923076923 0.0
42 84.61538461538461 0.0
43 76.92307692307692 0.0
44 76.92307692307692 0.0
45 76.92307692307692 0.0
46 92.3076923076923 0.0
47 92.3076923076923 0.0
48 53.84615384615385 0.0
49 69.23076923076923 0.0
50 69.23076923076923 0.0
51 76.92307692307692 0.0
52 84.61538461538461 0.0
53 57.69230769230769 0.0
54 69.23076923076923 0.0
55 69.23076923076923 0.0
56 76.92307692307692 0.0
57 69.23076923076923 0.0
58 84.61538461538461 0.0
59 92.3076923076923 0.0
60 92.3076923076923 0.0
61 76.92307692307692 0.0
62 92.3076923076923 0.0
63 65.38461538461539 0.0
64 84.61538461538461 0.0
65 80.76923076923077 0.0
66 76.92307692307692 0.0
67 73.07692307692308 0.0
68 84.61538461538461 0.0
69 84.61538461538461 0.0
70 84.61538461538461 0.0
71 76.92307692307692 0.0
72 84.61538461538461 0.0
73 73.07692307692308 0.0
74 84.61538461538461 0.0
75 73.07692307692308 0.0
76 92.3076923076923 0.0
77 92.3076923076923 0.0
78 92.3076923076923 0.0
79 84.61538461538461 0.0
80 84.61538461538461 0.0
81 73.07692307692308 0.0
82 69.23076923076923 0.0
83 76.92307692307692 0.0
84 80.76923076923077 0.0
85 92.3076923076923 0.0
86 100.0 0.0
87 100.0 0.0
88 92.3076923076923 0.0
89 92.3076923076923 0.0
90 100.0 0.0
91 88.46153846153847 0.0
92 84.61538461538461 0.0
93 84.61538461538461 0.0
94 92.3076923076923 0.0
95 92.3076923076923 0.0
96 100.0 0.0
97 92.3076923076923 0.0
98 100.0 0.0
99 84.61538461538461 0.0
100 92.3076923076923 0.0
101 100.0 0.0
102 92.3076923076923 0.0
103 100.0 0.0
104 100.0 0.0
105 100.0 0.0
106 92.3076923076923 0.0
107 76.92307692307692 0.0
108 73.07692307692308 0.0
109 69.23076923076923 0.0
110 84.61538461538461 0.0
111 73.07692307692308 0.0
112 76.92307692307692 0.0
113 61.53846153846154 0.0
114 76.92307692307692 0.0
115 84.61538461538461 0.0
116 92.3076923076923 0.0
117 80.76923076923077 0.0
118 80.76923076923077 0.0
119 80.76923076923077 0.0
120 73.07692307692308 0.0
121 69.23076923076923 0.0
122 76.92307692307692 0.0
123 76.92307692307692 0.0
124 76.92307692307692 0.0
125 84.61538461538461 0.0
126 84.61538461538461 0.0
127 76.92307692307692 0.0
128 84.61538461538461 0.0
129 76.92307692307692 0.0
130 84.61538461538461 0.0
131 84.61538461538461 0.0
132 69.23076923076923 0.0
133 80.76923076923077 0.0
134 92.3076923076923 0.0
135 80.76923076923077 0.0
136 65.38461538461539 0.0
137 80.76923076923077 0.0
138 76.92307692307692 0.0
139 73.07692307692308 0.0
140 80.76923076923077 0.0
141 92.3076923076923 0.0
142 100.0 0.0
143 92.3076923076923 0.0
144 92.3076923076923 0.0
145 84.61538461538461 0.0
146 88.46153846153847 0.0
147 92.3076923076923 0.0
148 92.3076923076923 0.0
149 69.23076923076923 0.0
150 76.92307692307692 0.0
151 84.61538461538461 0.0
152 92.3076923076923 0.0
153 84.61538461538461 0.0
154 92.3076923076923 0.0
155 92.3076923076923 0.0
156 69.23076923076923 0.0
157 76.92307692307692 0.0
158 92.3076923076923 0.0
159 100.0 0.0
160 92.3076923076923 0.0
161 69.23076923076923 0.0
162 76.92307692307692 0.0
163 84.61538461538461 0.0
164 92.3076923076923 0.0
165 84.61538461538461 0.0
166 84.61538461538461 0.0
167 76.92307692307692 0.0
168 92.3076923076923 0.0
169 76.92307692307692 0.0
170 61.53846153846154 0.0
171 69.23076923076923 0.0
172 76.92307692307692 0.0
173 84.61538461538461 0.0
174 76.92307692307692 0.0
175 73.07692307692308 0.0
176 84.61538461538461 0.0
177 69.23076923076923 0.0
178 69.23076923076923 0.0
179 84.61538461538461 0.0
180 80.76923076923077 0.0
181 76.92307692307692 0.0
182 80.76923076923077 0.0
183 73.07692307692308 0.0
184 57.69230769230769 0.0
185 65.38461538461539 0.0
186 61.53846153846154 0.0
187 57.69230769230769 0.0
188 76.92307692307692 0.0
189 76.92307692307692 0.0
190 84.61538461538461 0.0
191 76.92307692307692 0.0
192 80.76923076923077 0.0
193 65.38461538461539 0.0
194 76.92307692307692 0.0
195 61.53846153846154 0.0
196 73.07692307692308 0.0
197 80.76923076923077 0.0
198 84.61538461538461 0.0
199 84.61538461538461 0.0
200 92.3076923076923 0.0
201 92.3076923076923 0.0
202 92.3076923076923 0.0
203 84.61538461538461 0.0
204 92.3076923076923 0.0
205 92.3076923076923 0.0
206 100.0 0.0
207 92.3076923076923 0.0
208 92.3076923076923 0.0
209 92.3076923076923 0.0
210 76.92307692307692 0.0
211 84.61538461538461 0.0
212 92.3076923076923 0.0
213 100.0 0.0
214 92.3076923076923 0.0
215 76.92307692307692 0.0
216 76.92307692307692 0.0
217 73.07692307692308 0.0
218 76.92307692307692 0.0
219 80.76923076923077 0.0
220 84.61538461538461 0.0
221 84.61538461538461 0.0
222 80.76923076923077 0.0
223 84.61538461538461 0.0
224 65.38461538461539 0.0
225 84.61538461538461 0.0
226 73.07692307692308 0.0
227 73.07692307692308 0.0
228 80.76923076923077 0.0
229 57.69230769230769 0.0
230 69.23076923076923 0.0
231 65.38461538461539 0.0
232 84.61538461538461 0.0
233 92.3076923076923 0.0
234 69.23076923076923 0.0
235 76.92307692307692 0.0
236 65.38461538461539 0.0
237 76.92307692307692 0.0
238 76.92307692307692 0.0
239 69.23076923076923 0.0
240 69.23076923076923 0.0
241 84.61538461538461 0.0
242 76.92307692307692 0.0
243 73.07692307692308 0.0
244 84.61538461538461 0.0
245 92.3076923076923 0.0
246 92.3076923076923 0.0
247 84.61538461538461 0.0
248 76.92307692307692 0.0
249 84.61538461538461 0.0
250 76.92307692307692 0.0
251 92.3076923076923 0.0
252 84.61538461538461 0.0
253 84.61538461538461 0.0
254 84.61538461538461 0.0
255 76.92307692307692 0.0
256 80.76923076923077 0.0
257 84.61538461538461 0.0
258 76.92307692307692 0.0
259 84.61538461538461 0.0
260 76.92307692307692 0.0
261 80.76923076923077 0.0
262 65.38461538461539 0.0
263 69.23076923076923 0.0
264 61.53846153846154 0.0
265 69.23076923076923 0.0
266 69.23076923076923 0.0
267 76.92307692307692 0.0
268 76.92307692307692 0.0
269 84.61538461538461 0.0
270 69.23076923076923 0.0
271 76.92307692307692 0.0
272 76.92307692307692 0.0
273 76.92307692307692 0.0
274 73.07692307692308 0.0
275 73.07692307692308 0.0
276 84.61538461538461 0.0
277 69.23076923076923 0.0
278 69.23076923076923 0.0
279 69.23076923076923 0.0
280 69.23076923076923 0.0
281 92.3076923076923 0.0
282 84.61538461538461 0.0
283 57.69230769230769 0.0
284 92.3076923076923 0.0
285 92.3076923076923 0.0
286 92.3076923076923 0.0
287 84.61538461538461 0.0
288 65.38461538461539 0.0
289 73.07692307692308 0.0
290 76.92307692307692 0.0
291 61.53846153846154 0.0
292 84.61538461538461 0.0
293 76.92307692307692 0.0
294 92.3076923076923 0.0
295 73.07692307692308 0.0
296 76.92307692307692 0.0
297 76.92307692307692 0.0
298 84.61538461538461 0.0
299 84.61538461538461 0.0
300 84.61538461538461 0.0
301 76.92307692307692 0.0
302 88.46153846153847 0.0
303 92.3076923076923 0.0
304 84.61538461538461 0.0
305 76.92307692307692 0.0
306 100.0 0.0
307 84.61538461538461 0.0
308 84.61538461538461 0.0
309 84.61538461538461 0.0
310 84.61538461538461 0.0
311 69.23076923076923 0.0
312 84.61538461538461 0.0
313 80.76923076923077 0.0
314 84.61538461538461 0.0
315 76.92307692307692 0.0
316 76.92307692307692 0.0
317 84.61538461538461 0.0
318 92.3076923076923 0.0
319 84.61538461538461 0.0
320 84.61538461538461 0.0
321 84.61538461538461 0.0
322 92.3076923076923 0.0
323 84.61538461538461 0.0
324 76.92307692307692 0.0
325 76.92307692307692 0.0
326 80.76923076923077 0.0
327 92.3076923076923 0.0
328 100.0 0.0
329 92.3076923076923 0.0
330 80.76923076923077 0.0
331 69.23076923076923 0.0
332 92.3076923076923 0.0
333 92.3076923076923 0.0
334 88.46153846153847 0.0
335 76.92307692307692 0.0
336 76.92307692307692 0.0
337 76.92307692307692 0.0
338 69.23076923076923 0.0
339 73.07692307692308 0.0
340 50.0 0.0
341 57.69230769230769 0.0
342 53.84615384615385 0.0
343 73.07692307692308 0.0
344 53.84615384615385 0.0
345 65.38461538461539 0.0
346 69.23076923076923 0.0
347 57.69230769230769 0.0
348 61.53846153846154 0.0
349 65.38461538461539 0.0
350 73.07692307692308 0.0
351 76.92307692307692 0.0
352 80.76923076923077 0.0
353 76.92307692307692 0.0
354 73.07692307692308 0.0
355 92.3076923076923 0.0
356 80.76923076923077 0.0
357 80.76923076923077 0.0
358 80.76923076923077 0.0
359 73.07692307692308 0.0
360 69.23076923076923 0.0
361 57.69230769230769 0.0
362 92.3076923076923 0.0
363 76.92307692307692 0.0
364 76.92307692307692 0.0
365 69.23076923076923 0.0
366 61.53846153846154 0.0
367 65.38461538461539 0.0
368 80.76923076923077 0.0
369 76.92307692307692 0.0
370 88.46153846153847 0.0
371 92.3076923076923 0.0
372 88.46153846153847 0.0
373 76.92307692307692 0.0
374 73.07692307692308 0.0
375 84.61538461538461 0.0
376 76.92307692307692 0.0
377 92.3076923076923 0.0
378 92.3076923076923 0.0
379 65.38461538461539 0.0
380 80.76923076923077 0.0
381 69.23076923076923 0.0
382 73.07692307692308 0.0
383 84.61538461538461 0.0
384 80.76923076923077 0.0
385 76.92307692307692 0.0
386 73.07692307692308 0.0
387 76.92307692307692 0.0
388 61.53846153846154 0.0
389 84.61538461538461 0.0
390 76.92307692307692 0.0
391 76.92307692307692 0.0
392 76.92307692307692 0.0
393 69.23076923076923 0.0
394 80.76923076923077 0.0
395 73.07692307692308 0.0
396 69.23076923076923 0.0
397 76.92307692307692 0.0
398 73.07692307692308 0.0
399 76.92307692307692 0.0
400 76.92307692307692 0.0
401 65.38461538461539 0.0
402 76.92307692307692 0.0
403 80.76923076923077 0.0
404 76.92307692307692 0.0
405 84.61538461538461 0.0
406 84.61538461538461 0.0
407 84.61538461538461 0.0
408 84.61538461538461 0.0
409 84.61538461538461 0.0
410 76.92307692307692 0.0
411 69.23076923076923 0.0
412 92.3076923076923 0.0
413 84.61538461538461 0.0
414 76.92307692307692 0.0
415 92.3076923076923 0.0
416 88.46153846153847 0.0
417 76.92307692307692 0.0
418 76.92307692307692 0.0
419 69.23076923076923 0.0
420 84.61538461538461 0.0
421 84.61538461538461 0.0
422 76.92307692307692 0.0
423 84.61538461538461 0.0
424 76.92307692307692 0.0
425 76.92307692307692 0.0
426 76.92307692307692 0.0
427 92.3076923076923 0.0
428 92.3076923076923 0.0
429 92.3076923076923 0.0
430 92.3076923076923 0.0
431 80.76923076923077 0.0
432 80.76923076923077 0.0
433 84.61538461538461 0.0
434 84.61538461538461 0.0
435 76.92307692307692 0.0
436 92.3076923076923 0.0
437 92.3076923076923 0.0
438 92.3076923076923 0.0
439 80.76923076923077 0.0
440 88.46153846153847 0.0
441 84.61538461538461 0.0
442 84.61538461538461 0.0
443 92.3076923076923 0.0
444 76.92307692307692 0.0
445 92.3076923076923 0.0
446 92.3076923076923 0.0
447 76.92307692307692 0.0
448 76.92307692307692 0.0
449 76.92307692307692 0.0
450 76.92307692307692 0.0
451 92.3076923076923 0.0
452 76.92307692307692 0.0
453 65.38461538461539 0.0
454 80.76923076923077 0.0
455 61.53846153846154 0.0
456 61.53846153846154 0.0
457 69.23076923076923 0.0
458 84.61538461538461 0.0
459 84.61538461538461 0.0
460 84.61538461538461 0.0
461 76.92307692307692 0.0
462 92.3076923076923 0.0
463 69.23076923076923 0.0
464 84.61538461538461 0.0
465 69.23076923076923 0.0
466 92.3076923076923 0.0
467 84.61538461538461 0.0
468 100.0 0.0
469 76.92307692307692 0.0
470 92.3076923076923 0.0
471 80.76923076923077 0.0
472 84.61538461538461 0.0
473 92.3076923076923 0.0
474 92.3076923076923 0.0
475 80.76923076923077 0.0
476 69.23076923076923 0.0
477 65.38461538461539 0.0
478 65.38461538461539 0.0
479 57.69230769230769 0.0
480 69.23076923076923 0.0
481 65.38461538461539 0.0
482 84.61538461538461 0.0
483 84.61538461538461 0.0
484 84.61538461538461 0.0
485 65.38461538461539 0.0
486 80.76923076923077 0.0
487 92.3076923076923 0.0
488 92.3076923076923 0.0
489 92.3076923076923 0.0
490 92.3076923076923 0.0
491 73.07692307692308 0.0
492 69.23076923076923 0.0
493 80.76923076923077 0.0
494 76.92307692307692 0.0
495 73.07692307692308 0.0
496 80.76923076923077 0.0
497 80.76923076923077 0.0
498 69.23076923076923 0.0
499 76.92307692307692 0.0
500 73.07692307692308 0.0
501 69.23076923076923 0.0
502 61.53846153846154 0.0
503 65.38461538461539 0.0
504 65.38461538461539 0.0
505 65.38461538461539 0.0
506 73.07692307692308 0.0
507 73.07692307692308 0.0
508 76.92307692307692 0.0
509 76.92307692307692 0.0
510 76.92307692307692 0.0
511 73.07692307692308 0.0
512 73.07692307692308 0.0
513 84.61538461538461 0.0
514 69.23076923076923 0.0
515 73.07692307692308 0.0
516 84.61538461538461 0.0
517 61.53846153846154 0.0
518 69.23076923076923 0.0
519 61.53846153846154 0.0
520 61.53846153846154 0.0
521 76.92307692307692 0.0
522 80.76923076923077 0.0
523 84.61538461538461 0.0
524 88.46153846153847 0.0
525 88.46153846153847 0.0
526 92.3076923076923 0.0
527 84.61538461538461 0.0
528 84.61538461538461 0.0
529 76.92307692307692 0.0
530 73.07692307692308 0.0
531 73.07692307692308 0.0
532 80.76923076923077 0.0
533 88.46153846153847 0.0
534 80.76923076923077 0.0
535 73.07692307692308 0.0
536 76.92307692307692 0.0
537 65.38461538461539 0.0
538 65.38461538461539 0.0
539 65.38461538461539 0.0
540 73.07692307692308 0.0
541 69.23076923076923 0.0
542 65.38461538461539 0.0
543 73.07692307692308 0.0
544 76.92307692307692 0.0
545 69.23076923076923 0.0
546 73.07692307692308 0.0
547 57.69230769230769 0.0
548 73.07692307692308 0.0
549 65.38461538461539 0.0
550 57.69230769230769 0.0
551 57.69230769230769 0.0
552 69.23076923076923 0.0
553 65.38461538461539 0.0
554 65.38461538461539 0.0
555 73.07692307692308 0.0
556 69.23076923076923 0.0
557 65.38461538461539 0.0
558 57.69230769230769 0.0
559 65.38461538461539 0.0
560 73.07692307692308 0.0
561 69.23076923076923 0.0
562 73.07692307692308 0.0
563 80.76923076923077 0.0
564 92.3076923076923 0.0
565 84.61538461538461 0.0
566 88.46153846153847 0.0
567 88.46153846153847 0.0
568 80.76923076923077 0.0
569 88.46153846153847 0.0
570 65.38461538461539 0.0
571 76.92307692307692 0.0
572 76.92307692307692 0.0
573 73.07692307692308 0.0
574 88.46153846153847 0.0
575 80.76923076923077 0.0
576 84.61538461538461 0.0
577 92.3076923076923 0.0
578 84.61538461538461 0.0
579 69.23076923076923 0.0
580 69.23076923076923 0.0
581 65.38461538461539 0.0
582 84.61538461538461 0.0
583 73.07692307692308 0.0
584 80.76923076923077 0.0
585 69.23076923076923 0.0
586 88.46153846153847 0.0
587 73.07692307692308 0.0
588 65.38461538461539 0.0
589 73.07692307692308 0.0
590 80.76923076923077 0.0
591 84.61538461538461 0.0
592 61.53846153846154 0.0
593 69.23076923076923 0.0
594 65.38461538461539 0.0
595 65.38461538461539 0.0
596 65.38461538461539 0.0
597 57.69230769230769 0.0
598 76.92307692307692 0.0
599 61.53846153846154 0.0
600 57.69230769230769 0.0
601 65.38461538461539 0.0
602 65.38461538461539 0.0
603 65.38461538461539 0.0
604 65.38461538461539 0.0
605 73.07692307692308 0.0
606 53.84615384615385 0.0
607 61.53846153846154 0.0
608 69.23076923076923 0.0
609 57.69230769230769 0.0
610 76.92307692307692 0.0
611 76.92307692307692 0.0
612 84.61538461538461 0.0
613 84.61538461538461 0.0
614 84.61538461538461 0.0
615 76.92307692307692 0.0
616 84.61538461538461 0.0
617 76.92307692307692 0.0
618 88.46153846153847 0.0
619 84.61538461538461 0.0
620 84.61538461538461 0.0
621 84.61538461538461 0.0
622 76.92307692307692 0.0
623 69.23076923076923 0.0
624 69.23076923076923 0.0
625 76.92307692307692 0.0
626 92.3076923076923 0.0
627 92.3076923076923 0.0
628 61.53846153846154 0.0
629 76.92307692307692 0.0
630 76.92307692307692 0.0
631 69.23076923076923 0.0
632 76.92307692307692 0.0
633 69.23076923076923 0.0
634 76.92307692307692 0.0
635 69.23076923076923 0.0
636 76.92307692307692 0.0
637 61.53846153846154 0.0
638 84.61538461538461 0.0
639 84.61538461538461 0.0
640 69.23076923076923 0.0
641 76.92307692307692 0.0
642 84.61538461538461 0.0
643 76.92307692307692 0.0
644 76.92307692307692 0.0
645 84.61538461538461 0.0
646 76.92307692307692 0.0
647 80.76923076923077 0.0
648 80.76923076923077 0.0
649 84.61538461538461 0.0
650 76.92307692307692 0.0
651 84.61538461538461 0.0
652 92.3076923076923 0.0
653 84.61538461538461 0.0
654 76.92307692307692 0.0
655 100.0 0.0
656 76.92307692307692 0.0
657 84.61538461538461 0.0
658 100.0 0.0
659 88.46153846153847 0.0
660 92.3076923076923 0.0
661 100.0 0.0
662 92.3076923076923 0.0
663 92.3076923076923 0.0
664 84.61538461538461 0.0
665 100.0 0.0
666 100.0 0.0
667 84.61538461538461 0.0
668 92.3076923076923 0.0
669 84.61538461538461 0.0
670 100.0 0.0
671 84.61538461538461 0.0
672 57.69230769230769 0.0
673 53.84615384615385 0.0
674 73.07692307692308 0.0
675 92.3076923076923 0.0
676 76.92307692307692 0.0
677 84.61538461538461 0.0
678 73.07692307692308 0.0
679 76.92307692307692 0.0
680 61.53846153846154 0.0
681 84.61538461538461 0.0
682 84.61538461538461 0.0
683 76.92307692307692 0.0
684 84.61538461538461 0.0
685 57.69230769230769 0.0
686 57.69230769230769 0.0
687 84.61538461538461 0.0
688 69.23076923076923 0.0
689 84.61538461538461 0.0
690 92.3076923076923 0.0
691 84.61538461538461 0.0
692 92.3076923076923 0.0
693 84.61538461538461 0.0
694 76.92307692307692 0.0
695 84.61538461538461 0.0
696 84.61538461538461 0.0
697 76.92307692307692 0.0
698 76.92307692307692 0.0
699 69.23076923076923 0.0
700 69.23076923076923 0.0
701 61.53846153846154 0.0
702 69.23076923076923 0.0
703 76.92307692307692 0.0
704 84.61538461538461 0.0
705 76.92307692307692 0.0
706 84.61538461538461 0.0
707 100.0 0.0
708 92.3076923076923 0.0
709 92.3076923076923 0.0
710 84.61538461538461 0.0
711 92.3076923076923 0.0
712 92.3076923076923 0.0
713 92.3076923076923 0.0
714 92.3076923076923 0.0
715 92.3076923076923 0.0
716 92.3076923076923 0.0
717 92.3076923076923 0.0
718 92.3076923076923 0.0
719 84.61538461538461 0.0
720 84.61538461538461 0.0
721 84.61538461538461 0.0
722 84.61538461538461 0.0
723 73.07692307692308 0.0
724 80.76923076923077 0.0
725 80.76923076923077 0.0
726 76.92307692307692 0.0
727 76.92307692307692 0.0
728 80.76923076923077 0.0
729 80.76923076923077 0.0
730 80.76923076923077 0.0
731 88.46153846153847 0.0
732 80.76923076923077 0.0
733 69.23076923076923 0.0
734 73.07692307692308 0.0
735 69.23076923076923 0.0
736 69.23076923076923 0.0
737 69.23076923076923 0.0
738 84.61538461538461 0.0
739 84.61538461538461 0.0
740 92.3076923076923 0.0
741 92.3076923076923 0.0
742 80.76923076923077 0.0
743 80.76923076923077 0.0
744 92.3076923076923 0.0
745 92.3076923076923 0.0
746 92.3076923076923 0.0
747 73.07692307692308 0.0
748 100.0 0.0
749 73.07692307692308 0.0
750 84.61538461538461 0.0
751 80.76923076923077 0.0
752 76.92307692307692 0.0
753 84.61538461538461 0.0
754 61.53846153846154 0.0
755 84.61538461538461 0.0
756 76.92307692307692 0.0
757 92.3076923076923 0.0
758 92.3076923076923 0.0
759 84.61538461538461 0.0
760 76.92307692307692 0.0
761 84.61538461538461 0.0
762 73.07692307692308 0.0
763 65.38461538461539 0.0
764 69.23076923076923 0.0
765 69.23076923076923 0.0
766 76.92307692307692 0.0
767 76.92307692307692 0.0
768 73.07692307692308 0.0
769 88.46153846153847 0.0
770 88.46153846153847 0.0
771 76.92307692307692 0.0
772 73.07692307692308 0.0
773 92.3076923076923 0.0
774 76.92307692307692 0.0
775 92.3076923076923 0.0
776 84.61538461538461 0.0
777 100.0 0.0
778 84.61538461538461 0.0
779 92.3076923076923 0.0
780 76.92307692307692 0.0
781 84.61538461538461 0.0
782 76.92307692307692 0.0
783 76.92307692307692 0.0
784 80.76923076923077 0.0
785 76.92307692307692 0.0
786 80.76923076923077 0.0
787 84.61538461538461 0.0
788 69.23076923076923 0.0
789 61.53846153846154 0.0
790 76.92307692307692 0.0
791 69.23076923076923 0.0
792 80.76923076923077 0.0
793 84.61538461538461 0.0
794 76.92307692307692 0.0
795 84.61538461538461 0.0
796 69.23076923076923 0.0
797 65.38461538461539 0.0
798 84.61538461538461 0.0
799 76.92307692307692 0.0
800 92.3076923076923 0.0
801 92.3076923076923 0.0
802 100.0 0.0
803 92.3076923076923 0.0
804 100.0 0.0
805 84.61538461538461 0.0
806 92.3076923076923 0.0
807 92.3076923076923 0.0
808 92.3076923076923 0.0
809 84.61538461538461 0.0
810 92.3076923076923 0.0
811 69.23076923076923 0.0
812 53.84615384615385 0.0
813 61.53846153846154 0.0
814 69.23076923076923 0.0
815 53.84615384615385 0.0
816 69.23076923076923 0.0
817 69.23076923076923 0.0
818 65.38461538461539 0.0
819 76.92307692307692 0.0
820 84.61538461538461 0.0
821 84.61538461538461 0.0
822 100.0 0.0
823 92.3076923076923 0.0
824 92.3076923076923 0.0
825 92.3076923076923 0.0
826 84.61538461538461 0.0
827 76.92307692307692 0.0
828 92.3076923076923 0.0
829 76.92307692307692 0.0
830 80.76923076923077 0.0
831 84.61538461538461 0.0
832 84.61538461538461 0.0
833 84.61538461538461 0.0
834 92.3076923076923 0.0
835 92.3076923076923 0.0
836 76.92307692307692 0.0
837 92.3076923076923 0.0
838 92.3076923076923 0.0
839 84.61538461538461 0.0
840 84.61538461538461 0.0
841 84.61538461538461 0.0
842 84.61538461538461 0.0
843 73.07692307692308 0.0
844 84.61538461538461 0.0
845 84.61538461538461 0.0
846 88.46153846153847 0.0
847 92.3076923076923 0.0
848 100.0 0.0
849 76.92307692307692 0.0
850 76.92307692307692 0.0
851 84.61538461538461 0.0
852 76.92307692307692 0.0
853 76.92307692307692 0.0
854 84.61538461538461 0.0
855 88.46153846153847 0.0
856 84.61538461538461 0.0
857 80.76923076923077 0.0
858 76.92307692307692 0.0
859 73.07692307692308 0.0
860 76.92307692307692 0.0
861 76.92307692307692 0.0
862 80.76923076923077 0.0
863 80.76923076923077 0.0
864 80.76923076923077 0.0
865 92.3076923076923 0.0
866 76.92307692307692 0.0
867 73.07692307692308 0.0
868 84.61538461538461 0.0
869 73.07692307692308 0.0
870 73.07692307692308 0.0
871 76.92307692307692 0.0
872 80.76923076923077 0.0
873 84.61538461538461 0.0
874 76.92307692307692 0.0
875 84.61538461538461 0.0
876 92.3076923076923 0.0
877 92.3076923076923 0.0
878 100.0 0.0
879 88.46153846153847 0.0
880 76.92307692307692 0.0
881 73.07692307692308 0.0
882 80.76923076923077 0.0
883 80.76923076923077 0.0
884 84.61538461538461 0.0
885 76.92307692307692 0.0
886 76.92307692307692 0.0
887 76.92307692307692 0.0
888 88.46153846153847 0.0
889 73.07692307692308 0.0
890 80.76923076923077 0.0
891 73.07692307692308 0.0
892 73.07692307692308 0.0
893 76.92307692307692 0.0
894 69.23076923076923 0.0
895 69.23076923076923 0.0
896 61.53846153846154 0.0
897 84.61538461538461 0.0
898 73.07692307692308 0.0
899 61.53846153846154 0.0
900 76.92307692307692 0.0
901 69.23076923076923 0.0
902 69.23076923076923 0.0
903 100.0 0.0
904 84.61538461538461 0.0
905 92.3076923076923 0.0
906 92.3076923076923 0.0
907 100.0 0.0
908 92.3076923076923 0.0
909 84.61538461538461 0.0
910 84.61538461538461 0.0
911 92.3076923076923 0.0
912 69.23076923076923 0.0
913 84.61538461538461 0.0
914 84.61538461538461 0.0
915 92.3076923076923 0.0
916 76.92307692307692 0.0
917 76.92307692307692 0.0
918 92.3076923076923 0.0
919 88.46153846153847 0.0
920 84.61538461538461 0.0
921 92.3076923076923 0.0
922 92.3076923076923 0.0
923 69.23076923076923 0.0
924 84.61538461538461 0.0
925 92.3076923076923 0.0
926 84.61538461538461 0.0
927 92.3076923076923 0.0
928 92.3076923076923 0.0
929 100.0 0.0
930 100.0 0.0
931 92.3076923076923 0.0
932 92.3076923076923 0.0
933 57.69230769230769 0.0
934 80.76923076923077 0.0
935 80.76923076923077 0.0
936 84.61538461538461 0.0
937 92.3076923076923 0.0
938 84.61538461538461 0.0
939 84.61538461538461 0.0
940 76.92307692307692 0.0
941 84.61538461538461 0.0
942 76.92307692307692 0.0
943 73.07692307692308 0.0
944 76.92307692307692 0.0
945 69.23076923076923 0.0
946 92.3076923076923 0.0
947 76.92307692307692 0.0
948 73.07692307692308 0.0
949 80.76923076923077 0.0
950 76.92307692307692 0.0
951 73.07692307692308 0.0
952 65.38461538461539 0.0
953 76.92307692307692 0.0
954 73.07692307692308 0.0
955 76.92307692307692 0.0
956 57.69230769230769 0.0
957 61.53846153846154 0.0
958 53.84615384615385 0.0
959 57.69230769230769 0.0
960 73.07692307692308 0.0
961 80.76923076923077 0.0
962 61.53846153846154 0.0
963 73.07692307692308 0.0
964 84.61538461538461 0.0
965 84.61538461538461 0.0
966 61.53846153846154 0.0
967 53.84615384615385 0.0
968 69.23076923076923 0.0
969 80.76923076923077 0.0
970 73.07692307692308 0.0
971 92.3076923076923 0.0
972 92.3076923076923 0.0
973 92.3076923076923 0.0
974 84.61538461538461 0.0
975 76.92307692307692 0.0
976 76.92307692307692 0.0
977 76.92307692307692 0.0
978 73.07692307692308 0.0
979 57.69230769230769 0.0
980 80.76923076923077 0.0
981 65.38461538461539 0.0
982 69.23076923076923 0.0
983 61.53846153846154 0.0
984 61.53846153846154 0.0
985 69.23076923076923 0.0
986 53.84615384615385 0.0
987 61.53846153846154 0.0
988 69.23076923076923 0.0
989 53.84615384615385 0.0
990 69.23076923076923 0.0
991 73.07692307692308 0.0
992 69.23076923076923 0.0
993 73.07692307692308 0.0
994 65.38461538461539 0.0
995 76.92307692307692 0.0
996 80.76923076923077 0.0
997 92.3076923076923 0.0
998 76.92307692307692 0.0
999 76.92307692307692 0.0
