#frame monomers_% popc_isolated_%
0 76.92307692307692 0.0
1 76.92307692307692 0.0
2 76.92307692307692 0.0
3 76.92307692307692 0.0
4 84.61538461538461 0.0
5 65.38461538461539 0.0
6 76.92307692307692 0.0
7 73.07692307692308 0.0
8 76.92307692307692 0.0
9 69.23076923076923 1.5625
10 76.92307692307692 0.0
11 76.92307692307692 1.5625
12 69.23076923076923 0.0
13 73.07692307692308 1.5625
14 65.38461538461539 1.5625
15 84.61538461538461 0.0
16 92.3076923076923 0.0
17 92.3076923076923 0.0
18 84.61538461538461 0.0
19 92.3076923076923 0.0
20 69.23076923076923 0.0
21 84.61538461538461 0.0
22 76.92307692307692 0.0
23 76.92307692307692 0.0
24 76.92307692307692 0.0
25 65.38461538461539 0.0
26 65.38461538461539 0.0
27 92.3076923076923 0.0
28 84.61538461538461 0.0
29 84.61538461538461 0.0
30 88.46153846153847 0.0
31 73.07692307692308 0.0
32 92.3076923076923 0.0
33 84.61538461538461 0.0
34 92.3076923076923 0.0
35 80.76923076923077 0.0
36 76.92307692307692 0.0
37 76.92307692307692 0.0
38 73.07692307692308 0.0
39 53.84615384615385 0.0
40 65.38461538461539 0.0
41 65.38461538461539 0.0
42 61.53846153846154 0.0
43 69.23076923076923 0.0
44 61.53846153846154 0.0
45 80.76923076923077 0.0
46 57.69230769230769 0.0
47 69.23076923076923 0.0
48 65.38461538461539 0.0
49 61.53846153846154 0.0
50 61.53846153846154 0.0
51 46.15384615384615 0.0
52 61.53846153846154 0.0
53 73.07692307692308 0.0
54 73.07692307692308 0.0
55 76.92307692307692 0.0
56 80.76923076923077 0.0
57 80.76923076923077 0.0
58 69.23076923076923 0.0
59 76.92307692307692 0.0
60 84.61538461538461 0.0
61 76.92307692307692 0.0
62 84.61538461538461 0.0
63 84.61538461538461 0.0
64 65.38461538461539 0.0
65 65.38461538461539 0.0
66 84.61538461538461 0.0
67 61.53846153846154 0.0
68 69.23076923076923 0.0
69 61.53846153846154 0.0
70 69.23076923076923 0.0
71 73.07692307692308 0.0
72 76.92307692307692 1.5625
73 65.38461538461539 1.5625
74 84.61538461538461 0.0
75 69.23076923076923 0.0
76 84.61538461538461 1.5625
77 76.92307692307692 1.5625
78 69.23076923076923 1.5625
79 84.61538461538461 1.5625
80 92.3076923076923 1.5625
81 88.46153846153847 1.5625
82 100.0 1.5625
83 92.3076923076923 1.5625
84 100.0 0.0
85 92.3076923076923 0.0
86 80.76923076923077 0.0
87 73.07692307692308 0.0
88 61.53846153846154 0.0
89 76.92307692307692 0.0
90 84.61538461538461 0.0
91 80.76923076923077 0.0
92 73.07692307692308 0.0
93 50.0 0.0
94 69.23076923076923 0.0
95 92.3076923076923 0.0
96 76.92307692307692 0.0
97 80.76923076923077 0.0
98 80.76923076923077 0.0
99 76.92307692307692 0.0
100 76.92307692307692 0.0
101 84.61538461538461 0.0
102 84.61538461538461 0.0
103 92.3076923076923 0.0
104 92.3076923076923 0.0
105 92.3076923076923 0.0
106 69.23076923076923 0.0
107 69.23076923076923 0.0
108 73.07692307692308 0.0
109 84.61538461538461 0.0
110 100.0 0.0
111 88.46153846153847 0.0
112 80.76923076923077 0.0
113 92.3076923076923 0.0
114 92.3076923076923 0.0
115 92.3076923076923 0.0
116 80.76923076923077 0.0
117 84.61538461538461 0.0
118 84.61538461538461 0.0
119 92.3076923076923 0.0
120 80.76923076923077 0.0
121 80.76923076923077 0.0
122 100.0 0.0
123 88.46153846153847 0.0
124 57.69230769230769 0.0
125 57.69230769230769 0.0
126 69.23076923076923 0.0
127 76.92307692307692 0.0
128 65.38461538461539 0.0
129 69.23076923076923 0.0
130 61.53846153846154 0.0
131 65.38461538461539 0.0
132 61.53846153846154 0.0
133 76.92307692307692 0.0
134 92.3076923076923 0.0
135 69.23076923076923 0.0
136 76.92307692307692 0.0
137 100.0 0.0
138 92.3076923076923 0.0
139 92.3076923076923 0.0
140 84.61538461538461 0.0
141 76.92307692307692 0.0
142 73.07692307692308 0.0
143 57.69230769230769 0.0
144 84.61538461538461 0.0
145 80.76923076923077 0.0
146 84.61538461538461 0.0
147 76.92307692307692 0.0
148 84.61538461538461 0.0
149 84.61538461538461 0.0
150 92.3076923076923 0.0
151 92.3076923076923 0.0
152 100.0 0.0
153 92.3076923076923 0.0
154 88.46153846153847 0.0
155 100.0 0.0
156 76.92307692307692 0.0
157 80.76923076923077 0.0
158 73.07692307692308 0.0
159 84.61538461538461 0.0
160 84.61538461538461 0.0
161 100.0 0.0
162 84.61538461538461 0.0
163 92.3076923076923 0.0
164 76.92307692307692 0.0
165 100.0 0.0
166 84.61538461538461 0.0
167 92.3076923076923 0.0
168 76.92307692307692 0.0
169 84.61538461538461 0.0
170 65.38461538461539 0.0
171 76.92307692307692 0.0
172 76.92307692307692 0.0
173 80.76923076923077 0.0
174 84.61538461538461 0.0
175 76.92307692307692 0.0
176 76.92307692307692 0.0
177 84.61538461538461 0.0
178 80.76923076923077 0.0
179 92.3076923076923 0.0
180 92.3076923076923 0.0
181 92.3076923076923 0.0
182 92.3076923076923 0.0
183 88.46153846153847 0.0
184 92.3076923076923 0.0
185 84.61538461538461 0.0
186 80.76923076923077 0.0
187 69.23076923076923 0.0
188 84.61538461538461 0.0
189 88.46153846153847 0.0
190 92.3076923076923 0.0
191 65.38461538461539 0.0
192 65.38461538461539 0.0
193 80.76923076923077 0.0
194 73.07692307692308 0.0
195 53.84615384615385 0.0
196 61.53846153846154 0.0
197 57.69230769230769 0.0
198 76.92307692307692 0.0
199 73.07692307692308 0.0
200 69.23076923076923 0.0
201 73.07692307692308 0.0
202 76.92307692307692 0.0
203 69.23076923076923 0.0
204 76.92307692307692 0.0
205 76.92307692307692 0.0
206 76.92307692307692 0.0
207 84.61538461538461 0.0
208 92.3076923076923 0.0
209 92.3076923076923 0.0
210 76.92307692307692 0.0
211 76.92307692307692 0.0
212 69.23076923076923 0.0
213 61.53846153846154 0.0
214 46.15384615384615 0.0
215 69.23076923076923 0.0
216 76.92307692307692 0.0
217 69.23076923076923 0.0
218 57.69230769230769 0.0
219 76.92307692307692 0.0
220 76.92307692307692 0.0
221 84.61538461538461 0.0
222 80.76923076923077 0.0
223 76.92307692307692 0.0
224 84.61538461538461 0.0
225 80.76923076923077 0.0
226 92.3076923076923 0.0
227 69.23076923076923 0.0
228 76.92307692307692 0.0
229 84.61538461538461 0.0
230 76.92307692307692 0.0
231 76.92307692307692 0.0
232 92.3076923076923 0.0
233 84.61538461538461 0.0
234 80.76923076923077 0.0
235 65.38461538461539 0.0
236 80.76923076923077 0.0
237 73.07692307692308 0.0
238 65.38461538461539 0.0
239 88.46153846153847 0.0
240 84.61538461538461 0.0
241 76.92307692307692 0.0
242 69.23076923076923 0.0
243 76.92307692307692 0.0
244 69.23076923076923 0.0
245 57.69230769230769 0.0
246 69.23076923076923 0.0
247 84.61538461538461 0.0
248 73.07692307692308 0.0
249 73.07692307692308 0.0
250 73.07692307692308 0.0
251 73.07692307692308 0.0
252 61.53846153846154 0.0
253 76.92307692307692 0.0
254 84.61538461538461 0.0
255 73.07692307692308 0.0
256 69.23076923076923 0.0
257 57.69230769230769 0.0
258 69.23076923076923 0.0
259 84.61538461538461 0.0
260 76.92307692307692 0.0
261 84.61538461538461 0.0
262 53.84615384615385 1.5625
263 76.92307692307692 1.5625
264 61.53846153846154 0.0
265 69.23076923076923 0.0
266 80.76923076923077 0.0
267 84.61538461538461 0.0
268 92.3076923076923 0.0
269 76.92307692307692 0.0
270 84.61538461538461 0.0
271 65.38461538461539 0.0
272 65.38461538461539 0.0
273 69.23076923076923 0.0
274 73.07692307692308 0.0
275 46.15384615384615 0.0
276 73.07692307692308 0.0
277 61.53846153846154 0.0
278 76.92307692307692 0.0
279 61.53846153846154 0.0
280 80.76923076923077 0.0
281 80.76923076923077 0.0
282 84.61538461538461 0.0
283 76.92307692307692 0.0
284 69.23076923076923 0.0
285 69.23076923076923 0.0
286 76.92307692307692 0.0
287 76.92307692307692 0.0
288 76.92307692307692 0.0
289 84.61538461538461 0.0
290 76.92307692307692 0.0
291 73.07692307692308 0.0
292 57.69230769230769 0.0
293 57.69230769230769 0.0
294 69.23076923076923 0.0
295 92.3076923076923 0.0
296 76.92307692307692 0.0
297 69.23076923076923 0.0
298 92.3076923076923 0.0
299 69.23076923076923 0.0
300 61.53846153846154 0.0
301 53.84615384615385 0.0
302 57.69230769230769 0.0
303 76.92307692307692 0.0
304 57.69230769230769 0.0
305 53.84615384615385 0.0
306 57.69230769230769 0.0
307 57.69230769230769 0.0
308 50.0 0.0
309 57.69230769230769 0.0
310 61.53846153846154 0.0
311 76.92307692307692 0.0
312 65.38461538461539 0.0
313 69.23076923076923 0.0
314 73.07692307692308 0.0
315 69.23076923076923 0.0
316 69.23076923076923 0.0
317 76.92307692307692 0.0
318 57.69230769230769 0.0
319 57.69230769230769 0.0
320 65.38461538461539 0.0
321 50.0 0.0
322 65.38461538461539 1.5625
323 61.53846153846154 1.5625
324 69.23076923076923 1.5625
325 61.53846153846154 1.5625
326 65.38461538461539 0.0
327 65.38461538461539 1.5625
328 80.76923076923077 1.5625
329 92.3076923076923 1.5625
330 69.23076923076923 1.5625
331 73.07692307692308 1.5625
332 61.53846153846154 1.5625
333 69.23076923076923 0.0
334 80.76923076923077 1.5625
335 65.38461538461539 0.0
336 92.3076923076923 0.0
337 84.61538461538461 0.0
338 76.92307692307692 0.0
339 69.23076923076923 0.0
340 69.23076923076923 0.0
341 88.46153846153847 0.0
342 80.76923076923077 0.0
343 69.23076923076923 0.0
344 80.76923076923077 0.0
345 69.23076923076923 0.0
346 80.76923076923077 0.0
347 73.07692307692308 0.0
348 80.76923076923077 0.0
349 84.61538461538461 0.0
350 80.76923076923077 0.0
351 61.53846153846154 0.0
352 76.92307692307692 0.0
353 76.92307692307692 0.0
354 73.07692307692308 0.0
355 73.07692307692308 0.0
356 73.07692307692308 0.0
357 73.07692307692308 0.0
358 80.76923076923077 1.5625
359 73.07692307692308 0.0
360 80.76923076923077 0.0
361 73.07692307692308 0.0
362 65.38461538461539 0.0
363 73.07692307692308 0.0
364 73.07692307692308 0.0
365 73.07692307692308 0.0
366 88.46153846153847 0.0
367 88.46153846153847 0.0
368 69.23076923076923 0.0
369 69.23076923076923 0.0
370 76.92307692307692 0.0
371 84.61538461538461 0.0
372 76.92307692307692 0.0
373 76.92307692307692 0.0
374 61.53846153846154 0.0
375 69.23076923076923 0.0
376 69.23076923076923 0.0
377 61.53846153846154 0.0
378 65.38461538461539 0.0
379 76.92307692307692 0.0
380 69.23076923076923 0.0
381 76.92307692307692 0.0
382 76.92307692307692 0.0
383 76.92307692307692 0.0
384 84.61538461538461 0.0
385 92.3076923076923 0.0
386 80.76923076923077 0.0
387 76.92307692307692 0.0
388 76.92307692307692 0.0
389 76.92307692307692 0.0
390 80.76923076923077 0.0
391 84.61538461538461 0.0
392 80.76923076923077 0.0
393 84.61538461538461 0.0
394 88.46153846153847 0.0
395 92.3076923076923 0.0
396 73.07692307692308 0.0
397 65.38461538461539 0.0
398 73.07692307692308 0.0
399 80.76923076923077 0.0
400 84.61538461538461 0.0
401 92.3076923076923 0.0
402 84.61538461538461 1.5625
403 88.46153846153847 0.0
404 80.76923076923077 0.0
405 80.76923076923077 0.0
406 80.76923076923077 0.0
407 84.61538461538461 0.0
408 80.76923076923077 1.5625
409 80.76923076923077 1.5625
410 73.07692307692308 1.5625
411 65.38461538461539 1.5625
412 84.61538461538461 0.0
413 80.76923076923077 0.0
414 76.92307692307692 1.5625
415 80.76923076923077 1.5625
416 73.07692307692308 1.5625
417 65.38461538461539 1.5625
418 73.07692307692308 1.5625
419 76.92307692307692 1.5625
420 84.61538461538461 1.5625
421 84.61538461538461 1.5625
422 76.92307692307692 1.5625
423 69.23076923076923 1.5625
424 84.61538461538461 0.0
425 76.92307692307692 1.5625
426 84.61538461538461 1.5625
427 92.3076923076923 1.5625
428 92.3076923076923 1.5625
429 92.3076923076923 1.5625
430 92.3076923076923 1.5625
431 92.3076923076923 1.5625
432 92.3076923076923 0.0
433 92.3076923076923 0.0
434 76.92307692307692 1.5625
435 80.76923076923077 1.5625
436 84.61538461538461 0.0
437 92.3076923076923 1.5625
438 76.92307692307692 1.5625
439 80.76923076923077 0.0
440 76.92307692307692 0.0
441 84.61538461538461 1.5625
442 76.92307692307692 1.5625
443 84.61538461538461 1.5625
444 76.92307692307692 1.5625
445 76.92307692307692 1.5625
446 92.3076923076923 1.5625
447 69.23076923076923 1.5625
448 76.92307692307692 1.5625
449 69.23076923076923 1.5625
450 61.53846153846154 1.5625
451 76.92307692307692 1.5625
452 61.53846153846154 1.5625
453 69.23076923076923 1.5625
454 69.23076923076923 1.5625
455 84.61538461538461 3.125
456 69.23076923076923 3.125
457 69.23076923076923 3.125
458 65.38461538461539 3.125
459 53.84615384615385 1.5625
460 57.69230769230769 3.125
461 69.23076923076923 3.125
462 69.23076923076923 3.125
463 76.92307692307692 3.125
464 88.46153846153847 1.5625
465 76.92307692307692 1.5625
466 65.38461538461539 1.5625
467 57.69230769230769 1.5625
468 69.23076923076923 1.5625
469 46.15384615384615 1.5625
470 61.53846153846154 1.5625
471 65.38461538461539 3.125
472 76.92307692307692 3.125
473 84.61538461538461 1.5625
474 92.3076923076923 1.5625
475 76.92307692307692 3.125
476 69.23076923076923 3.125
477 84.61538461538461 1.5625
478 65.38461538461539 3.125
479 61.53846153846154 1.5625
480 69.23076923076923 3.125
481 61.53846153846154 1.5625
482 69.23076923076923 1.5625
483 76.92307692307692 1.5625
484 61.53846153846154 1.5625
485 61.53846153846154 1.5625
486 76.92307692307692 3.125
487 76.92307692307692 3.125
488 73.07692307692308 3.125
489 65.38461538461539 3.125
490 76.92307692307692 0.0
491 88.46153846153847 3.125
492 69.23076923076923 3.125
493 76.92307692307692 3.125
494 65.38461538461539 3.125
495 53.84615384615385 1.5625
496 53.84615384615385 1.5625
497 50.0 1.5625
498 53.84615384615385 1.5625
499 50.0 1.5625
500 76.92307692307692 1.5625
501 84.61538461538461 1.5625
502 69.23076923076923 0.0
503 73.07692307692308 1.5625
504 80.76923076923077 0.0
505 84.61538461538461 3.125
506 73.07692307692308 1.5625
507 73.07692307692308 0.0
508 73.07692307692308 0.0
509 76.92307692307692 0.0
510 61.53846153846154 0.0
511 46.15384615384615 1.5625
512 69.23076923076923 0.0
513 69.23076923076923 1.5625
514 84.61538461538461 1.5625
515 84.61538461538461 1.5625
516 92.3076923076923 0.0
517 73.07692307692308 0.0
518 84.61538461538461 1.5625
519 88.46153846153847 1.5625
520 88.46153846153847 0.0
521 84.61538461538461 1.5625
522 84.61538461538461 1.5625
523 80.76923076923077 1.5625
524 80.76923076923077 1.5625
525 61.53846153846154 1.5625
526 57.69230769230769 0.0
527 73.07692307692308 0.0
528 84.61538461538461 0.0
529 84.61538461538461 0.0
530 92.3076923076923 0.0
531 84.61538461538461 1.5625
532 84.61538461538461 0.0
533 73.07692307692308 1.5625
534 92.3076923076923 0.0
535 92.3076923076923 0.0
536 84.61538461538461 1.5625
537 92.3076923076923 1.5625
538 92.3076923076923 0.0
539 84.61538461538461 0.0
540 84.61538461538461 0.0
541 76.92307692307692 0.0
542 92.3076923076923 0.0
543 84.61538461538461 0.0
544 84.61538461538461 0.0
545 88.46153846153847 0.0
546 80.76923076923077 0.0
547 65.38461538461539 0.0
548 80.76923076923077 0.0
549 65.38461538461539 0.0
550 76.92307692307692 0.0
551 84.61538461538461 0.0
552 65.38461538461539 0.0
553 57.69230769230769 0.0
554 61.53846153846154 0.0
555 92.3076923076923 0.0
556 84.61538461538461 0.0
557 73.07692307692308 0.0
558 73.07692307692308 1.5625
559 69.23076923076923 0.0
560 84.61538461538461 0.0
561 84.61538461538461 1.5625
562 84.61538461538461 0.0
563 76.92307692307692 0.0
564 84.61538461538461 0.0
565 84.61538461538461 0.0
566 92.3076923076923 1.5625
567 80.76923076923077 1.5625
568 84.61538461538461 1.5625
569 69.23076923076923 1.5625
570 69.23076923076923 0.0
571 76.92307692307692 1.5625
572 88.46153846153847 1.5625
573 80.76923076923077 0.0
574 100.0 3.125
575 80.76923076923077 1.5625
576 80.76923076923077 3.125
577 80.76923076923077 1.5625
578 80.76923076923077 1.5625
579 76.92307692307692 1.5625
580 69.23076923076923 1.5625
581 69.23076923076923 1.5625
582 73.07692307692308 0.0
583 73.07692307692308 3.125
584 69.23076923076923 1.5625
585 84.61538461538461 1.5625
586 76.92307692307692 1.5625
587 92.3076923076923 1.5625
588 84.61538461538461 3.125
589 92.3076923076923 1.5625
590 92.3076923076923 0.0
591 69.23076923076923 1.5625
592 76.92307692307692 0.0
593 65.38461538461539 0.0
594 76.92307692307692 0.0
595 76.92307692307692 1.5625
596 69.23076923076923 3.125
597 76.92307692307692 1.5625
598 69.23076923076923 1.5625
599 69.23076923076923 0.0
600 76.92307692307692 0.0
601 69.23076923076923 0.0
602 92.3076923076923 0.0
603 76.92307692307692 0.0
604 84.61538461538461 0.0
605 92.3076923076923 1.5625
606 76.92307692307692 0.0
607 76.92307692307692 0.0
608 100.0 0.0
609 76.92307692307692 0.0
610 73.07692307692308 0.0
611 84.61538461538461 1.5625
612 76.92307692307692 1.5625
613 76.92307692307692 1.5625
614 69.23076923076923 0.0
615 65.38461538461539 0.0
616 76.92307692307692 1.5625
617 76.92307692307692 0.0
618 92.3076923076923 0.0
619 92.3076923076923 1.5625
620 80.76923076923077 0.0
621 69.23076923076923 0.0
622 69.23076923076923 0.0
623 65.38461538461539 0.0
624 53.84615384615385 0.0
625 46.15384615384615 0.0
626 61.53846153846154 0.0
627 57.69230769230769 0.0
628 80.76923076923077 0.0
629 65.38461538461539 0.0
630 84.61538461538461 0.0
631 57.69230769230769 0.0
632 69.23076923076923 0.0
633 69.23076923076923 0.0
634 73.07692307692308 0.0
635 84.61538461538461 0.0
636 76.92307692307692 0.0
637 84.61538461538461 0.0
638 84.61538461538461 0.0
639 76.92307692307692 0.0
640 84.61538461538461 0.0
641 76.92307692307692 0.0
642 80.76923076923077 0.0
643 88.46153846153847 1.5625
644 92.3076923076923 1.5625
645 92.3076923076923 1.5625
646 92.3076923076923 0.0
647 76.92307692307692 0.0
648 80.76923076923077 0.0
649 84.61538461538461 0.0
650 76.92307692307692 0.0
651 76.92307692307692 0.0
652 69.23076923076923 1.5625
653 92.3076923076923 0.0
654 92.3076923076923 0.0
655 84.61538461538461 1.5625
656 69.23076923076923 1.5625
657 73.07692307692308 3.125
658 76.92307692307692 3.125
659 92.3076923076923 0.0
660 69.23076923076923 0.0
661 61.53846153846154 0.0
662 76.92307692307692 0.0
663 61.53846153846154 0.0
664 69.23076923076923 0.0
665 76.92307692307692 0.0
666 73.07692307692308 0.0
667 61.53846153846154 0.0
668 73.07692307692308 0.0
669 65.38461538461539 1.5625
670 73.07692307692308 0.0
671 84.61538461538461 0.0
672 69.23076923076923 0.0
673 69.23076923076923 1.5625
674 69.23076923076923 1.5625
675 84.61538461538461 0.0
676 69.23076923076923 1.5625
677 73.07692307692308 0.0
678 69.23076923076923 0.0
679 84.61538461538461 1.5625
680 76.92307692307692 1.5625
681 69.23076923076923 1.5625
682 76.92307692307692 1.5625
683 69.23076923076923 0.0
684 65.38461538461539 0.0
685 65.38461538461539 1.5625
686 53.84615384615385 0.0
687 92.3076923076923 3.125
688 73.07692307692308 0.0
689 80.76923076923077 1.5625
690 88.46153846153847 1.5625
691 84.61538461538461 0.0
692 84.61538461538461 1.5625
693 76.92307692307692 1.5625
694 69.23076923076923 1.5625
695 80.76923076923077 4.6875
696 76.92307692307692 3.125
697 80.76923076923077 1.5625
698 84.61538461538461 1.5625
699 73.07692307692308 0.0
700 69.23076923076923 0.0
701 76.92307692307692 1.5625
702 92.3076923076923 1.5625
703 84.61538461538461 0.0
704 84.61538461538461 0.0
705 76.92307692307692 0.0
706 84.61538461538461 0.0
707 84.61538461538461 0.0
708 46.15384615384615 0.0
709 73.07692307692308 0.0
710 80.76923076923077 3.125
711 69.23076923076923 0.0
712 84.61538461538461 0.0
713 61.53846153846154 0.0
714 57.69230769230769 0.0
715 76.92307692307692 1.5625
716 84.61538461538461 0.0
717 84.61538461538461 0.0
718 76.92307692307692 0.0
719 69.23076923076923 0.0
720 65.38461538461539 0.0
721 53.84615384615385 3.125
722 61.53846153846154 0.0
723 69.23076923076923 0.0
724 80.76923076923077 0.0
725 84.61538461538461 0.0
726 73.07692307692308 0.0
727 84.61538461538461 0.0
728 80.76923076923077 1.5625
729 80.76923076923077 0.0
730 76.92307692307692 0.0
731 76.92307692307692 0.0
732 61.53846153846154 0.0
733 92.3076923076923 0.0
734 92.3076923076923 0.0
735 92.3076923076923 0.0
736 100.0 0.0
737 84.61538461538461 0.0
738 76.92307692307692 0.0
739 76.92307692307692 0.0
740 80.76923076923077 1.5625
741 76.92307692307692 0.0
742 92.3076923076923 0.0
743 76.92307692307692 0.0
744 73.07692307692308 0.0
745 73.07692307692308 0.0
746 84.61538461538461 1.5625
747 53.84615384615385 1.5625
748 80.76923076923077 0.0
749 69.23076923076923 0.0
750 53.84615384615385 1.5625
751 50.0 0.0
752 65.38461538461539 3.125
753 84.61538461538461 0.0
754 53.84615384615385 0.0
755 84.61538461538461 0.0
756 69.23076923076923 0.0
757 50.0 0.0
758 61.53846153846154 0.0
759 61.53846153846154 0.0
760 69.23076923076923 0.0
761 76.92307692307692 0.0
762 76.92307692307692 0.0
763 69.23076923076923 0.0
764 69.23076923076923 0.0
765 61.53846153846154 0.0
766 69.23076923076923 0.0
767 84.61538461538461 0.0
768 76.92307692307692 0.0
769 65.38461538461539 0.0
770 69.23076923076923 0.0
771 76.92307692307692 0.0
772 69.23076923076923 0.0
773 80.76923076923077 0.0
774 76.92307692307692 0.0
775 84.61538461538461 0.0
776 92.3076923076923 0.0
777 92.3076923076923 0.0
778 84.61538461538461 0.0
779 65.38461538461539 0.0
780 73.07692307692308 0.0
781 76.92307692307692 0.0
782 69.23076923076923 0.0
783 69.23076923076923 0.0
784 57.69230769230769 0.0
785 50.0 0.0
786 73.07692307692308 0.0
787 73.07692307692308 0.0
788 84.61538461538461 0.0
789 73.07692307692308 0.0
790 76.92307692307692 0.0
791 76.92307692307692 0.0
792 69.23076923076923 0.0
793 69.23076923076923 0.0
794 65.38461538461539 0.0
795 80.76923076923077 0.0
796 69.23076923076923 0.0
797 76.92307692307692 0.0
798 92.3076923076923 0.0
799 92.3076923076923 0.0
800 84.61538461538461 0.0
801 84.61538461538461 1.5625
802 92.3076923076923 0.0
803 84.61538461538461 0.0
804 76.92307692307692 0.0
805 76.92307692307692 0.0
806 76.92307692307692 0.0
807 92.3076923076923 0.0
808 69.23076923076923 0.0
809 88.46153846153847 0.0
810 84.61538461538461 0.0
811 92.3076923076923 0.0
812 92.3076923076923 0.0
813 100.0 0.0
814 92.3076923076923 0.0
815 92.3076923076923 0.0
816 76.92307692307692 0.0
817 84.61538461538461 0.0
818 61.53846153846154 0.0
819 65.38461538461539 0.0
820 80.76923076923077 0.0
821 88.46153846153847 0.0
822 80.76923076923077 0.0
823 69.23076923076923 0.0
824 73.07692307692308 0.0
825 76.92307692307692 0.0
826 76.92307692307692 0.0
827 92.3076923076923 0.0
828 69.23076923076923 0.0
829 57.69230769230769 0.0
830 65.38461538461539 0.0
831 57.69230769230769 0.0
832 57.69230769230769 0.0
833 69.23076923076923 0.0
834 69.23076923076923 0.0
835 69.23076923076923 0.0
836 69.23076923076923 0.0
837 76.92307692307692 0.0
838 69.23076923076923 0.0
839 65.38461538461539 0.0
840 73.07692307692308 0.0
841 84.61538461538461 0.0
842 69.23076923076923 0.0
843 80.76923076923077 0.0
844 76.92307692307692 0.0
845 84.61538461538461 0.0
846 73.07692307692308 0.0
847 65.38461538461539 0.0
848 57.69230769230769 0.0
849 65.38461538461539 0.0
850 65.38461538461539 0.0
851 76.92307692307692 0.0
852 80.76923076923077 0.0
853 76.92307692307692 0.0
854 84.61538461538461 0.0
855 76.92307692307692 1.5625
856 69.23076923076923 0.0
857 61.53846153846154 0.0
858 76.92307692307692 0.0
859 76.92307692307692 0.0
860 84.61538461538461 0.0
861 76.92307692307692 0.0
862 61.53846153846154 0.0
863 69.23076923076923 0.0
864 69.23076923076923 0.0
865 80.76923076923077 0.0
866 84.61538461538461 0.0
867 69.23076923076923 0.0
868 84.61538461538461 0.0
869 92.3076923076923 0.0
870 80.76923076923077 0.0
871 84.61538461538461 0.0
872 80.76923076923077 0.0
873 84.61538461538461 0.0
874 80.76923076923077 0.0
875 73.07692307692308 0.0
876 84.61538461538461 0.0
877 84.61538461538461 0.0
878 92.3076923076923 0.0
879 84.61538461538461 0.0
880 92.3076923076923 0.0
881 100.0 0.0
882 84.61538461538461 0.0
883 69.23076923076923 0.0
884 84.61538461538461 0.0
885 76.92307692307692 0.0
886 92.3076923076923 0.0
887 100.0 0.0
888 92.3076923076923 0.0
889 100.0 0.0
890 84.61538461538461 0.0
891 84.61538461538461 0.0
892 92.3076923076923 0.0
893 84.61538461538461 0.0
894 80.76923076923077 0.0
895 76.92307692307692 0.0
896 65.38461538461539 0.0
897 84.61538461538461 0.0
898 84.61538461538461 0.0
899 84.61538461538461 0.0
900 69.23076923076923 0.0
901 73.07692307692308 0.0
902 76.92307692307692 0.0
903 76.92307692307692 0.0
904 76.92307692307692 0.0
905 84.61538461538461 0.0
906 76.92307692307692 0.0
907 69.23076923076923 0.0
908 84.61538461538461 0.0
909 73.07692307692308 0.0
910 80.76923076923077 0.0
911 57.69230769230769 0.0
912 65.38461538461539 0.0
913 76.92307692307692 0.0
914 69.23076923076923 0.0
915 76.92307692307692 0.0
916 73.07692307692308 0.0
917 65.38461538461539 0.0
918 80.76923076923077 0.0
919 69.23076923076923 0.0
920 80.76923076923077 0.0
921 65.38461538461539 0.0
922 61.53846153846154 0.0
923 69.23076923076923 0.0
924 76.92307692307692 0.0
925 88.46153846153847 0.0
926 73.07692307692308 0.0
927 69.23076923076923 0.0
928 76.92307692307692 0.0
929 88.46153846153847 0.0
930 76.92307692307692 0.0
931 76.92307692307692 0.0
932 84.61538461538461 0.0
933 80.76923076923077 0.0
934 69.23076923076923 0.0
935 76.92307692307692 0.0
936 69.23076923076923 0.0
937 84.61538461538461 0.0
938 69.23076923076923 0.0
939 73.07692307692308 0.0
940 73.07692307692308 0.0
941 65.38461538461539 0.0
942 76.92307692307692 0.0
943 76.92307692307692 0.0
944 76.92307692307692 0.0
945 76.92307692307692 0.0
946 73.07692307692308 0.0
947 80.76923076923077 0.0
948 80.76923076923077 0.0
949 84.61538461538461 0.0
950 84.61538461538461 0.0
951 84.61538461538461 0.0
952 100.0 0.0
953 76.92307692307692 0.0
954 92.3076923076923 0.0
955 76.92307692307692 0.0
956 84.61538461538461 0.0
957 73.07692307692308 0.0
958 61.53846153846154 0.0
959 57.69230769230769 0.0
960 69.23076923076923 0.0
961 80.76923076923077 0.0
962 61.53846153846154 0.0
963 84.61538461538461 0.0
964 76.92307692307692 0.0
965 76.92307692307692 0.0
966 69.23076923076923 0.0
967 69.23076923076923 0.0
968 84.61538461538461 0.0
969 69.23076923076923 0.0
970 69.23076923076923 0.0
971 76.92307692307692 0.0
972 69.23076923076923 0.0
973 88.46153846153847 0.0
974 65.38461538461539 0.0
975 73.07692307692308 0.0
976 69.23076923076923 0.0
977 80.76923076923077 0.0
978 69.23076923076923 0.0
979 88.46153846153847 0.0
980 88.46153846153847 0.0
981 76.92307692307692 0.0
982 73.07692307692308 0.0
983 84.61538461538461 0.0
984 84.61538461538461 0.0
985 80.76923076923077 0.0
986 76.92307692307692 0.0
987 80.76923076923077 0.0
988 65.38461538461539 0.0
989 65.38461538461539 0.0
990 69.23076923076923 0.0
991 57.69230769230769 0.0
992 57.69230769230769 0.0
993 61.53846153846154 0.0
994 76.92307692307692 0.0
995 76.92307692307692 0.0
996 76.92307692307692 0.0
997 84.61538461538461 0.0
998 76.92307692307692 0.0
999 80.76923076923077 0.0
