#resid average_duration max_duration persistent_contacts
1 3.6842105263157894 13 38
10 3.292682926829268 12 41
11 3.6721311475409837 21 61
12 4.3478260869565215 17 46
13 4.391304347826087 13 23
14 3.8615384615384616 15 65
15 3.9615384615384617 15 52
16 4.122448979591836 13 49
17 3.7777777777777777 10 45
18 3.5925925925925926 13 54
19 4.461538461538462 32 52
2 3.78 13 50
20 4.425 17 40
21 3.2058823529411766 7 34
22 3.5 7 8
23 3.7857142857142856 12 28
24 2.7142857142857144 5 35
25 3.7 32 40
26 4.530612244897959 18 49
3 4.314285714285714 21 35
4 3.4262295081967213 18 61
5 3.838709677419355 12 31
6 3.7 10 40
7 4.239130434782608 9 46
8 3.2884615384615383 9 52
9 3.7948717948717947 11 39
#TOTAL_CONTACTS 2783 for 1000 frames
