#resid average_duration max_duration persistent_contacts
1 4.28 19 25
10 4.108108108108108 22 74
11 3.760869565217391 12 46
12 3.9047619047619047 11 63
13 3.98 15 50
14 3.66 9 50
15 3.5675675675675675 12 37
16 6.961538461538462 53 26
17 3.5689655172413794 10 58
18 4.035087719298246 12 57
19 3.3877551020408165 10 49
2 3.985294117647059 19 68
20 3.8253968253968256 10 63
21 4.114754098360656 22 61
22 5.781818181818182 53 55
23 4.395833333333333 15 48
24 3.2586206896551726 10 58
25 4.12280701754386 26 57
26 4.055555555555555 19 54
3 4.311111111111111 19 45
4 3.4 14 40
5 3.953125 11 64
6 4.02 18 50
7 3.36734693877551 11 49
8 5.1 10 10
9 4.236363636363636 17 55
#TOTAL_CONTACTS 3390 for 1000 frames
