#resid average_duration max_duration persistent_contacts
1 4.153846153846154 15 52
10 4.34375 14 32
11 4.0 13 50
12 3.576923076923077 17 52
13 3.689655172413793 15 29
14 5.571428571428571 17 7
15 3.909090909090909 17 44
16 2.9183673469387754 9 49
17 4.203703703703703 20 54
18 3.280701754385965 12 57
19 3.7551020408163267 20 49
2 3.9056603773584904 14 53
20 3.738095238095238 13 42
21 3.480769230769231 12 52
22 4.3428571428571425 15 35
23 3.574074074074074 13 54
24 3.7804878048780486 12 41
25 3.6136363636363638 10 44
26 3.5964912280701755 9 57
3 3.923076923076923 15 39
4 3.6666666666666665 17 48
5 3.943396226415094 18 53
6 3.7027027027027026 13 74
7 4.2 14 50
8 4.015873015873016 15 63
9 4.555555555555555 15 36
#TOTAL_CONTACTS 3026 for 1000 frames
