#resid average_duration max_duration persistent_contacts
1 3.796875 15 64
10 3.9722222222222223 12 72
11 3.1228070175438596 7 57
12 3.8253968253968256 11 63
13 4.218181818181818 15 55
14 3.5625 12 48
15 3.875 16 48
16 3.7142857142857144 28 70
17 3.6097560975609757 16 41
18 4.575757575757576 28 66
19 3.625 20 56
2 3.116279069767442 7 43
20 3.4754098360655736 9 61
21 3.3714285714285714 9 70
22 3.639344262295082 11 61
23 3.6 11 35
24 3.628205128205128 21 78
25 3.5454545454545454 12 66
26 3.619047619047619 11 63
3 3.9649122807017543 20 57
4 3.6666666666666665 21 63
5 3.6666666666666665 12 45
6 3.736842105263158 11 57
7 3.08 11 50
8 3.88 16 25
9 3.0277777777777777 9 36
#TOTAL_CONTACTS 3402 for 1000 frames
