#resid average_duration max_duration persistent_contacts
1 3.5 17 68
10 3.6984126984126986 14 63
11 3.4237288135593222 8 59
12 3.5535714285714284 13 56
13 3.3181818181818183 10 66
14 3.9591836734693877 10 49
15 3.9322033898305087 17 59
16 3.6 9 35
17 3.638888888888889 8 36
18 3.4464285714285716 10 56
19 3.5576923076923075 9 52
2 3.511111111111111 10 45
20 2.95 7 40
21 6.171428571428572 66 35
22 4.173913043478261 13 46
23 4.166666666666667 17 60
24 3.278688524590164 11 61
25 3.611111111111111 12 18
26 4.7272727272727275 14 33
3 3.659090909090909 17 44
4 4.130434782608695 14 69
5 3.5 11 50
6 7.041666666666667 66 24
7 3.619047619047619 9 63
8 3.282608695652174 9 46
9 3.7254901960784315 10 51
#TOTAL_CONTACTS 3135 for 1000 frames
