#resid average_duration max_duration persistent_contacts
1 3.4680851063829787 13 47
10 3.84375 14 64
11 3.849056603773585 12 53
12 3.7735849056603774 18 53
13 3.3225806451612905 12 62
14 4.891304347826087 13 46
15 3.911111111111111 11 45
16 3.56 13 50
17 3.761904761904762 11 63
18 4.7 21 50
19 4.656716417910448 21 67
2 3.909090909090909 11 44
20 3.6 15 25
21 3.625 12 48
22 3.765625 14 64
23 3.765957446808511 8 47
24 4.795454545454546 20 44
25 3.55 9 40
26 3.8181818181818183 15 22
3 3.3653846153846154 13 52
4 4.066666666666666 11 60
5 3.0943396226415096 9 53
6 3.6142857142857143 16 70
7 4.333333333333333 18 36
8 4.176470588235294 21 51
9 3.764705882352941 18 68
#TOTAL_CONTACTS 3269 for 1000 frames
