#resid average_duration max_duration persistent_contacts
1 3.810810810810811 11 74
10 3.4081632653061225 8 49
11 3.610169491525424 9 59
12 4.402777777777778 20 72
13 4.038461538461538 12 26
14 3.690909090909091 11 55
15 3.7666666666666666 12 60
16 4.040816326530612 13 49
17 3.8405797101449277 18 69
18 3.422222222222222 12 45
19 5.185185185185185 25 54
2 4.74468085106383 25 47
20 4.159090909090909 15 44
21 4.242424242424242 10 33
22 3.757575757575758 13 33
23 4.568965517241379 23 58
24 3.3333333333333335 10 54
25 3.5925925925925926 9 54
26 3.7777777777777777 9 54
3 5.244897959183674 18 49
4 3.4615384615384617 9 39
5 3.3863636363636362 13 44
6 3.1538461538461537 10 52
7 4.166666666666667 16 60
8 4.421052631578948 20 57
9 3.6875 13 64
#TOTAL_CONTACTS 3338 for 1000 frames
