#resid average_duration max_duration persistent_contacts
1 11.482834994462902 549 903
10 11.829299363057325 568 785
11 14.278795811518325 921 764
12 14.325129533678757 761 772
13 14.767575322812052 800 697
14 12.822429906542055 748 749
15 18.11470588235294 891 1020
16 16.423954372623573 847 1052
17 12.850806451612904 1121 744
18 17.826226012793178 858 938
19 22.98002350176263 825 851
2 13.606976744186046 964 860
20 9.664233576642335 328 685
21 15.561470215462611 921 789
22 15.0663082437276 1017 558
23 15.367924528301886 1441 742
24 8.957446808510639 198 658
25 19.675647668393783 1228 965
26 15.159375 835 640
3 12.426929392446635 1121 609
4 11.249647390691115 1017 709
5 16.185135135135134 1441 740
6 14.135509396636992 742 1011
7 10.318458417849898 322 493
8 11.727722772277227 800 808
9 13.288501026694044 1228 974
#TOTAL_CONTACTS 158061 for 9600 frames
