#resid average_duration max_duration persistent_contacts
1 9.19625 250 800
10 16.419767441860465 1813 860
11 10.377900552486189 794 905
12 18.592901878914404 680 479
13 12.977513227513228 685 756
14 9.092140921409214 311 1107
15 14.544834307992202 1054 1026
16 18.34406779661017 1029 590
17 11.51875 739 960
18 8.715885947046843 297 982
19 12.154564315352697 1029 964
2 12.309375 739 640
20 14.553908355795148 1254 742
21 14.813465783664459 1059 906
22 10.16885813148789 495 1445
23 16.366510538641688 1054 854
24 10.429050279329608 428 895
25 9.823008849557523 237 678
26 10.468864468864469 863 546
3 17.331619537275063 1254 778
4 17.188729874776385 1813 1118
5 11.666938775510204 474 1225
6 15.120377655389458 1604 1271
7 12.534537725823592 670 941
8 16.58606557377049 920 976
9 10.522826086956522 402 920
#TOTAL_CONTACTS 162265 for 10100 frames
