#resid average_duration max_duration persistent_contacts
1 4.615846338535414 42 833
10 5.287096774193548 41 620
11 4.90896551724138 44 725
12 5.300546448087432 30 549
13 5.107142857142857 55 532
14 5.286173633440514 37 622
15 4.613095238095238 31 672
16 5.11144578313253 36 664
17 5.085763293310463 44 583
18 5.128133704735376 37 718
19 4.811111111111111 36 720
2 4.699175824175824 51 728
20 4.787610619469026 48 565
21 5.135220125786163 41 636
22 4.904255319148936 40 752
23 5.337016574585635 44 543
24 4.687813021702838 28 599
25 4.698689956331878 40 687
26 5.278135048231511 37 622
3 4.674565560821485 29 633
4 5.3064024390243905 44 656
5 4.506766917293233 32 665
6 5.187323943661972 51 710
7 5.3760683760683765 40 585
8 5.112456747404845 55 578
9 5.286558345642541 37 677
#TOTAL_CONTACTS 48711 for 5000 frames
