#resid average_duration max_duration persistent_contacts
1 4.707196029776675 36 806
10 5.128038897893031 51 617
11 4.997076023391813 47 684
12 4.958500669344043 33 747
13 4.8690095846645365 42 626
14 5.366726296958855 51 559
15 4.948126801152738 29 694
16 4.93781512605042 33 595
17 5.26 47 650
18 5.017152658662092 34 583
19 5.604395604395604 75 637
2 5.348522167487685 64 812
20 5.157164869029276 55 649
21 5.146118721461187 33 438
22 5.033419023136247 35 778
23 5.1686046511627906 32 688
24 4.995176848874598 39 622
25 5.1867043847241865 55 707
26 5.137931034482759 64 754
3 5.3004291845493565 63 699
4 5.170967741935484 52 620
5 4.907114624505929 42 506
6 4.834328358208955 34 670
7 5.438628158844765 54 554
8 5.025806451612903 52 620
9 5.565891472868217 75 645
#TOTAL_CONTACTS 49954 for 5000 frames
