#frame monomers_% popc_isolated_%
0 92.3076923076923 0.0
1 84.61538461538461 0.0
2 84.61538461538461 0.0
3 92.3076923076923 0.0
4 92.3076923076923 0.0
5 92.3076923076923 0.0
6 92.3076923076923 0.0
7 84.61538461538461 0.0
8 92.3076923076923 0.0
9 76.92307692307692 0.0
10 76.92307692307692 0.0
11 76.92307692307692 0.0
12 73.07692307692308 0.0
13 69.23076923076923 0.0
14 76.92307692307692 0.0
15 69.23076923076923 0.0
16 76.92307692307692 0.0
17 84.61538461538461 0.0
18 76.92307692307692 0.0
19 84.61538461538461 0.0
20 84.61538461538461 0.0
21 84.61538461538461 0.0
22 92.3076923076923 0.0
23 69.23076923076923 0.0
24 76.92307692307692 0.0
25 92.3076923076923 0.0
26 92.3076923076923 0.0
27 84.61538461538461 0.0
28 84.61538461538461 0.0
29 92.3076923076923 0.0
30 76.92307692307692 0.0
31 84.61538461538461 0.0
32 84.61538461538461 0.0
33 76.92307692307692 0.0
34 76.92307692307692 0.0
35 76.92307692307692 0.0
36 69.23076923076923 0.0
37 92.3076923076923 0.0
38 84.61538461538461 0.0
39 84.61538461538461 0.0
40 92.3076923076923 0.0
41 84.61538461538461 0.0
42 76.92307692307692 0.0
43 84.61538461538461 0.0
44 76.92307692307692 0.0
45 73.07692307692308 0.0
46 73.07692307692308 0.0
47 73.07692307692308 0.0
48 73.07692307692308 0.0
49 76.92307692307692 0.0
50 84.61538461538461 0.0
51 76.92307692307692 0.0
52 76.92307692307692 0.0
53 69.23076923076923 0.0
54 84.61538461538461 0.0
55 76.92307692307692 0.0
56 76.92307692307692 0.0
57 76.92307692307692 0.0
58 76.92307692307692 0.0
59 84.61538461538461 0.0
60 84.61538461538461 0.0
61 84.61538461538461 0.0
62 76.92307692307692 0.0
63 76.92307692307692 0.0
64 76.92307692307692 0.0
65 76.92307692307692 0.0
66 69.23076923076923 0.0
67 76.92307692307692 0.0
68 76.92307692307692 0.0
69 92.3076923076923 0.0
70 84.61538461538461 0.0
71 92.3076923076923 0.0
72 92.3076923076923 0.0
73 84.61538461538461 0.0
74 92.3076923076923 0.0
75 92.3076923076923 0.0
76 92.3076923076923 0.0
77 84.61538461538461 0.0
78 84.61538461538461 0.0
79 84.61538461538461 0.0
80 69.23076923076923 0.0
81 76.92307692307692 0.0
82 76.92307692307692 0.0
83 69.23076923076923 0.0
84 69.23076923076923 0.0
85 76.92307692307692 0.0
86 76.92307692307692 0.0
87 69.23076923076923 0.0
88 84.61538461538461 0.0
89 69.23076923076923 0.0
90 61.53846153846154 0.0
91 69.23076923076923 0.0
92 61.53846153846154 0.0
93 69.23076923076923 0.0
94 69.23076923076923 0.0
95 76.92307692307692 0.0
96 76.92307692307692 0.0
97 84.61538461538461 0.0
98 84.61538461538461 0.0
99 69.23076923076923 0.0
100 84.61538461538461 0.0
101 76.92307692307692 0.0
102 76.92307692307692 0.0
103 84.61538461538461 0.0
104 92.3076923076923 0.0
105 76.92307692307692 0.0
106 80.76923076923077 0.0
107 80.76923076923077 0.0
108 92.3076923076923 0.0
109 76.92307692307692 0.0
110 76.92307692307692 0.0
111 76.92307692307692 0.0
112 84.61538461538461 0.0
113 92.3076923076923 0.0
114 92.3076923076923 0.0
115 76.92307692307692 0.0
116 92.3076923076923 0.0
117 84.61538461538461 0.0
118 84.61538461538461 0.0
119 84.61538461538461 0.0
120 84.61538461538461 0.0
121 84.61538461538461 0.0
122 84.61538461538461 0.0
123 84.61538461538461 0.0
124 76.92307692307692 0.0
125 92.3076923076923 0.0
126 92.3076923076923 0.0
127 84.61538461538461 0.0
128 76.92307692307692 0.0
129 69.23076923076923 0.0
130 84.61538461538461 0.0
131 61.53846153846154 0.0
132 84.61538461538461 0.0
133 65.38461538461539 0.0
134 69.23076923076923 0.0
135 69.23076923076923 0.0
136 69.23076923076923 0.0
137 92.3076923076923 0.0
138 76.92307692307692 0.0
139 84.61538461538461 0.0
140 76.92307692307692 0.0
141 84.61538461538461 0.0
142 76.92307692307692 0.0
143 80.76923076923077 0.0
144 65.38461538461539 0.0
145 76.92307692307692 0.0
146 73.07692307692308 0.0
147 73.07692307692308 0.0
148 84.61538461538461 0.0
149 84.61538461538461 0.0
150 76.92307692307692 0.0
151 76.92307692307692 0.0
152 76.92307692307692 0.0
153 84.61538461538461 0.0
154 92.3076923076923 0.0
155 92.3076923076923 0.0
156 92.3076923076923 0.0
157 100.0 0.0
158 92.3076923076923 0.0
159 92.3076923076923 0.0
160 84.61538461538461 0.0
161 76.92307692307692 0.0
162 92.3076923076923 0.0
163 76.92307692307692 0.0
164 76.92307692307692 0.0
165 92.3076923076923 0.0
166 84.61538461538461 0.0
167 92.3076923076923 0.0
168 92.3076923076923 0.0
169 92.3076923076923 0.0
170 92.3076923076923 0.0
171 76.92307692307692 0.0
172 76.92307692307692 0.0
173 69.23076923076923 0.0
174 84.61538461538461 0.0
175 84.61538461538461 0.0
176 92.3076923076923 0.0
177 61.53846153846154 0.0
178 69.23076923076923 0.0
179 84.61538461538461 0.0
180 76.92307692307692 0.0
181 76.92307692307692 0.0
182 69.23076923076923 0.0
183 76.92307692307692 0.0
184 84.61538461538461 0.0
185 84.61538461538461 0.0
186 92.3076923076923 0.0
187 84.61538461538461 0.0
188 92.3076923076923 0.0
189 92.3076923076923 0.0
190 84.61538461538461 0.0
191 88.46153846153847 0.0
192 88.46153846153847 0.0
193 92.3076923076923 0.0
194 88.46153846153847 0.0
195 92.3076923076923 0.0
196 100.0 0.0
197 92.3076923076923 0.0
198 92.3076923076923 0.0
199 92.3076923076923 0.0
200 76.92307692307692 0.0
201 100.0 0.0
202 84.61538461538461 0.0
203 80.76923076923077 0.0
204 100.0 0.0
205 76.92307692307692 0.0
206 76.92307692307692 0.0
207 76.92307692307692 0.0
208 84.61538461538461 0.0
209 84.61538461538461 0.0
210 92.3076923076923 0.0
211 92.3076923076923 0.0
212 100.0 0.0
213 92.3076923076923 0.0
214 92.3076923076923 0.0
215 92.3076923076923 0.0
216 84.61538461538461 0.0
217 84.61538461538461 0.0
218 84.61538461538461 0.0
219 84.61538461538461 0.0
220 76.92307692307692 0.0
221 69.23076923076923 0.0
222 84.61538461538461 0.0
223 76.92307692307692 0.0
224 73.07692307692308 0.0
225 76.92307692307692 0.0
226 76.92307692307692 0.0
227 76.92307692307692 0.0
228 76.92307692307692 0.0
229 76.92307692307692 0.0
230 84.61538461538461 0.0
231 84.61538461538461 0.0
232 76.92307692307692 0.0
233 76.92307692307692 0.0
234 76.92307692307692 0.0
235 92.3076923076923 0.0
236 76.92307692307692 0.0
237 84.61538461538461 0.0
238 76.92307692307692 0.0
239 69.23076923076923 0.0
240 76.92307692307692 0.0
241 84.61538461538461 0.0
242 84.61538461538461 0.0
243 84.61538461538461 0.0
244 73.07692307692308 0.0
245 80.76923076923077 0.0
246 65.38461538461539 0.0
247 57.69230769230769 0.0
248 65.38461538461539 0.0
249 57.69230769230769 0.0
250 57.69230769230769 0.0
251 76.92307692307692 0.0
252 84.61538461538461 0.0
253 73.07692307692308 0.0
254 92.3076923076923 0.0
255 76.92307692307692 0.0
256 69.23076923076923 0.0
257 92.3076923076923 0.0
258 92.3076923076923 0.0
259 84.61538461538461 0.0
260 92.3076923076923 0.0
261 84.61538461538461 0.0
262 92.3076923076923 0.0
263 84.61538461538461 0.0
264 84.61538461538461 0.0
265 92.3076923076923 0.0
266 84.61538461538461 0.0
267 84.61538461538461 0.0
268 84.61538461538461 0.0
269 84.61538461538461 0.0
270 76.92307692307692 0.0
271 84.61538461538461 0.0
272 84.61538461538461 0.0
273 84.61538461538461 0.0
274 84.61538461538461 0.0
275 92.3076923076923 0.0
276 84.61538461538461 0.0
277 92.3076923076923 0.0
278 92.3076923076923 0.0
279 92.3076923076923 0.0
280 84.61538461538461 0.0
281 84.61538461538461 0.0
282 92.3076923076923 0.0
283 84.61538461538461 0.0
284 92.3076923076923 0.0
285 92.3076923076923 0.0
286 84.61538461538461 0.0
287 84.61538461538461 0.0
288 84.61538461538461 0.0
289 84.61538461538461 0.0
290 92.3076923076923 0.0
291 76.92307692307692 0.0
292 76.92307692307692 0.0
293 84.61538461538461 0.0
294 84.61538461538461 0.0
295 84.61538461538461 0.0
296 73.07692307692308 0.0
297 73.07692307692308 0.0
298 73.07692307692308 0.0
299 80.76923076923077 0.0
300 84.61538461538461 0.0
301 80.76923076923077 0.0
302 84.61538461538461 0.0
303 92.3076923076923 0.0
304 92.3076923076923 0.0
305 92.3076923076923 0.0
306 92.3076923076923 0.0
307 92.3076923076923 0.0
308 84.61538461538461 0.0
309 84.61538461538461 0.0
310 73.07692307692308 0.0
311 73.07692307692308 0.0
312 80.76923076923077 0.0
313 84.61538461538461 0.0
314 84.61538461538461 0.0
315 84.61538461538461 0.0
316 76.92307692307692 0.0
317 76.92307692307692 0.0
318 76.92307692307692 0.0
319 69.23076923076923 0.0
320 76.92307692307692 0.0
321 76.92307692307692 0.0
322 84.61538461538461 0.0
323 76.92307692307692 0.0
324 76.92307692307692 0.0
325 76.92307692307692 0.0
326 76.92307692307692 0.0
327 76.92307692307692 0.0
328 76.92307692307692 0.0
329 69.23076923076923 0.0
330 76.92307692307692 0.0
331 84.61538461538461 0.0
332 84.61538461538461 0.0
333 84.61538461538461 0.0
334 84.61538461538461 0.0
335 84.61538461538461 0.0
336 84.61538461538461 0.0
337 76.92307692307692 0.0
338 84.61538461538461 0.0
339 84.61538461538461 0.0
340 84.61538461538461 0.0
341 84.61538461538461 0.0
342 84.61538461538461 0.0
343 84.61538461538461 0.0
344 84.61538461538461 0.0
345 92.3076923076923 0.0
346 92.3076923076923 0.0
347 92.3076923076923 0.0
348 84.61538461538461 0.0
349 84.61538461538461 0.0
350 80.76923076923077 0.0
351 73.07692307692308 0.0
352 84.61538461538461 0.0
353 73.07692307692308 0.0
354 76.92307692307692 0.0
355 76.92307692307692 0.0
356 76.92307692307692 0.0
357 76.92307692307692 0.0
358 69.23076923076923 0.0
359 80.76923076923077 0.0
360 69.23076923076923 0.0
361 76.92307692307692 0.0
362 84.61538461538461 0.0
363 84.61538461538461 0.0
364 84.61538461538461 0.0
365 80.76923076923077 0.0
366 76.92307692307692 0.0
367 69.23076923076923 0.0
368 84.61538461538461 0.0
369 73.07692307692308 0.0
370 69.23076923076923 0.0
371 69.23076923076923 0.0
372 57.69230769230769 0.0
373 69.23076923076923 0.0
374 84.61538461538461 0.0
375 76.92307692307692 0.0
376 80.76923076923077 0.0
377 80.76923076923077 0.0
378 73.07692307692308 0.0
379 76.92307692307692 0.0
380 84.61538461538461 0.0
381 84.61538461538461 0.0
382 65.38461538461539 0.0
383 69.23076923076923 0.0
384 76.92307692307692 0.0
385 76.92307692307692 0.0
386 69.23076923076923 0.0
387 76.92307692307692 0.0
388 76.92307692307692 0.0
389 84.61538461538461 0.0
390 76.92307692307692 0.0
391 76.92307692307692 0.0
392 84.61538461538461 0.0
393 84.61538461538461 0.0
394 73.07692307692308 0.0
395 84.61538461538461 0.0
396 73.07692307692308 0.0
397 84.61538461538461 0.0
398 76.92307692307692 0.0
399 76.92307692307692 0.0
400 69.23076923076923 0.0
401 84.61538461538461 0.0
402 92.3076923076923 0.0
403 92.3076923076923 0.0
404 92.3076923076923 0.0
405 73.07692307692308 0.0
406 76.92307692307692 0.0
407 76.92307692307692 0.0
408 84.61538461538461 0.0
409 80.76923076923077 0.0
410 92.3076923076923 0.0
411 92.3076923076923 0.0
412 92.3076923076923 0.0
413 92.3076923076923 0.0
414 92.3076923076923 0.0
415 84.61538461538461 0.0
416 84.61538461538461 0.0
417 92.3076923076923 0.0
418 92.3076923076923 0.0
419 92.3076923076923 0.0
420 84.61538461538461 0.0
421 92.3076923076923 0.0
422 76.92307692307692 0.0
423 92.3076923076923 0.0
424 84.61538461538461 0.0
425 92.3076923076923 0.0
426 92.3076923076923 0.0
427 84.61538461538461 0.0
428 92.3076923076923 0.0
429 76.92307692307692 0.0
430 92.3076923076923 0.0
431 92.3076923076923 0.0
432 92.3076923076923 0.0
433 92.3076923076923 0.0
434 84.61538461538461 0.0
435 84.61538461538461 0.0
436 84.61538461538461 0.0
437 84.61538461538461 0.0
438 69.23076923076923 0.0
439 92.3076923076923 0.0
440 76.92307692307692 0.0
441 76.92307692307692 0.0
442 92.3076923076923 0.0
443 69.23076923076923 0.0
444 76.92307692307692 0.0
445 84.61538461538461 0.0
446 92.3076923076923 0.0
447 92.3076923076923 0.0
448 84.61538461538461 0.0
449 100.0 0.0
450 92.3076923076923 0.0
451 100.0 0.0
452 100.0 0.0
453 92.3076923076923 0.0
454 92.3076923076923 0.0
455 84.61538461538461 0.0
456 92.3076923076923 0.0
457 92.3076923076923 0.0
458 92.3076923076923 0.0
459 100.0 0.0
460 100.0 0.0
461 100.0 0.0
462 92.3076923076923 0.0
463 76.92307692307692 0.0
464 76.92307692307692 0.0
465 92.3076923076923 0.0
466 100.0 0.0
467 92.3076923076923 0.0
468 84.61538461538461 0.0
469 100.0 0.0
470 84.61538461538461 0.0
471 92.3076923076923 0.0
472 80.76923076923077 0.0
473 84.61538461538461 0.0
474 76.92307692307692 0.0
475 92.3076923076923 0.0
476 84.61538461538461 0.0
477 84.61538461538461 0.0
478 76.92307692307692 0.0
479 76.92307692307692 0.0
480 84.61538461538461 0.0
481 84.61538461538461 0.0
482 88.46153846153847 0.0
483 69.23076923076923 0.0
484 76.92307692307692 0.0
485 84.61538461538461 0.0
486 76.92307692307692 0.0
487 88.46153846153847 0.0
488 84.61538461538461 0.0
489 84.61538461538461 0.0
490 88.46153846153847 0.0
491 88.46153846153847 0.0
492 73.07692307692308 0.0
493 76.92307692307692 0.0
494 76.92307692307692 0.0
495 76.92307692307692 0.0
496 80.76923076923077 0.0
497 92.3076923076923 0.0
498 84.61538461538461 0.0
499 76.92307692307692 0.0
500 76.92307692307692 0.0
501 92.3076923076923 0.0
502 84.61538461538461 0.0
503 84.61538461538461 0.0
504 80.76923076923077 0.0
505 80.76923076923077 0.0
506 76.92307692307692 0.0
507 80.76923076923077 0.0
508 80.76923076923077 0.0
509 76.92307692307692 0.0
510 76.92307692307692 0.0
511 76.92307692307692 0.0
512 80.76923076923077 0.0
513 61.53846153846154 0.0
514 73.07692307692308 0.0
515 73.07692307692308 0.0
516 65.38461538461539 0.0
517 69.23076923076923 0.0
518 73.07692307692308 0.0
519 73.07692307692308 0.0
520 73.07692307692308 0.0
521 73.07692307692308 0.0
522 76.92307692307692 0.0
523 76.92307692307692 0.0
524 84.61538461538461 0.0
525 84.61538461538461 0.0
526 65.38461538461539 0.0
527 73.07692307692308 0.0
528 53.84615384615385 0.0
529 46.15384615384615 0.0
530 65.38461538461539 0.0
531 73.07692307692308 0.0
532 57.69230769230769 0.0
533 76.92307692307692 0.0
534 76.92307692307692 0.0
535 73.07692307692308 0.0
536 92.3076923076923 0.0
537 84.61538461538461 0.0
538 92.3076923076923 0.0
539 92.3076923076923 0.0
540 92.3076923076923 0.0
541 92.3076923076923 0.0
542 92.3076923076923 0.0
543 92.3076923076923 0.0
544 92.3076923076923 0.0
545 84.61538461538461 0.0
546 92.3076923076923 0.0
547 84.61538461538461 0.0
548 92.3076923076923 0.0
549 88.46153846153847 0.0
550 92.3076923076923 0.0
551 92.3076923076923 0.0
552 84.61538461538461 0.0
553 76.92307692307692 0.0
554 84.61538461538461 0.0
555 84.61538461538461 0.0
556 84.61538461538461 0.0
557 76.92307692307692 0.0
558 84.61538461538461 0.0
559 92.3076923076923 0.0
560 84.61538461538461 0.0
561 84.61538461538461 0.0
562 92.3076923076923 0.0
563 92.3076923076923 0.0
564 76.92307692307692 0.0
565 92.3076923076923 0.0
566 100.0 0.0
567 100.0 0.0
568 92.3076923076923 0.0
569 100.0 0.0
570 92.3076923076923 0.0
571 84.61538461538461 0.0
572 100.0 0.0
573 100.0 0.0
574 100.0 0.0
575 100.0 0.0
576 92.3076923076923 0.0
577 92.3076923076923 0.0
578 92.3076923076923 0.0
579 100.0 0.0
580 92.3076923076923 0.0
581 100.0 0.0
582 92.3076923076923 0.0
583 92.3076923076923 0.0
584 92.3076923076923 0.0
585 84.61538461538461 0.0
586 76.92307692307692 0.0
587 84.61538461538461 0.0
588 76.92307692307692 0.0
589 76.92307692307692 0.0
590 92.3076923076923 0.0
591 92.3076923076923 0.0
592 84.61538461538461 0.0
593 76.92307692307692 0.0
594 80.76923076923077 0.0
595 84.61538461538461 0.0
596 76.92307692307692 0.0
597 76.92307692307692 0.0
598 76.92307692307692 0.0
599 76.92307692307692 0.0
600 84.61538461538461 0.0
601 84.61538461538461 0.0
602 84.61538461538461 0.0
603 84.61538461538461 0.0
604 76.92307692307692 0.0
605 80.76923076923077 0.0
606 76.92307692307692 0.0
607 84.61538461538461 0.0
608 84.61538461538461 0.0
609 80.76923076923077 0.0
610 76.92307692307692 0.0
611 73.07692307692308 0.0
612 69.23076923076923 0.0
613 69.23076923076923 0.0
614 69.23076923076923 0.0
615 92.3076923076923 0.0
616 84.61538461538461 0.0
617 84.61538461538461 0.0
618 69.23076923076923 0.0
619 76.92307692307692 0.0
620 76.92307692307692 0.0
621 76.92307692307692 0.0
622 84.61538461538461 0.0
623 92.3076923076923 0.0
624 92.3076923076923 0.0
625 92.3076923076923 0.0
626 76.92307692307692 0.0
627 92.3076923076923 0.0
628 92.3076923076923 0.0
629 84.61538461538461 0.0
630 84.61538461538461 0.0
631 92.3076923076923 0.0
632 84.61538461538461 0.0
633 92.3076923076923 0.0
634 80.76923076923077 0.0
635 84.61538461538461 0.0
636 92.3076923076923 0.0
637 92.3076923076923 0.0
638 92.3076923076923 0.0
639 76.92307692307692 0.0
640 92.3076923076923 0.0
641 84.61538461538461 0.0
642 84.61538461538461 0.0
643 92.3076923076923 0.0
644 92.3076923076923 0.0
645 84.61538461538461 0.0
646 84.61538461538461 0.0
647 92.3076923076923 0.0
648 84.61538461538461 0.0
649 92.3076923076923 0.0
650 92.3076923076923 0.0
651 100.0 0.0
652 84.61538461538461 0.0
653 88.46153846153847 0.0
654 92.3076923076923 0.0
655 88.46153846153847 0.0
656 88.46153846153847 0.0
657 88.46153846153847 0.0
658 88.46153846153847 0.0
659 80.76923076923077 0.0
660 92.3076923076923 0.0
661 92.3076923076923 0.0
662 76.92307692307692 0.0
663 76.92307692307692 0.0
664 69.23076923076923 0.0
665 84.61538461538461 0.0
666 84.61538461538461 0.0
667 84.61538461538461 0.0
668 76.92307692307692 0.0
669 69.23076923076923 0.0
670 76.92307692307692 0.0
671 92.3076923076923 0.0
672 84.61538461538461 0.0
673 92.3076923076923 0.0
674 69.23076923076923 0.0
675 84.61538461538461 0.0
676 84.61538461538461 0.0
677 92.3076923076923 0.0
678 92.3076923076923 0.0
679 92.3076923076923 0.0
680 92.3076923076923 0.0
681 92.3076923076923 0.0
682 92.3076923076923 0.0
683 84.61538461538461 0.0
684 84.61538461538461 0.0
685 84.61538461538461 0.0
686 84.61538461538461 0.0
687 92.3076923076923 0.0
688 84.61538461538461 0.0
689 92.3076923076923 0.0
690 100.0 0.0
691 84.61538461538461 0.0
692 100.0 0.0
693 80.76923076923077 0.0
694 84.61538461538461 0.0
695 92.3076923076923 0.0
696 84.61538461538461 0.0
697 92.3076923076923 0.0
698 92.3076923076923 0.0
699 84.61538461538461 0.0
700 84.61538461538461 0.0
701 92.3076923076923 0.0
702 92.3076923076923 0.0
703 92.3076923076923 0.0
704 84.61538461538461 0.0
705 92.3076923076923 0.0
706 92.3076923076923 0.0
707 84.61538461538461 0.0
708 84.61538461538461 0.0
709 84.61538461538461 0.0
710 92.3076923076923 0.0
711 92.3076923076923 0.0
712 92.3076923076923 0.0
713 92.3076923076923 0.0
714 92.3076923076923 0.0
715 100.0 0.0
716 84.61538461538461 0.0
717 76.92307692307692 0.0
718 92.3076923076923 0.0
719 84.61538461538461 0.0
720 92.3076923076923 0.0
721 100.0 0.0
722 100.0 0.0
723 92.3076923076923 0.0
724 84.61538461538461 0.0
725 92.3076923076923 0.0
726 92.3076923076923 0.0
727 84.61538461538461 0.0
728 76.92307692307692 0.0
729 76.92307692307692 0.0
730 92.3076923076923 0.0
731 80.76923076923077 0.0
732 84.61538461538461 0.0
733 92.3076923076923 0.0
734 92.3076923076923 0.0
735 92.3076923076923 0.0
736 92.3076923076923 0.0
737 92.3076923076923 0.0
738 84.61538461538461 0.0
739 92.3076923076923 0.0
740 84.61538461538461 0.0
741 92.3076923076923 0.0
742 84.61538461538461 0.0
743 92.3076923076923 0.0
744 92.3076923076923 0.0
745 92.3076923076923 0.0
746 92.3076923076923 0.0
747 100.0 0.0
748 100.0 0.0
749 100.0 0.0
750 100.0 0.0
751 100.0 0.0
752 100.0 0.0
753 100.0 0.0
754 100.0 0.0
755 92.3076923076923 0.0
756 84.61538461538461 0.0
757 84.61538461538461 0.0
758 76.92307692307692 0.0
759 84.61538461538461 0.0
760 84.61538461538461 0.0
761 92.3076923076923 0.0
762 84.61538461538461 0.0
763 84.61538461538461 0.0
764 92.3076923076923 0.0
765 84.61538461538461 0.0
766 100.0 0.0
767 84.61538461538461 0.0
768 84.61538461538461 0.0
769 92.3076923076923 0.0
770 92.3076923076923 0.0
771 84.61538461538461 0.0
772 92.3076923076923 0.0
773 100.0 0.0
774 100.0 0.0
775 84.61538461538461 0.0
776 92.3076923076923 0.0
777 92.3076923076923 0.0
778 80.76923076923077 0.0
779 84.61538461538461 0.0
780 84.61538461538461 0.0
781 76.92307692307692 0.0
782 69.23076923076923 0.0
783 69.23076923076923 0.0
784 65.38461538461539 0.0
785 76.92307692307692 0.0
786 76.92307692307692 0.0
787 69.23076923076923 0.0
788 61.53846153846154 0.0
789 65.38461538461539 0.0
790 80.76923076923077 0.0
791 92.3076923076923 0.0
792 88.46153846153847 0.0
793 92.3076923076923 0.0
794 100.0 0.0
795 100.0 0.0
796 92.3076923076923 0.0
797 92.3076923076923 0.0
798 100.0 0.0
799 84.61538461538461 0.0
800 80.76923076923077 0.0
801 84.61538461538461 0.0
802 84.61538461538461 0.0
803 84.61538461538461 0.0
804 88.46153846153847 0.0
805 84.61538461538461 0.0
806 92.3076923076923 0.0
807 80.76923076923077 0.0
808 84.61538461538461 0.0
809 84.61538461538461 0.0
810 92.3076923076923 0.0
811 92.3076923076923 0.0
812 92.3076923076923 0.0
813 92.3076923076923 0.0
814 92.3076923076923 0.0
815 100.0 0.0
816 92.3076923076923 0.0
817 92.3076923076923 0.0
818 92.3076923076923 0.0
819 92.3076923076923 0.0
820 92.3076923076923 0.0
821 92.3076923076923 0.0
822 92.3076923076923 0.0
823 92.3076923076923 0.0
824 100.0 0.0
825 100.0 0.0
826 100.0 0.0
827 92.3076923076923 0.0
828 100.0 0.0
829 92.3076923076923 0.0
830 84.61538461538461 0.0
831 84.61538461538461 0.0
832 92.3076923076923 0.0
833 84.61538461538461 0.0
834 84.61538461538461 0.0
835 84.61538461538461 0.0
836 84.61538461538461 0.0
837 92.3076923076923 0.0
838 100.0 0.0
839 92.3076923076923 0.0
840 84.61538461538461 0.0
841 92.3076923076923 0.0
842 92.3076923076923 0.0
843 100.0 0.0
844 92.3076923076923 0.0
845 92.3076923076923 0.0
846 100.0 0.0
847 92.3076923076923 0.0
848 84.61538461538461 0.0
849 92.3076923076923 0.0
850 100.0 0.0
851 100.0 0.0
852 100.0 0.0
853 100.0 0.0
854 92.3076923076923 0.0
855 100.0 0.0
856 100.0 0.0
857 92.3076923076923 0.0
858 100.0 0.0
859 92.3076923076923 0.0
860 84.61538461538461 0.0
861 92.3076923076923 0.0
862 92.3076923076923 0.0
863 92.3076923076923 0.0
864 84.61538461538461 0.0
865 69.23076923076923 0.0
866 84.61538461538461 0.0
867 92.3076923076923 0.0
868 84.61538461538461 0.0
869 100.0 0.0
870 100.0 0.0
871 88.46153846153847 0.0
872 80.76923076923077 0.0
873 100.0 0.0
874 100.0 0.0
875 84.61538461538461 0.0
876 100.0 0.0
877 84.61538461538461 0.0
878 88.46153846153847 0.0
879 84.61538461538461 0.0
880 92.3076923076923 0.0
881 84.61538461538461 0.0
882 84.61538461538461 0.0
883 84.61538461538461 0.0
884 84.61538461538461 0.0
885 84.61538461538461 0.0
886 80.76923076923077 0.0
887 92.3076923076923 0.0
888 65.38461538461539 0.0
889 73.07692307692308 0.0
890 69.23076923076923 0.0
891 73.07692307692308 0.0
892 76.92307692307692 0.0
893 73.07692307692308 0.0
894 69.23076923076923 0.0
895 65.38461538461539 0.0
896 84.61538461538461 0.0
897 76.92307692307692 0.0
898 69.23076923076923 0.0
899 61.53846153846154 0.0
900 76.92307692307692 0.0
901 61.53846153846154 0.0
902 61.53846153846154 0.0
903 65.38461538461539 0.0
904 69.23076923076923 0.0
905 73.07692307692308 0.0
906 73.07692307692308 0.0
907 76.92307692307692 0.0
908 65.38461538461539 0.0
909 92.3076923076923 0.0
910 84.61538461538461 0.0
911 76.92307692307692 0.0
912 73.07692307692308 0.0
913 84.61538461538461 0.0
914 84.61538461538461 0.0
915 84.61538461538461 0.0
916 92.3076923076923 0.0
917 92.3076923076923 0.0
918 84.61538461538461 0.0
919 92.3076923076923 0.0
920 92.3076923076923 0.0
921 76.92307692307692 0.0
922 84.61538461538461 0.0
923 69.23076923076923 0.0
924 61.53846153846154 0.0
925 73.07692307692308 0.0
926 65.38461538461539 0.0
927 65.38461538461539 0.0
928 69.23076923076923 0.0
929 69.23076923076923 0.0
930 76.92307692307692 0.0
931 84.61538461538461 0.0
932 84.61538461538461 0.0
933 92.3076923076923 0.0
934 92.3076923076923 0.0
935 84.61538461538461 0.0
936 92.3076923076923 0.0
937 84.61538461538461 0.0
938 84.61538461538461 0.0
939 84.61538461538461 0.0
940 84.61538461538461 0.0
941 73.07692307692308 0.0
942 69.23076923076923 0.0
943 76.92307692307692 0.0
944 84.61538461538461 0.0
945 69.23076923076923 0.0
946 69.23076923076923 0.0
947 76.92307692307692 0.0
948 84.61538461538461 0.0
949 84.61538461538461 0.0
950 76.92307692307692 0.0
951 69.23076923076923 0.0
952 76.92307692307692 0.0
953 76.92307692307692 0.0
954 76.92307692307692 0.0
955 80.76923076923077 0.0
956 73.07692307692308 0.0
957 76.92307692307692 0.0
958 76.92307692307692 0.0
959 84.61538461538461 0.0
960 84.61538461538461 0.0
961 76.92307692307692 0.0
962 84.61538461538461 0.0
963 84.61538461538461 0.0
964 84.61538461538461 0.0
965 84.61538461538461 0.0
966 84.61538461538461 0.0
967 76.92307692307692 0.0
968 92.3076923076923 0.0
969 92.3076923076923 0.0
970 92.3076923076923 0.0
971 84.61538461538461 0.0
972 84.61538461538461 0.0
973 76.92307692307692 0.0
974 73.07692307692308 0.0
975 65.38461538461539 0.0
976 69.23076923076923 0.0
977 84.61538461538461 0.0
978 84.61538461538461 0.0
979 76.92307692307692 0.0
980 84.61538461538461 0.0
981 76.92307692307692 0.0
982 65.38461538461539 0.0
983 76.92307692307692 0.0
984 76.92307692307692 0.0
985 92.3076923076923 0.0
986 92.3076923076923 0.0
987 76.92307692307692 0.0
988 92.3076923076923 0.0
989 69.23076923076923 0.0
990 84.61538461538461 0.0
991 84.61538461538461 0.0
992 92.3076923076923 0.0
993 84.61538461538461 0.0
994 84.61538461538461 0.0
995 92.3076923076923 0.0
996 69.23076923076923 0.0
997 76.92307692307692 0.0
998 92.3076923076923 0.0
999 92.3076923076923 0.0
