#frame monomers_% popc_isolated_%
0 76.92307692307692 0.0
1 76.92307692307692 0.0
2 92.3076923076923 0.0
3 84.61538461538461 0.0
4 76.92307692307692 0.0
5 84.61538461538461 0.0
6 76.92307692307692 0.0
7 84.61538461538461 0.0
8 92.3076923076923 0.0
9 84.61538461538461 0.0
10 76.92307692307692 0.0
11 84.61538461538461 0.0
12 92.3076923076923 0.0
13 92.3076923076923 0.0
14 76.92307692307692 0.0
15 84.61538461538461 0.0
16 84.61538461538461 0.0
17 84.61538461538461 0.0
18 76.92307692307692 0.0
19 84.61538461538461 0.0
20 73.07692307692308 0.0
21 84.61538461538461 0.0
22 73.07692307692308 0.0
23 92.3076923076923 0.0
24 84.61538461538461 0.0
25 76.92307692307692 0.0
26 76.92307692307692 0.0
27 76.92307692307692 0.0
28 92.3076923076923 0.0
29 92.3076923076923 0.0
30 92.3076923076923 0.0
31 100.0 0.0
32 92.3076923076923 0.0
33 92.3076923076923 0.0
34 92.3076923076923 0.0
35 100.0 0.0
36 100.0 0.0
37 100.0 0.0
38 100.0 0.0
39 92.3076923076923 0.0
40 92.3076923076923 0.0
41 76.92307692307692 0.0
42 73.07692307692308 0.0
43 73.07692307692308 0.0
44 80.76923076923077 0.0
45 84.61538461538461 0.0
46 84.61538461538461 0.0
47 73.07692307692308 0.0
48 88.46153846153847 0.0
49 73.07692307692308 0.0
50 69.23076923076923 0.0
51 69.23076923076923 0.0
52 73.07692307692308 0.0
53 65.38461538461539 0.0
54 76.92307692307692 0.0
55 65.38461538461539 0.0
56 73.07692307692308 0.0
57 61.53846153846154 0.0
58 69.23076923076923 0.0
59 57.69230769230769 0.0
60 76.92307692307692 0.0
61 57.69230769230769 0.0
62 69.23076923076923 0.0
63 65.38461538461539 0.0
64 73.07692307692308 0.0
65 69.23076923076923 0.0
66 80.76923076923077 0.0
67 69.23076923076923 0.0
68 76.92307692307692 0.0
69 65.38461538461539 0.0
70 61.53846153846154 0.0
71 69.23076923076923 0.0
72 92.3076923076923 0.0
73 69.23076923076923 0.0
74 61.53846153846154 0.0
75 65.38461538461539 0.0
76 76.92307692307692 0.0
77 84.61538461538461 0.0
78 69.23076923076923 0.0
79 80.76923076923077 0.0
80 88.46153846153847 0.0
81 76.92307692307692 0.0
82 69.23076923076923 0.0
83 76.92307692307692 0.0
84 65.38461538461539 0.0
85 80.76923076923077 0.0
86 76.92307692307692 0.0
87 76.92307692307692 0.0
88 76.92307692307692 0.0
89 73.07692307692308 0.0
90 69.23076923076923 0.0
91 84.61538461538461 0.0
92 69.23076923076923 0.0
93 84.61538461538461 0.0
94 84.61538461538461 0.0
95 76.92307692307692 0.0
96 80.76923076923077 0.0
97 76.92307692307692 0.0
98 69.23076923076923 0.0
99 61.53846153846154 0.0
100 76.92307692307692 0.0
101 84.61538461538461 0.0
102 84.61538461538461 0.0
103 69.23076923076923 0.0
104 92.3076923076923 0.0
105 76.92307692307692 0.0
106 84.61538461538461 0.0
107 53.84615384615385 0.0
108 61.53846153846154 0.0
109 76.92307692307692 0.0
110 69.23076923076923 0.0
111 61.53846153846154 0.0
112 53.84615384615385 0.0
113 69.23076923076923 0.0
114 53.84615384615385 0.0
115 73.07692307692308 0.0
116 65.38461538461539 0.0
117 76.92307692307692 0.0
118 80.76923076923077 0.0
119 80.76923076923077 0.0
120 84.61538461538461 0.0
121 92.3076923076923 0.0
122 80.76923076923077 0.0
123 73.07692307692308 0.0
124 76.92307692307692 0.0
125 76.92307692307692 0.0
126 69.23076923076923 0.0
127 80.76923076923077 0.0
128 80.76923076923077 0.0
129 73.07692307692308 0.0
130 80.76923076923077 0.0
131 73.07692307692308 0.0
132 84.61538461538461 0.0
133 84.61538461538461 0.0
134 92.3076923076923 0.0
135 80.76923076923077 0.0
136 100.0 0.0
137 92.3076923076923 0.0
138 100.0 0.0
139 84.61538461538461 0.0
140 84.61538461538461 0.0
141 84.61538461538461 0.0
142 73.07692307692308 0.0
143 76.92307692307692 0.0
144 84.61538461538461 0.0
145 84.61538461538461 0.0
146 100.0 0.0
147 76.92307692307692 0.0
148 92.3076923076923 0.0
149 92.3076923076923 0.0
150 92.3076923076923 0.0
151 92.3076923076923 0.0
152 84.61538461538461 0.0
153 84.61538461538461 0.0
154 69.23076923076923 0.0
155 84.61538461538461 0.0
156 92.3076923076923 0.0
157 84.61538461538461 0.0
158 84.61538461538461 0.0
159 69.23076923076923 0.0
160 84.61538461538461 0.0
161 76.92307692307692 0.0
162 84.61538461538461 0.0
163 76.92307692307692 0.0
164 84.61538461538461 0.0
165 92.3076923076923 0.0
166 92.3076923076923 0.0
167 92.3076923076923 0.0
168 100.0 0.0
169 100.0 0.0
170 84.61538461538461 0.0
171 84.61538461538461 0.0
172 100.0 0.0
173 80.76923076923077 0.0
174 80.76923076923077 0.0
175 88.46153846153847 0.0
176 76.92307692307692 0.0
177 65.38461538461539 0.0
178 69.23076923076923 0.0
179 65.38461538461539 0.0
180 76.92307692307692 0.0
181 69.23076923076923 0.0
182 61.53846153846154 0.0
183 65.38461538461539 0.0
184 65.38461538461539 0.0
185 61.53846153846154 0.0
186 65.38461538461539 0.0
187 65.38461538461539 0.0
188 65.38461538461539 0.0
189 65.38461538461539 0.0
190 76.92307692307692 0.0
191 76.92307692307692 0.0
192 73.07692307692308 0.0
193 69.23076923076923 0.0
194 69.23076923076923 0.0
195 69.23076923076923 0.0
196 76.92307692307692 0.0
197 76.92307692307692 0.0
198 73.07692307692308 0.0
199 73.07692307692308 0.0
200 80.76923076923077 0.0
201 73.07692307692308 0.0
202 69.23076923076923 0.0
203 73.07692307692308 0.0
204 65.38461538461539 0.0
205 61.53846153846154 0.0
206 61.53846153846154 0.0
207 61.53846153846154 0.0
208 53.84615384615385 0.0
209 61.53846153846154 0.0
210 57.69230769230769 0.0
211 76.92307692307692 0.0
212 76.92307692307692 0.0
213 61.53846153846154 0.0
214 73.07692307692308 0.0
215 73.07692307692308 0.0
216 84.61538461538461 0.0
217 65.38461538461539 0.0
218 61.53846153846154 0.0
219 69.23076923076923 0.0
220 65.38461538461539 0.0
221 73.07692307692308 0.0
222 76.92307692307692 0.0
223 69.23076923076923 0.0
224 61.53846153846154 0.0
225 76.92307692307692 0.0
226 73.07692307692308 0.0
227 76.92307692307692 0.0
228 76.92307692307692 0.0
229 76.92307692307692 0.0
230 76.92307692307692 0.0
231 69.23076923076923 0.0
232 84.61538461538461 0.0
233 84.61538461538461 0.0
234 92.3076923076923 0.0
235 84.61538461538461 0.0
236 84.61538461538461 0.0
237 84.61538461538461 0.0
238 76.92307692307692 0.0
239 84.61538461538461 0.0
240 84.61538461538461 0.0
241 69.23076923076923 0.0
242 76.92307692307692 0.0
243 57.69230769230769 0.0
244 69.23076923076923 0.0
245 76.92307692307692 0.0
246 84.61538461538461 0.0
247 92.3076923076923 0.0
248 92.3076923076923 0.0
249 76.92307692307692 0.0
250 92.3076923076923 0.0
251 76.92307692307692 0.0
252 80.76923076923077 0.0
253 76.92307692307692 0.0
254 73.07692307692308 0.0
255 69.23076923076923 0.0
256 69.23076923076923 0.0
257 69.23076923076923 0.0
258 69.23076923076923 0.0
259 76.92307692307692 0.0
260 69.23076923076923 0.0
261 73.07692307692308 0.0
262 69.23076923076923 0.0
263 69.23076923076923 0.0
264 69.23076923076923 0.0
265 76.92307692307692 0.0
266 69.23076923076923 0.0
267 76.92307692307692 0.0
268 76.92307692307692 0.0
269 57.69230769230769 0.0
270 65.38461538461539 0.0
271 69.23076923076923 0.0
272 69.23076923076923 0.0
273 76.92307692307692 0.0
274 76.92307692307692 0.0
275 69.23076923076923 0.0
276 76.92307692307692 0.0
277 69.23076923076923 0.0
278 69.23076923076923 0.0
279 69.23076923076923 0.0
280 92.3076923076923 0.0
281 92.3076923076923 0.0
282 84.61538461538461 0.0
283 76.92307692307692 0.0
284 69.23076923076923 0.0
285 69.23076923076923 0.0
286 69.23076923076923 0.0
287 73.07692307692308 0.0
288 73.07692307692308 0.0
289 76.92307692307692 0.0
290 69.23076923076923 0.0
291 84.61538461538461 0.0
292 76.92307692307692 0.0
293 76.92307692307692 0.0
294 69.23076923076923 0.0
295 76.92307692307692 0.0
296 76.92307692307692 0.0
297 69.23076923076923 0.0
298 65.38461538461539 0.0
299 76.92307692307692 0.0
300 69.23076923076923 0.0
301 61.53846153846154 0.0
302 76.92307692307692 0.0
303 76.92307692307692 0.0
304 84.61538461538461 0.0
305 80.76923076923077 0.0
306 69.23076923076923 0.0
307 61.53846153846154 0.0
308 61.53846153846154 0.0
309 65.38461538461539 0.0
310 61.53846153846154 0.0
311 50.0 0.0
312 53.84615384615385 0.0
313 50.0 0.0
314 65.38461538461539 0.0
315 65.38461538461539 0.0
316 69.23076923076923 0.0
317 69.23076923076923 0.0
318 69.23076923076923 0.0
319 69.23076923076923 0.0
320 50.0 0.0
321 84.61538461538461 0.0
322 76.92307692307692 0.0
323 73.07692307692308 0.0
324 80.76923076923077 0.0
325 76.92307692307692 0.0
326 76.92307692307692 0.0
327 69.23076923076923 0.0
328 61.53846153846154 0.0
329 57.69230769230769 0.0
330 53.84615384615385 0.0
331 65.38461538461539 0.0
332 76.92307692307692 0.0
333 76.92307692307692 0.0
334 61.53846153846154 0.0
335 61.53846153846154 0.0
336 69.23076923076923 0.0
337 53.84615384615385 0.0
338 57.69230769230769 0.0
339 65.38461538461539 0.0
340 61.53846153846154 0.0
341 65.38461538461539 0.0
342 65.38461538461539 0.0
343 84.61538461538461 0.0
344 73.07692307692308 0.0
345 65.38461538461539 0.0
346 80.76923076923077 0.0
347 84.61538461538461 0.0
348 69.23076923076923 0.0
349 69.23076923076923 0.0
350 73.07692307692308 0.0
351 73.07692307692308 0.0
352 76.92307692307692 0.0
353 80.76923076923077 0.0
354 80.76923076923077 0.0
355 76.92307692307692 0.0
356 61.53846153846154 0.0
357 69.23076923076923 0.0
358 65.38461538461539 0.0
359 61.53846153846154 0.0
360 61.53846153846154 0.0
361 69.23076923076923 0.0
362 73.07692307692308 0.0
363 84.61538461538461 0.0
364 84.61538461538461 0.0
365 69.23076923076923 0.0
366 76.92307692307692 0.0
367 69.23076923076923 0.0
368 73.07692307692308 0.0
369 57.69230769230769 0.0
370 69.23076923076923 0.0
371 73.07692307692308 0.0
372 69.23076923076923 0.0
373 69.23076923076923 0.0
374 61.53846153846154 0.0
375 65.38461538461539 0.0
376 57.69230769230769 0.0
377 57.69230769230769 0.0
378 57.69230769230769 0.0
379 61.53846153846154 0.0
380 84.61538461538461 0.0
381 76.92307692307692 0.0
382 73.07692307692308 0.0
383 73.07692307692308 0.0
384 80.76923076923077 0.0
385 57.69230769230769 0.0
386 57.69230769230769 0.0
387 84.61538461538461 0.0
388 69.23076923076923 0.0
389 73.07692307692308 0.0
390 80.76923076923077 0.0
391 73.07692307692308 0.0
392 80.76923076923077 0.0
393 80.76923076923077 0.0
394 92.3076923076923 0.0
395 92.3076923076923 0.0
396 80.76923076923077 0.0
397 92.3076923076923 0.0
398 84.61538461538461 0.0
399 69.23076923076923 0.0
400 84.61538461538461 0.0
401 84.61538461538461 0.0
402 69.23076923076923 0.0
403 76.92307692307692 0.0
404 69.23076923076923 0.0
405 61.53846153846154 0.0
406 61.53846153846154 0.0
407 69.23076923076923 0.0
408 65.38461538461539 0.0
409 69.23076923076923 0.0
410 50.0 0.0
411 61.53846153846154 0.0
412 69.23076923076923 0.0
413 57.69230769230769 0.0
414 69.23076923076923 0.0
415 69.23076923076923 0.0
416 69.23076923076923 0.0
417 61.53846153846154 0.0
418 73.07692307692308 0.0
419 73.07692307692308 0.0
420 73.07692307692308 0.0
421 73.07692307692308 0.0
422 65.38461538461539 0.0
423 73.07692307692308 0.0
424 80.76923076923077 0.0
425 73.07692307692308 0.0
426 69.23076923076923 0.0
427 73.07692307692308 0.0
428 76.92307692307692 0.0
429 76.92307692307692 0.0
430 69.23076923076923 0.0
431 84.61538461538461 0.0
432 84.61538461538461 0.0
433 84.61538461538461 0.0
434 84.61538461538461 0.0
435 84.61538461538461 0.0
436 76.92307692307692 0.0
437 76.92307692307692 0.0
438 65.38461538461539 0.0
439 65.38461538461539 0.0
440 84.61538461538461 0.0
441 84.61538461538461 0.0
442 65.38461538461539 0.0
443 65.38461538461539 0.0
444 80.76923076923077 0.0
445 73.07692307692308 0.0
446 84.61538461538461 0.0
447 76.92307692307692 0.0
448 84.61538461538461 0.0
449 84.61538461538461 0.0
450 84.61538461538461 0.0
451 69.23076923076923 0.0
452 76.92307692307692 0.0
453 69.23076923076923 0.0
454 76.92307692307692 0.0
455 76.92307692307692 0.0
456 84.61538461538461 0.0
457 76.92307692307692 0.0
458 76.92307692307692 0.0
459 76.92307692307692 0.0
460 84.61538461538461 0.0
461 84.61538461538461 0.0
462 76.92307692307692 0.0
463 65.38461538461539 0.0
464 46.15384615384615 0.0
465 46.15384615384615 0.0
466 53.84615384615385 0.0
467 65.38461538461539 0.0
468 53.84615384615385 0.0
469 53.84615384615385 0.0
470 57.69230769230769 0.0
471 57.69230769230769 0.0
472 57.69230769230769 0.0
473 53.84615384615385 0.0
474 61.53846153846154 0.0
475 76.92307692307692 0.0
476 84.61538461538461 0.0
477 76.92307692307692 0.0
478 76.92307692307692 0.0
479 76.92307692307692 0.0
480 61.53846153846154 0.0
481 73.07692307692308 0.0
482 69.23076923076923 0.0
483 76.92307692307692 0.0
484 50.0 0.0
485 61.53846153846154 0.0
486 69.23076923076923 0.0
487 46.15384615384615 0.0
488 53.84615384615385 0.0
489 50.0 0.0
490 50.0 0.0
491 65.38461538461539 0.0
492 61.53846153846154 0.0
493 61.53846153846154 0.0
494 65.38461538461539 0.0
495 61.53846153846154 0.0
496 57.69230769230769 0.0
497 50.0 0.0
498 42.30769230769231 0.0
499 57.69230769230769 0.0
500 46.15384615384615 0.0
501 50.0 0.0
502 50.0 0.0
503 61.53846153846154 0.0
504 69.23076923076923 0.0
505 61.53846153846154 0.0
506 65.38461538461539 0.0
507 65.38461538461539 0.0
508 61.53846153846154 0.0
509 84.61538461538461 0.0
510 76.92307692307692 0.0
511 69.23076923076923 0.0
512 76.92307692307692 0.0
513 76.92307692307692 0.0
514 69.23076923076923 0.0
515 69.23076923076923 0.0
516 61.53846153846154 0.0
517 84.61538461538461 0.0
518 69.23076923076923 0.0
519 69.23076923076923 0.0
520 76.92307692307692 0.0
521 76.92307692307692 0.0
522 65.38461538461539 0.0
523 69.23076923076923 0.0
524 73.07692307692308 0.0
525 76.92307692307692 0.0
526 73.07692307692308 0.0
527 73.07692307692308 0.0
528 73.07692307692308 0.0
529 65.38461538461539 0.0
530 76.92307692307692 0.0
531 84.61538461538461 0.0
532 76.92307692307692 0.0
533 69.23076923076923 0.0
534 53.84615384615385 0.0
535 61.53846153846154 0.0
536 57.69230769230769 0.0
537 65.38461538461539 0.0
538 61.53846153846154 0.0
539 61.53846153846154 0.0
540 84.61538461538461 0.0
541 73.07692307692308 0.0
542 84.61538461538461 0.0
543 69.23076923076923 0.0
544 84.61538461538461 0.0
545 69.23076923076923 0.0
546 76.92307692307692 0.0
547 53.84615384615385 0.0
548 53.84615384615385 0.0
549 57.69230769230769 0.0
550 53.84615384615385 0.0
551 61.53846153846154 0.0
552 46.15384615384615 0.0
553 69.23076923076923 0.0
554 76.92307692307692 0.0
555 84.61538461538461 0.0
556 76.92307692307692 0.0
557 61.53846153846154 0.0
558 57.69230769230769 0.0
559 57.69230769230769 0.0
560 73.07692307692308 0.0
561 76.92307692307692 0.0
562 76.92307692307692 0.0
563 76.92307692307692 0.0
564 61.53846153846154 0.0
565 76.92307692307692 0.0
566 76.92307692307692 0.0
567 69.23076923076923 0.0
568 73.07692307692308 0.0
569 76.92307692307692 0.0
570 84.61538461538461 0.0
571 84.61538461538461 0.0
572 61.53846153846154 0.0
573 69.23076923076923 0.0
574 69.23076923076923 0.0
575 76.92307692307692 0.0
576 76.92307692307692 0.0
577 69.23076923076923 0.0
578 61.53846153846154 0.0
579 65.38461538461539 0.0
580 69.23076923076923 0.0
581 76.92307692307692 0.0
582 76.92307692307692 0.0
583 69.23076923076923 0.0
584 61.53846153846154 0.0
585 76.92307692307692 0.0
586 76.92307692307692 0.0
587 61.53846153846154 0.0
588 61.53846153846154 0.0
589 61.53846153846154 0.0
590 69.23076923076923 0.0
591 61.53846153846154 0.0
592 69.23076923076923 0.0
593 61.53846153846154 0.0
594 46.15384615384615 0.0
595 53.84615384615385 0.0
596 61.53846153846154 0.0
597 53.84615384615385 0.0
598 53.84615384615385 0.0
599 61.53846153846154 0.0
600 61.53846153846154 0.0
601 69.23076923076923 0.0
602 69.23076923076923 0.0
603 76.92307692307692 0.0
604 69.23076923076923 0.0
605 69.23076923076923 0.0
606 76.92307692307692 0.0
607 61.53846153846154 0.0
608 61.53846153846154 0.0
609 61.53846153846154 0.0
610 53.84615384615385 0.0
611 76.92307692307692 0.0
612 69.23076923076923 0.0
613 69.23076923076923 0.0
614 69.23076923076923 0.0
615 61.53846153846154 0.0
616 61.53846153846154 0.0
617 69.23076923076923 0.0
618 69.23076923076923 0.0
619 69.23076923076923 0.0
620 69.23076923076923 0.0
621 76.92307692307692 0.0
622 69.23076923076923 0.0
623 50.0 0.0
624 50.0 0.0
625 50.0 0.0
626 46.15384615384615 0.0
627 46.15384615384615 0.0
628 61.53846153846154 0.0
629 53.84615384615385 0.0
630 61.53846153846154 0.0
631 61.53846153846154 0.0
632 46.15384615384615 0.0
633 61.53846153846154 0.0
634 53.84615384615385 0.0
635 61.53846153846154 0.0
636 57.69230769230769 0.0
637 69.23076923076923 0.0
638 65.38461538461539 0.0
639 50.0 0.0
640 69.23076923076923 0.0
641 69.23076923076923 0.0
642 76.92307692307692 0.0
643 69.23076923076923 0.0
644 69.23076923076923 0.0
645 61.53846153846154 0.0
646 69.23076923076923 0.0
647 65.38461538461539 0.0
648 76.92307692307692 0.0
649 84.61538461538461 0.0
650 84.61538461538461 0.0
651 76.92307692307692 0.0
652 76.92307692307692 0.0
653 76.92307692307692 0.0
654 69.23076923076923 0.0
655 69.23076923076923 0.0
656 69.23076923076923 0.0
657 57.69230769230769 0.0
658 69.23076923076923 0.0
659 61.53846153846154 0.0
660 69.23076923076923 0.0
661 69.23076923076923 0.0
662 69.23076923076923 0.0
663 69.23076923076923 0.0
664 76.92307692307692 0.0
665 61.53846153846154 0.0
666 53.84615384615385 0.0
667 65.38461538461539 0.0
668 57.69230769230769 0.0
669 57.69230769230769 0.0
670 57.69230769230769 0.0
671 61.53846153846154 0.0
672 65.38461538461539 0.0
673 73.07692307692308 0.0
674 61.53846153846154 0.0
675 73.07692307692308 0.0
676 65.38461538461539 0.0
677 57.69230769230769 0.0
678 69.23076923076923 0.0
679 76.92307692307692 0.0
680 76.92307692307692 0.0
681 76.92307692307692 0.0
682 57.69230769230769 0.0
683 53.84615384615385 0.0
684 61.53846153846154 0.0
685 61.53846153846154 0.0
686 69.23076923076923 0.0
687 61.53846153846154 0.0
688 61.53846153846154 0.0
689 69.23076923076923 0.0
690 69.23076923076923 0.0
691 76.92307692307692 0.0
692 69.23076923076923 0.0
693 61.53846153846154 0.0
694 61.53846153846154 0.0
695 65.38461538461539 0.0
696 53.84615384615385 0.0
697 53.84615384615385 0.0
698 46.15384615384615 0.0
699 46.15384615384615 0.0
700 57.69230769230769 0.0
701 61.53846153846154 0.0
702 53.84615384615385 0.0
703 61.53846153846154 0.0
704 73.07692307692308 0.0
705 69.23076923076923 0.0
706 69.23076923076923 0.0
707 69.23076923076923 0.0
708 76.92307692307692 0.0
709 61.53846153846154 0.0
710 84.61538461538461 0.0
711 61.53846153846154 0.0
712 61.53846153846154 0.0
713 53.84615384615385 0.0
714 61.53846153846154 0.0
715 61.53846153846154 0.0
716 53.84615384615385 0.0
717 61.53846153846154 0.0
718 61.53846153846154 0.0
719 61.53846153846154 0.0
720 69.23076923076923 0.0
721 76.92307692307692 0.0
722 69.23076923076923 0.0
723 76.92307692307692 0.0
724 69.23076923076923 0.0
725 76.92307692307692 0.0
726 76.92307692307692 0.0
727 76.92307692307692 0.0
728 76.92307692307692 0.0
729 73.07692307692308 0.0
730 69.23076923076923 0.0
731 76.92307692307692 0.0
732 84.61538461538461 0.0
733 61.53846153846154 0.0
734 84.61538461538461 0.0
735 76.92307692307692 0.0
736 73.07692307692308 0.0
737 69.23076923076923 0.0
738 53.84615384615385 0.0
739 65.38461538461539 0.0
740 65.38461538461539 0.0
741 53.84615384615385 0.0
742 61.53846153846154 0.0
743 53.84615384615385 0.0
744 65.38461538461539 0.0
745 69.23076923076923 0.0
746 69.23076923076923 0.0
747 76.92307692307692 0.0
748 69.23076923076923 0.0
749 73.07692307692308 0.0
750 80.76923076923077 0.0
751 80.76923076923077 0.0
752 73.07692307692308 0.0
753 61.53846153846154 0.0
754 73.07692307692308 0.0
755 76.92307692307692 0.0
756 65.38461538461539 0.0
757 53.84615384615385 0.0
758 80.76923076923077 0.0
759 69.23076923076923 0.0
760 61.53846153846154 0.0
761 76.92307692307692 0.0
762 76.92307692307692 0.0
763 69.23076923076923 0.0
764 69.23076923076923 0.0
765 76.92307692307692 0.0
766 69.23076923076923 0.0
767 61.53846153846154 0.0
768 69.23076923076923 0.0
769 61.53846153846154 0.0
770 53.84615384615385 0.0
771 61.53846153846154 0.0
772 61.53846153846154 0.0
773 61.53846153846154 0.0
774 69.23076923076923 0.0
775 69.23076923076923 0.0
776 61.53846153846154 0.0
777 76.92307692307692 0.0
778 73.07692307692308 0.0
779 69.23076923076923 0.0
780 92.3076923076923 0.0
781 84.61538461538461 0.0
782 92.3076923076923 0.0
783 92.3076923076923 0.0
784 65.38461538461539 0.0
785 69.23076923076923 0.0
786 65.38461538461539 0.0
787 69.23076923076923 0.0
788 84.61538461538461 0.0
789 84.61538461538461 0.0
790 80.76923076923077 0.0
791 69.23076923076923 0.0
792 69.23076923076923 0.0
793 84.61538461538461 0.0
794 80.76923076923077 0.0
795 69.23076923076923 0.0
796 76.92307692307692 0.0
797 61.53846153846154 0.0
798 61.53846153846154 0.0
799 69.23076923076923 0.0
800 69.23076923076923 0.0
801 69.23076923076923 0.0
802 61.53846153846154 0.0
803 76.92307692307692 0.0
804 76.92307692307692 0.0
805 76.92307692307692 0.0
806 69.23076923076923 0.0
807 65.38461538461539 0.0
808 80.76923076923077 0.0
809 84.61538461538461 0.0
810 76.92307692307692 0.0
811 84.61538461538461 0.0
812 84.61538461538461 0.0
813 76.92307692307692 0.0
814 92.3076923076923 0.0
815 84.61538461538461 0.0
816 76.92307692307692 0.0
817 84.61538461538461 0.0
818 76.92307692307692 0.0
819 84.61538461538461 0.0
820 69.23076923076923 0.0
821 84.61538461538461 0.0
822 84.61538461538461 0.0
823 84.61538461538461 0.0
824 84.61538461538461 0.0
825 84.61538461538461 0.0
826 84.61538461538461 0.0
827 92.3076923076923 0.0
828 92.3076923076923 0.0
829 92.3076923076923 0.0
830 84.61538461538461 0.0
831 84.61538461538461 0.0
832 84.61538461538461 0.0
833 92.3076923076923 0.0
834 92.3076923076923 0.0
835 76.92307692307692 0.0
836 92.3076923076923 0.0
837 92.3076923076923 0.0
838 84.61538461538461 0.0
839 84.61538461538461 0.0
840 76.92307692307692 0.0
841 84.61538461538461 0.0
842 76.92307692307692 0.0
843 84.61538461538461 0.0
844 84.61538461538461 0.0
845 76.92307692307692 0.0
846 84.61538461538461 0.0
847 69.23076923076923 0.0
848 69.23076923076923 0.0
849 76.92307692307692 0.0
850 84.61538461538461 0.0
851 92.3076923076923 0.0
852 76.92307692307692 0.0
853 76.92307692307692 0.0
854 76.92307692307692 0.0
855 76.92307692307692 0.0
856 84.61538461538461 0.0
857 84.61538461538461 0.0
858 73.07692307692308 0.0
859 76.92307692307692 0.0
860 84.61538461538461 0.0
861 76.92307692307692 0.0
862 61.53846153846154 0.0
863 69.23076923076923 0.0
864 57.69230769230769 0.0
865 69.23076923076923 0.0
866 69.23076923076923 0.0
867 76.92307692307692 0.0
868 76.92307692307692 0.0
869 76.92307692307692 0.0
870 76.92307692307692 0.0
871 61.53846153846154 0.0
872 69.23076923076923 0.0
873 61.53846153846154 0.0
874 57.69230769230769 0.0
875 50.0 0.0
876 76.92307692307692 0.0
877 69.23076923076923 0.0
878 69.23076923076923 0.0
879 69.23076923076923 0.0
880 69.23076923076923 0.0
881 73.07692307692308 0.0
882 65.38461538461539 0.0
883 65.38461538461539 0.0
884 73.07692307692308 0.0
885 73.07692307692308 0.0
886 57.69230769230769 0.0
887 73.07692307692308 0.0
888 65.38461538461539 0.0
889 76.92307692307692 0.0
890 69.23076923076923 0.0
891 76.92307692307692 0.0
892 76.92307692307692 0.0
893 61.53846153846154 0.0
894 69.23076923076923 0.0
895 61.53846153846154 0.0
896 53.84615384615385 0.0
897 69.23076923076923 0.0
898 76.92307692307692 0.0
899 65.38461538461539 0.0
900 69.23076923076923 0.0
901 69.23076923076923 0.0
902 69.23076923076923 0.0
903 84.61538461538461 0.0
904 84.61538461538461 0.0
905 69.23076923076923 0.0
906 61.53846153846154 0.0
907 69.23076923076923 0.0
908 84.61538461538461 0.0
909 84.61538461538461 0.0
910 61.53846153846154 0.0
911 61.53846153846154 0.0
912 69.23076923076923 0.0
913 69.23076923076923 0.0
914 61.53846153846154 0.0
915 69.23076923076923 0.0
916 69.23076923076923 0.0
917 69.23076923076923 0.0
918 69.23076923076923 0.0
919 61.53846153846154 0.0
920 76.92307692307692 0.0
921 69.23076923076923 0.0
922 73.07692307692308 0.0
923 69.23076923076923 0.0
924 57.69230769230769 0.0
925 61.53846153846154 0.0
926 53.84615384615385 0.0
927 53.84615384615385 0.0
928 57.69230769230769 0.0
929 50.0 0.0
930 57.69230769230769 0.0
931 65.38461538461539 0.0
932 61.53846153846154 0.0
933 69.23076923076923 0.0
934 61.53846153846154 0.0
935 69.23076923076923 0.0
936 57.69230769230769 0.0
937 61.53846153846154 0.0
938 61.53846153846154 0.0
939 69.23076923076923 0.0
940 76.92307692307692 0.0
941 69.23076923076923 0.0
942 65.38461538461539 0.0
943 53.84615384615385 0.0
944 57.69230769230769 0.0
945 61.53846153846154 0.0
946 65.38461538461539 0.0
947 69.23076923076923 0.0
948 65.38461538461539 0.0
949 65.38461538461539 0.0
950 73.07692307692308 0.0
951 76.92307692307692 0.0
952 73.07692307692308 0.0
953 80.76923076923077 0.0
954 80.76923076923077 0.0
955 80.76923076923077 0.0
956 80.76923076923077 0.0
957 80.76923076923077 0.0
958 73.07692307692308 0.0
959 76.92307692307692 0.0
960 65.38461538461539 0.0
961 76.92307692307692 0.0
962 73.07692307692308 0.0
963 73.07692307692308 0.0
964 76.92307692307692 0.0
965 84.61538461538461 0.0
966 76.92307692307692 0.0
967 84.61538461538461 0.0
968 84.61538461538461 0.0
969 84.61538461538461 0.0
970 76.92307692307692 0.0
971 73.07692307692308 0.0
972 73.07692307692308 0.0
973 65.38461538461539 0.0
974 57.69230769230769 0.0
975 53.84615384615385 0.0
976 57.69230769230769 0.0
977 61.53846153846154 0.0
978 65.38461538461539 0.0
979 65.38461538461539 0.0
980 57.69230769230769 0.0
981 57.69230769230769 0.0
982 69.23076923076923 0.0
983 73.07692307692308 0.0
984 65.38461538461539 0.0
985 65.38461538461539 0.0
986 69.23076923076923 0.0
987 69.23076923076923 0.0
988 80.76923076923077 0.0
989 73.07692307692308 0.0
990 76.92307692307692 0.0
991 84.61538461538461 0.0
992 76.92307692307692 0.0
993 76.92307692307692 0.0
994 69.23076923076923 0.0
995 76.92307692307692 0.0
996 76.92307692307692 0.0
997 61.53846153846154 0.0
998 69.23076923076923 0.0
999 65.38461538461539 0.0
