#frame monomers_% popc_isolated_%
0 92.3076923076923 0.0
1 92.3076923076923 0.0
2 92.3076923076923 0.0
3 92.3076923076923 0.0
4 92.3076923076923 0.0
5 92.3076923076923 0.0
6 92.3076923076923 0.0
7 92.3076923076923 0.0
8 92.3076923076923 0.0
9 92.3076923076923 0.0
10 92.3076923076923 0.0
11 84.61538461538461 0.0
12 92.3076923076923 0.0
13 84.61538461538461 0.0
14 84.61538461538461 0.0
15 92.3076923076923 0.0
16 92.3076923076923 0.0
17 92.3076923076923 0.0
18 84.61538461538461 0.0
19 92.3076923076923 0.0
20 92.3076923076923 0.0
21 84.61538461538461 0.0
22 84.61538461538461 0.0
23 84.61538461538461 0.0
24 84.61538461538461 0.0
25 84.61538461538461 0.0
26 80.76923076923077 0.0
27 88.46153846153847 0.0
28 84.61538461538461 0.0
29 84.61538461538461 0.0
30 84.61538461538461 0.0
31 76.92307692307692 0.0
32 84.61538461538461 0.0
33 92.3076923076923 0.0
34 92.3076923076923 0.0
35 92.3076923076923 0.0
36 92.3076923076923 0.0
37 92.3076923076923 0.0
38 92.3076923076923 0.0
39 92.3076923076923 0.0
40 80.76923076923077 0.0
41 100.0 0.0
42 100.0 0.0
43 84.61538461538461 0.0
44 92.3076923076923 0.0
45 92.3076923076923 0.0
46 88.46153846153847 0.0
47 92.3076923076923 0.0
48 92.3076923076923 0.0
49 92.3076923076923 0.0
50 92.3076923076923 0.0
51 76.92307692307692 0.0
52 80.76923076923077 0.0
53 92.3076923076923 0.0
54 92.3076923076923 0.0
55 92.3076923076923 0.0
56 92.3076923076923 0.0
57 92.3076923076923 0.0
58 92.3076923076923 0.0
59 92.3076923076923 0.0
60 92.3076923076923 0.0
61 80.76923076923077 0.0
62 88.46153846153847 0.0
63 73.07692307692308 0.0
64 80.76923076923077 0.0
65 92.3076923076923 0.0
66 84.61538461538461 0.0
67 92.3076923076923 0.0
68 92.3076923076923 0.0
69 92.3076923076923 0.0
70 84.61538461538461 0.0
71 92.3076923076923 0.0
72 80.76923076923077 0.0
73 88.46153846153847 0.0
74 92.3076923076923 0.0
75 84.61538461538461 0.0
76 76.92307692307692 0.0
77 84.61538461538461 0.0
78 84.61538461538461 0.0
79 84.61538461538461 0.0
80 65.38461538461539 0.0
81 69.23076923076923 0.0
82 84.61538461538461 0.0
83 84.61538461538461 0.0
84 92.3076923076923 0.0
85 84.61538461538461 0.0
86 84.61538461538461 0.0
87 84.61538461538461 0.0
88 84.61538461538461 0.0
89 84.61538461538461 0.0
90 84.61538461538461 0.0
91 80.76923076923077 0.0
92 92.3076923076923 0.0
93 100.0 0.0
94 100.0 0.0
95 92.3076923076923 0.0
96 92.3076923076923 0.0
97 92.3076923076923 0.0
98 92.3076923076923 0.0
99 92.3076923076923 0.0
100 84.61538461538461 0.0
101 84.61538461538461 0.0
102 84.61538461538461 0.0
103 92.3076923076923 0.0
104 92.3076923076923 0.0
105 84.61538461538461 0.0
106 92.3076923076923 0.0
107 84.61538461538461 0.0
108 84.61538461538461 0.0
109 84.61538461538461 0.0
110 84.61538461538461 0.0
111 84.61538461538461 0.0
112 80.76923076923077 0.0
113 88.46153846153847 0.0
114 76.92307692307692 0.0
115 76.92307692307692 0.0
116 84.61538461538461 0.0
117 80.76923076923077 0.0
118 88.46153846153847 0.0
119 88.46153846153847 0.0
120 88.46153846153847 0.0
121 92.3076923076923 0.0
122 92.3076923076923 0.0
123 92.3076923076923 0.0
124 92.3076923076923 0.0
125 92.3076923076923 0.0
126 73.07692307692308 0.0
127 84.61538461538461 0.0
128 84.61538461538461 0.0
129 84.61538461538461 0.0
130 84.61538461538461 0.0
131 84.61538461538461 0.0
132 76.92307692307692 0.0
133 92.3076923076923 0.0
134 92.3076923076923 0.0
135 84.61538461538461 0.0
136 84.61538461538461 0.0
137 92.3076923076923 0.0
138 92.3076923076923 0.0
139 92.3076923076923 0.0
140 73.07692307692308 0.0
141 69.23076923076923 0.0
142 69.23076923076923 0.0
143 69.23076923076923 0.0
144 69.23076923076923 0.0
145 61.53846153846154 0.0
146 76.92307692307692 0.0
147 69.23076923076923 0.0
148 69.23076923076923 0.0
149 69.23076923076923 0.0
150 69.23076923076923 0.0
151 69.23076923076923 0.0
152 69.23076923076923 0.0
153 69.23076923076923 0.0
154 61.53846153846154 0.0
155 69.23076923076923 0.0
156 73.07692307692308 0.0
157 69.23076923076923 0.0
158 69.23076923076923 0.0
159 73.07692307692308 0.0
160 84.61538461538461 0.0
161 69.23076923076923 0.0
162 80.76923076923077 0.0
163 73.07692307692308 0.0
164 73.07692307692308 0.0
165 84.61538461538461 0.0
166 73.07692307692308 0.0
167 92.3076923076923 0.0
168 80.76923076923077 0.0
169 76.92307692307692 0.0
170 73.07692307692308 0.0
171 84.61538461538461 0.0
172 92.3076923076923 0.0
173 84.61538461538461 0.0
174 84.61538461538461 0.0
175 84.61538461538461 0.0
176 92.3076923076923 0.0
177 92.3076923076923 0.0
178 80.76923076923077 0.0
179 84.61538461538461 0.0
180 84.61538461538461 0.0
181 73.07692307692308 0.0
182 84.61538461538461 0.0
183 84.61538461538461 0.0
184 76.92307692307692 0.0
185 76.92307692307692 0.0
186 76.92307692307692 0.0
187 80.76923076923077 0.0
188 80.76923076923077 0.0
189 80.76923076923077 0.0
190 80.76923076923077 0.0
191 80.76923076923077 0.0
192 84.61538461538461 0.0
193 88.46153846153847 0.0
194 92.3076923076923 0.0
195 100.0 0.0
196 84.61538461538461 0.0
197 84.61538461538461 0.0
198 92.3076923076923 0.0
199 84.61538461538461 0.0
200 84.61538461538461 0.0
201 88.46153846153847 0.0
202 88.46153846153847 0.0
203 84.61538461538461 0.0
204 84.61538461538461 0.0
205 84.61538461538461 0.0
206 92.3076923076923 0.0
207 92.3076923076923 0.0
208 92.3076923076923 0.0
209 92.3076923076923 0.0
210 92.3076923076923 0.0
211 92.3076923076923 0.0
212 92.3076923076923 0.0
213 92.3076923076923 0.0
214 92.3076923076923 0.0
215 84.61538461538461 0.0
216 84.61538461538461 0.0
217 84.61538461538461 0.0
218 88.46153846153847 0.0
219 80.76923076923077 0.0
220 73.07692307692308 0.0
221 76.92307692307692 0.0
222 76.92307692307692 0.0
223 92.3076923076923 0.0
224 84.61538461538461 0.0
225 84.61538461538461 0.0
226 84.61538461538461 0.0
227 92.3076923076923 0.0
228 84.61538461538461 0.0
229 84.61538461538461 0.0
230 84.61538461538461 0.0
231 76.92307692307692 0.0
232 65.38461538461539 0.0
233 76.92307692307692 0.0
234 76.92307692307692 0.0
235 84.61538461538461 0.0
236 84.61538461538461 0.0
237 84.61538461538461 0.0
238 84.61538461538461 0.0
239 76.92307692307692 0.0
240 76.92307692307692 0.0
241 84.61538461538461 0.0
242 76.92307692307692 0.0
243 84.61538461538461 0.0
244 80.76923076923077 0.0
245 69.23076923076923 0.0
246 76.92307692307692 0.0
247 69.23076923076923 0.0
248 69.23076923076923 0.0
249 69.23076923076923 0.0
250 84.61538461538461 0.0
251 100.0 0.0
252 84.61538461538461 0.0
253 92.3076923076923 0.0
254 100.0 0.0
255 100.0 0.0
256 92.3076923076923 0.0
257 100.0 0.0
258 92.3076923076923 0.0
259 92.3076923076923 0.0
260 84.61538461538461 0.0
261 100.0 0.0
262 84.61538461538461 0.0
263 92.3076923076923 0.0
264 84.61538461538461 0.0
265 92.3076923076923 0.0
266 92.3076923076923 0.0
267 84.61538461538461 0.0
268 84.61538461538461 0.0
269 84.61538461538461 0.0
270 84.61538461538461 0.0
271 84.61538461538461 0.0
272 84.61538461538461 0.0
273 84.61538461538461 0.0
274 76.92307692307692 0.0
275 76.92307692307692 0.0
276 84.61538461538461 0.0
277 84.61538461538461 0.0
278 69.23076923076923 0.0
279 84.61538461538461 0.0
280 76.92307692307692 0.0
281 76.92307692307692 0.0
282 76.92307692307692 0.0
283 84.61538461538461 0.0
284 76.92307692307692 0.0
285 61.53846153846154 0.0
286 92.3076923076923 0.0
287 76.92307692307692 0.0
288 76.92307692307692 0.0
289 84.61538461538461 0.0
290 84.61538461538461 0.0
291 84.61538461538461 0.0
292 92.3076923076923 0.0
293 92.3076923076923 0.0
294 100.0 0.0
295 92.3076923076923 0.0
296 84.61538461538461 0.0
297 84.61538461538461 0.0
298 84.61538461538461 0.0
299 84.61538461538461 0.0
300 84.61538461538461 0.0
301 88.46153846153847 0.0
302 100.0 0.0
303 84.61538461538461 0.0
304 84.61538461538461 0.0
305 92.3076923076923 0.0
306 84.61538461538461 0.0
307 73.07692307692308 0.0
308 80.76923076923077 0.0
309 84.61538461538461 0.0
310 84.61538461538461 0.0
311 76.92307692307692 0.0
312 76.92307692307692 0.0
313 76.92307692307692 0.0
314 80.76923076923077 0.0
315 84.61538461538461 0.0
316 84.61538461538461 0.0
317 84.61538461538461 0.0
318 73.07692307692308 0.0
319 76.92307692307692 0.0
320 65.38461538461539 0.0
321 69.23076923076923 0.0
322 65.38461538461539 0.0
323 73.07692307692308 0.0
324 65.38461538461539 0.0
325 69.23076923076923 0.0
326 65.38461538461539 0.0
327 73.07692307692308 0.0
328 80.76923076923077 0.0
329 73.07692307692308 0.0
330 80.76923076923077 0.0
331 80.76923076923077 0.0
332 80.76923076923077 0.0
333 76.92307692307692 0.0
334 84.61538461538461 0.0
335 73.07692307692308 0.0
336 76.92307692307692 0.0
337 76.92307692307692 0.0
338 84.61538461538461 0.0
339 92.3076923076923 0.0
340 92.3076923076923 0.0
341 92.3076923076923 0.0
342 92.3076923076923 0.0
343 84.61538461538461 0.0
344 84.61538461538461 0.0
345 76.92307692307692 0.0
346 73.07692307692308 0.0
347 69.23076923076923 0.0
348 84.61538461538461 0.0
349 84.61538461538461 0.0
350 88.46153846153847 0.0
351 84.61538461538461 0.0
352 84.61538461538461 0.0
353 92.3076923076923 0.0
354 84.61538461538461 0.0
355 80.76923076923077 0.0
356 76.92307692307692 0.0
357 73.07692307692308 0.0
358 88.46153846153847 0.0
359 73.07692307692308 0.0
360 73.07692307692308 0.0
361 80.76923076923077 0.0
362 73.07692307692308 0.0
363 76.92307692307692 0.0
364 73.07692307692308 0.0
365 69.23076923076923 0.0
366 65.38461538461539 0.0
367 76.92307692307692 0.0
368 76.92307692307692 0.0
369 80.76923076923077 0.0
370 100.0 0.0
371 84.61538461538461 0.0
372 61.53846153846154 0.0
373 61.53846153846154 0.0
374 73.07692307692308 0.0
375 76.92307692307692 0.0
376 69.23076923076923 0.0
377 65.38461538461539 0.0
378 73.07692307692308 0.0
379 76.92307692307692 0.0
380 76.92307692307692 0.0
381 76.92307692307692 0.0
382 84.61538461538461 0.0
383 76.92307692307692 0.0
384 92.3076923076923 0.0
385 92.3076923076923 0.0
386 84.61538461538461 0.0
387 76.92307692307692 0.0
388 92.3076923076923 0.0
389 65.38461538461539 0.0
390 76.92307692307692 0.0
391 76.92307692307692 0.0
392 84.61538461538461 0.0
393 65.38461538461539 0.0
394 65.38461538461539 0.0
395 65.38461538461539 0.0
396 80.76923076923077 0.0
397 76.92307692307692 0.0
398 88.46153846153847 0.0
399 73.07692307692308 0.0
400 73.07692307692308 0.0
401 80.76923076923077 0.0
402 73.07692307692308 0.0
403 84.61538461538461 0.0
404 73.07692307692308 0.0
405 100.0 0.0
406 84.61538461538461 0.0
407 84.61538461538461 0.0
408 92.3076923076923 0.0
409 69.23076923076923 0.0
410 69.23076923076923 0.0
411 84.61538461538461 0.0
412 76.92307692307692 0.0
413 76.92307692307692 0.0
414 80.76923076923077 0.0
415 84.61538461538461 0.0
416 84.61538461538461 0.0
417 76.92307692307692 0.0
418 61.53846153846154 0.0
419 61.53846153846154 0.0
420 76.92307692307692 0.0
421 69.23076923076923 0.0
422 69.23076923076923 0.0
423 76.92307692307692 0.0
424 69.23076923076923 0.0
425 84.61538461538461 0.0
426 92.3076923076923 0.0
427 84.61538461538461 0.0
428 84.61538461538461 0.0
429 84.61538461538461 0.0
430 88.46153846153847 0.0
431 92.3076923076923 0.0
432 92.3076923076923 0.0
433 76.92307692307692 0.0
434 80.76923076923077 0.0
435 84.61538461538461 0.0
436 92.3076923076923 0.0
437 100.0 0.0
438 84.61538461538461 0.0
439 84.61538461538461 0.0
440 65.38461538461539 0.0
441 76.92307692307692 0.0
442 92.3076923076923 0.0
443 92.3076923076923 0.0
444 100.0 0.0
445 92.3076923076923 0.0
446 92.3076923076923 0.0
447 84.61538461538461 0.0
448 92.3076923076923 0.0
449 92.3076923076923 0.0
450 92.3076923076923 0.0
451 92.3076923076923 0.0
452 76.92307692307692 0.0
453 84.61538461538461 0.0
454 73.07692307692308 0.0
455 61.53846153846154 0.0
456 61.53846153846154 0.0
457 73.07692307692308 0.0
458 65.38461538461539 0.0
459 65.38461538461539 0.0
460 57.69230769230769 0.0
461 69.23076923076923 0.0
462 80.76923076923077 0.0
463 73.07692307692308 0.0
464 61.53846153846154 0.0
465 65.38461538461539 0.0
466 76.92307692307692 0.0
467 69.23076923076923 0.0
468 73.07692307692308 0.0
469 76.92307692307692 0.0
470 84.61538461538461 0.0
471 84.61538461538461 0.0
472 84.61538461538461 0.0
473 73.07692307692308 0.0
474 73.07692307692308 0.0
475 76.92307692307692 0.0
476 84.61538461538461 0.0
477 92.3076923076923 0.0
478 92.3076923076923 0.0
479 76.92307692307692 0.0
480 92.3076923076923 0.0
481 84.61538461538461 0.0
482 84.61538461538461 0.0
483 92.3076923076923 0.0
484 84.61538461538461 0.0
485 84.61538461538461 0.0
486 84.61538461538461 0.0
487 92.3076923076923 0.0
488 84.61538461538461 0.0
489 92.3076923076923 0.0
490 92.3076923076923 0.0
491 92.3076923076923 0.0
492 100.0 0.0
493 100.0 0.0
494 92.3076923076923 0.0
495 92.3076923076923 0.0
496 100.0 0.0
497 100.0 0.0
498 92.3076923076923 0.0
499 84.61538461538461 0.0
500 80.76923076923077 0.0
501 73.07692307692308 0.0
502 88.46153846153847 0.0
503 92.3076923076923 0.0
504 80.76923076923077 0.0
505 92.3076923076923 0.0
506 84.61538461538461 0.0
507 84.61538461538461 0.0
508 84.61538461538461 0.0
509 73.07692307692308 0.0
510 84.61538461538461 0.0
511 76.92307692307692 0.0
512 73.07692307692308 0.0
513 73.07692307692308 0.0
514 73.07692307692308 0.0
515 80.76923076923077 0.0
516 92.3076923076923 0.0
517 92.3076923076923 0.0
518 84.61538461538461 0.0
519 73.07692307692308 0.0
520 76.92307692307692 0.0
521 92.3076923076923 0.0
522 100.0 0.0
523 100.0 0.0
524 100.0 0.0
525 100.0 0.0
526 92.3076923076923 0.0
527 80.76923076923077 0.0
528 92.3076923076923 0.0
529 88.46153846153847 0.0
530 84.61538461538461 0.0
531 84.61538461538461 0.0
532 92.3076923076923 0.0
533 92.3076923076923 0.0
534 100.0 0.0
535 84.61538461538461 0.0
536 84.61538461538461 0.0
537 84.61538461538461 0.0
538 76.92307692307692 0.0
539 76.92307692307692 0.0
540 76.92307692307692 0.0
541 80.76923076923077 0.0
542 76.92307692307692 0.0
543 76.92307692307692 0.0
544 84.61538461538461 0.0
545 84.61538461538461 0.0
546 92.3076923076923 0.0
547 92.3076923076923 0.0
548 88.46153846153847 0.0
549 100.0 0.0
550 100.0 0.0
551 100.0 0.0
552 100.0 0.0
553 88.46153846153847 0.0
554 84.61538461538461 0.0
555 100.0 0.0
556 100.0 0.0
557 92.3076923076923 0.0
558 80.76923076923077 0.0
559 92.3076923076923 0.0
560 92.3076923076923 0.0
561 92.3076923076923 0.0
562 92.3076923076923 0.0
563 92.3076923076923 0.0
564 92.3076923076923 0.0
565 92.3076923076923 0.0
566 84.61538461538461 0.0
567 92.3076923076923 0.0
568 92.3076923076923 0.0
569 92.3076923076923 0.0
570 84.61538461538461 0.0
571 88.46153846153847 0.0
572 92.3076923076923 0.0
573 84.61538461538461 0.0
574 80.76923076923077 0.0
575 76.92307692307692 0.0
576 92.3076923076923 0.0
577 92.3076923076923 0.0
578 84.61538461538461 0.0
579 84.61538461538461 0.0
580 84.61538461538461 0.0
581 80.76923076923077 0.0
582 84.61538461538461 0.0
583 100.0 0.0
584 100.0 0.0
585 92.3076923076923 0.0
586 76.92307692307692 0.0
587 92.3076923076923 0.0
588 100.0 0.0
589 84.61538461538461 0.0
590 92.3076923076923 0.0
591 92.3076923076923 0.0
592 100.0 0.0
593 92.3076923076923 0.0
594 92.3076923076923 0.0
595 92.3076923076923 0.0
596 100.0 0.0
597 100.0 0.0
598 84.61538461538461 0.0
599 92.3076923076923 0.0
600 100.0 0.0
601 92.3076923076923 0.0
602 100.0 0.0
603 100.0 0.0
604 100.0 0.0
605 100.0 0.0
606 100.0 0.0
607 92.3076923076923 0.0
608 92.3076923076923 0.0
609 92.3076923076923 0.0
610 84.61538461538461 0.0
611 84.61538461538461 0.0
612 92.3076923076923 0.0
613 92.3076923076923 0.0
614 84.61538461538461 0.0
615 84.61538461538461 0.0
616 92.3076923076923 0.0
617 92.3076923076923 0.0
618 92.3076923076923 0.0
619 92.3076923076923 0.0
620 92.3076923076923 0.0
621 100.0 0.0
622 100.0 0.0
623 92.3076923076923 0.0
624 92.3076923076923 0.0
625 92.3076923076923 0.0
626 84.61538461538461 0.0
627 84.61538461538461 0.0
628 76.92307692307692 0.0
629 76.92307692307692 0.0
630 84.61538461538461 0.0
631 84.61538461538461 0.0
632 92.3076923076923 0.0
633 92.3076923076923 0.0
634 92.3076923076923 0.0
635 92.3076923076923 0.0
636 76.92307692307692 0.0
637 92.3076923076923 0.0
638 92.3076923076923 0.0
639 92.3076923076923 0.0
640 92.3076923076923 0.0
641 92.3076923076923 0.0
642 100.0 0.0
643 100.0 0.0
644 100.0 0.0
645 100.0 0.0
646 92.3076923076923 0.0
647 84.61538461538461 0.0
648 92.3076923076923 0.0
649 92.3076923076923 0.0
650 100.0 0.0
651 100.0 0.0
652 100.0 0.0
653 92.3076923076923 0.0
654 92.3076923076923 0.0
655 92.3076923076923 0.0
656 92.3076923076923 0.0
657 100.0 0.0
658 92.3076923076923 0.0
659 84.61538461538461 0.0
660 76.92307692307692 0.0
661 84.61538461538461 0.0
662 80.76923076923077 0.0
663 84.61538461538461 0.0
664 84.61538461538461 0.0
665 84.61538461538461 0.0
666 92.3076923076923 0.0
667 92.3076923076923 0.0
668 92.3076923076923 0.0
669 100.0 0.0
670 100.0 0.0
671 100.0 0.0
672 100.0 0.0
673 92.3076923076923 0.0
674 84.61538461538461 0.0
675 84.61538461538461 0.0
676 92.3076923076923 0.0
677 92.3076923076923 0.0
678 84.61538461538461 0.0
679 92.3076923076923 0.0
680 84.61538461538461 0.0
681 92.3076923076923 0.0
682 80.76923076923077 0.0
683 80.76923076923077 0.0
684 80.76923076923077 0.0
685 80.76923076923077 0.0
686 84.61538461538461 0.0
687 84.61538461538461 0.0
688 84.61538461538461 0.0
689 92.3076923076923 0.0
690 84.61538461538461 0.0
691 92.3076923076923 0.0
692 92.3076923076923 0.0
693 100.0 0.0
694 92.3076923076923 0.0
695 92.3076923076923 0.0
696 84.61538461538461 0.0
697 100.0 0.0
698 100.0 0.0
699 100.0 0.0
700 92.3076923076923 0.0
701 88.46153846153847 0.0
702 76.92307692307692 0.0
703 88.46153846153847 0.0
704 88.46153846153847 0.0
705 84.61538461538461 0.0
706 84.61538461538461 0.0
707 100.0 0.0
708 80.76923076923077 0.0
709 84.61538461538461 0.0
710 76.92307692307692 0.0
711 69.23076923076923 0.0
712 69.23076923076923 0.0
713 76.92307692307692 0.0
714 84.61538461538461 0.0
715 92.3076923076923 0.0
716 84.61538461538461 0.0
717 76.92307692307692 0.0
718 76.92307692307692 0.0
719 76.92307692307692 0.0
720 84.61538461538461 0.0
721 84.61538461538461 0.0
722 76.92307692307692 0.0
723 76.92307692307692 0.0
724 69.23076923076923 0.0
725 69.23076923076923 0.0
726 76.92307692307692 0.0
727 69.23076923076923 0.0
728 61.53846153846154 0.0
729 61.53846153846154 0.0
730 76.92307692307692 0.0
731 76.92307692307692 0.0
732 76.92307692307692 0.0
733 65.38461538461539 0.0
734 61.53846153846154 0.0
735 61.53846153846154 0.0
736 73.07692307692308 0.0
737 65.38461538461539 0.0
738 61.53846153846154 0.0
739 61.53846153846154 0.0
740 73.07692307692308 0.0
741 76.92307692307692 0.0
742 69.23076923076923 0.0
743 69.23076923076923 0.0
744 76.92307692307692 0.0
745 76.92307692307692 0.0
746 80.76923076923077 0.0
747 84.61538461538461 0.0
748 84.61538461538461 0.0
749 76.92307692307692 0.0
750 69.23076923076923 0.0
751 76.92307692307692 0.0
752 73.07692307692308 0.0
753 61.53846153846154 0.0
754 69.23076923076923 0.0
755 65.38461538461539 0.0
756 65.38461538461539 0.0
757 73.07692307692308 0.0
758 73.07692307692308 0.0
759 73.07692307692308 0.0
760 69.23076923076923 0.0
761 65.38461538461539 0.0
762 76.92307692307692 0.0
763 84.61538461538461 0.0
764 76.92307692307692 0.0
765 76.92307692307692 0.0
766 76.92307692307692 0.0
767 76.92307692307692 0.0
768 76.92307692307692 0.0
769 69.23076923076923 0.0
770 76.92307692307692 0.0
771 61.53846153846154 0.0
772 76.92307692307692 0.0
773 76.92307692307692 0.0
774 84.61538461538461 0.0
775 76.92307692307692 0.0
776 84.61538461538461 0.0
777 84.61538461538461 0.0
778 69.23076923076923 0.0
779 69.23076923076923 0.0
780 76.92307692307692 0.0
781 76.92307692307692 0.0
782 84.61538461538461 0.0
783 61.53846153846154 0.0
784 76.92307692307692 0.0
785 76.92307692307692 0.0
786 76.92307692307692 0.0
787 61.53846153846154 0.0
788 65.38461538461539 0.0
789 65.38461538461539 0.0
790 69.23076923076923 0.0
791 61.53846153846154 0.0
792 65.38461538461539 0.0
793 69.23076923076923 0.0
794 76.92307692307692 0.0
795 69.23076923076923 0.0
796 76.92307692307692 0.0
797 76.92307692307692 0.0
798 76.92307692307692 0.0
799 69.23076923076923 0.0
800 92.3076923076923 0.0
801 80.76923076923077 0.0
802 92.3076923076923 0.0
803 76.92307692307692 0.0
804 84.61538461538461 0.0
805 92.3076923076923 0.0
806 76.92307692307692 0.0
807 69.23076923076923 0.0
808 61.53846153846154 0.0
809 76.92307692307692 0.0
810 76.92307692307692 0.0
811 69.23076923076923 0.0
812 76.92307692307692 0.0
813 69.23076923076923 0.0
814 69.23076923076923 0.0
815 69.23076923076923 0.0
816 69.23076923076923 0.0
817 69.23076923076923 0.0
818 61.53846153846154 0.0
819 61.53846153846154 0.0
820 69.23076923076923 0.0
821 76.92307692307692 0.0
822 84.61538461538461 0.0
823 76.92307692307692 0.0
824 84.61538461538461 0.0
825 84.61538461538461 0.0
826 92.3076923076923 0.0
827 84.61538461538461 0.0
828 76.92307692307692 0.0
829 76.92307692307692 0.0
830 73.07692307692308 0.0
831 84.61538461538461 0.0
832 84.61538461538461 0.0
833 76.92307692307692 0.0
834 69.23076923076923 0.0
835 69.23076923076923 0.0
836 76.92307692307692 0.0
837 65.38461538461539 0.0
838 69.23076923076923 0.0
839 73.07692307692308 0.0
840 92.3076923076923 0.0
841 84.61538461538461 0.0
842 80.76923076923077 0.0
843 80.76923076923077 0.0
844 80.76923076923077 0.0
845 80.76923076923077 0.0
846 73.07692307692308 0.0
847 65.38461538461539 0.0
848 57.69230769230769 0.0
849 76.92307692307692 0.0
850 69.23076923076923 0.0
851 76.92307692307692 0.0
852 69.23076923076923 0.0
853 61.53846153846154 0.0
854 73.07692307692308 0.0
855 69.23076923076923 0.0
856 61.53846153846154 0.0
857 73.07692307692308 0.0
858 65.38461538461539 0.0
859 80.76923076923077 0.0
860 76.92307692307692 0.0
861 73.07692307692308 0.0
862 84.61538461538461 0.0
863 76.92307692307692 0.0
864 84.61538461538461 0.0
865 84.61538461538461 0.0
866 84.61538461538461 0.0
867 76.92307692307692 0.0
868 76.92307692307692 0.0
869 84.61538461538461 0.0
870 69.23076923076923 0.0
871 76.92307692307692 0.0
872 76.92307692307692 0.0
873 76.92307692307692 0.0
874 92.3076923076923 0.0
875 92.3076923076923 0.0
876 84.61538461538461 0.0
877 92.3076923076923 0.0
878 84.61538461538461 0.0
879 84.61538461538461 0.0
880 84.61538461538461 0.0
881 100.0 0.0
882 92.3076923076923 0.0
883 84.61538461538461 0.0
884 65.38461538461539 0.0
885 65.38461538461539 0.0
886 65.38461538461539 0.0
887 69.23076923076923 0.0
888 65.38461538461539 0.0
889 76.92307692307692 0.0
890 57.69230769230769 0.0
891 65.38461538461539 0.0
892 69.23076923076923 0.0
893 69.23076923076923 0.0
894 53.84615384615385 0.0
895 61.53846153846154 0.0
896 76.92307692307692 0.0
897 80.76923076923077 0.0
898 57.69230769230769 0.0
899 50.0 0.0
900 61.53846153846154 0.0
901 76.92307692307692 0.0
902 76.92307692307692 0.0
903 61.53846153846154 0.0
904 73.07692307692308 0.0
905 69.23076923076923 0.0
906 69.23076923076923 0.0
907 76.92307692307692 0.0
908 76.92307692307692 0.0
909 69.23076923076923 0.0
910 84.61538461538461 0.0
911 76.92307692307692 0.0
912 84.61538461538461 0.0
913 61.53846153846154 0.0
914 69.23076923076923 0.0
915 69.23076923076923 0.0
916 69.23076923076923 0.0
917 69.23076923076923 0.0
918 69.23076923076923 0.0
919 61.53846153846154 0.0
920 61.53846153846154 0.0
921 61.53846153846154 0.0
922 65.38461538461539 0.0
923 57.69230769230769 0.0
924 61.53846153846154 0.0
925 65.38461538461539 0.0
926 69.23076923076923 0.0
927 69.23076923076923 0.0
928 61.53846153846154 0.0
929 61.53846153846154 0.0
930 61.53846153846154 0.0
931 69.23076923076923 0.0
932 61.53846153846154 0.0
933 61.53846153846154 0.0
934 76.92307692307692 0.0
935 76.92307692307692 0.0
936 76.92307692307692 0.0
937 84.61538461538461 0.0
938 76.92307692307692 0.0
939 84.61538461538461 0.0
940 76.92307692307692 0.0
941 76.92307692307692 0.0
942 76.92307692307692 0.0
943 84.61538461538461 0.0
944 84.61538461538461 0.0
945 69.23076923076923 0.0
946 76.92307692307692 0.0
947 84.61538461538461 0.0
948 92.3076923076923 0.0
949 92.3076923076923 0.0
950 92.3076923076923 0.0
951 92.3076923076923 0.0
952 92.3076923076923 0.0
953 92.3076923076923 0.0
954 92.3076923076923 0.0
955 92.3076923076923 0.0
956 92.3076923076923 0.0
957 80.76923076923077 0.0
958 84.61538461538461 0.0
959 84.61538461538461 0.0
960 100.0 0.0
961 92.3076923076923 0.0
962 92.3076923076923 0.0
963 84.61538461538461 0.0
964 92.3076923076923 0.0
965 84.61538461538461 0.0
966 100.0 0.0
967 92.3076923076923 0.0
968 100.0 0.0
969 92.3076923076923 0.0
970 84.61538461538461 0.0
971 84.61538461538461 0.0
972 92.3076923076923 0.0
973 92.3076923076923 0.0
974 84.61538461538461 0.0
975 76.92307692307692 0.0
976 76.92307692307692 0.0
977 73.07692307692308 0.0
978 73.07692307692308 0.0
979 73.07692307692308 0.0
980 53.84615384615385 0.0
981 69.23076923076923 0.0
982 76.92307692307692 0.0
983 61.53846153846154 0.0
984 69.23076923076923 0.0
985 76.92307692307692 0.0
986 84.61538461538461 0.0
987 69.23076923076923 0.0
988 84.61538461538461 0.0
989 57.69230769230769 0.0
990 73.07692307692308 0.0
991 69.23076923076923 0.0
992 76.92307692307692 0.0
993 69.23076923076923 0.0
994 69.23076923076923 0.0
995 65.38461538461539 0.0
996 61.53846153846154 0.0
997 53.84615384615385 0.0
998 65.38461538461539 0.0
999 65.38461538461539 0.0
