#frame monomers_% popc_isolated_%
0 76.92307692307692 0.0
1 80.76923076923077 0.0
2 84.61538461538461 0.0
3 100.0 0.0
4 92.3076923076923 0.0
5 92.3076923076923 0.0
6 92.3076923076923 0.0
7 92.3076923076923 0.0
8 92.3076923076923 0.0
9 84.61538461538461 0.0
10 92.3076923076923 0.0
11 92.3076923076923 0.0
12 92.3076923076923 0.0
13 92.3076923076923 0.0
14 76.92307692307692 0.0
15 92.3076923076923 0.0
16 92.3076923076923 0.0
17 84.61538461538461 0.0
18 84.61538461538461 0.0
19 92.3076923076923 0.0
20 84.61538461538461 0.0
21 84.61538461538461 0.0
22 84.61538461538461 0.0
23 92.3076923076923 0.0
24 92.3076923076923 0.0
25 100.0 0.0
26 100.0 0.0
27 84.61538461538461 0.0
28 100.0 0.0
29 100.0 0.0
30 92.3076923076923 0.0
31 100.0 0.0
32 88.46153846153847 0.0
33 88.46153846153847 0.0
34 92.3076923076923 0.0
35 92.3076923076923 0.0
36 100.0 0.0
37 92.3076923076923 0.0
38 92.3076923076923 0.0
39 84.61538461538461 0.0
40 80.76923076923077 0.0
41 73.07692307692308 0.0
42 80.76923076923077 0.0
43 80.76923076923077 0.0
44 76.92307692307692 0.0
45 80.76923076923077 0.0
46 76.92307692307692 0.0
47 76.92307692307692 0.0
48 92.3076923076923 0.0
49 88.46153846153847 0.0
50 84.61538461538461 0.0
51 92.3076923076923 0.0
52 69.23076923076923 0.0
53 76.92307692307692 0.0
54 76.92307692307692 0.0
55 84.61538461538461 0.0
56 69.23076923076923 0.0
57 73.07692307692308 0.0
58 73.07692307692308 0.0
59 69.23076923076923 0.0
60 92.3076923076923 0.0
61 73.07692307692308 0.0
62 80.76923076923077 0.0
63 84.61538461538461 0.0
64 73.07692307692308 0.0
65 73.07692307692308 0.0
66 65.38461538461539 0.0
67 80.76923076923077 0.0
68 84.61538461538461 0.0
69 84.61538461538461 0.0
70 100.0 0.0
71 92.3076923076923 0.0
72 92.3076923076923 0.0
73 100.0 0.0
74 100.0 0.0
75 100.0 0.0
76 100.0 0.0
77 100.0 0.0
78 100.0 0.0
79 100.0 0.0
80 84.61538461538461 0.0
81 69.23076923076923 0.0
82 84.61538461538461 0.0
83 100.0 0.0
84 92.3076923076923 0.0
85 92.3076923076923 0.0
86 92.3076923076923 0.0
87 84.61538461538461 0.0
88 84.61538461538461 0.0
89 92.3076923076923 0.0
90 92.3076923076923 0.0
91 100.0 0.0
92 92.3076923076923 0.0
93 92.3076923076923 0.0
94 84.61538461538461 0.0
95 100.0 0.0
96 100.0 0.0
97 88.46153846153847 0.0
98 84.61538461538461 0.0
99 92.3076923076923 0.0
100 100.0 0.0
101 84.61538461538461 0.0
102 80.76923076923077 0.0
103 73.07692307692308 0.0
104 76.92307692307692 0.0
105 84.61538461538461 0.0
106 61.53846153846154 0.0
107 69.23076923076923 0.0
108 84.61538461538461 0.0
109 76.92307692307692 0.0
110 65.38461538461539 0.0
111 65.38461538461539 0.0
112 73.07692307692308 0.0
113 73.07692307692308 0.0
114 76.92307692307692 0.0
115 69.23076923076923 0.0
116 73.07692307692308 0.0
117 76.92307692307692 0.0
118 76.92307692307692 0.0
119 80.76923076923077 0.0
120 69.23076923076923 0.0
121 73.07692307692308 0.0
122 61.53846153846154 0.0
123 73.07692307692308 0.0
124 84.61538461538461 0.0
125 76.92307692307692 0.0
126 73.07692307692308 0.0
127 84.61538461538461 0.0
128 84.61538461538461 0.0
129 84.61538461538461 0.0
130 84.61538461538461 0.0
131 100.0 0.0
132 76.92307692307692 0.0
133 84.61538461538461 0.0
134 76.92307692307692 0.0
135 92.3076923076923 0.0
136 69.23076923076923 0.0
137 76.92307692307692 0.0
138 69.23076923076923 0.0
139 65.38461538461539 0.0
140 84.61538461538461 0.0
141 100.0 0.0
142 92.3076923076923 0.0
143 84.61538461538461 0.0
144 84.61538461538461 0.0
145 76.92307692307692 0.0
146 73.07692307692308 0.0
147 76.92307692307692 0.0
148 84.61538461538461 0.0
149 69.23076923076923 0.0
150 69.23076923076923 0.0
151 76.92307692307692 0.0
152 69.23076923076923 0.0
153 69.23076923076923 0.0
154 69.23076923076923 0.0
155 69.23076923076923 0.0
156 76.92307692307692 0.0
157 76.92307692307692 0.0
158 76.92307692307692 0.0
159 84.61538461538461 0.0
160 76.92307692307692 0.0
161 76.92307692307692 0.0
162 84.61538461538461 0.0
163 84.61538461538461 0.0
164 76.92307692307692 0.0
165 84.61538461538461 0.0
166 65.38461538461539 0.0
167 84.61538461538461 0.0
168 76.92307692307692 0.0
169 80.76923076923077 0.0
170 76.92307692307692 0.0
171 76.92307692307692 0.0
172 69.23076923076923 0.0
173 61.53846153846154 0.0
174 76.92307692307692 0.0
175 61.53846153846154 0.0
176 69.23076923076923 0.0
177 76.92307692307692 0.0
178 53.84615384615385 0.0
179 69.23076923076923 0.0
180 69.23076923076923 0.0
181 69.23076923076923 0.0
182 84.61538461538461 0.0
183 76.92307692307692 0.0
184 76.92307692307692 0.0
185 84.61538461538461 0.0
186 92.3076923076923 0.0
187 76.92307692307692 0.0
188 84.61538461538461 0.0
189 84.61538461538461 0.0
190 76.92307692307692 0.0
191 100.0 0.0
192 76.92307692307692 0.0
193 76.92307692307692 0.0
194 73.07692307692308 0.0
195 73.07692307692308 0.0
196 84.61538461538461 0.0
197 100.0 0.0
198 84.61538461538461 0.0
199 76.92307692307692 0.0
200 84.61538461538461 0.0
201 92.3076923076923 0.0
202 76.92307692307692 0.0
203 69.23076923076923 0.0
204 69.23076923076923 0.0
205 84.61538461538461 0.0
206 84.61538461538461 0.0
207 84.61538461538461 0.0
208 76.92307692307692 0.0
209 69.23076923076923 0.0
210 61.53846153846154 0.0
211 73.07692307692308 0.0
212 84.61538461538461 0.0
213 73.07692307692308 0.0
214 73.07692307692308 0.0
215 84.61538461538461 0.0
216 76.92307692307692 0.0
217 84.61538461538461 0.0
218 84.61538461538461 0.0
219 76.92307692307692 0.0
220 73.07692307692308 0.0
221 69.23076923076923 0.0
222 76.92307692307692 0.0
223 76.92307692307692 0.0
224 76.92307692307692 0.0
225 84.61538461538461 0.0
226 69.23076923076923 0.0
227 80.76923076923077 0.0
228 92.3076923076923 0.0
229 76.92307692307692 0.0
230 84.61538461538461 0.0
231 76.92307692307692 0.0
232 84.61538461538461 0.0
233 84.61538461538461 0.0
234 84.61538461538461 0.0
235 76.92307692307692 0.0
236 84.61538461538461 0.0
237 69.23076923076923 0.0
238 84.61538461538461 0.0
239 84.61538461538461 0.0
240 76.92307692307692 0.0
241 76.92307692307692 0.0
242 76.92307692307692 0.0
243 76.92307692307692 0.0
244 76.92307692307692 0.0
245 92.3076923076923 0.0
246 84.61538461538461 0.0
247 84.61538461538461 0.0
248 76.92307692307692 0.0
249 61.53846153846154 0.0
250 69.23076923076923 0.0
251 84.61538461538461 0.0
252 84.61538461538461 0.0
253 61.53846153846154 0.0
254 57.69230769230769 0.0
255 53.84615384615385 0.0
256 50.0 0.0
257 53.84615384615385 0.0
258 69.23076923076923 0.0
259 84.61538461538461 0.0
260 61.53846153846154 0.0
261 69.23076923076923 0.0
262 61.53846153846154 0.0
263 65.38461538461539 0.0
264 61.53846153846154 0.0
265 65.38461538461539 0.0
266 65.38461538461539 0.0
267 69.23076923076923 0.0
268 69.23076923076923 0.0
269 69.23076923076923 0.0
270 69.23076923076923 0.0
271 53.84615384615385 0.0
272 61.53846153846154 0.0
273 61.53846153846154 0.0
274 61.53846153846154 0.0
275 76.92307692307692 0.0
276 76.92307692307692 0.0
277 80.76923076923077 0.0
278 69.23076923076923 0.0
279 69.23076923076923 0.0
280 69.23076923076923 0.0
281 61.53846153846154 0.0
282 61.53846153846154 0.0
283 69.23076923076923 0.0
284 76.92307692307692 0.0
285 76.92307692307692 0.0
286 76.92307692307692 0.0
287 61.53846153846154 0.0
288 76.92307692307692 0.0
289 84.61538461538461 0.0
290 92.3076923076923 0.0
291 84.61538461538461 0.0
292 84.61538461538461 0.0
293 92.3076923076923 0.0
294 76.92307692307692 0.0
295 76.92307692307692 0.0
296 76.92307692307692 0.0
297 84.61538461538461 0.0
298 73.07692307692308 0.0
299 84.61538461538461 0.0
300 69.23076923076923 0.0
301 61.53846153846154 0.0
302 73.07692307692308 0.0
303 69.23076923076923 0.0
304 73.07692307692308 0.0
305 69.23076923076923 0.0
306 65.38461538461539 0.0
307 84.61538461538461 0.0
308 80.76923076923077 0.0
309 92.3076923076923 0.0
310 69.23076923076923 0.0
311 69.23076923076923 0.0
312 76.92307692307692 0.0
313 69.23076923076923 0.0
314 69.23076923076923 0.0
315 69.23076923076923 0.0
316 76.92307692307692 0.0
317 69.23076923076923 0.0
318 84.61538461538461 0.0
319 61.53846153846154 0.0
320 69.23076923076923 0.0
321 84.61538461538461 0.0
322 65.38461538461539 0.0
323 76.92307692307692 0.0
324 92.3076923076923 0.0
325 92.3076923076923 0.0
326 80.76923076923077 0.0
327 73.07692307692308 0.0
328 84.61538461538461 0.0
329 69.23076923076923 0.0
330 69.23076923076923 0.0
331 69.23076923076923 0.0
332 65.38461538461539 0.0
333 73.07692307692308 0.0
334 65.38461538461539 0.0
335 65.38461538461539 0.0
336 76.92307692307692 0.0
337 69.23076923076923 0.0
338 84.61538461538461 0.0
339 69.23076923076923 0.0
340 69.23076923076923 0.0
341 73.07692307692308 0.0
342 73.07692307692308 0.0
343 84.61538461538461 0.0
344 84.61538461538461 0.0
345 84.61538461538461 0.0
346 76.92307692307692 0.0
347 84.61538461538461 0.0
348 73.07692307692308 0.0
349 92.3076923076923 0.0
350 92.3076923076923 0.0
351 84.61538461538461 0.0
352 76.92307692307692 0.0
353 84.61538461538461 0.0
354 84.61538461538461 0.0
355 76.92307692307692 0.0
356 76.92307692307692 0.0
357 84.61538461538461 0.0
358 76.92307692307692 0.0
359 76.92307692307692 0.0
360 76.92307692307692 0.0
361 76.92307692307692 0.0
362 84.61538461538461 0.0
363 76.92307692307692 0.0
364 76.92307692307692 0.0
365 76.92307692307692 0.0
366 69.23076923076923 0.0
367 69.23076923076923 0.0
368 65.38461538461539 0.0
369 69.23076923076923 0.0
370 69.23076923076923 0.0
371 61.53846153846154 0.0
372 61.53846153846154 0.0
373 50.0 0.0
374 69.23076923076923 0.0
375 53.84615384615385 0.0
376 76.92307692307692 0.0
377 73.07692307692308 0.0
378 76.92307692307692 0.0
379 69.23076923076923 0.0
380 69.23076923076923 0.0
381 76.92307692307692 0.0
382 84.61538461538461 0.0
383 80.76923076923077 0.0
384 65.38461538461539 0.0
385 84.61538461538461 0.0
386 76.92307692307692 0.0
387 84.61538461538461 0.0
388 76.92307692307692 0.0
389 76.92307692307692 0.0
390 84.61538461538461 0.0
391 84.61538461538461 0.0
392 73.07692307692308 0.0
393 76.92307692307692 0.0
394 65.38461538461539 0.0
395 65.38461538461539 0.0
396 69.23076923076923 0.0
397 69.23076923076923 0.0
398 53.84615384615385 0.0
399 53.84615384615385 0.0
400 69.23076923076923 0.0
401 80.76923076923077 0.0
402 76.92307692307692 0.0
403 73.07692307692308 0.0
404 76.92307692307692 0.0
405 92.3076923076923 0.0
406 84.61538461538461 0.0
407 61.53846153846154 0.0
408 69.23076923076923 0.0
409 69.23076923076923 0.0
410 61.53846153846154 0.0
411 65.38461538461539 0.0
412 46.15384615384615 0.0
413 69.23076923076923 0.0
414 76.92307692307692 0.0
415 92.3076923076923 0.0
416 69.23076923076923 0.0
417 69.23076923076923 0.0
418 61.53846153846154 0.0
419 76.92307692307692 0.0
420 76.92307692307692 0.0
421 76.92307692307692 0.0
422 80.76923076923077 0.0
423 57.69230769230769 0.0
424 84.61538461538461 0.0
425 92.3076923076923 0.0
426 84.61538461538461 0.0
427 84.61538461538461 0.0
428 80.76923076923077 0.0
429 92.3076923076923 0.0
430 76.92307692307692 0.0
431 80.76923076923077 0.0
432 76.92307692307692 0.0
433 73.07692307692308 0.0
434 100.0 0.0
435 100.0 0.0
436 92.3076923076923 0.0
437 92.3076923076923 0.0
438 92.3076923076923 0.0
439 100.0 0.0
440 100.0 0.0
441 92.3076923076923 0.0
442 92.3076923076923 0.0
443 92.3076923076923 0.0
444 100.0 0.0
445 100.0 0.0
446 92.3076923076923 0.0
447 92.3076923076923 0.0
448 92.3076923076923 0.0
449 88.46153846153847 0.0
450 88.46153846153847 0.0
451 76.92307692307692 0.0
452 88.46153846153847 0.0
453 73.07692307692308 0.0
454 73.07692307692308 0.0
455 73.07692307692308 0.0
456 80.76923076923077 0.0
457 80.76923076923077 0.0
458 80.76923076923077 0.0
459 80.76923076923077 0.0
460 84.61538461538461 0.0
461 76.92307692307692 0.0
462 73.07692307692308 0.0
463 76.92307692307692 0.0
464 84.61538461538461 0.0
465 65.38461538461539 0.0
466 65.38461538461539 0.0
467 76.92307692307692 0.0
468 73.07692307692308 0.0
469 80.76923076923077 0.0
470 69.23076923076923 0.0
471 65.38461538461539 0.0
472 73.07692307692308 0.0
473 73.07692307692308 0.0
474 84.61538461538461 0.0
475 69.23076923076923 0.0
476 69.23076923076923 0.0
477 84.61538461538461 0.0
478 84.61538461538461 0.0
479 84.61538461538461 0.0
480 92.3076923076923 0.0
481 84.61538461538461 0.0
482 84.61538461538461 0.0
483 92.3076923076923 0.0
484 92.3076923076923 0.0
485 84.61538461538461 0.0
486 92.3076923076923 0.0
487 92.3076923076923 0.0
488 92.3076923076923 0.0
489 84.61538461538461 0.0
490 76.92307692307692 0.0
491 84.61538461538461 0.0
492 69.23076923076923 0.0
493 65.38461538461539 0.0
494 73.07692307692308 0.0
495 76.92307692307692 0.0
496 69.23076923076923 0.0
497 69.23076923076923 0.0
498 61.53846153846154 0.0
499 61.53846153846154 0.0
500 69.23076923076923 0.0
501 84.61538461538461 0.0
502 76.92307692307692 0.0
503 73.07692307692308 0.0
504 76.92307692307692 0.0
505 92.3076923076923 0.0
506 84.61538461538461 0.0
507 92.3076923076923 0.0
508 100.0 0.0
509 100.0 0.0
510 92.3076923076923 0.0
511 92.3076923076923 0.0
512 92.3076923076923 0.0
513 92.3076923076923 0.0
514 92.3076923076923 0.0
515 100.0 0.0
516 100.0 0.0
517 92.3076923076923 0.0
518 92.3076923076923 0.0
519 100.0 0.0
520 100.0 0.0
521 92.3076923076923 0.0
522 92.3076923076923 0.0
523 84.61538461538461 0.0
524 76.92307692307692 0.0
525 69.23076923076923 0.0
526 92.3076923076923 0.0
527 80.76923076923077 0.0
528 92.3076923076923 0.0
529 92.3076923076923 0.0
530 92.3076923076923 0.0
531 92.3076923076923 0.0
532 84.61538461538461 0.0
533 84.61538461538461 0.0
534 84.61538461538461 0.0
535 84.61538461538461 0.0
536 92.3076923076923 0.0
537 88.46153846153847 0.0
538 92.3076923076923 0.0
539 92.3076923076923 0.0
540 92.3076923076923 0.0
541 92.3076923076923 0.0
542 84.61538461538461 0.0
543 84.61538461538461 0.0
544 92.3076923076923 0.0
545 84.61538461538461 0.0
546 84.61538461538461 0.0
547 73.07692307692308 0.0
548 73.07692307692308 0.0
549 73.07692307692308 0.0
550 80.76923076923077 0.0
551 73.07692307692308 0.0
552 80.76923076923077 0.0
553 65.38461538461539 0.0
554 84.61538461538461 0.0
555 84.61538461538461 0.0
556 84.61538461538461 0.0
557 76.92307692307692 0.0
558 76.92307692307692 0.0
559 69.23076923076923 0.0
560 76.92307692307692 0.0
561 84.61538461538461 0.0
562 84.61538461538461 0.0
563 92.3076923076923 0.0
564 92.3076923076923 0.0
565 84.61538461538461 0.0
566 92.3076923076923 0.0
567 84.61538461538461 0.0
568 76.92307692307692 0.0
569 61.53846153846154 0.0
570 76.92307692307692 0.0
571 84.61538461538461 0.0
572 76.92307692307692 0.0
573 69.23076923076923 0.0
574 69.23076923076923 0.0
575 73.07692307692308 0.0
576 69.23076923076923 0.0
577 76.92307692307692 0.0
578 69.23076923076923 0.0
579 69.23076923076923 0.0
580 65.38461538461539 0.0
581 61.53846153846154 0.0
582 69.23076923076923 0.0
583 84.61538461538461 0.0
584 76.92307692307692 0.0
585 69.23076923076923 0.0
586 76.92307692307692 0.0
587 69.23076923076923 0.0
588 84.61538461538461 0.0
589 76.92307692307692 0.0
590 84.61538461538461 0.0
591 84.61538461538461 0.0
592 84.61538461538461 0.0
593 76.92307692307692 0.0
594 69.23076923076923 0.0
595 69.23076923076923 0.0
596 61.53846153846154 0.0
597 69.23076923076923 0.0
598 69.23076923076923 0.0
599 84.61538461538461 0.0
600 84.61538461538461 0.0
601 92.3076923076923 0.0
602 92.3076923076923 0.0
603 76.92307692307692 0.0
604 76.92307692307692 0.0
605 84.61538461538461 0.0
606 84.61538461538461 0.0
607 92.3076923076923 0.0
608 92.3076923076923 0.0
609 84.61538461538461 0.0
610 92.3076923076923 0.0
611 76.92307692307692 0.0
612 76.92307692307692 0.0
613 84.61538461538461 0.0
614 69.23076923076923 0.0
615 84.61538461538461 0.0
616 84.61538461538461 0.0
617 69.23076923076923 0.0
618 84.61538461538461 0.0
619 80.76923076923077 0.0
620 80.76923076923077 0.0
621 73.07692307692308 0.0
622 73.07692307692308 0.0
623 73.07692307692308 0.0
624 76.92307692307692 0.0
625 80.76923076923077 0.0
626 84.61538461538461 0.0
627 84.61538461538461 0.0
628 84.61538461538461 0.0
629 92.3076923076923 0.0
630 92.3076923076923 0.0
631 92.3076923076923 0.0
632 84.61538461538461 0.0
633 92.3076923076923 0.0
634 84.61538461538461 0.0
635 84.61538461538461 0.0
636 84.61538461538461 0.0
637 92.3076923076923 0.0
638 84.61538461538461 0.0
639 84.61538461538461 0.0
640 76.92307692307692 0.0
641 84.61538461538461 0.0
642 84.61538461538461 0.0
643 61.53846153846154 0.0
644 65.38461538461539 0.0
645 65.38461538461539 0.0
646 73.07692307692308 0.0
647 76.92307692307692 0.0
648 65.38461538461539 0.0
649 73.07692307692308 0.0
650 73.07692307692308 0.0
651 84.61538461538461 0.0
652 76.92307692307692 0.0
653 84.61538461538461 0.0
654 84.61538461538461 0.0
655 80.76923076923077 0.0
656 80.76923076923077 0.0
657 84.61538461538461 0.0
658 92.3076923076923 0.0
659 76.92307692307692 0.0
660 84.61538461538461 0.0
661 61.53846153846154 0.0
662 76.92307692307692 0.0
663 92.3076923076923 0.0
664 92.3076923076923 0.0
665 84.61538461538461 0.0
666 92.3076923076923 0.0
667 84.61538461538461 0.0
668 92.3076923076923 0.0
669 76.92307692307692 0.0
670 73.07692307692308 0.0
671 73.07692307692308 0.0
672 76.92307692307692 0.0
673 84.61538461538461 0.0
674 76.92307692307692 0.0
675 80.76923076923077 0.0
676 80.76923076923077 0.0
677 88.46153846153847 0.0
678 84.61538461538461 0.0
679 84.61538461538461 0.0
680 84.61538461538461 0.0
681 84.61538461538461 0.0
682 92.3076923076923 0.0
683 92.3076923076923 0.0
684 84.61538461538461 0.0
685 76.92307692307692 0.0
686 84.61538461538461 0.0
687 73.07692307692308 0.0
688 100.0 0.0
689 73.07692307692308 0.0
690 84.61538461538461 0.0
691 80.76923076923077 0.0
692 84.61538461538461 0.0
693 84.61538461538461 0.0
694 84.61538461538461 0.0
695 92.3076923076923 0.0
696 92.3076923076923 0.0
697 92.3076923076923 0.0
698 80.76923076923077 0.0
699 100.0 0.0
700 92.3076923076923 0.0
701 88.46153846153847 0.0
702 92.3076923076923 0.0
703 88.46153846153847 0.0
704 80.76923076923077 0.0
705 88.46153846153847 0.0
706 80.76923076923077 0.0
707 100.0 0.0
708 92.3076923076923 0.0
709 100.0 0.0
710 92.3076923076923 0.0
711 92.3076923076923 0.0
712 84.61538461538461 0.0
713 84.61538461538461 0.0
714 80.76923076923077 0.0
715 80.76923076923077 0.0
716 84.61538461538461 0.0
717 84.61538461538461 0.0
718 76.92307692307692 0.0
719 76.92307692307692 0.0
720 61.53846153846154 0.0
721 76.92307692307692 0.0
722 69.23076923076923 0.0
723 61.53846153846154 0.0
724 76.92307692307692 0.0
725 76.92307692307692 0.0
726 65.38461538461539 0.0
727 65.38461538461539 0.0
728 57.69230769230769 0.0
729 69.23076923076923 0.0
730 69.23076923076923 0.0
731 53.84615384615385 0.0
732 73.07692307692308 0.0
733 65.38461538461539 0.0
734 76.92307692307692 0.0
735 92.3076923076923 0.0
736 92.3076923076923 0.0
737 84.61538461538461 0.0
738 76.92307692307692 0.0
739 84.61538461538461 0.0
740 65.38461538461539 0.0
741 88.46153846153847 0.0
742 80.76923076923077 0.0
743 88.46153846153847 0.0
744 80.76923076923077 0.0
745 73.07692307692308 0.0
746 76.92307692307692 0.0
747 76.92307692307692 0.0
748 80.76923076923077 0.0
749 73.07692307692308 0.0
750 80.76923076923077 0.0
751 84.61538461538461 0.0
752 76.92307692307692 0.0
753 84.61538461538461 0.0
754 84.61538461538461 0.0
755 76.92307692307692 0.0
756 69.23076923076923 0.0
757 84.61538461538461 0.0
758 76.92307692307692 0.0
759 92.3076923076923 0.0
760 92.3076923076923 0.0
761 92.3076923076923 0.0
762 88.46153846153847 0.0
763 80.76923076923077 0.0
764 80.76923076923077 0.0
765 76.92307692307692 0.0
766 80.76923076923077 0.0
767 80.76923076923077 0.0
768 80.76923076923077 0.0
769 80.76923076923077 0.0
770 84.61538461538461 0.0
771 73.07692307692308 0.0
772 80.76923076923077 0.0
773 76.92307692307692 0.0
774 84.61538461538461 0.0
775 84.61538461538461 0.0
776 73.07692307692308 0.0
777 80.76923076923077 0.0
778 69.23076923076923 0.0
779 69.23076923076923 0.0
780 73.07692307692308 0.0
781 65.38461538461539 0.0
782 65.38461538461539 0.0
783 76.92307692307692 0.0
784 73.07692307692308 0.0
785 80.76923076923077 0.0
786 80.76923076923077 0.0
787 84.61538461538461 0.0
788 84.61538461538461 0.0
789 84.61538461538461 0.0
790 80.76923076923077 0.0
791 73.07692307692308 0.0
792 80.76923076923077 0.0
793 80.76923076923077 0.0
794 80.76923076923077 0.0
795 80.76923076923077 0.0
796 65.38461538461539 0.0
797 73.07692307692308 0.0
798 65.38461538461539 0.0
799 73.07692307692308 0.0
800 65.38461538461539 0.0
801 65.38461538461539 0.0
802 69.23076923076923 0.0
803 69.23076923076923 0.0
804 73.07692307692308 0.0
805 84.61538461538461 0.0
806 73.07692307692308 0.0
807 73.07692307692308 0.0
808 73.07692307692308 0.0
809 73.07692307692308 0.0
810 65.38461538461539 0.0
811 73.07692307692308 0.0
812 73.07692307692308 0.0
813 76.92307692307692 0.0
814 76.92307692307692 0.0
815 80.76923076923077 0.0
816 84.61538461538461 0.0
817 80.76923076923077 0.0
818 73.07692307692308 0.0
819 76.92307692307692 0.0
820 76.92307692307692 0.0
821 76.92307692307692 0.0
822 69.23076923076923 0.0
823 69.23076923076923 0.0
824 69.23076923076923 0.0
825 69.23076923076923 0.0
826 76.92307692307692 0.0
827 76.92307692307692 0.0
828 76.92307692307692 0.0
829 80.76923076923077 0.0
830 84.61538461538461 0.0
831 84.61538461538461 0.0
832 61.53846153846154 0.0
833 61.53846153846154 0.0
834 69.23076923076923 0.0
835 76.92307692307692 0.0
836 69.23076923076923 0.0
837 84.61538461538461 0.0
838 84.61538461538461 0.0
839 84.61538461538461 0.0
840 76.92307692307692 0.0
841 92.3076923076923 0.0
842 69.23076923076923 0.0
843 92.3076923076923 0.0
844 84.61538461538461 0.0
845 92.3076923076923 0.0
846 92.3076923076923 0.0
847 84.61538461538461 0.0
848 69.23076923076923 0.0
849 84.61538461538461 0.0
850 92.3076923076923 0.0
851 84.61538461538461 0.0
852 92.3076923076923 0.0
853 76.92307692307692 0.0
854 84.61538461538461 0.0
855 92.3076923076923 0.0
856 100.0 0.0
857 84.61538461538461 0.0
858 76.92307692307692 0.0
859 100.0 0.0
860 84.61538461538461 0.0
861 84.61538461538461 0.0
862 84.61538461538461 0.0
863 92.3076923076923 0.0
864 92.3076923076923 0.0
865 92.3076923076923 0.0
866 76.92307692307692 0.0
867 100.0 0.0
868 100.0 0.0
869 92.3076923076923 0.0
870 84.61538461538461 0.0
871 84.61538461538461 0.0
872 76.92307692307692 0.0
873 100.0 0.0
874 88.46153846153847 0.0
875 88.46153846153847 0.0
876 92.3076923076923 0.0
877 92.3076923076923 0.0
878 88.46153846153847 0.0
879 84.61538461538461 0.0
880 92.3076923076923 0.0
881 84.61538461538461 0.0
882 92.3076923076923 0.0
883 92.3076923076923 0.0
884 100.0 0.0
885 92.3076923076923 0.0
886 100.0 0.0
887 100.0 0.0
888 100.0 0.0
889 100.0 0.0
890 92.3076923076923 0.0
891 92.3076923076923 0.0
892 84.61538461538461 0.0
893 88.46153846153847 0.0
894 92.3076923076923 0.0
895 84.61538461538461 0.0
896 80.76923076923077 0.0
897 50.0 0.0
898 69.23076923076923 0.0
899 61.53846153846154 0.0
900 65.38461538461539 0.0
901 57.69230769230769 0.0
902 57.69230769230769 0.0
903 50.0 0.0
904 57.69230769230769 0.0
905 57.69230769230769 0.0
906 50.0 0.0
907 69.23076923076923 0.0
908 69.23076923076923 0.0
909 84.61538461538461 0.0
910 76.92307692307692 0.0
911 69.23076923076923 0.0
912 69.23076923076923 0.0
913 69.23076923076923 0.0
914 76.92307692307692 0.0
915 76.92307692307692 0.0
916 73.07692307692308 0.0
917 76.92307692307692 0.0
918 61.53846153846154 0.0
919 61.53846153846154 0.0
920 84.61538461538461 0.0
921 61.53846153846154 0.0
922 57.69230769230769 0.0
923 84.61538461538461 0.0
924 69.23076923076923 0.0
925 69.23076923076923 0.0
926 69.23076923076923 0.0
927 76.92307692307692 0.0
928 69.23076923076923 0.0
929 57.69230769230769 0.0
930 65.38461538461539 0.0
931 65.38461538461539 0.0
932 69.23076923076923 0.0
933 76.92307692307692 0.0
934 76.92307692307692 0.0
935 76.92307692307692 0.0
936 76.92307692307692 0.0
937 76.92307692307692 0.0
938 84.61538461538461 0.0
939 80.76923076923077 0.0
940 84.61538461538461 0.0
941 92.3076923076923 0.0
942 84.61538461538461 0.0
943 92.3076923076923 0.0
944 92.3076923076923 0.0
945 84.61538461538461 0.0
946 84.61538461538461 0.0
947 84.61538461538461 0.0
948 76.92307692307692 0.0
949 84.61538461538461 0.0
950 92.3076923076923 0.0
951 76.92307692307692 0.0
952 84.61538461538461 0.0
953 92.3076923076923 0.0
954 84.61538461538461 0.0
955 76.92307692307692 0.0
956 84.61538461538461 0.0
957 76.92307692307692 0.0
958 76.92307692307692 0.0
959 76.92307692307692 0.0
960 76.92307692307692 0.0
961 76.92307692307692 0.0
962 76.92307692307692 0.0
963 69.23076923076923 0.0
964 69.23076923076923 0.0
965 76.92307692307692 0.0
966 76.92307692307692 0.0
967 76.92307692307692 0.0
968 76.92307692307692 0.0
969 100.0 0.0
970 92.3076923076923 0.0
971 84.61538461538461 0.0
972 92.3076923076923 0.0
973 84.61538461538461 0.0
974 84.61538461538461 0.0
975 76.92307692307692 0.0
976 84.61538461538461 0.0
977 92.3076923076923 0.0
978 76.92307692307692 0.0
979 84.61538461538461 0.0
980 69.23076923076923 0.0
981 73.07692307692308 0.0
982 84.61538461538461 0.0
983 76.92307692307692 0.0
984 76.92307692307692 0.0
985 84.61538461538461 0.0
986 84.61538461538461 0.0
987 92.3076923076923 0.0
988 76.92307692307692 0.0
989 76.92307692307692 0.0
990 73.07692307692308 0.0
991 84.61538461538461 0.0
992 100.0 0.0
993 92.3076923076923 0.0
994 92.3076923076923 0.0
995 84.61538461538461 0.0
996 76.92307692307692 0.0
997 76.92307692307692 0.0
998 84.61538461538461 0.0
999 84.61538461538461 0.0
