#frame monomers_% popc_isolated_%
0 80.76923076923077 0.0
1 65.38461538461539 0.0
2 73.07692307692308 0.0
3 73.07692307692308 0.0
4 69.23076923076923 0.0
5 61.53846153846154 0.0
6 76.92307692307692 0.0
7 76.92307692307692 0.0
8 69.23076923076923 0.0
9 76.92307692307692 0.0
10 84.61538461538461 0.0
11 84.61538461538461 0.0
12 76.92307692307692 0.0
13 84.61538461538461 0.0
14 84.61538461538461 0.0
15 84.61538461538461 0.0
16 50.0 0.0
17 76.92307692307692 0.0
18 69.23076923076923 0.0
19 76.92307692307692 0.0
20 69.23076923076923 0.0
21 69.23076923076923 0.0
22 69.23076923076923 0.0
23 65.38461538461539 0.0
24 80.76923076923077 0.0
25 73.07692307692308 0.0
26 80.76923076923077 0.0
27 80.76923076923077 0.0
28 76.92307692307692 0.0
29 69.23076923076923 0.0
30 76.92307692307692 0.0
31 53.84615384615385 0.0
32 69.23076923076923 0.0
33 69.23076923076923 0.0
34 76.92307692307692 0.0
35 69.23076923076923 0.0
36 61.53846153846154 0.0
37 61.53846153846154 0.0
38 69.23076923076923 0.0
39 76.92307692307692 0.0
40 84.61538461538461 0.0
41 76.92307692307692 0.0
42 69.23076923076923 0.0
43 69.23076923076923 0.0
44 73.07692307692308 0.0
45 73.07692307692308 0.0
46 76.92307692307692 0.0
47 69.23076923076923 0.0
48 76.92307692307692 0.0
49 76.92307692307692 0.0
50 76.92307692307692 0.0
51 76.92307692307692 0.0
52 76.92307692307692 0.0
53 84.61538461538461 0.0
54 84.61538461538461 0.0
55 76.92307692307692 0.0
56 73.07692307692308 0.0
57 84.61538461538461 0.0
58 84.61538461538461 0.0
59 76.92307692307692 0.0
60 69.23076923076923 0.0
61 76.92307692307692 0.0
62 76.92307692307692 0.0
63 69.23076923076923 0.0
64 69.23076923076923 0.0
65 73.07692307692308 0.0
66 80.76923076923077 0.0
67 80.76923076923077 0.0
68 73.07692307692308 0.0
69 76.92307692307692 0.0
70 73.07692307692308 0.0
71 69.23076923076923 0.0
72 73.07692307692308 0.0
73 69.23076923076923 0.0
74 76.92307692307692 0.0
75 76.92307692307692 0.0
76 84.61538461538461 0.0
77 76.92307692307692 0.0
78 69.23076923076923 0.0
79 84.61538461538461 0.0
80 84.61538461538461 0.0
81 65.38461538461539 0.0
82 76.92307692307692 0.0
83 73.07692307692308 0.0
84 76.92307692307692 0.0
85 61.53846153846154 0.0
86 76.92307692307692 0.0
87 65.38461538461539 0.0
88 57.69230769230769 0.0
89 76.92307692307692 0.0
90 76.92307692307692 0.0
91 73.07692307692308 0.0
92 92.3076923076923 0.0
93 73.07692307692308 0.0
94 73.07692307692308 0.0
95 65.38461538461539 0.0
96 69.23076923076923 0.0
97 84.61538461538461 0.0
98 80.76923076923077 0.0
99 92.3076923076923 0.0
100 84.61538461538461 0.0
101 76.92307692307692 0.0
102 84.61538461538461 0.0
103 84.61538461538461 0.0
104 92.3076923076923 0.0
105 76.92307692307692 0.0
106 84.61538461538461 0.0
107 80.76923076923077 0.0
108 84.61538461538461 0.0
109 92.3076923076923 0.0
110 92.3076923076923 0.0
111 92.3076923076923 0.0
112 84.61538461538461 0.0
113 92.3076923076923 0.0
114 76.92307692307692 0.0
115 92.3076923076923 0.0
116 84.61538461538461 0.0
117 84.61538461538461 0.0
118 73.07692307692308 0.0
119 92.3076923076923 0.0
120 84.61538461538461 0.0
121 92.3076923076923 0.0
122 92.3076923076923 0.0
123 84.61538461538461 0.0
124 84.61538461538461 0.0
125 76.92307692307692 0.0
126 65.38461538461539 0.0
127 80.76923076923077 0.0
128 65.38461538461539 0.0
129 76.92307692307692 0.0
130 69.23076923076923 0.0
131 76.92307692307692 0.0
132 76.92307692307692 0.0
133 92.3076923076923 0.0
134 84.61538461538461 0.0
135 84.61538461538461 0.0
136 84.61538461538461 0.0
137 76.92307692307692 0.0
138 73.07692307692308 0.0
139 73.07692307692308 0.0
140 76.92307692307692 0.0
141 80.76923076923077 0.0
142 80.76923076923077 0.0
143 73.07692307692308 0.0
144 84.61538461538461 0.0
145 84.61538461538461 0.0
146 84.61538461538461 0.0
147 92.3076923076923 0.0
148 84.61538461538461 0.0
149 84.61538461538461 0.0
150 92.3076923076923 0.0
151 84.61538461538461 0.0
152 84.61538461538461 0.0
153 76.92307692307692 0.0
154 76.92307692307692 0.0
155 76.92307692307692 0.0
156 76.92307692307692 0.0
157 76.92307692307692 0.0
158 76.92307692307692 0.0
159 84.61538461538461 0.0
160 76.92307692307692 0.0
161 84.61538461538461 0.0
162 76.92307692307692 0.0
163 84.61538461538461 0.0
164 84.61538461538461 0.0
165 73.07692307692308 0.0
166 65.38461538461539 0.0
167 65.38461538461539 0.0
168 73.07692307692308 0.0
169 65.38461538461539 0.0
170 65.38461538461539 0.0
171 73.07692307692308 0.0
172 84.61538461538461 0.0
173 92.3076923076923 0.0
174 92.3076923076923 0.0
175 92.3076923076923 0.0
176 92.3076923076923 0.0
177 76.92307692307692 0.0
178 76.92307692307692 0.0
179 76.92307692307692 0.0
180 100.0 0.0
181 84.61538461538461 0.0
182 76.92307692307692 0.0
183 76.92307692307692 0.0
184 76.92307692307692 0.0
185 76.92307692307692 0.0
186 73.07692307692308 0.0
187 76.92307692307692 0.0
188 84.61538461538461 0.0
189 84.61538461538461 0.0
190 84.61538461538461 0.0
191 92.3076923076923 0.0
192 92.3076923076923 0.0
193 100.0 0.0
194 100.0 0.0
195 80.76923076923077 0.0
196 88.46153846153847 0.0
197 88.46153846153847 0.0
198 88.46153846153847 0.0
199 80.76923076923077 0.0
200 88.46153846153847 0.0
201 92.3076923076923 0.0
202 88.46153846153847 0.0
203 84.61538461538461 0.0
204 84.61538461538461 0.0
205 92.3076923076923 0.0
206 84.61538461538461 0.0
207 92.3076923076923 0.0
208 76.92307692307692 0.0
209 92.3076923076923 0.0
210 84.61538461538461 0.0
211 84.61538461538461 0.0
212 84.61538461538461 0.0
213 76.92307692307692 0.0
214 76.92307692307692 0.0
215 76.92307692307692 0.0
216 84.61538461538461 0.0
217 92.3076923076923 0.0
218 84.61538461538461 0.0
219 84.61538461538461 0.0
220 73.07692307692308 0.0
221 76.92307692307692 0.0
222 65.38461538461539 0.0
223 65.38461538461539 0.0
224 65.38461538461539 0.0
225 76.92307692307692 0.0
226 76.92307692307692 0.0
227 65.38461538461539 0.0
228 69.23076923076923 0.0
229 65.38461538461539 0.0
230 80.76923076923077 0.0
231 73.07692307692308 0.0
232 80.76923076923077 0.0
233 73.07692307692308 0.0
234 76.92307692307692 0.0
235 76.92307692307692 0.0
236 76.92307692307692 0.0
237 76.92307692307692 0.0
238 76.92307692307692 0.0
239 84.61538461538461 0.0
240 80.76923076923077 0.0
241 69.23076923076923 0.0
242 69.23076923076923 0.0
243 76.92307692307692 0.0
244 84.61538461538461 0.0
245 84.61538461538461 0.0
246 88.46153846153847 0.0
247 84.61538461538461 0.0
248 84.61538461538461 0.0
249 80.76923076923077 0.0
250 80.76923076923077 0.0
251 65.38461538461539 0.0
252 80.76923076923077 0.0
253 76.92307692307692 0.0
254 80.76923076923077 0.0
255 73.07692307692308 0.0
256 80.76923076923077 0.0
257 69.23076923076923 0.0
258 57.69230769230769 0.0
259 80.76923076923077 0.0
260 84.61538461538461 0.0
261 73.07692307692308 0.0
262 65.38461538461539 0.0
263 73.07692307692308 0.0
264 73.07692307692308 0.0
265 65.38461538461539 0.0
266 69.23076923076923 0.0
267 76.92307692307692 0.0
268 73.07692307692308 0.0
269 65.38461538461539 0.0
270 84.61538461538461 0.0
271 65.38461538461539 0.0
272 76.92307692307692 0.0
273 84.61538461538461 0.0
274 84.61538461538461 0.0
275 76.92307692307692 0.0
276 92.3076923076923 0.0
277 84.61538461538461 0.0
278 100.0 0.0
279 100.0 0.0
280 92.3076923076923 0.0
281 84.61538461538461 0.0
282 80.76923076923077 0.0
283 80.76923076923077 0.0
284 88.46153846153847 0.0
285 84.61538461538461 0.0
286 92.3076923076923 0.0
287 92.3076923076923 0.0
288 92.3076923076923 0.0
289 76.92307692307692 0.0
290 76.92307692307692 0.0
291 92.3076923076923 0.0
292 76.92307692307692 0.0
293 76.92307692307692 0.0
294 76.92307692307692 0.0
295 76.92307692307692 0.0
296 84.61538461538461 0.0
297 92.3076923076923 0.0
298 100.0 0.0
299 92.3076923076923 0.0
300 76.92307692307692 0.0
301 84.61538461538461 0.0
302 84.61538461538461 0.0
303 84.61538461538461 0.0
304 84.61538461538461 0.0
305 69.23076923076923 0.0
306 65.38461538461539 0.0
307 76.92307692307692 0.0
308 80.76923076923077 0.0
309 76.92307692307692 0.0
310 61.53846153846154 0.0
311 61.53846153846154 0.0
312 84.61538461538461 0.0
313 69.23076923076923 0.0
314 69.23076923076923 0.0
315 65.38461538461539 0.0
316 69.23076923076923 0.0
317 57.69230769230769 0.0
318 69.23076923076923 0.0
319 61.53846153846154 0.0
320 69.23076923076923 0.0
321 76.92307692307692 0.0
322 76.92307692307692 0.0
323 76.92307692307692 0.0
324 76.92307692307692 0.0
325 84.61538461538461 0.0
326 76.92307692307692 0.0
327 76.92307692307692 0.0
328 76.92307692307692 0.0
329 84.61538461538461 0.0
330 61.53846153846154 0.0
331 76.92307692307692 0.0
332 76.92307692307692 0.0
333 84.61538461538461 0.0
334 69.23076923076923 0.0
335 76.92307692307692 0.0
336 84.61538461538461 0.0
337 92.3076923076923 0.0
338 76.92307692307692 0.0
339 92.3076923076923 0.0
340 73.07692307692308 0.0
341 69.23076923076923 0.0
342 84.61538461538461 0.0
343 65.38461538461539 0.0
344 80.76923076923077 0.0
345 84.61538461538461 0.0
346 73.07692307692308 0.0
347 80.76923076923077 0.0
348 73.07692307692308 0.0
349 80.76923076923077 0.0
350 73.07692307692308 0.0
351 61.53846153846154 0.0
352 65.38461538461539 0.0
353 61.53846153846154 0.0
354 76.92307692307692 0.0
355 69.23076923076923 0.0
356 69.23076923076923 0.0
357 76.92307692307692 0.0
358 73.07692307692308 0.0
359 69.23076923076923 0.0
360 69.23076923076923 0.0
361 57.69230769230769 0.0
362 61.53846153846154 0.0
363 84.61538461538461 0.0
364 84.61538461538461 0.0
365 92.3076923076923 0.0
366 76.92307692307692 0.0
367 73.07692307692308 0.0
368 84.61538461538461 0.0
369 84.61538461538461 0.0
370 76.92307692307692 0.0
371 80.76923076923077 0.0
372 61.53846153846154 0.0
373 73.07692307692308 0.0
374 61.53846153846154 0.0
375 65.38461538461539 0.0
376 76.92307692307692 0.0
377 73.07692307692308 0.0
378 65.38461538461539 0.0
379 84.61538461538461 0.0
380 76.92307692307692 0.0
381 84.61538461538461 0.0
382 69.23076923076923 0.0
383 76.92307692307692 0.0
384 76.92307692307692 0.0
385 69.23076923076923 0.0
386 76.92307692307692 0.0
387 100.0 0.0
388 92.3076923076923 0.0
389 76.92307692307692 0.0
390 76.92307692307692 0.0
391 84.61538461538461 0.0
392 84.61538461538461 0.0
393 88.46153846153847 0.0
394 84.61538461538461 0.0
395 92.3076923076923 0.0
396 92.3076923076923 0.0
397 92.3076923076923 0.0
398 100.0 0.0
399 92.3076923076923 0.0
400 92.3076923076923 0.0
401 92.3076923076923 0.0
402 92.3076923076923 0.0
403 92.3076923076923 0.0
404 84.61538461538461 0.0
405 88.46153846153847 0.0
406 84.61538461538461 0.0
407 84.61538461538461 0.0
408 92.3076923076923 0.0
409 84.61538461538461 0.0
410 84.61538461538461 0.0
411 84.61538461538461 0.0
412 84.61538461538461 0.0
413 80.76923076923077 0.0
414 76.92307692307692 0.0
415 84.61538461538461 0.0
416 84.61538461538461 0.0
417 76.92307692307692 0.0
418 73.07692307692308 0.0
419 61.53846153846154 0.0
420 76.92307692307692 0.0
421 65.38461538461539 0.0
422 76.92307692307692 0.0
423 65.38461538461539 0.0
424 61.53846153846154 0.0
425 50.0 0.0
426 61.53846153846154 0.0
427 61.53846153846154 0.0
428 61.53846153846154 0.0
429 84.61538461538461 0.0
430 69.23076923076923 0.0
431 76.92307692307692 0.0
432 69.23076923076923 0.0
433 76.92307692307692 0.0
434 84.61538461538461 0.0
435 76.92307692307692 0.0
436 84.61538461538461 0.0
437 76.92307692307692 0.0
438 76.92307692307692 0.0
439 84.61538461538461 0.0
440 76.92307692307692 0.0
441 69.23076923076923 0.0
442 84.61538461538461 0.0
443 69.23076923076923 0.0
444 61.53846153846154 0.0
445 61.53846153846154 0.0
446 61.53846153846154 0.0
447 53.84615384615385 0.0
448 46.15384615384615 0.0
449 53.84615384615385 0.0
450 53.84615384615385 0.0
451 61.53846153846154 0.0
452 57.69230769230769 0.0
453 80.76923076923077 0.0
454 53.84615384615385 0.0
455 50.0 0.0
456 69.23076923076923 0.0
457 65.38461538461539 0.0
458 76.92307692307692 0.0
459 69.23076923076923 0.0
460 76.92307692307692 0.0
461 69.23076923076923 0.0
462 76.92307692307692 0.0
463 84.61538461538461 0.0
464 69.23076923076923 0.0
465 69.23076923076923 0.0
466 76.92307692307692 0.0
467 69.23076923076923 0.0
468 69.23076923076923 0.0
469 61.53846153846154 0.0
470 61.53846153846154 0.0
471 53.84615384615385 0.0
472 69.23076923076923 0.0
473 76.92307692307692 0.0
474 76.92307692307692 0.0
475 92.3076923076923 0.0
476 84.61538461538461 0.0
477 84.61538461538461 0.0
478 84.61538461538461 0.0
479 92.3076923076923 0.0
480 76.92307692307692 0.0
481 84.61538461538461 0.0
482 76.92307692307692 0.0
483 84.61538461538461 0.0
484 76.92307692307692 0.0
485 69.23076923076923 0.0
486 69.23076923076923 0.0
487 53.84615384615385 0.0
488 76.92307692307692 0.0
489 76.92307692307692 0.0
490 76.92307692307692 0.0
491 69.23076923076923 0.0
492 69.23076923076923 0.0
493 84.61538461538461 0.0
494 61.53846153846154 0.0
495 84.61538461538461 0.0
496 69.23076923076923 0.0
497 57.69230769230769 0.0
498 61.53846153846154 0.0
499 76.92307692307692 0.0
500 92.3076923076923 0.0
501 76.92307692307692 0.0
502 92.3076923076923 0.0
503 73.07692307692308 0.0
504 73.07692307692308 0.0
505 76.92307692307692 0.0
506 84.61538461538461 0.0
507 69.23076923076923 0.0
508 57.69230769230769 0.0
509 73.07692307692308 0.0
510 92.3076923076923 0.0
511 84.61538461538461 0.0
512 92.3076923076923 0.0
513 84.61538461538461 0.0
514 92.3076923076923 0.0
515 84.61538461538461 0.0
516 92.3076923076923 0.0
517 84.61538461538461 0.0
518 76.92307692307692 0.0
519 76.92307692307692 0.0
520 69.23076923076923 0.0
521 57.69230769230769 0.0
522 61.53846153846154 0.0
523 61.53846153846154 0.0
524 61.53846153846154 0.0
525 61.53846153846154 0.0
526 69.23076923076923 0.0
527 61.53846153846154 0.0
528 61.53846153846154 0.0
529 76.92307692307692 0.0
530 76.92307692307692 0.0
531 84.61538461538461 0.0
532 84.61538461538461 0.0
533 92.3076923076923 0.0
534 76.92307692307692 0.0
535 92.3076923076923 0.0
536 69.23076923076923 0.0
537 57.69230769230769 0.0
538 57.69230769230769 0.0
539 69.23076923076923 0.0
540 69.23076923076923 0.0
541 69.23076923076923 0.0
542 84.61538461538461 0.0
543 69.23076923076923 0.0
544 65.38461538461539 0.0
545 84.61538461538461 0.0
546 65.38461538461539 0.0
547 65.38461538461539 0.0
548 92.3076923076923 0.0
549 65.38461538461539 0.0
550 76.92307692307692 0.0
551 65.38461538461539 0.0
552 65.38461538461539 0.0
553 76.92307692307692 0.0
554 73.07692307692308 0.0
555 73.07692307692308 0.0
556 69.23076923076923 0.0
557 76.92307692307692 0.0
558 73.07692307692308 0.0
559 69.23076923076923 0.0
560 76.92307692307692 0.0
561 69.23076923076923 0.0
562 73.07692307692308 0.0
563 76.92307692307692 0.0
564 84.61538461538461 0.0
565 76.92307692307692 0.0
566 76.92307692307692 0.0
567 69.23076923076923 0.0
568 84.61538461538461 0.0
569 84.61538461538461 0.0
570 92.3076923076923 0.0
571 76.92307692307692 0.0
572 76.92307692307692 0.0
573 76.92307692307692 0.0
574 80.76923076923077 0.0
575 84.61538461538461 0.0
576 73.07692307692308 0.0
577 76.92307692307692 0.0
578 84.61538461538461 0.0
579 69.23076923076923 0.0
580 73.07692307692308 0.0
581 69.23076923076923 0.0
582 73.07692307692308 0.0
583 69.23076923076923 0.0
584 84.61538461538461 0.0
585 65.38461538461539 0.0
586 92.3076923076923 0.0
587 84.61538461538461 0.0
588 76.92307692307692 0.0
589 84.61538461538461 0.0
590 92.3076923076923 0.0
591 92.3076923076923 0.0
592 100.0 0.0
593 84.61538461538461 0.0
594 76.92307692307692 0.0
595 92.3076923076923 0.0
596 92.3076923076923 0.0
597 92.3076923076923 0.0
598 92.3076923076923 0.0
599 84.61538461538461 0.0
600 92.3076923076923 0.0
601 92.3076923076923 0.0
602 92.3076923076923 0.0
603 84.61538461538461 0.0
604 76.92307692307692 0.0
605 100.0 0.0
606 100.0 0.0
607 76.92307692307692 0.0
608 92.3076923076923 0.0
609 73.07692307692308 0.0
610 92.3076923076923 0.0
611 84.61538461538461 0.0
612 73.07692307692308 0.0
613 76.92307692307692 0.0
614 80.76923076923077 0.0
615 73.07692307692308 0.0
616 84.61538461538461 0.0
617 73.07692307692308 0.0
618 73.07692307692308 0.0
619 69.23076923076923 0.0
620 65.38461538461539 0.0
621 73.07692307692308 0.0
622 69.23076923076923 0.0
623 92.3076923076923 0.0
624 76.92307692307692 0.0
625 84.61538461538461 0.0
626 84.61538461538461 0.0
627 76.92307692307692 0.0
628 80.76923076923077 0.0
629 73.07692307692308 0.0
630 69.23076923076923 0.0
631 73.07692307692308 0.0
632 84.61538461538461 0.0
633 76.92307692307692 0.0
634 76.92307692307692 0.0
635 69.23076923076923 0.0
636 69.23076923076923 0.0
637 76.92307692307692 0.0
638 76.92307692307692 0.0
639 65.38461538461539 0.0
640 65.38461538461539 0.0
641 65.38461538461539 0.0
642 61.53846153846154 0.0
643 84.61538461538461 0.0
644 76.92307692307692 0.0
645 76.92307692307692 0.0
646 92.3076923076923 0.0
647 76.92307692307692 0.0
648 69.23076923076923 0.0
649 76.92307692307692 0.0
650 69.23076923076923 0.0
651 69.23076923076923 0.0
652 53.84615384615385 0.0
653 69.23076923076923 0.0
654 61.53846153846154 0.0
655 46.15384615384615 0.0
656 50.0 0.0
657 61.53846153846154 0.0
658 69.23076923076923 0.0
659 80.76923076923077 0.0
660 80.76923076923077 0.0
661 73.07692307692308 0.0
662 76.92307692307692 0.0
663 61.53846153846154 0.0
664 61.53846153846154 0.0
665 69.23076923076923 0.0
666 69.23076923076923 0.0
667 69.23076923076923 0.0
668 76.92307692307692 0.0
669 76.92307692307692 0.0
670 76.92307692307692 0.0
671 76.92307692307692 0.0
672 80.76923076923077 0.0
673 73.07692307692308 0.0
674 76.92307692307692 0.0
675 84.61538461538461 0.0
676 84.61538461538461 0.0
677 84.61538461538461 0.0
678 76.92307692307692 0.0
679 84.61538461538461 0.0
680 84.61538461538461 0.0
681 76.92307692307692 0.0
682 92.3076923076923 0.0
683 76.92307692307692 0.0
684 84.61538461538461 0.0
685 80.76923076923077 0.0
686 84.61538461538461 0.0
687 84.61538461538461 0.0
688 84.61538461538461 0.0
689 92.3076923076923 0.0
690 76.92307692307692 0.0
691 84.61538461538461 0.0
692 84.61538461538461 0.0
693 76.92307692307692 0.0
694 92.3076923076923 0.0
695 92.3076923076923 0.0
696 84.61538461538461 0.0
697 84.61538461538461 0.0
698 84.61538461538461 0.0
699 92.3076923076923 0.0
700 92.3076923076923 0.0
701 92.3076923076923 0.0
702 84.61538461538461 0.0
703 84.61538461538461 0.0
704 84.61538461538461 0.0
705 84.61538461538461 0.0
706 84.61538461538461 0.0
707 84.61538461538461 0.0
708 84.61538461538461 0.0
709 84.61538461538461 0.0
710 69.23076923076923 0.0
711 76.92307692307692 0.0
712 84.61538461538461 0.0
713 92.3076923076923 0.0
714 92.3076923076923 0.0
715 69.23076923076923 0.0
716 69.23076923076923 0.0
717 69.23076923076923 0.0
718 61.53846153846154 0.0
719 53.84615384615385 0.0
720 76.92307692307692 0.0
721 69.23076923076923 0.0
722 84.61538461538461 0.0
723 84.61538461538461 0.0
724 76.92307692307692 0.0
725 92.3076923076923 0.0
726 84.61538461538461 0.0
727 84.61538461538461 0.0
728 84.61538461538461 0.0
729 84.61538461538461 0.0
730 76.92307692307692 0.0
731 76.92307692307692 0.0
732 84.61538461538461 0.0
733 84.61538461538461 0.0
734 92.3076923076923 0.0
735 84.61538461538461 0.0
736 84.61538461538461 0.0
737 69.23076923076923 0.0
738 76.92307692307692 0.0
739 76.92307692307692 0.0
740 69.23076923076923 0.0
741 76.92307692307692 0.0
742 84.61538461538461 0.0
743 73.07692307692308 0.0
744 73.07692307692308 0.0
745 76.92307692307692 0.0
746 84.61538461538461 0.0
747 69.23076923076923 0.0
748 76.92307692307692 0.0
749 69.23076923076923 0.0
750 69.23076923076923 0.0
751 84.61538461538461 0.0
752 76.92307692307692 0.0
753 76.92307692307692 0.0
754 76.92307692307692 0.0
755 84.61538461538461 0.0
756 69.23076923076923 0.0
757 84.61538461538461 0.0
758 84.61538461538461 0.0
759 76.92307692307692 0.0
760 84.61538461538461 0.0
761 73.07692307692308 0.0
762 73.07692307692308 0.0
763 73.07692307692308 0.0
764 76.92307692307692 0.0
765 76.92307692307692 0.0
766 84.61538461538461 0.0
767 76.92307692307692 0.0
768 76.92307692307692 0.0
769 69.23076923076923 0.0
770 76.92307692307692 0.0
771 76.92307692307692 0.0
772 92.3076923076923 0.0
773 84.61538461538461 0.0
774 84.61538461538461 0.0
775 84.61538461538461 0.0
776 84.61538461538461 0.0
777 76.92307692307692 0.0
778 84.61538461538461 0.0
779 69.23076923076923 0.0
780 53.84615384615385 0.0
781 61.53846153846154 0.0
782 76.92307692307692 0.0
783 84.61538461538461 0.0
784 76.92307692307692 0.0
785 84.61538461538461 0.0
786 73.07692307692308 0.0
787 73.07692307692308 0.0
788 61.53846153846154 0.0
789 61.53846153846154 0.0
790 92.3076923076923 0.0
791 76.92307692307692 0.0
792 73.07692307692308 0.0
793 80.76923076923077 0.0
794 80.76923076923077 0.0
795 80.76923076923077 0.0
796 80.76923076923077 0.0
797 76.92307692307692 0.0
798 73.07692307692308 0.0
799 76.92307692307692 0.0
800 84.61538461538461 0.0
801 76.92307692307692 0.0
802 69.23076923076923 0.0
803 76.92307692307692 0.0
804 61.53846153846154 0.0
805 84.61538461538461 0.0
806 76.92307692307692 0.0
807 69.23076923076923 0.0
808 69.23076923076923 0.0
809 76.92307692307692 0.0
810 84.61538461538461 0.0
811 84.61538461538461 0.0
812 84.61538461538461 0.0
813 69.23076923076923 0.0
814 65.38461538461539 0.0
815 76.92307692307692 0.0
816 76.92307692307692 0.0
817 84.61538461538461 0.0
818 92.3076923076923 0.0
819 92.3076923076923 0.0
820 84.61538461538461 0.0
821 84.61538461538461 0.0
822 84.61538461538461 0.0
823 92.3076923076923 0.0
824 69.23076923076923 0.0
825 69.23076923076923 0.0
826 76.92307692307692 0.0
827 76.92307692307692 0.0
828 76.92307692307692 0.0
829 84.61538461538461 0.0
830 84.61538461538461 0.0
831 76.92307692307692 0.0
832 76.92307692307692 0.0
833 80.76923076923077 0.0
834 76.92307692307692 0.0
835 76.92307692307692 0.0
836 76.92307692307692 0.0
837 92.3076923076923 0.0
838 84.61538461538461 0.0
839 69.23076923076923 0.0
840 69.23076923076923 0.0
841 73.07692307692308 0.0
842 76.92307692307692 0.0
843 80.76923076923077 0.0
844 80.76923076923077 0.0
845 76.92307692307692 0.0
846 73.07692307692308 0.0
847 76.92307692307692 0.0
848 76.92307692307692 0.0
849 69.23076923076923 0.0
850 73.07692307692308 0.0
851 73.07692307692308 0.0
852 76.92307692307692 0.0
853 73.07692307692308 0.0
854 73.07692307692308 0.0
855 73.07692307692308 0.0
856 80.76923076923077 0.0
857 80.76923076923077 0.0
858 80.76923076923077 0.0
859 80.76923076923077 0.0
860 80.76923076923077 0.0
861 80.76923076923077 0.0
862 88.46153846153847 0.0
863 73.07692307692308 0.0
864 80.76923076923077 0.0
865 80.76923076923077 0.0
866 80.76923076923077 0.0
867 84.61538461538461 0.0
868 88.46153846153847 0.0
869 80.76923076923077 0.0
870 80.76923076923077 0.0
871 84.61538461538461 0.0
872 84.61538461538461 0.0
873 84.61538461538461 0.0
874 84.61538461538461 0.0
875 84.61538461538461 0.0
876 92.3076923076923 0.0
877 84.61538461538461 0.0
878 92.3076923076923 0.0
879 92.3076923076923 0.0
880 92.3076923076923 0.0
881 84.61538461538461 0.0
882 84.61538461538461 0.0
883 92.3076923076923 0.0
884 92.3076923076923 0.0
885 76.92307692307692 0.0
886 92.3076923076923 0.0
887 92.3076923076923 0.0
888 92.3076923076923 0.0
889 84.61538461538461 0.0
890 84.61538461538461 0.0
891 92.3076923076923 0.0
892 84.61538461538461 0.0
893 92.3076923076923 0.0
894 92.3076923076923 0.0
895 84.61538461538461 0.0
896 92.3076923076923 0.0
897 92.3076923076923 0.0
898 92.3076923076923 0.0
899 92.3076923076923 0.0
900 92.3076923076923 0.0
901 80.76923076923077 0.0
902 80.76923076923077 0.0
903 73.07692307692308 0.0
904 76.92307692307692 0.0
905 76.92307692307692 0.0
906 69.23076923076923 0.0
907 69.23076923076923 0.0
908 65.38461538461539 0.0
909 73.07692307692308 0.0
910 80.76923076923077 0.0
911 76.92307692307692 0.0
912 69.23076923076923 0.0
913 84.61538461538461 0.0
914 76.92307692307692 0.0
915 92.3076923076923 0.0
916 69.23076923076923 0.0
917 84.61538461538461 0.0
918 80.76923076923077 0.0
919 80.76923076923077 0.0
920 84.61538461538461 0.0
921 76.92307692307692 0.0
922 84.61538461538461 0.0
923 76.92307692307692 0.0
924 84.61538461538461 0.0
925 84.61538461538461 0.0
926 76.92307692307692 0.0
927 73.07692307692308 0.0
928 69.23076923076923 0.0
929 73.07692307692308 0.0
930 69.23076923076923 0.0
931 73.07692307692308 0.0
932 84.61538461538461 0.0
933 73.07692307692308 0.0
934 80.76923076923077 0.0
935 76.92307692307692 0.0
936 69.23076923076923 0.0
937 69.23076923076923 0.0
938 73.07692307692308 0.0
939 65.38461538461539 0.0
940 73.07692307692308 0.0
941 73.07692307692308 0.0
942 73.07692307692308 0.0
943 84.61538461538461 0.0
944 80.76923076923077 0.0
945 80.76923076923077 0.0
946 80.76923076923077 0.0
947 84.61538461538461 0.0
948 76.92307692307692 0.0
949 84.61538461538461 0.0
950 84.61538461538461 0.0
951 69.23076923076923 0.0
952 76.92307692307692 0.0
953 76.92307692307692 0.0
954 76.92307692307692 0.0
955 84.61538461538461 0.0
956 84.61538461538461 0.0
957 84.61538461538461 0.0
958 92.3076923076923 0.0
959 92.3076923076923 0.0
960 84.61538461538461 0.0
961 92.3076923076923 0.0
962 76.92307692307692 0.0
963 84.61538461538461 0.0
964 76.92307692307692 0.0
965 57.69230769230769 0.0
966 73.07692307692308 0.0
967 84.61538461538461 0.0
968 92.3076923076923 0.0
969 92.3076923076923 0.0
970 84.61538461538461 0.0
971 84.61538461538461 0.0
972 92.3076923076923 0.0
973 84.61538461538461 0.0
974 84.61538461538461 0.0
975 76.92307692307692 0.0
976 84.61538461538461 0.0
977 61.53846153846154 0.0
978 73.07692307692308 0.0
979 73.07692307692308 0.0
980 76.92307692307692 0.0
981 69.23076923076923 0.0
982 61.53846153846154 0.0
983 61.53846153846154 0.0
984 69.23076923076923 0.0
985 76.92307692307692 0.0
986 69.23076923076923 0.0
987 65.38461538461539 0.0
988 76.92307692307692 0.0
989 69.23076923076923 0.0
990 69.23076923076923 0.0
991 69.23076923076923 0.0
992 69.23076923076923 0.0
993 73.07692307692308 0.0
994 69.23076923076923 0.0
995 76.92307692307692 0.0
996 73.07692307692308 0.0
997 84.61538461538461 0.0
998 84.61538461538461 0.0
999 76.92307692307692 0.0
