#resid average_duration max_duration persistent_contacts
1 5.185185185185185 22 54
10 4.214285714285714 14 70
11 12.666666666666666 23 3
12 5.121212121212121 18 33
13 5.492537313432836 23 67
14 5.25 38 60
15 5.51063829787234 21 47
16 3.7966101694915255 21 59
17 6.391304347826087 28 23
18 4.666666666666667 23 54
19 5.0394736842105265 21 76
2 3.5 5 2
20 20.363636363636363 175 11
21 18.833333333333332 175 12
22 12.666666666666666 23 3
23 3.953488372093023 16 43
24 4.2894736842105265 48 76
25 4.763888888888889 26 72
26 4.411764705882353 16 34
3 3.9583333333333335 12 48
4 4.894736842105263 16 57
5 5.473118279569892 26 93
6 5.344262295081967 38 61
7 4.414285714285715 21 70
8 0 0 0
9 5.375 48 24
#TOTAL_CONTACTS 3549 for 1000 frames
