#resid average_duration max_duration persistent_contacts
1 21.542857142857144 174 35
10 5.512195121951219 15 41
11 5.921052631578948 31 38
12 4.973684210526316 16 38
13 3.4444444444444446 13 36
14 3.9782608695652173 14 46
15 4.0 5 2
16 5.78125 66 32
17 3.0 4 2
18 5.45 22 40
19 4.5 7 2
2 6.1395348837209305 31 43
20 4.973684210526316 21 38
21 4.055555555555555 13 36
22 2.6666666666666665 3 3
23 4.488888888888889 12 45
24 5.0 19 40
25 4.608695652173913 22 46
26 20.0 66 4
3 4.346153846153846 20 26
4 21.542857142857144 174 35
5 3.6486486486486487 10 37
6 4.636363636363637 13 44
7 4.69811320754717 20 53
8 4.038461538461538 22 52
9 5.159090909090909 31 44
#TOTAL_CONTACTS 3114 for 1000 frames
