#resid average_duration max_duration persistent_contacts
1 6.294117647058823 19 34
10 5.9714285714285715 24 35
11 4.470588235294118 14 34
12 2.7 6 10
13 4.357142857142857 19 42
14 4.3076923076923075 13 26
15 9.444444444444445 60 9
16 4.967741935483871 23 31
17 3.5 5 2
18 3.0 4 7
19 20.08695652173913 178 23
2 5.45 30 40
20 3.0 6 10
21 4.127659574468085 13 47
22 4.5 5 2
23 7.0606060606060606 24 33
24 11.0 11 1
25 5.166666666666667 23 30
26 22.0 60 3
3 8.421052631578947 36 19
4 3.769230769230769 19 52
5 4.771428571428571 30 35
6 60.8 178 5
7 4.064516129032258 17 31
8 4.666666666666667 16 33
9 4.029411764705882 23 34
#TOTAL_CONTACTS 2215 for 1000 frames
