#resid average_duration max_duration persistent_contacts
1 4.4 17 50
10 5.2 19 70
11 4.818181818181818 31 44
12 4.606060606060606 17 33
13 12.133333333333333 180 30
14 17.5 180 18
15 3.4878048780487805 9 41
16 4.660714285714286 18 56
17 0 0 0
18 5.0 10 20
19 4.9393939393939394 17 33
2 8.633333333333333 40 30
20 4.642857142857143 20 42
21 4.491228070175438 26 57
22 9.307692307692308 40 26
23 4.675675675675675 12 37
24 4.530612244897959 15 49
25 0 0 0
26 4.485714285714286 20 70
3 4.166666666666667 12 48
4 3.130434782608696 12 23
5 5.130434782608695 18 69
6 4.82089552238806 31 67
7 4.446428571428571 19 56
8 4.414634146341464 15 41
9 5.0 26 56
#TOTAL_CONTACTS 3306 for 1000 frames
