#resid average_duration max_duration persistent_contacts
1 3.84375 10 32
10 4.0 6 4
11 3.69811320754717 12 53
12 4.957446808510638 20 47
13 3.7796610169491527 15 59
14 4.1 13 30
15 5.517241379310345 29 58
16 4.54054054054054 20 74
17 3.0 3 1
18 4.836734693877551 24 49
19 6.333333333333333 19 6
2 8.04 29 25
20 4.377777777777778 17 45
21 7.75 29 24
22 6.25 29 44
23 4.42 15 50
24 4.1 21 30
25 4.406779661016949 20 59
26 4.859154929577465 18 71
3 3.75 11 72
4 4.3875 20 80
5 4.1923076923076925 15 78
6 4.4363636363636365 17 55
7 3.5384615384615383 10 26
8 4.444444444444445 15 18
9 4.185185185185185 17 54
#TOTAL_CONTACTS 3211 for 1000 frames
