#resid average_duration max_duration persistent_contacts
1 4.2727272727272725 14 33
10 5.2444444444444445 19 45
11 4.387755102040816 16 49
12 4.137254901960785 22 51
13 4.666666666666667 23 33
14 5.188679245283019 35 53
15 3.2790697674418605 13 43
16 6.5 8 2
17 4.8604651162790695 16 43
18 3.466666666666667 7 30
19 5.55 28 20
2 2.6 4 5
20 4.2105263157894735 12 38
21 4.4 9 5
22 29.41176470588235 371 17
23 3.857142857142857 13 42
24 4.866666666666666 12 45
25 28.823529411764707 371 17
26 6.5 8 2
3 5.0 35 41
4 3.2580645161290325 8 31
5 2.0 2 4
6 5.0212765957446805 19 47
7 4.796610169491525 23 59
8 4.769230769230769 14 26
9 3.911111111111111 14 45
#TOTAL_CONTACTS 2716 for 1000 frames
