#resid average_duration max_duration persistent_contacts
1 4.653846153846154 16 52
10 6.644444444444445 37 45
11 3.975 15 40
12 4.558139534883721 16 43
13 4.8 25 60
14 4.65625 16 32
15 5.081632653061225 15 49
16 10.028571428571428 167 35
17 4.217391304347826 15 46
18 4.5 16 16
19 4.446808510638298 19 47
2 4.696969696969697 18 33
20 10.666666666666666 62 27
21 13.166666666666666 37 6
22 3.9322033898305087 14 59
23 4.104477611940299 19 67
24 9.529411764705882 128 34
25 4.371428571428571 18 35
26 3.9272727272727272 28 55
3 2.0 2 1
4 11.233333333333333 167 30
5 5.0638297872340425 25 47
6 22.875 128 8
7 10.321428571428571 62 28
8 3.0 4 3
9 4.636363636363637 15 44
#TOTAL_CONTACTS 3162 for 1000 frames
