#resid average_duration max_duration persistent_contacts
1 4.258620689655173 14 58
10 4.955555555555556 29 45
11 6.0212765957446805 29 47
12 5.5476190476190474 26 42
13 4.206896551724138 13 29
14 4.017543859649122 12 57
15 8.0 50 13
16 3.8048780487804876 17 41
17 3.5918367346938775 11 49
18 3.0 4 2
19 4.433962264150943 11 53
2 0 0 0
20 7.0625 50 16
21 6.673913043478261 47 46
22 6.428571428571429 30 14
23 0 0 0
24 4.866666666666666 28 45
25 7.25 11 4
26 4.12280701754386 12 57
3 4.456521739130435 19 46
4 9.923076923076923 47 26
5 5.3584905660377355 28 53
6 3.810810810810811 16 74
7 5.2 20 45
8 3.8181818181818183 8 33
9 4.163265306122449 13 49
#TOTAL_CONTACTS 2822 for 1000 frames
