#frame monomers_% popc_isolated_%
0 30.76923076923077 0.0
1 30.76923076923077 0.0
2 34.61538461538461 0.0
3 26.923076923076923 0.0
4 30.76923076923077 0.0
5 30.76923076923077 0.0
6 46.15384615384615 0.0
7 34.61538461538461 0.0
8 38.46153846153846 0.0
9 23.076923076923077 0.0
10 42.30769230769231 0.0
11 23.076923076923077 0.0
12 42.30769230769231 0.0
13 42.30769230769231 0.0
14 42.30769230769231 0.0
15 42.30769230769231 0.0
16 34.61538461538461 0.0
17 30.76923076923077 0.0
18 34.61538461538461 0.0
19 46.15384615384615 0.0
20 30.76923076923077 0.0
21 34.61538461538461 0.0
22 38.46153846153846 0.0
23 38.46153846153846 0.0
24 34.61538461538461 0.0
25 34.61538461538461 0.0
26 34.61538461538461 0.0
27 26.923076923076923 0.0
28 30.76923076923077 0.0
29 26.923076923076923 0.0
30 38.46153846153846 0.0
31 30.76923076923077 0.0
32 34.61538461538461 0.0
33 26.923076923076923 0.0
34 38.46153846153846 0.0
35 42.30769230769231 0.0
36 30.76923076923077 0.0
37 23.076923076923077 0.0
38 42.30769230769231 0.0
39 38.46153846153846 0.0
40 34.61538461538461 0.0
41 38.46153846153846 0.0
42 38.46153846153846 0.0
43 30.76923076923077 0.0
44 38.46153846153846 0.0
45 38.46153846153846 0.0
46 34.61538461538461 0.0
47 30.76923076923077 0.0
48 42.30769230769231 0.0
49 30.76923076923077 0.0
50 30.76923076923077 0.0
51 30.76923076923077 0.0
52 30.76923076923077 0.0
53 26.923076923076923 0.0
54 26.923076923076923 0.0
55 26.923076923076923 0.0
56 34.61538461538461 0.0
57 30.76923076923077 0.0
58 38.46153846153846 0.0
59 30.76923076923077 0.0
60 34.61538461538461 0.0
61 53.84615384615385 0.0
62 42.30769230769231 0.0
63 38.46153846153846 0.0
64 30.76923076923077 0.0
65 30.76923076923077 0.0
66 34.61538461538461 0.0
67 38.46153846153846 0.0
68 34.61538461538461 0.0
69 26.923076923076923 0.0
70 34.61538461538461 0.0
71 38.46153846153846 0.0
72 34.61538461538461 0.0
73 11.538461538461538 0.0
74 38.46153846153846 0.0
75 34.61538461538461 0.0
76 19.23076923076923 0.0
77 23.076923076923077 0.0
78 26.923076923076923 0.0
79 19.23076923076923 0.0
80 11.538461538461538 0.0
81 34.61538461538461 0.0
82 23.076923076923077 0.0
83 19.23076923076923 0.0
84 34.61538461538461 0.0
85 23.076923076923077 0.0
86 38.46153846153846 0.0
87 26.923076923076923 0.0
88 30.76923076923077 0.0
89 23.076923076923077 0.0
90 26.923076923076923 0.0
91 30.76923076923077 0.0
92 30.76923076923077 0.0
93 23.076923076923077 0.0
94 38.46153846153846 0.0
95 26.923076923076923 0.0
96 38.46153846153846 0.0
97 34.61538461538461 0.0
98 30.76923076923077 0.0
99 34.61538461538461 0.0
100 34.61538461538461 0.0
101 38.46153846153846 0.0
102 34.61538461538461 0.0
103 30.76923076923077 0.0
104 38.46153846153846 0.0
105 38.46153846153846 0.0
106 38.46153846153846 0.0
107 38.46153846153846 0.0
108 34.61538461538461 0.0
109 38.46153846153846 0.0
110 34.61538461538461 0.0
111 46.15384615384615 0.0
112 42.30769230769231 0.0
113 38.46153846153846 0.0
114 26.923076923076923 0.0
115 26.923076923076923 0.0
116 30.76923076923077 0.0
117 26.923076923076923 0.0
118 30.76923076923077 0.0
119 26.923076923076923 0.0
120 38.46153846153846 0.0
121 30.76923076923077 0.0
122 34.61538461538461 0.0
123 42.30769230769231 0.0
124 46.15384615384615 0.0
125 34.61538461538461 0.0
126 38.46153846153846 0.0
127 34.61538461538461 0.0
128 38.46153846153846 0.0
129 38.46153846153846 0.0
130 38.46153846153846 0.0
131 38.46153846153846 0.0
132 42.30769230769231 0.0
133 38.46153846153846 0.0
134 34.61538461538461 0.0
135 23.076923076923077 0.0
136 38.46153846153846 0.0
137 30.76923076923077 0.0
138 38.46153846153846 0.0
139 46.15384615384615 0.0
140 38.46153846153846 0.0
141 42.30769230769231 0.0
142 53.84615384615385 0.0
143 50.0 0.0
144 38.46153846153846 0.0
145 50.0 0.0
146 34.61538461538461 0.0
147 57.69230769230769 0.0
148 34.61538461538461 0.0
149 42.30769230769231 0.0
150 38.46153846153846 0.0
151 42.30769230769231 0.0
152 42.30769230769231 0.0
153 42.30769230769231 0.0
154 42.30769230769231 0.0
155 30.76923076923077 0.0
156 34.61538461538461 0.0
157 34.61538461538461 0.0
158 19.23076923076923 0.0
159 42.30769230769231 0.0
160 38.46153846153846 0.0
161 34.61538461538461 0.0
162 42.30769230769231 0.0
163 38.46153846153846 0.0
164 34.61538461538461 0.0
165 38.46153846153846 0.0
166 46.15384615384615 0.0
167 42.30769230769231 0.0
168 38.46153846153846 0.0
169 46.15384615384615 0.0
170 53.84615384615385 0.0
171 50.0 0.0
172 46.15384615384615 0.0
173 38.46153846153846 0.0
174 30.76923076923077 0.0
175 30.76923076923077 0.0
176 30.76923076923077 0.0
177 19.23076923076923 0.0
178 26.923076923076923 0.0
179 23.076923076923077 0.0
180 19.23076923076923 0.0
181 23.076923076923077 0.0
182 30.76923076923077 0.0
183 50.0 0.0
184 42.30769230769231 0.0
185 42.30769230769231 0.0
186 34.61538461538461 0.0
187 38.46153846153846 0.0
188 61.53846153846154 0.0
189 42.30769230769231 0.0
190 34.61538461538461 0.0
191 50.0 0.0
192 23.076923076923077 0.0
193 23.076923076923077 0.0
194 23.076923076923077 0.0
195 26.923076923076923 0.0
196 30.76923076923077 0.0
197 26.923076923076923 0.0
198 34.61538461538461 0.0
199 30.76923076923077 0.0
200 23.076923076923077 0.0
201 34.61538461538461 0.0
202 30.76923076923077 0.0
203 38.46153846153846 0.0
204 46.15384615384615 0.0
205 38.46153846153846 0.0
206 42.30769230769231 0.0
207 34.61538461538461 0.0
208 38.46153846153846 0.0
209 38.46153846153846 0.0
210 50.0 0.0
211 46.15384615384615 0.0
212 42.30769230769231 0.0
213 30.76923076923077 0.0
214 38.46153846153846 0.0
215 42.30769230769231 0.0
216 38.46153846153846 0.0
217 34.61538461538461 0.0
218 30.76923076923077 0.0
219 34.61538461538461 0.0
220 34.61538461538461 0.0
221 34.61538461538461 0.0
222 23.076923076923077 0.0
223 26.923076923076923 0.0
224 50.0 0.0
225 42.30769230769231 0.0
226 42.30769230769231 0.0
227 46.15384615384615 0.0
228 50.0 0.0
229 50.0 0.0
230 30.76923076923077 0.0
231 38.46153846153846 0.0
232 46.15384615384615 0.0
233 38.46153846153846 0.0
234 53.84615384615385 0.0
235 50.0 0.0
236 42.30769230769231 0.0
237 53.84615384615385 0.0
238 46.15384615384615 0.0
239 42.30769230769231 0.0
240 34.61538461538461 0.0
241 38.46153846153846 0.0
242 46.15384615384615 0.0
243 38.46153846153846 0.0
244 50.0 0.0
245 42.30769230769231 0.0
246 46.15384615384615 0.0
247 30.76923076923077 0.0
248 38.46153846153846 0.0
249 38.46153846153846 0.0
250 46.15384615384615 0.0
251 34.61538461538461 0.0
252 53.84615384615385 0.0
253 42.30769230769231 0.0
254 30.76923076923077 0.0
255 50.0 0.0
256 46.15384615384615 0.0
257 42.30769230769231 0.0
258 46.15384615384615 0.0
259 38.46153846153846 0.0
260 30.76923076923077 0.0
261 50.0 0.0
262 34.61538461538461 0.0
263 42.30769230769231 0.0
264 30.76923076923077 0.0
265 34.61538461538461 0.0
266 38.46153846153846 0.0
267 57.69230769230769 0.0
268 46.15384615384615 0.0
269 38.46153846153846 0.0
270 50.0 0.0
271 34.61538461538461 0.0
272 34.61538461538461 0.0
273 38.46153846153846 0.0
274 42.30769230769231 0.0
275 65.38461538461539 0.0
276 53.84615384615385 0.0
277 38.46153846153846 0.0
278 42.30769230769231 0.0
279 42.30769230769231 0.0
280 38.46153846153846 0.0
281 26.923076923076923 0.0
282 26.923076923076923 0.0
283 38.46153846153846 0.0
284 38.46153846153846 0.0
285 34.61538461538461 0.0
286 46.15384615384615 0.0
287 30.76923076923077 0.0
288 50.0 0.0
289 53.84615384615385 0.0
290 38.46153846153846 0.0
291 30.76923076923077 0.0
292 26.923076923076923 0.0
293 30.76923076923077 0.0
294 34.61538461538461 0.0
295 38.46153846153846 0.0
296 30.76923076923077 0.0
297 26.923076923076923 0.0
298 34.61538461538461 0.0
299 38.46153846153846 0.0
300 34.61538461538461 0.0
301 38.46153846153846 0.0
302 30.76923076923077 0.0
303 34.61538461538461 0.0
304 34.61538461538461 0.0
305 30.76923076923077 0.0
306 34.61538461538461 0.0
307 23.076923076923077 0.0
308 26.923076923076923 0.0
309 30.76923076923077 0.0
310 34.61538461538461 0.0
311 30.76923076923077 0.0
312 26.923076923076923 0.0
313 30.76923076923077 0.0
314 38.46153846153846 0.0
315 42.30769230769231 0.0
316 50.0 0.0
317 46.15384615384615 0.0
318 50.0 0.0
319 46.15384615384615 0.0
320 34.61538461538461 0.0
321 61.53846153846154 0.0
322 42.30769230769231 0.0
323 46.15384615384615 0.0
324 30.76923076923077 0.0
325 38.46153846153846 0.0
326 30.76923076923077 0.0
327 57.69230769230769 0.0
328 34.61538461538461 0.0
329 42.30769230769231 0.0
330 50.0 0.0
331 38.46153846153846 0.0
332 30.76923076923077 0.0
333 23.076923076923077 0.0
334 30.76923076923077 0.0
335 38.46153846153846 0.0
336 38.46153846153846 0.0
337 34.61538461538461 0.0
338 46.15384615384615 0.0
339 23.076923076923077 0.0
340 30.76923076923077 0.0
341 19.23076923076923 0.0
342 42.30769230769231 0.0
343 30.76923076923077 0.0
344 38.46153846153846 0.0
345 30.76923076923077 0.0
346 30.76923076923077 0.0
347 26.923076923076923 0.0
348 19.23076923076923 0.0
349 19.23076923076923 0.0
350 23.076923076923077 0.0
351 11.538461538461538 0.0
352 19.23076923076923 0.0
353 23.076923076923077 0.0
354 19.23076923076923 0.0
355 23.076923076923077 0.0
356 19.23076923076923 0.0
357 26.923076923076923 0.0
358 26.923076923076923 0.0
359 15.384615384615385 0.0
360 23.076923076923077 0.0
361 34.61538461538461 0.0
362 19.23076923076923 0.0
363 7.6923076923076925 0.0
364 26.923076923076923 0.0
365 23.076923076923077 0.0
366 23.076923076923077 0.0
367 26.923076923076923 0.0
368 23.076923076923077 0.0
369 34.61538461538461 0.0
370 34.61538461538461 0.0
371 19.23076923076923 0.0
372 30.76923076923077 0.0
373 26.923076923076923 0.0
374 23.076923076923077 0.0
375 23.076923076923077 0.0
376 19.23076923076923 0.0
377 30.76923076923077 0.0
378 19.23076923076923 0.0
379 30.76923076923077 0.0
380 30.76923076923077 0.0
381 23.076923076923077 0.0
382 26.923076923076923 0.0
383 26.923076923076923 0.0
384 23.076923076923077 0.0
385 42.30769230769231 0.0
386 26.923076923076923 0.0
387 38.46153846153846 0.0
388 19.23076923076923 0.0
389 30.76923076923077 0.0
390 38.46153846153846 0.0
391 38.46153846153846 0.0
392 46.15384615384615 0.0
393 42.30769230769231 0.0
394 42.30769230769231 0.0
395 46.15384615384615 0.0
396 46.15384615384615 0.0
397 30.76923076923077 0.0
398 46.15384615384615 0.0
399 26.923076923076923 0.0
400 26.923076923076923 0.0
401 53.84615384615385 0.0
402 50.0 0.0
403 34.61538461538461 0.0
404 38.46153846153846 0.0
405 30.76923076923077 0.0
406 34.61538461538461 0.0
407 38.46153846153846 0.0
408 38.46153846153846 0.0
409 38.46153846153846 0.0
410 30.76923076923077 0.0
411 46.15384615384615 0.0
412 46.15384615384615 0.0
413 46.15384615384615 0.0
414 30.76923076923077 0.0
415 38.46153846153846 0.0
416 15.384615384615385 0.0
417 26.923076923076923 0.0
418 30.76923076923077 0.0
419 26.923076923076923 0.0
420 42.30769230769231 0.0
421 34.61538461538461 0.0
422 42.30769230769231 0.0
423 42.30769230769231 0.0
424 30.76923076923077 0.0
425 26.923076923076923 0.0
426 30.76923076923077 0.0
427 38.46153846153846 0.0
428 26.923076923076923 0.0
429 46.15384615384615 0.0
430 42.30769230769231 0.0
431 42.30769230769231 0.0
432 30.76923076923077 0.0
433 30.76923076923077 0.0
434 42.30769230769231 0.0
435 34.61538461538461 0.0
436 46.15384615384615 0.0
437 42.30769230769231 0.0
438 23.076923076923077 0.0
439 26.923076923076923 0.0
440 19.23076923076923 0.0
441 30.76923076923077 0.0
442 30.76923076923077 0.0
443 30.76923076923077 0.0
444 34.61538461538461 0.0
445 26.923076923076923 0.0
446 34.61538461538461 0.0
447 26.923076923076923 0.0
448 30.76923076923077 0.0
449 42.30769230769231 0.0
450 46.15384615384615 0.0
451 38.46153846153846 0.0
452 23.076923076923077 0.0
453 26.923076923076923 0.0
454 23.076923076923077 0.0
455 19.23076923076923 0.0
456 34.61538461538461 0.0
457 38.46153846153846 0.0
458 30.76923076923077 0.0
459 30.76923076923077 0.0
460 30.76923076923077 0.0
461 38.46153846153846 0.0
462 34.61538461538461 0.0
463 38.46153846153846 0.0
464 46.15384615384615 0.0
465 38.46153846153846 0.0
466 38.46153846153846 0.0
467 26.923076923076923 0.0
468 30.76923076923077 0.0
469 23.076923076923077 0.0
470 30.76923076923077 0.0
471 34.61538461538461 0.0
472 23.076923076923077 0.0
473 34.61538461538461 0.0
474 30.76923076923077 0.0
475 30.76923076923077 0.0
476 30.76923076923077 0.0
477 38.46153846153846 0.0
478 38.46153846153846 0.0
479 34.61538461538461 0.0
480 30.76923076923077 0.0
481 34.61538461538461 0.0
482 26.923076923076923 0.0
483 30.76923076923077 0.0
484 30.76923076923077 0.0
485 38.46153846153846 0.0
486 42.30769230769231 0.0
487 38.46153846153846 0.0
488 23.076923076923077 0.0
489 30.76923076923077 0.0
490 15.384615384615385 0.0
491 26.923076923076923 0.0
492 26.923076923076923 0.0
493 23.076923076923077 0.0
494 30.76923076923077 0.0
495 23.076923076923077 0.0
496 30.76923076923077 0.0
497 30.76923076923077 0.0
498 19.23076923076923 0.0
499 11.538461538461538 0.0
500 15.384615384615385 0.0
501 11.538461538461538 0.0
502 11.538461538461538 0.0
503 19.23076923076923 0.0
504 23.076923076923077 0.0
505 26.923076923076923 0.0
506 23.076923076923077 0.0
507 11.538461538461538 0.0
508 11.538461538461538 0.0
509 23.076923076923077 0.0
510 7.6923076923076925 0.0
511 15.384615384615385 0.0
512 11.538461538461538 0.0
513 19.23076923076923 0.0
514 15.384615384615385 0.0
515 15.384615384615385 0.0
516 15.384615384615385 0.0
517 19.23076923076923 0.0
518 23.076923076923077 0.0
519 26.923076923076923 0.0
520 23.076923076923077 0.0
521 30.76923076923077 0.0
522 23.076923076923077 0.0
523 26.923076923076923 0.0
524 19.23076923076923 0.0
525 15.384615384615385 0.0
526 15.384615384615385 0.0
527 3.8461538461538463 0.0
528 15.384615384615385 0.0
529 19.23076923076923 0.0
530 23.076923076923077 0.0
531 38.46153846153846 0.0
532 19.23076923076923 0.0
533 38.46153846153846 0.0
534 34.61538461538461 0.0
535 34.61538461538461 0.0
536 23.076923076923077 0.0
537 23.076923076923077 0.0
538 30.76923076923077 0.0
539 26.923076923076923 0.0
540 34.61538461538461 0.0
541 38.46153846153846 0.0
542 61.53846153846154 0.0
543 42.30769230769231 0.0
544 50.0 0.0
545 34.61538461538461 0.0
546 57.69230769230769 0.0
547 46.15384615384615 0.0
548 38.46153846153846 0.0
549 46.15384615384615 0.0
550 69.23076923076923 0.0
551 61.53846153846154 0.0
552 46.15384615384615 0.0
553 34.61538461538461 0.0
554 30.76923076923077 0.0
555 38.46153846153846 0.0
556 34.61538461538461 0.0
557 38.46153846153846 0.0
558 50.0 0.0
559 42.30769230769231 0.0
560 34.61538461538461 0.0
561 42.30769230769231 0.0
562 38.46153846153846 0.0
563 38.46153846153846 0.0
564 38.46153846153846 0.0
565 30.76923076923077 0.0
566 38.46153846153846 0.0
567 53.84615384615385 0.0
568 53.84615384615385 0.0
569 42.30769230769231 0.0
570 42.30769230769231 0.0
571 57.69230769230769 0.0
572 46.15384615384615 0.0
573 53.84615384615385 0.0
574 65.38461538461539 0.0
575 65.38461538461539 0.0
576 53.84615384615385 0.0
577 42.30769230769231 0.0
578 57.69230769230769 0.0
579 42.30769230769231 0.0
580 50.0 0.0
581 57.69230769230769 0.0
582 53.84615384615385 0.0
583 42.30769230769231 0.0
584 26.923076923076923 0.0
585 38.46153846153846 0.0
586 23.076923076923077 0.0
587 26.923076923076923 0.0
588 30.76923076923077 0.0
589 30.76923076923077 0.0
590 50.0 0.0
591 26.923076923076923 0.0
592 38.46153846153846 0.0
593 42.30769230769231 0.0
594 30.76923076923077 0.0
595 46.15384615384615 0.0
596 38.46153846153846 0.0
597 46.15384615384615 0.0
598 42.30769230769231 0.0
599 26.923076923076923 0.0
600 53.84615384615385 0.0
601 50.0 0.0
602 46.15384615384615 0.0
603 50.0 0.0
604 30.76923076923077 0.0
605 38.46153846153846 0.0
606 38.46153846153846 0.0
607 46.15384615384615 0.0
608 34.61538461538461 0.0
609 42.30769230769231 0.0
610 38.46153846153846 0.0
611 46.15384615384615 0.0
612 42.30769230769231 0.0
613 42.30769230769231 0.0
614 42.30769230769231 0.0
615 50.0 0.0
616 42.30769230769231 0.0
617 46.15384615384615 0.0
618 38.46153846153846 0.0
619 30.76923076923077 0.0
620 42.30769230769231 0.0
621 34.61538461538461 0.0
622 26.923076923076923 0.0
623 50.0 0.0
624 38.46153846153846 0.0
625 38.46153846153846 0.0
626 30.76923076923077 0.0
627 53.84615384615385 0.0
628 42.30769230769231 0.0
629 50.0 0.0
630 50.0 0.0
631 50.0 0.0
632 46.15384615384615 0.0
633 38.46153846153846 0.0
634 50.0 0.0
635 50.0 0.0
636 38.46153846153846 0.0
637 46.15384615384615 0.0
638 57.69230769230769 0.0
639 42.30769230769231 0.0
640 46.15384615384615 0.0
641 57.69230769230769 0.0
642 57.69230769230769 0.0
643 46.15384615384615 0.0
644 57.69230769230769 0.0
645 53.84615384615385 0.0
646 53.84615384615385 0.0
647 61.53846153846154 0.0
648 53.84615384615385 0.0
649 57.69230769230769 0.0
650 46.15384615384615 0.0
651 38.46153846153846 0.0
652 53.84615384615385 0.0
653 50.0 0.0
654 53.84615384615385 0.0
655 50.0 0.0
656 50.0 0.0
657 46.15384615384615 0.0
658 46.15384615384615 0.0
659 46.15384615384615 0.0
660 30.76923076923077 0.0
661 38.46153846153846 0.0
662 15.384615384615385 0.0
663 42.30769230769231 0.0
664 34.61538461538461 0.0
665 38.46153846153846 0.0
666 34.61538461538461 0.0
667 53.84615384615385 0.0
668 46.15384615384615 0.0
669 53.84615384615385 0.0
670 50.0 0.0
671 53.84615384615385 0.0
672 57.69230769230769 0.0
673 53.84615384615385 0.0
674 34.61538461538461 0.0
675 50.0 0.0
676 34.61538461538461 0.0
677 50.0 0.0
678 42.30769230769231 0.0
679 42.30769230769231 0.0
680 53.84615384615385 0.0
681 57.69230769230769 0.0
682 50.0 0.0
683 50.0 0.0
684 42.30769230769231 0.0
685 42.30769230769231 0.0
686 46.15384615384615 0.0
687 34.61538461538461 0.0
688 57.69230769230769 0.0
689 42.30769230769231 0.0
690 38.46153846153846 0.0
691 53.84615384615385 0.0
692 42.30769230769231 0.0
693 42.30769230769231 0.0
694 53.84615384615385 0.0
695 57.69230769230769 0.0
696 57.69230769230769 0.0
697 50.0 0.0
698 50.0 0.0
699 34.61538461538461 0.0
700 57.69230769230769 0.0
701 34.61538461538461 0.0
702 34.61538461538461 0.0
703 26.923076923076923 0.0
704 46.15384615384615 0.0
705 50.0 0.0
706 23.076923076923077 0.0
707 26.923076923076923 0.0
708 42.30769230769231 0.0
709 69.23076923076923 0.0
710 46.15384615384615 0.0
711 53.84615384615385 0.0
712 46.15384615384615 0.0
713 53.84615384615385 0.0
714 23.076923076923077 0.0
715 34.61538461538461 0.0
716 46.15384615384615 0.0
717 46.15384615384615 0.0
718 42.30769230769231 0.0
719 38.46153846153846 0.0
720 42.30769230769231 0.0
721 57.69230769230769 0.0
722 50.0 0.0
723 50.0 0.0
724 34.61538461538461 0.0
725 38.46153846153846 0.0
726 42.30769230769231 0.0
727 53.84615384615385 0.0
728 50.0 0.0
729 50.0 0.0
730 50.0 0.0
731 50.0 0.0
732 53.84615384615385 0.0
733 57.69230769230769 0.0
734 53.84615384615385 0.0
735 38.46153846153846 0.0
736 46.15384615384615 0.0
737 53.84615384615385 0.0
738 50.0 0.0
739 50.0 0.0
740 42.30769230769231 0.0
741 46.15384615384615 0.0
742 61.53846153846154 0.0
743 42.30769230769231 0.0
744 61.53846153846154 0.0
745 69.23076923076923 0.0
746 50.0 0.0
747 42.30769230769231 0.0
748 50.0 0.0
749 50.0 0.0
750 57.69230769230769 0.0
751 42.30769230769231 0.0
752 50.0 0.0
753 50.0 0.0
754 30.76923076923077 0.0
755 34.61538461538461 0.0
756 30.76923076923077 0.0
757 38.46153846153846 0.0
758 26.923076923076923 0.0
759 38.46153846153846 0.0
760 34.61538461538461 0.0
761 30.76923076923077 0.0
762 26.923076923076923 0.0
763 26.923076923076923 0.0
764 30.76923076923077 0.0
765 34.61538461538461 0.0
766 46.15384615384615 0.0
767 42.30769230769231 0.0
768 26.923076923076923 0.0
769 46.15384615384615 0.0
770 38.46153846153846 0.0
771 26.923076923076923 0.0
772 42.30769230769231 0.0
773 42.30769230769231 0.0
774 50.0 0.0
775 34.61538461538461 0.0
776 42.30769230769231 0.0
777 38.46153846153846 0.0
778 38.46153846153846 0.0
779 50.0 0.0
780 42.30769230769231 0.0
781 38.46153846153846 0.0
782 50.0 0.0
783 38.46153846153846 0.0
784 38.46153846153846 0.0
785 42.30769230769231 0.0
786 15.384615384615385 0.0
787 26.923076923076923 0.0
788 23.076923076923077 0.0
789 34.61538461538461 0.0
790 26.923076923076923 0.0
791 19.23076923076923 0.0
792 30.76923076923077 0.0
793 23.076923076923077 0.0
794 19.23076923076923 0.0
795 19.23076923076923 0.0
796 26.923076923076923 0.0
797 26.923076923076923 0.0
798 26.923076923076923 0.0
799 30.76923076923077 0.0
800 26.923076923076923 0.0
801 26.923076923076923 0.0
802 19.23076923076923 0.0
803 30.76923076923077 0.0
804 23.076923076923077 0.0
805 26.923076923076923 0.0
806 34.61538461538461 0.0
807 30.76923076923077 0.0
808 23.076923076923077 0.0
809 30.76923076923077 0.0
810 30.76923076923077 0.0
811 26.923076923076923 0.0
812 34.61538461538461 0.0
813 30.76923076923077 0.0
814 34.61538461538461 0.0
815 30.76923076923077 0.0
816 30.76923076923077 0.0
817 34.61538461538461 0.0
818 34.61538461538461 0.0
819 42.30769230769231 0.0
820 38.46153846153846 0.0
821 38.46153846153846 0.0
822 26.923076923076923 0.0
823 34.61538461538461 0.0
824 23.076923076923077 0.0
825 23.076923076923077 0.0
826 34.61538461538461 0.0
827 26.923076923076923 0.0
828 38.46153846153846 0.0
829 42.30769230769231 0.0
830 38.46153846153846 0.0
831 26.923076923076923 0.0
832 38.46153846153846 0.0
833 30.76923076923077 0.0
834 30.76923076923077 0.0
835 38.46153846153846 0.0
836 34.61538461538461 0.0
837 38.46153846153846 0.0
838 38.46153846153846 0.0
839 30.76923076923077 0.0
840 30.76923076923077 0.0
841 26.923076923076923 0.0
842 30.76923076923077 0.0
843 26.923076923076923 0.0
844 23.076923076923077 0.0
845 26.923076923076923 0.0
846 30.76923076923077 0.0
847 26.923076923076923 0.0
848 38.46153846153846 0.0
849 30.76923076923077 0.0
850 23.076923076923077 0.0
851 19.23076923076923 0.0
852 38.46153846153846 0.0
853 65.38461538461539 0.0
854 38.46153846153846 0.0
855 38.46153846153846 0.0
856 26.923076923076923 0.0
857 38.46153846153846 0.0
858 38.46153846153846 0.0
859 26.923076923076923 0.0
860 26.923076923076923 0.0
861 26.923076923076923 0.0
862 26.923076923076923 0.0
863 38.46153846153846 0.0
864 30.76923076923077 0.0
865 42.30769230769231 0.0
866 30.76923076923077 0.0
867 38.46153846153846 0.0
868 38.46153846153846 0.0
869 65.38461538461539 0.0
870 34.61538461538461 0.0
871 42.30769230769231 0.0
872 34.61538461538461 0.0
873 26.923076923076923 0.0
874 30.76923076923077 0.0
875 42.30769230769231 0.0
876 26.923076923076923 0.0
877 19.23076923076923 0.0
878 23.076923076923077 0.0
879 19.23076923076923 0.0
880 15.384615384615385 0.0
881 15.384615384615385 0.0
882 23.076923076923077 0.0
883 19.23076923076923 0.0
884 23.076923076923077 0.0
885 23.076923076923077 0.0
886 34.61538461538461 0.0
887 42.30769230769231 0.0
888 38.46153846153846 0.0
889 38.46153846153846 0.0
890 42.30769230769231 0.0
891 30.76923076923077 0.0
892 26.923076923076923 0.0
893 15.384615384615385 0.0
894 15.384615384615385 0.0
895 34.61538461538461 0.0
896 38.46153846153846 0.0
897 26.923076923076923 0.0
898 34.61538461538461 0.0
899 26.923076923076923 0.0
900 34.61538461538461 0.0
901 34.61538461538461 0.0
902 15.384615384615385 0.0
903 11.538461538461538 0.0
904 15.384615384615385 0.0
905 23.076923076923077 0.0
906 19.23076923076923 0.0
907 34.61538461538461 0.0
908 19.23076923076923 0.0
909 26.923076923076923 0.0
910 30.76923076923077 0.0
911 15.384615384615385 0.0
912 23.076923076923077 0.0
913 11.538461538461538 0.0
914 11.538461538461538 0.0
915 15.384615384615385 0.0
916 19.23076923076923 0.0
917 11.538461538461538 0.0
918 15.384615384615385 0.0
919 15.384615384615385 0.0
920 15.384615384615385 0.0
921 19.23076923076923 0.0
922 19.23076923076923 0.0
923 7.6923076923076925 0.0
924 30.76923076923077 0.0
925 42.30769230769231 0.0
926 38.46153846153846 0.0
927 26.923076923076923 0.0
928 38.46153846153846 0.0
929 30.76923076923077 0.0
930 19.23076923076923 0.0
931 23.076923076923077 0.0
932 30.76923076923077 0.0
933 30.76923076923077 0.0
934 19.23076923076923 0.0
935 15.384615384615385 0.0
936 34.61538461538461 0.0
937 30.76923076923077 0.0
938 50.0 0.0
939 50.0 0.0
940 30.76923076923077 0.0
941 50.0 0.0
942 26.923076923076923 0.0
943 34.61538461538461 0.0
944 30.76923076923077 0.0
945 38.46153846153846 0.0
946 30.76923076923077 0.0
947 26.923076923076923 0.0
948 34.61538461538461 0.0
949 26.923076923076923 0.0
950 26.923076923076923 0.0
951 26.923076923076923 0.0
952 23.076923076923077 0.0
953 30.76923076923077 0.0
954 23.076923076923077 0.0
955 30.76923076923077 0.0
956 34.61538461538461 0.0
957 26.923076923076923 0.0
958 26.923076923076923 0.0
959 15.384615384615385 0.0
960 11.538461538461538 0.0
961 19.23076923076923 0.0
962 42.30769230769231 0.0
963 34.61538461538461 0.0
964 19.23076923076923 0.0
965 23.076923076923077 0.0
966 19.23076923076923 0.0
967 15.384615384615385 0.0
968 11.538461538461538 0.0
969 11.538461538461538 0.0
970 23.076923076923077 0.0
971 30.76923076923077 0.0
972 15.384615384615385 0.0
973 26.923076923076923 0.0
974 23.076923076923077 0.0
975 15.384615384615385 0.0
976 30.76923076923077 0.0
977 19.23076923076923 0.0
978 23.076923076923077 0.0
979 19.23076923076923 0.0
980 7.6923076923076925 0.0
981 11.538461538461538 0.0
982 26.923076923076923 0.0
983 26.923076923076923 0.0
984 30.76923076923077 0.0
985 26.923076923076923 0.0
986 30.76923076923077 0.0
987 26.923076923076923 0.0
988 23.076923076923077 0.0
989 23.076923076923077 0.0
990 30.76923076923077 0.0
991 19.23076923076923 0.0
992 34.61538461538461 0.0
993 38.46153846153846 0.0
994 46.15384615384615 0.0
995 42.30769230769231 0.0
996 26.923076923076923 0.0
997 26.923076923076923 0.0
998 46.15384615384615 0.0
999 34.61538461538461 0.0
