#frame monomers_% popc_isolated_%
0 38.46153846153846 0.0
1 26.923076923076923 0.0
2 46.15384615384615 0.0
3 30.76923076923077 0.0
4 38.46153846153846 0.0
5 38.46153846153846 0.0
6 42.30769230769231 0.0
7 26.923076923076923 0.0
8 34.61538461538461 0.0
9 23.076923076923077 0.0
10 23.076923076923077 0.0
11 30.76923076923077 0.0
12 26.923076923076923 0.0
13 26.923076923076923 0.0
14 15.384615384615385 0.0
15 23.076923076923077 0.0
16 26.923076923076923 0.0
17 23.076923076923077 0.0
18 26.923076923076923 0.0
19 26.923076923076923 0.0
20 30.76923076923077 0.0
21 30.76923076923077 0.0
22 30.76923076923077 0.0
23 30.76923076923077 0.0
24 34.61538461538461 0.0
25 30.76923076923077 0.0
26 38.46153846153846 0.0
27 42.30769230769231 0.0
28 46.15384615384615 0.0
29 26.923076923076923 0.0
30 26.923076923076923 0.0
31 46.15384615384615 0.0
32 46.15384615384615 0.0
33 42.30769230769231 0.0
34 23.076923076923077 0.0
35 30.76923076923077 0.0
36 42.30769230769231 0.0
37 38.46153846153846 0.0
38 30.76923076923077 0.0
39 46.15384615384615 0.0
40 38.46153846153846 0.0
41 34.61538461538461 0.0
42 34.61538461538461 0.0
43 53.84615384615385 0.0
44 42.30769230769231 0.0
45 46.15384615384615 0.0
46 42.30769230769231 0.0
47 38.46153846153846 0.0
48 46.15384615384615 0.0
49 38.46153846153846 0.0
50 38.46153846153846 0.0
51 34.61538461538461 0.0
52 34.61538461538461 0.0
53 42.30769230769231 0.0
54 42.30769230769231 0.0
55 38.46153846153846 0.0
56 38.46153846153846 0.0
57 38.46153846153846 0.0
58 30.76923076923077 0.0
59 34.61538461538461 0.0
60 38.46153846153846 0.0
61 30.76923076923077 0.0
62 38.46153846153846 0.0
63 57.69230769230769 0.0
64 46.15384615384615 0.0
65 50.0 0.0
66 57.69230769230769 0.0
67 42.30769230769231 0.0
68 26.923076923076923 0.0
69 34.61538461538461 0.0
70 30.76923076923077 0.0
71 30.76923076923077 0.0
72 34.61538461538461 0.0
73 26.923076923076923 0.0
74 26.923076923076923 0.0
75 26.923076923076923 0.0
76 30.76923076923077 0.0
77 46.15384615384615 0.0
78 34.61538461538461 0.0
79 42.30769230769231 0.0
80 38.46153846153846 0.0
81 38.46153846153846 0.0
82 34.61538461538461 0.0
83 42.30769230769231 0.0
84 34.61538461538461 0.0
85 30.76923076923077 0.0
86 30.76923076923077 0.0
87 26.923076923076923 0.0
88 34.61538461538461 0.0
89 26.923076923076923 0.0
90 42.30769230769231 0.0
91 34.61538461538461 0.0
92 46.15384615384615 0.0
93 42.30769230769231 0.0
94 34.61538461538461 0.0
95 34.61538461538461 0.0
96 34.61538461538461 0.0
97 50.0 0.0
98 42.30769230769231 0.0
99 38.46153846153846 0.0
100 42.30769230769231 0.0
101 46.15384615384615 0.0
102 46.15384615384615 0.0
103 34.61538461538461 0.0
104 42.30769230769231 0.0
105 38.46153846153846 0.0
106 38.46153846153846 0.0
107 38.46153846153846 0.0
108 42.30769230769231 0.0
109 38.46153846153846 0.0
110 57.69230769230769 0.0
111 50.0 0.0
112 34.61538461538461 0.0
113 46.15384615384615 0.0
114 50.0 0.0
115 50.0 0.0
116 57.69230769230769 0.0
117 57.69230769230769 0.0
118 57.69230769230769 0.0
119 53.84615384615385 0.0
120 46.15384615384615 0.0
121 46.15384615384615 0.0
122 34.61538461538461 0.0
123 34.61538461538461 0.0
124 50.0 0.0
125 42.30769230769231 0.0
126 46.15384615384615 0.0
127 46.15384615384615 0.0
128 50.0 0.0
129 50.0 0.0
130 38.46153846153846 0.0
131 42.30769230769231 0.0
132 46.15384615384615 0.0
133 50.0 0.0
134 46.15384615384615 0.0
135 38.46153846153846 0.0
136 42.30769230769231 0.0
137 50.0 0.0
138 30.76923076923077 0.0
139 42.30769230769231 0.0
140 30.76923076923077 0.0
141 34.61538461538461 0.0
142 38.46153846153846 0.0
143 30.76923076923077 0.0
144 30.76923076923077 0.0
145 23.076923076923077 0.0
146 34.61538461538461 0.0
147 23.076923076923077 0.0
148 26.923076923076923 0.0
149 23.076923076923077 0.0
150 19.23076923076923 0.0
151 23.076923076923077 0.0
152 19.23076923076923 0.0
153 19.23076923076923 0.0
154 30.76923076923077 0.0
155 19.23076923076923 0.0
156 30.76923076923077 0.0
157 30.76923076923077 0.0
158 15.384615384615385 0.0
159 26.923076923076923 0.0
160 15.384615384615385 0.0
161 23.076923076923077 0.0
162 34.61538461538461 0.0
163 34.61538461538461 0.0
164 38.46153846153846 0.0
165 30.76923076923077 0.0
166 38.46153846153846 0.0
167 30.76923076923077 0.0
168 23.076923076923077 0.0
169 30.76923076923077 0.0
170 23.076923076923077 0.0
171 15.384615384615385 0.0
172 19.23076923076923 0.0
173 19.23076923076923 0.0
174 19.23076923076923 0.0
175 19.23076923076923 0.0
176 30.76923076923077 0.0
177 30.76923076923077 0.0
178 30.76923076923077 0.0
179 34.61538461538461 0.0
180 30.76923076923077 0.0
181 26.923076923076923 0.0
182 19.23076923076923 0.0
183 34.61538461538461 0.0
184 30.76923076923077 0.0
185 38.46153846153846 0.0
186 38.46153846153846 0.0
187 26.923076923076923 0.0
188 26.923076923076923 0.0
189 38.46153846153846 0.0
190 30.76923076923077 0.0
191 23.076923076923077 0.0
192 38.46153846153846 0.0
193 42.30769230769231 0.0
194 34.61538461538461 0.0
195 30.76923076923077 0.0
196 34.61538461538461 0.0
197 42.30769230769231 0.0
198 34.61538461538461 0.0
199 38.46153846153846 0.0
200 42.30769230769231 0.0
201 42.30769230769231 0.0
202 38.46153846153846 0.0
203 38.46153846153846 0.0
204 46.15384615384615 0.0
205 42.30769230769231 0.0
206 42.30769230769231 0.0
207 38.46153846153846 0.0
208 34.61538461538461 0.0
209 38.46153846153846 0.0
210 38.46153846153846 0.0
211 57.69230769230769 0.0
212 42.30769230769231 0.0
213 30.76923076923077 0.0
214 42.30769230769231 0.0
215 34.61538461538461 0.0
216 30.76923076923077 0.0
217 38.46153846153846 0.0
218 26.923076923076923 0.0
219 30.76923076923077 0.0
220 30.76923076923077 0.0
221 38.46153846153846 0.0
222 38.46153846153846 0.0
223 23.076923076923077 0.0
224 30.76923076923077 0.0
225 38.46153846153846 0.0
226 26.923076923076923 0.0
227 46.15384615384615 0.0
228 46.15384615384615 0.0
229 30.76923076923077 0.0
230 42.30769230769231 0.0
231 30.76923076923077 0.0
232 34.61538461538461 0.0
233 34.61538461538461 0.0
234 50.0 0.0
235 42.30769230769231 0.0
236 46.15384615384615 0.0
237 34.61538461538461 0.0
238 38.46153846153846 0.0
239 34.61538461538461 0.0
240 42.30769230769231 0.0
241 42.30769230769231 0.0
242 42.30769230769231 0.0
243 38.46153846153846 0.0
244 30.76923076923077 0.0
245 34.61538461538461 0.0
246 26.923076923076923 0.0
247 23.076923076923077 0.0
248 34.61538461538461 0.0
249 26.923076923076923 0.0
250 26.923076923076923 0.0
251 23.076923076923077 0.0
252 34.61538461538461 0.0
253 26.923076923076923 0.0
254 15.384615384615385 0.0
255 23.076923076923077 0.0
256 23.076923076923077 0.0
257 11.538461538461538 0.0
258 15.384615384615385 0.0
259 34.61538461538461 0.0
260 34.61538461538461 0.0
261 26.923076923076923 0.0
262 34.61538461538461 0.0
263 30.76923076923077 0.0
264 38.46153846153846 0.0
265 38.46153846153846 0.0
266 30.76923076923077 0.0
267 34.61538461538461 0.0
268 38.46153846153846 0.0
269 38.46153846153846 0.0
270 46.15384615384615 0.0
271 30.76923076923077 0.0
272 42.30769230769231 0.0
273 38.46153846153846 0.0
274 53.84615384615385 0.0
275 50.0 0.0
276 53.84615384615385 0.0
277 50.0 0.0
278 57.69230769230769 0.0
279 61.53846153846154 0.0
280 50.0 0.0
281 42.30769230769231 0.0
282 42.30769230769231 0.0
283 42.30769230769231 0.0
284 42.30769230769231 0.0
285 34.61538461538461 0.0
286 34.61538461538461 0.0
287 38.46153846153846 0.0
288 50.0 0.0
289 46.15384615384615 0.0
290 46.15384615384615 0.0
291 42.30769230769231 0.0
292 46.15384615384615 0.0
293 42.30769230769231 0.0
294 46.15384615384615 0.0
295 50.0 0.0
296 53.84615384615385 0.0
297 46.15384615384615 0.0
298 53.84615384615385 0.0
299 53.84615384615385 0.0
300 34.61538461538461 0.0
301 46.15384615384615 0.0
302 42.30769230769231 0.0
303 30.76923076923077 0.0
304 50.0 0.0
305 38.46153846153846 0.0
306 53.84615384615385 0.0
307 53.84615384615385 0.0
308 42.30769230769231 0.0
309 42.30769230769231 0.0
310 38.46153846153846 0.0
311 42.30769230769231 0.0
312 38.46153846153846 0.0
313 46.15384615384615 0.0
314 34.61538461538461 0.0
315 26.923076923076923 0.0
316 26.923076923076923 0.0
317 30.76923076923077 0.0
318 38.46153846153846 0.0
319 46.15384615384615 0.0
320 30.76923076923077 0.0
321 23.076923076923077 0.0
322 34.61538461538461 0.0
323 30.76923076923077 0.0
324 23.076923076923077 0.0
325 23.076923076923077 0.0
326 38.46153846153846 0.0
327 26.923076923076923 0.0
328 30.76923076923077 0.0
329 38.46153846153846 0.0
330 26.923076923076923 0.0
331 23.076923076923077 0.0
332 34.61538461538461 0.0
333 26.923076923076923 0.0
334 30.76923076923077 0.0
335 53.84615384615385 0.0
336 38.46153846153846 0.0
337 61.53846153846154 0.0
338 38.46153846153846 0.0
339 50.0 0.0
340 53.84615384615385 0.0
341 46.15384615384615 0.0
342 46.15384615384615 0.0
343 50.0 0.0
344 53.84615384615385 0.0
345 46.15384615384615 0.0
346 46.15384615384615 0.0
347 53.84615384615385 0.0
348 46.15384615384615 0.0
349 53.84615384615385 0.0
350 57.69230769230769 0.0
351 57.69230769230769 0.0
352 50.0 0.0
353 53.84615384615385 0.0
354 57.69230769230769 0.0
355 57.69230769230769 0.0
356 57.69230769230769 0.0
357 57.69230769230769 0.0
358 61.53846153846154 0.0
359 50.0 0.0
360 42.30769230769231 0.0
361 50.0 0.0
362 65.38461538461539 0.0
363 46.15384615384615 0.0
364 53.84615384615385 0.0
365 57.69230769230769 0.0
366 30.76923076923077 0.0
367 57.69230769230769 0.0
368 42.30769230769231 0.0
369 46.15384615384615 0.0
370 53.84615384615385 0.0
371 69.23076923076923 0.0
372 53.84615384615385 0.0
373 46.15384615384615 0.0
374 46.15384615384615 0.0
375 42.30769230769231 0.0
376 57.69230769230769 0.0
377 38.46153846153846 0.0
378 46.15384615384615 0.0
379 46.15384615384615 0.0
380 46.15384615384615 0.0
381 57.69230769230769 0.0
382 57.69230769230769 0.0
383 61.53846153846154 0.0
384 53.84615384615385 0.0
385 53.84615384615385 0.0
386 38.46153846153846 0.0
387 50.0 0.0
388 53.84615384615385 0.0
389 42.30769230769231 0.0
390 42.30769230769231 0.0
391 42.30769230769231 0.0
392 38.46153846153846 0.0
393 46.15384615384615 0.0
394 34.61538461538461 0.0
395 57.69230769230769 0.0
396 57.69230769230769 0.0
397 38.46153846153846 0.0
398 34.61538461538461 0.0
399 30.76923076923077 0.0
400 30.76923076923077 0.0
401 46.15384615384615 0.0
402 34.61538461538461 0.0
403 38.46153846153846 0.0
404 30.76923076923077 0.0
405 30.76923076923077 0.0
406 46.15384615384615 0.0
407 46.15384615384615 0.0
408 30.76923076923077 0.0
409 53.84615384615385 0.0
410 38.46153846153846 0.0
411 30.76923076923077 0.0
412 38.46153846153846 0.0
413 26.923076923076923 0.0
414 38.46153846153846 0.0
415 30.76923076923077 0.0
416 46.15384615384615 0.0
417 34.61538461538461 0.0
418 34.61538461538461 0.0
419 19.23076923076923 0.0
420 34.61538461538461 0.0
421 15.384615384615385 0.0
422 30.76923076923077 0.0
423 26.923076923076923 0.0
424 50.0 0.0
425 26.923076923076923 0.0
426 38.46153846153846 0.0
427 15.384615384615385 0.0
428 26.923076923076923 0.0
429 15.384615384615385 0.0
430 23.076923076923077 0.0
431 23.076923076923077 0.0
432 23.076923076923077 0.0
433 34.61538461538461 0.0
434 34.61538461538461 0.0
435 30.76923076923077 0.0
436 34.61538461538461 0.0
437 34.61538461538461 0.0
438 42.30769230769231 0.0
439 30.76923076923077 0.0
440 34.61538461538461 0.0
441 23.076923076923077 0.0
442 26.923076923076923 0.0
443 38.46153846153846 0.0
444 34.61538461538461 0.0
445 26.923076923076923 0.0
446 38.46153846153846 0.0
447 38.46153846153846 0.0
448 30.76923076923077 0.0
449 42.30769230769231 0.0
450 50.0 0.0
451 53.84615384615385 0.0
452 38.46153846153846 0.0
453 57.69230769230769 0.0
454 34.61538461538461 0.0
455 34.61538461538461 0.0
456 46.15384615384615 0.0
457 34.61538461538461 0.0
458 42.30769230769231 0.0
459 30.76923076923077 0.0
460 34.61538461538461 0.0
461 30.76923076923077 0.0
462 34.61538461538461 0.0
463 30.76923076923077 0.0
464 38.46153846153846 0.0
465 30.76923076923077 0.0
466 46.15384615384615 0.0
467 38.46153846153846 0.0
468 46.15384615384615 0.0
469 26.923076923076923 0.0
470 34.61538461538461 0.0
471 30.76923076923077 0.0
472 30.76923076923077 0.0
473 34.61538461538461 0.0
474 42.30769230769231 0.0
475 34.61538461538461 0.0
476 53.84615384615385 0.0
477 38.46153846153846 0.0
478 34.61538461538461 0.0
479 30.76923076923077 0.0
480 38.46153846153846 0.0
481 30.76923076923077 0.0
482 30.76923076923077 0.0
483 50.0 0.0
484 38.46153846153846 0.0
485 30.76923076923077 0.0
486 30.76923076923077 0.0
487 46.15384615384615 0.0
488 34.61538461538461 0.0
489 42.30769230769231 0.0
490 38.46153846153846 0.0
491 42.30769230769231 0.0
492 38.46153846153846 0.0
493 30.76923076923077 0.0
494 34.61538461538461 0.0
495 34.61538461538461 0.0
496 38.46153846153846 0.0
497 34.61538461538461 0.0
498 42.30769230769231 0.0
499 38.46153846153846 0.0
500 34.61538461538461 0.0
501 46.15384615384615 0.0
502 30.76923076923077 0.0
503 38.46153846153846 0.0
504 42.30769230769231 0.0
505 34.61538461538461 0.0
506 46.15384615384615 0.0
507 46.15384615384615 0.0
508 42.30769230769231 0.0
509 38.46153846153846 0.0
510 30.76923076923077 0.0
511 23.076923076923077 0.0
512 30.76923076923077 0.0
513 50.0 0.0
514 30.76923076923077 0.0
515 30.76923076923077 0.0
516 30.76923076923077 0.0
517 26.923076923076923 0.0
518 23.076923076923077 0.0
519 26.923076923076923 0.0
520 30.76923076923077 0.0
521 38.46153846153846 0.0
522 42.30769230769231 0.0
523 26.923076923076923 0.0
524 30.76923076923077 0.0
525 26.923076923076923 0.0
526 30.76923076923077 0.0
527 34.61538461538461 0.0
528 30.76923076923077 0.0
529 30.76923076923077 0.0
530 30.76923076923077 0.0
531 30.76923076923077 0.0
532 26.923076923076923 0.0
533 38.46153846153846 0.0
534 34.61538461538461 0.0
535 34.61538461538461 0.0
536 53.84615384615385 0.0
537 38.46153846153846 0.0
538 30.76923076923077 0.0
539 50.0 0.0
540 42.30769230769231 0.0
541 46.15384615384615 0.0
542 38.46153846153846 0.0
543 46.15384615384615 0.0
544 26.923076923076923 0.0
545 38.46153846153846 0.0
546 50.0 0.0
547 50.0 0.0
548 57.69230769230769 0.0
549 38.46153846153846 0.0
550 23.076923076923077 0.0
551 30.76923076923077 0.0
552 46.15384615384615 0.0
553 38.46153846153846 0.0
554 38.46153846153846 0.0
555 42.30769230769231 0.0
556 61.53846153846154 0.0
557 46.15384615384615 0.0
558 46.15384615384615 0.0
559 50.0 0.0
560 53.84615384615385 0.0
561 53.84615384615385 0.0
562 42.30769230769231 0.0
563 42.30769230769231 0.0
564 38.46153846153846 0.0
565 50.0 0.0
566 46.15384615384615 0.0
567 34.61538461538461 0.0
568 26.923076923076923 0.0
569 46.15384615384615 0.0
570 30.76923076923077 0.0
571 26.923076923076923 0.0
572 30.76923076923077 0.0
573 30.76923076923077 0.0
574 34.61538461538461 0.0
575 30.76923076923077 0.0
576 30.76923076923077 0.0
577 38.46153846153846 0.0
578 34.61538461538461 0.0
579 26.923076923076923 0.0
580 50.0 0.0
581 42.30769230769231 0.0
582 34.61538461538461 0.0
583 23.076923076923077 0.0
584 42.30769230769231 0.0
585 38.46153846153846 0.0
586 38.46153846153846 0.0
587 61.53846153846154 0.0
588 65.38461538461539 0.0
589 50.0 0.0
590 53.84615384615385 0.0
591 50.0 0.0
592 46.15384615384615 0.0
593 38.46153846153846 0.0
594 42.30769230769231 0.0
595 50.0 0.0
596 46.15384615384615 0.0
597 38.46153846153846 0.0
598 42.30769230769231 0.0
599 53.84615384615385 0.0
600 50.0 0.0
601 42.30769230769231 0.0
602 42.30769230769231 0.0
603 42.30769230769231 0.0
604 50.0 0.0
605 46.15384615384615 0.0
606 53.84615384615385 0.0
607 38.46153846153846 0.0
608 38.46153846153846 0.0
609 46.15384615384615 0.0
610 30.76923076923077 0.0
611 26.923076923076923 0.0
612 26.923076923076923 0.0
613 34.61538461538461 0.0
614 30.76923076923077 0.0
615 53.84615384615385 0.0
616 30.76923076923077 0.0
617 26.923076923076923 0.0
618 34.61538461538461 0.0
619 30.76923076923077 0.0
620 34.61538461538461 0.0
621 30.76923076923077 0.0
622 42.30769230769231 0.0
623 30.76923076923077 0.0
624 23.076923076923077 0.0
625 26.923076923076923 0.0
626 11.538461538461538 0.0
627 15.384615384615385 0.0
628 11.538461538461538 0.0
629 15.384615384615385 0.0
630 11.538461538461538 0.0
631 15.384615384615385 0.0
632 23.076923076923077 0.0
633 15.384615384615385 0.0
634 15.384615384615385 0.0
635 19.23076923076923 0.0
636 7.6923076923076925 0.0
637 11.538461538461538 0.0
638 19.23076923076923 0.0
639 26.923076923076923 0.0
640 34.61538461538461 0.0
641 46.15384615384615 0.0
642 34.61538461538461 0.0
643 34.61538461538461 0.0
644 38.46153846153846 0.0
645 23.076923076923077 0.0
646 23.076923076923077 0.0
647 23.076923076923077 0.0
648 34.61538461538461 0.0
649 19.23076923076923 0.0
650 23.076923076923077 0.0
651 26.923076923076923 0.0
652 19.23076923076923 0.0
653 26.923076923076923 0.0
654 26.923076923076923 0.0
655 46.15384615384615 0.0
656 50.0 0.0
657 26.923076923076923 0.0
658 34.61538461538461 0.0
659 26.923076923076923 0.0
660 38.46153846153846 0.0
661 26.923076923076923 0.0
662 23.076923076923077 0.0
663 26.923076923076923 0.0
664 26.923076923076923 0.0
665 30.76923076923077 0.0
666 38.46153846153846 0.0
667 34.61538461538461 0.0
668 30.76923076923077 0.0
669 34.61538461538461 0.0
670 38.46153846153846 0.0
671 26.923076923076923 0.0
672 30.76923076923077 0.0
673 19.23076923076923 0.0
674 19.23076923076923 0.0
675 15.384615384615385 0.0
676 19.23076923076923 0.0
677 23.076923076923077 0.0
678 30.76923076923077 0.0
679 34.61538461538461 0.0
680 23.076923076923077 0.0
681 26.923076923076923 0.0
682 26.923076923076923 0.0
683 34.61538461538461 0.0
684 34.61538461538461 0.0
685 34.61538461538461 0.0
686 34.61538461538461 0.0
687 23.076923076923077 0.0
688 26.923076923076923 0.0
689 15.384615384615385 0.0
690 23.076923076923077 0.0
691 34.61538461538461 0.0
692 26.923076923076923 0.0
693 38.46153846153846 0.0
694 30.76923076923077 0.0
695 19.23076923076923 0.0
696 26.923076923076923 0.0
697 34.61538461538461 0.0
698 23.076923076923077 0.0
699 46.15384615384615 0.0
700 38.46153846153846 0.0
701 30.76923076923077 0.0
702 26.923076923076923 0.0
703 34.61538461538461 0.0
704 34.61538461538461 0.0
705 34.61538461538461 0.0
706 34.61538461538461 0.0
707 19.23076923076923 0.0
708 23.076923076923077 0.0
709 19.23076923076923 0.0
710 23.076923076923077 0.0
711 30.76923076923077 0.0
712 19.23076923076923 0.0
713 23.076923076923077 0.0
714 26.923076923076923 0.0
715 26.923076923076923 0.0
716 42.30769230769231 0.0
717 34.61538461538461 0.0
718 26.923076923076923 0.0
719 38.46153846153846 0.0
720 23.076923076923077 0.0
721 26.923076923076923 0.0
722 23.076923076923077 0.0
723 15.384615384615385 0.0
724 34.61538461538461 0.0
725 30.76923076923077 0.0
726 38.46153846153846 0.0
727 34.61538461538461 0.0
728 42.30769230769231 0.0
729 38.46153846153846 0.0
730 23.076923076923077 0.0
731 23.076923076923077 0.0
732 30.76923076923077 0.0
733 34.61538461538461 0.0
734 23.076923076923077 0.0
735 38.46153846153846 0.0
736 19.23076923076923 0.0
737 42.30769230769231 0.0
738 30.76923076923077 0.0
739 34.61538461538461 0.0
740 38.46153846153846 0.0
741 46.15384615384615 0.0
742 46.15384615384615 0.0
743 38.46153846153846 0.0
744 26.923076923076923 0.0
745 30.76923076923077 0.0
746 26.923076923076923 0.0
747 34.61538461538461 0.0
748 46.15384615384615 0.0
749 38.46153846153846 0.0
750 50.0 0.0
751 46.15384615384615 0.0
752 30.76923076923077 0.0
753 30.76923076923077 0.0
754 34.61538461538461 0.0
755 42.30769230769231 0.0
756 34.61538461538461 0.0
757 46.15384615384615 0.0
758 38.46153846153846 0.0
759 38.46153846153846 0.0
760 38.46153846153846 0.0
761 42.30769230769231 0.0
762 30.76923076923077 0.0
763 30.76923076923077 0.0
764 23.076923076923077 0.0
765 34.61538461538461 0.0
766 26.923076923076923 0.0
767 26.923076923076923 0.0
768 34.61538461538461 0.0
769 23.076923076923077 0.0
770 26.923076923076923 0.0
771 34.61538461538461 0.0
772 30.76923076923077 0.0
773 38.46153846153846 0.0
774 42.30769230769231 0.0
775 34.61538461538461 0.0
776 34.61538461538461 0.0
777 38.46153846153846 0.0
778 42.30769230769231 0.0
779 46.15384615384615 0.0
780 42.30769230769231 0.0
781 38.46153846153846 0.0
782 26.923076923076923 0.0
783 34.61538461538461 0.0
784 57.69230769230769 0.0
785 50.0 0.0
786 69.23076923076923 0.0
787 69.23076923076923 0.0
788 57.69230769230769 0.0
789 65.38461538461539 0.0
790 46.15384615384615 0.0
791 42.30769230769231 0.0
792 38.46153846153846 0.0
793 46.15384615384615 0.0
794 38.46153846153846 0.0
795 19.23076923076923 0.0
796 26.923076923076923 0.0
797 23.076923076923077 0.0
798 26.923076923076923 0.0
799 19.23076923076923 0.0
800 26.923076923076923 0.0
801 34.61538461538461 0.0
802 57.69230769230769 0.0
803 30.76923076923077 0.0
804 46.15384615384615 0.0
805 26.923076923076923 0.0
806 42.30769230769231 0.0
807 26.923076923076923 0.0
808 30.76923076923077 0.0
809 42.30769230769231 0.0
810 30.76923076923077 0.0
811 26.923076923076923 0.0
812 30.76923076923077 0.0
813 23.076923076923077 0.0
814 38.46153846153846 0.0
815 26.923076923076923 0.0
816 23.076923076923077 0.0
817 19.23076923076923 0.0
818 23.076923076923077 0.0
819 26.923076923076923 0.0
820 19.23076923076923 0.0
821 26.923076923076923 0.0
822 19.23076923076923 0.0
823 42.30769230769231 0.0
824 30.76923076923077 0.0
825 42.30769230769231 0.0
826 23.076923076923077 0.0
827 34.61538461538461 0.0
828 46.15384615384615 0.0
829 38.46153846153846 0.0
830 30.76923076923077 0.0
831 46.15384615384615 0.0
832 23.076923076923077 0.0
833 26.923076923076923 0.0
834 30.76923076923077 0.0
835 30.76923076923077 0.0
836 30.76923076923077 0.0
837 26.923076923076923 0.0
838 34.61538461538461 0.0
839 38.46153846153846 0.0
840 38.46153846153846 0.0
841 46.15384615384615 0.0
842 26.923076923076923 0.0
843 46.15384615384615 0.0
844 46.15384615384615 0.0
845 50.0 0.0
846 50.0 0.0
847 46.15384615384615 0.0
848 30.76923076923077 0.0
849 38.46153846153846 0.0
850 38.46153846153846 0.0
851 38.46153846153846 0.0
852 23.076923076923077 0.0
853 34.61538461538461 0.0
854 19.23076923076923 0.0
855 23.076923076923077 0.0
856 23.076923076923077 0.0
857 34.61538461538461 0.0
858 26.923076923076923 0.0
859 15.384615384615385 0.0
860 30.76923076923077 0.0
861 38.46153846153846 0.0
862 23.076923076923077 0.0
863 30.76923076923077 0.0
864 26.923076923076923 0.0
865 23.076923076923077 0.0
866 26.923076923076923 0.0
867 19.23076923076923 0.0
868 38.46153846153846 0.0
869 30.76923076923077 0.0
870 38.46153846153846 0.0
871 34.61538461538461 0.0
872 34.61538461538461 0.0
873 34.61538461538461 0.0
874 34.61538461538461 0.0
875 30.76923076923077 0.0
876 19.23076923076923 0.0
877 15.384615384615385 0.0
878 15.384615384615385 0.0
879 23.076923076923077 0.0
880 15.384615384615385 0.0
881 11.538461538461538 0.0
882 15.384615384615385 0.0
883 30.76923076923077 0.0
884 38.46153846153846 0.0
885 38.46153846153846 0.0
886 57.69230769230769 0.0
887 61.53846153846154 0.0
888 53.84615384615385 0.0
889 38.46153846153846 0.0
890 50.0 0.0
891 34.61538461538461 0.0
892 46.15384615384615 0.0
893 46.15384615384615 0.0
894 46.15384615384615 0.0
895 26.923076923076923 0.0
896 38.46153846153846 0.0
897 38.46153846153846 0.0
898 34.61538461538461 0.0
899 26.923076923076923 0.0
900 30.76923076923077 0.0
901 30.76923076923077 0.0
902 26.923076923076923 0.0
903 23.076923076923077 0.0
904 34.61538461538461 0.0
905 38.46153846153846 0.0
906 34.61538461538461 0.0
907 38.46153846153846 0.0
908 46.15384615384615 0.0
909 34.61538461538461 0.0
910 26.923076923076923 0.0
911 42.30769230769231 0.0
912 26.923076923076923 0.0
913 42.30769230769231 0.0
914 46.15384615384615 0.0
915 46.15384615384615 0.0
916 38.46153846153846 0.0
917 38.46153846153846 0.0
918 57.69230769230769 0.0
919 50.0 0.0
920 46.15384615384615 0.0
921 53.84615384615385 0.0
922 46.15384615384615 0.0
923 38.46153846153846 0.0
924 50.0 0.0
925 38.46153846153846 0.0
926 38.46153846153846 0.0
927 53.84615384615385 0.0
928 50.0 0.0
929 46.15384615384615 0.0
930 42.30769230769231 0.0
931 50.0 0.0
932 50.0 0.0
933 53.84615384615385 0.0
934 46.15384615384615 0.0
935 42.30769230769231 0.0
936 46.15384615384615 0.0
937 42.30769230769231 0.0
938 50.0 0.0
939 57.69230769230769 0.0
940 42.30769230769231 0.0
941 42.30769230769231 0.0
942 46.15384615384615 0.0
943 50.0 0.0
944 50.0 0.0
945 42.30769230769231 0.0
946 38.46153846153846 0.0
947 46.15384615384615 0.0
948 50.0 0.0
949 53.84615384615385 0.0
950 57.69230769230769 0.0
951 38.46153846153846 0.0
952 46.15384615384615 0.0
953 42.30769230769231 0.0
954 53.84615384615385 0.0
955 50.0 0.0
956 38.46153846153846 0.0
957 38.46153846153846 0.0
958 42.30769230769231 0.0
959 50.0 0.0
960 46.15384615384615 0.0
961 53.84615384615385 0.0
962 53.84615384615385 0.0
963 53.84615384615385 0.0
964 38.46153846153846 0.0
965 46.15384615384615 0.0
966 42.30769230769231 0.0
967 42.30769230769231 0.0
968 57.69230769230769 0.0
969 61.53846153846154 0.0
970 61.53846153846154 0.0
971 57.69230769230769 0.0
972 53.84615384615385 0.0
973 42.30769230769231 0.0
974 57.69230769230769 0.0
975 34.61538461538461 0.0
976 53.84615384615385 0.0
977 61.53846153846154 0.0
978 80.76923076923077 0.0
979 61.53846153846154 0.0
980 69.23076923076923 0.0
981 34.61538461538461 0.0
982 57.69230769230769 0.0
983 69.23076923076923 0.0
984 57.69230769230769 0.0
985 69.23076923076923 0.0
986 38.46153846153846 0.0
987 69.23076923076923 0.0
988 57.69230769230769 0.0
989 69.23076923076923 0.0
990 46.15384615384615 0.0
991 69.23076923076923 0.0
992 53.84615384615385 0.0
993 61.53846153846154 0.0
994 53.84615384615385 0.0
995 57.69230769230769 0.0
996 46.15384615384615 0.0
997 42.30769230769231 0.0
998 30.76923076923077 0.0
999 38.46153846153846 0.0
