#frame monomers_% popc_isolated_%
0 34.61538461538461 0.0
1 34.61538461538461 0.0
2 46.15384615384615 0.0
3 38.46153846153846 0.0
4 38.46153846153846 0.0
5 23.076923076923077 0.0
6 42.30769230769231 0.0
7 50.0 0.0
8 65.38461538461539 0.0
9 61.53846153846154 0.0
10 42.30769230769231 0.0
11 46.15384615384615 0.0
12 30.76923076923077 0.0
13 57.69230769230769 0.0
14 46.15384615384615 0.0
15 50.0 0.0
16 46.15384615384615 0.0
17 50.0 0.0
18 42.30769230769231 0.0
19 42.30769230769231 0.0
20 42.30769230769231 0.0
21 46.15384615384615 0.0
22 50.0 0.0
23 53.84615384615385 0.0
24 53.84615384615385 0.0
25 42.30769230769231 0.0
26 42.30769230769231 0.0
27 30.76923076923077 0.0
28 50.0 0.0
29 38.46153846153846 0.0
30 34.61538461538461 0.0
31 57.69230769230769 0.0
32 53.84615384615385 0.0
33 50.0 0.0
34 46.15384615384615 0.0
35 42.30769230769231 0.0
36 73.07692307692308 0.0
37 65.38461538461539 0.0
38 38.46153846153846 0.0
39 50.0 0.0
40 53.84615384615385 0.0
41 61.53846153846154 0.0
42 46.15384615384615 0.0
43 50.0 0.0
44 50.0 0.0
45 34.61538461538461 0.0
46 57.69230769230769 0.0
47 53.84615384615385 0.0
48 38.46153846153846 0.0
49 38.46153846153846 0.0
50 38.46153846153846 0.0
51 50.0 0.0
52 30.76923076923077 0.0
53 34.61538461538461 0.0
54 38.46153846153846 0.0
55 34.61538461538461 0.0
56 53.84615384615385 0.0
57 23.076923076923077 0.0
58 46.15384615384615 0.0
59 46.15384615384615 0.0
60 38.46153846153846 0.0
61 53.84615384615385 0.0
62 30.76923076923077 0.0
63 42.30769230769231 0.0
64 50.0 0.0
65 38.46153846153846 0.0
66 42.30769230769231 0.0
67 42.30769230769231 0.0
68 50.0 0.0
69 42.30769230769231 0.0
70 34.61538461538461 0.0
71 50.0 0.0
72 46.15384615384615 0.0
73 46.15384615384615 0.0
74 57.69230769230769 0.0
75 46.15384615384615 0.0
76 50.0 0.0
77 57.69230769230769 0.0
78 42.30769230769231 0.0
79 30.76923076923077 0.0
80 42.30769230769231 0.0
81 38.46153846153846 0.0
82 46.15384615384615 0.0
83 50.0 0.0
84 50.0 0.0
85 38.46153846153846 0.0
86 53.84615384615385 0.0
87 57.69230769230769 0.0
88 57.69230769230769 0.0
89 57.69230769230769 0.0
90 53.84615384615385 0.0
91 38.46153846153846 0.0
92 46.15384615384615 0.0
93 53.84615384615385 0.0
94 46.15384615384615 0.0
95 57.69230769230769 0.0
96 46.15384615384615 0.0
97 42.30769230769231 0.0
98 46.15384615384615 0.0
99 34.61538461538461 0.0
100 46.15384615384615 0.0
101 38.46153846153846 0.0
102 46.15384615384615 0.0
103 46.15384615384615 0.0
104 34.61538461538461 0.0
105 34.61538461538461 0.0
106 19.23076923076923 0.0
107 23.076923076923077 0.0
108 38.46153846153846 0.0
109 23.076923076923077 0.0
110 42.30769230769231 0.0
111 38.46153846153846 0.0
112 34.61538461538461 0.0
113 34.61538461538461 0.0
114 46.15384615384615 0.0
115 19.23076923076923 0.0
116 26.923076923076923 0.0
117 19.23076923076923 0.0
118 34.61538461538461 0.0
119 38.46153846153846 0.0
120 30.76923076923077 0.0
121 30.76923076923077 0.0
122 38.46153846153846 0.0
123 34.61538461538461 0.0
124 34.61538461538461 0.0
125 46.15384615384615 0.0
126 34.61538461538461 0.0
127 46.15384615384615 0.0
128 30.76923076923077 0.0
129 30.76923076923077 0.0
130 42.30769230769231 0.0
131 30.76923076923077 0.0
132 34.61538461538461 0.0
133 34.61538461538461 0.0
134 38.46153846153846 0.0
135 30.76923076923077 0.0
136 34.61538461538461 0.0
137 30.76923076923077 0.0
138 34.61538461538461 0.0
139 38.46153846153846 0.0
140 26.923076923076923 0.0
141 26.923076923076923 0.0
142 34.61538461538461 0.0
143 34.61538461538461 0.0
144 34.61538461538461 0.0
145 50.0 0.0
146 42.30769230769231 0.0
147 53.84615384615385 0.0
148 50.0 0.0
149 65.38461538461539 0.0
150 50.0 0.0
151 46.15384615384615 0.0
152 65.38461538461539 0.0
153 53.84615384615385 0.0
154 65.38461538461539 0.0
155 50.0 0.0
156 46.15384615384615 0.0
157 46.15384615384615 0.0
158 38.46153846153846 0.0
159 30.76923076923077 0.0
160 46.15384615384615 0.0
161 50.0 0.0
162 61.53846153846154 0.0
163 46.15384615384615 0.0
164 46.15384615384615 0.0
165 42.30769230769231 0.0
166 42.30769230769231 0.0
167 38.46153846153846 0.0
168 46.15384615384615 0.0
169 34.61538461538461 0.0
170 34.61538461538461 0.0
171 26.923076923076923 0.0
172 53.84615384615385 0.0
173 30.76923076923077 0.0
174 46.15384615384615 0.0
175 50.0 0.0
176 46.15384615384615 0.0
177 30.76923076923077 0.0
178 30.76923076923077 0.0
179 38.46153846153846 0.0
180 34.61538461538461 0.0
181 46.15384615384615 0.0
182 30.76923076923077 0.0
183 38.46153846153846 0.0
184 46.15384615384615 0.0
185 42.30769230769231 0.0
186 19.23076923076923 0.0
187 34.61538461538461 0.0
188 38.46153846153846 0.0
189 50.0 0.0
190 38.46153846153846 0.0
191 42.30769230769231 0.0
192 30.76923076923077 0.0
193 42.30769230769231 0.0
194 42.30769230769231 0.0
195 30.76923076923077 0.0
196 26.923076923076923 0.0
197 30.76923076923077 0.0
198 38.46153846153846 0.0
199 34.61538461538461 0.0
200 30.76923076923077 0.0
201 30.76923076923077 0.0
202 30.76923076923077 0.0
203 34.61538461538461 0.0
204 26.923076923076923 0.0
205 38.46153846153846 0.0
206 38.46153846153846 0.0
207 30.76923076923077 0.0
208 23.076923076923077 0.0
209 50.0 0.0
210 34.61538461538461 0.0
211 42.30769230769231 0.0
212 34.61538461538461 0.0
213 46.15384615384615 0.0
214 34.61538461538461 0.0
215 26.923076923076923 0.0
216 38.46153846153846 0.0
217 34.61538461538461 0.0
218 42.30769230769231 0.0
219 38.46153846153846 0.0
220 34.61538461538461 0.0
221 42.30769230769231 0.0
222 34.61538461538461 0.0
223 30.76923076923077 0.0
224 26.923076923076923 0.0
225 26.923076923076923 0.0
226 42.30769230769231 0.0
227 34.61538461538461 0.0
228 30.76923076923077 0.0
229 23.076923076923077 0.0
230 38.46153846153846 0.0
231 46.15384615384615 0.0
232 26.923076923076923 0.0
233 34.61538461538461 0.0
234 23.076923076923077 0.0
235 30.76923076923077 0.0
236 15.384615384615385 0.0
237 26.923076923076923 0.0
238 30.76923076923077 0.0
239 26.923076923076923 0.0
240 26.923076923076923 0.0
241 19.23076923076923 0.0
242 34.61538461538461 0.0
243 23.076923076923077 0.0
244 23.076923076923077 0.0
245 26.923076923076923 0.0
246 30.76923076923077 0.0
247 23.076923076923077 0.0
248 23.076923076923077 0.0
249 34.61538461538461 0.0
250 34.61538461538461 0.0
251 30.76923076923077 0.0
252 34.61538461538461 0.0
253 26.923076923076923 0.0
254 34.61538461538461 0.0
255 38.46153846153846 0.0
256 34.61538461538461 0.0
257 38.46153846153846 0.0
258 26.923076923076923 0.0
259 30.76923076923077 0.0
260 38.46153846153846 0.0
261 30.76923076923077 0.0
262 30.76923076923077 0.0
263 34.61538461538461 0.0
264 26.923076923076923 0.0
265 19.23076923076923 0.0
266 26.923076923076923 0.0
267 34.61538461538461 0.0
268 30.76923076923077 0.0
269 46.15384615384615 0.0
270 50.0 0.0
271 42.30769230769231 0.0
272 57.69230769230769 0.0
273 53.84615384615385 0.0
274 57.69230769230769 0.0
275 61.53846153846154 0.0
276 50.0 0.0
277 50.0 0.0
278 46.15384615384615 0.0
279 50.0 0.0
280 61.53846153846154 0.0
281 50.0 0.0
282 53.84615384615385 0.0
283 53.84615384615385 0.0
284 61.53846153846154 0.0
285 46.15384615384615 0.0
286 53.84615384615385 0.0
287 50.0 0.0
288 53.84615384615385 0.0
289 38.46153846153846 0.0
290 57.69230769230769 0.0
291 46.15384615384615 0.0
292 50.0 0.0
293 53.84615384615385 0.0
294 46.15384615384615 0.0
295 61.53846153846154 0.0
296 30.76923076923077 0.0
297 46.15384615384615 0.0
298 42.30769230769231 0.0
299 46.15384615384615 0.0
300 53.84615384615385 0.0
301 57.69230769230769 0.0
302 38.46153846153846 0.0
303 50.0 0.0
304 30.76923076923077 0.0
305 19.23076923076923 0.0
306 30.76923076923077 0.0
307 38.46153846153846 0.0
308 38.46153846153846 0.0
309 26.923076923076923 0.0
310 19.23076923076923 0.0
311 34.61538461538461 0.0
312 38.46153846153846 0.0
313 26.923076923076923 0.0
314 11.538461538461538 0.0
315 26.923076923076923 0.0
316 34.61538461538461 0.0
317 23.076923076923077 0.0
318 38.46153846153846 0.0
319 30.76923076923077 0.0
320 23.076923076923077 0.0
321 30.76923076923077 0.0
322 46.15384615384615 0.0
323 26.923076923076923 0.0
324 34.61538461538461 0.0
325 46.15384615384615 0.0
326 38.46153846153846 0.0
327 38.46153846153846 0.0
328 26.923076923076923 0.0
329 34.61538461538461 0.0
330 26.923076923076923 0.0
331 30.76923076923077 0.0
332 38.46153846153846 0.0
333 38.46153846153846 0.0
334 42.30769230769231 0.0
335 30.76923076923077 0.0
336 46.15384615384615 0.0
337 23.076923076923077 0.0
338 38.46153846153846 0.0
339 26.923076923076923 0.0
340 26.923076923076923 0.0
341 34.61538461538461 0.0
342 23.076923076923077 0.0
343 30.76923076923077 0.0
344 15.384615384615385 0.0
345 15.384615384615385 0.0
346 42.30769230769231 0.0
347 26.923076923076923 0.0
348 30.76923076923077 0.0
349 46.15384615384615 0.0
350 38.46153846153846 0.0
351 42.30769230769231 0.0
352 34.61538461538461 0.0
353 46.15384615384615 0.0
354 30.76923076923077 0.0
355 53.84615384615385 0.0
356 34.61538461538461 0.0
357 30.76923076923077 0.0
358 26.923076923076923 0.0
359 46.15384615384615 0.0
360 38.46153846153846 0.0
361 46.15384615384615 0.0
362 50.0 0.0
363 50.0 0.0
364 46.15384615384615 0.0
365 50.0 0.0
366 42.30769230769231 0.0
367 42.30769230769231 0.0
368 50.0 0.0
369 53.84615384615385 0.0
370 34.61538461538461 0.0
371 38.46153846153846 0.0
372 46.15384615384615 0.0
373 30.76923076923077 0.0
374 26.923076923076923 0.0
375 30.76923076923077 0.0
376 42.30769230769231 0.0
377 42.30769230769231 0.0
378 42.30769230769231 0.0
379 42.30769230769231 0.0
380 30.76923076923077 0.0
381 46.15384615384615 0.0
382 46.15384615384615 0.0
383 38.46153846153846 0.0
384 30.76923076923077 0.0
385 26.923076923076923 0.0
386 15.384615384615385 0.0
387 46.15384615384615 0.0
388 42.30769230769231 0.0
389 30.76923076923077 0.0
390 30.76923076923077 0.0
391 38.46153846153846 0.0
392 42.30769230769231 0.0
393 34.61538461538461 0.0
394 42.30769230769231 0.0
395 34.61538461538461 0.0
396 34.61538461538461 0.0
397 46.15384615384615 0.0
398 23.076923076923077 0.0
399 42.30769230769231 0.0
400 30.76923076923077 0.0
401 26.923076923076923 0.0
402 30.76923076923077 0.0
403 30.76923076923077 0.0
404 38.46153846153846 0.0
405 42.30769230769231 0.0
406 26.923076923076923 0.0
407 30.76923076923077 0.0
408 30.76923076923077 0.0
409 38.46153846153846 0.0
410 30.76923076923077 0.0
411 34.61538461538461 0.0
412 38.46153846153846 0.0
413 46.15384615384615 0.0
414 30.76923076923077 0.0
415 26.923076923076923 0.0
416 26.923076923076923 0.0
417 26.923076923076923 0.0
418 15.384615384615385 0.0
419 34.61538461538461 0.0
420 38.46153846153846 0.0
421 30.76923076923077 0.0
422 26.923076923076923 0.0
423 42.30769230769231 0.0
424 38.46153846153846 0.0
425 34.61538461538461 0.0
426 42.30769230769231 0.0
427 69.23076923076923 0.0
428 57.69230769230769 0.0
429 34.61538461538461 0.0
430 38.46153846153846 0.0
431 42.30769230769231 0.0
432 50.0 0.0
433 69.23076923076923 0.0
434 65.38461538461539 0.0
435 65.38461538461539 0.0
436 61.53846153846154 0.0
437 42.30769230769231 0.0
438 42.30769230769231 0.0
439 65.38461538461539 0.0
440 53.84615384615385 0.0
441 38.46153846153846 0.0
442 23.076923076923077 0.0
443 53.84615384615385 0.0
444 53.84615384615385 0.0
445 30.76923076923077 0.0
446 42.30769230769231 0.0
447 46.15384615384615 0.0
448 46.15384615384615 0.0
449 50.0 0.0
450 65.38461538461539 0.0
451 65.38461538461539 0.0
452 53.84615384615385 0.0
453 69.23076923076923 0.0
454 57.69230769230769 0.0
455 61.53846153846154 0.0
456 65.38461538461539 0.0
457 57.69230769230769 0.0
458 42.30769230769231 0.0
459 73.07692307692308 0.0
460 65.38461538461539 0.0
461 42.30769230769231 0.0
462 50.0 0.0
463 42.30769230769231 0.0
464 50.0 0.0
465 50.0 0.0
466 61.53846153846154 0.0
467 46.15384615384615 0.0
468 50.0 0.0
469 42.30769230769231 0.0
470 50.0 0.0
471 42.30769230769231 0.0
472 42.30769230769231 0.0
473 50.0 0.0
474 38.46153846153846 0.0
475 50.0 0.0
476 46.15384615384615 0.0
477 61.53846153846154 0.0
478 50.0 0.0
479 50.0 0.0
480 46.15384615384615 0.0
481 50.0 0.0
482 65.38461538461539 0.0
483 42.30769230769231 0.0
484 38.46153846153846 0.0
485 46.15384615384615 0.0
486 38.46153846153846 0.0
487 61.53846153846154 0.0
488 42.30769230769231 0.0
489 46.15384615384615 0.0
490 53.84615384615385 0.0
491 61.53846153846154 0.0
492 57.69230769230769 0.0
493 42.30769230769231 0.0
494 42.30769230769231 0.0
495 53.84615384615385 0.0
496 53.84615384615385 0.0
497 65.38461538461539 0.0
498 61.53846153846154 0.0
499 38.46153846153846 0.0
500 38.46153846153846 0.0
501 42.30769230769231 0.0
502 38.46153846153846 0.0
503 53.84615384615385 0.0
504 50.0 0.0
505 61.53846153846154 0.0
506 42.30769230769231 0.0
507 42.30769230769231 0.0
508 53.84615384615385 0.0
509 34.61538461538461 0.0
510 42.30769230769231 0.0
511 50.0 0.0
512 38.46153846153846 0.0
513 30.76923076923077 0.0
514 46.15384615384615 0.0
515 30.76923076923077 0.0
516 38.46153846153846 0.0
517 46.15384615384615 0.0
518 38.46153846153846 0.0
519 19.23076923076923 0.0
520 26.923076923076923 0.0
521 42.30769230769231 0.0
522 34.61538461538461 0.0
523 30.76923076923077 0.0
524 42.30769230769231 0.0
525 46.15384615384615 0.0
526 34.61538461538461 0.0
527 26.923076923076923 0.0
528 38.46153846153846 0.0
529 38.46153846153846 0.0
530 19.23076923076923 0.0
531 26.923076923076923 0.0
532 46.15384615384615 0.0
533 50.0 0.0
534 30.76923076923077 0.0
535 26.923076923076923 0.0
536 19.23076923076923 0.0
537 15.384615384615385 0.0
538 23.076923076923077 0.0
539 34.61538461538461 0.0
540 26.923076923076923 0.0
541 34.61538461538461 0.0
542 30.76923076923077 0.0
543 38.46153846153846 0.0
544 50.0 0.0
545 50.0 0.0
546 30.76923076923077 0.0
547 38.46153846153846 0.0
548 42.30769230769231 0.0
549 30.76923076923077 0.0
550 42.30769230769231 0.0
551 30.76923076923077 0.0
552 26.923076923076923 0.0
553 34.61538461538461 0.0
554 42.30769230769231 0.0
555 38.46153846153846 0.0
556 38.46153846153846 0.0
557 34.61538461538461 0.0
558 42.30769230769231 0.0
559 26.923076923076923 0.0
560 57.69230769230769 0.0
561 38.46153846153846 0.0
562 50.0 0.0
563 53.84615384615385 0.0
564 46.15384615384615 0.0
565 46.15384615384615 0.0
566 57.69230769230769 0.0
567 42.30769230769231 0.0
568 34.61538461538461 0.0
569 42.30769230769231 0.0
570 42.30769230769231 0.0
571 26.923076923076923 0.0
572 50.0 0.0
573 50.0 0.0
574 42.30769230769231 0.0
575 34.61538461538461 0.0
576 34.61538461538461 0.0
577 38.46153846153846 0.0
578 30.76923076923077 0.0
579 38.46153846153846 0.0
580 42.30769230769231 0.0
581 26.923076923076923 0.0
582 19.23076923076923 0.0
583 19.23076923076923 0.0
584 38.46153846153846 0.0
585 42.30769230769231 0.0
586 38.46153846153846 0.0
587 50.0 0.0
588 46.15384615384615 0.0
589 61.53846153846154 0.0
590 26.923076923076923 0.0
591 42.30769230769231 0.0
592 57.69230769230769 0.0
593 46.15384615384615 0.0
594 38.46153846153846 0.0
595 46.15384615384615 0.0
596 53.84615384615385 0.0
597 30.76923076923077 0.0
598 38.46153846153846 0.0
599 38.46153846153846 0.0
600 26.923076923076923 0.0
601 34.61538461538461 0.0
602 50.0 0.0
603 65.38461538461539 0.0
604 50.0 0.0
605 34.61538461538461 0.0
606 61.53846153846154 0.0
607 57.69230769230769 0.0
608 46.15384615384615 0.0
609 42.30769230769231 0.0
610 42.30769230769231 0.0
611 30.76923076923077 0.0
612 50.0 0.0
613 46.15384615384615 0.0
614 46.15384615384615 0.0
615 53.84615384615385 0.0
616 61.53846153846154 0.0
617 53.84615384615385 0.0
618 61.53846153846154 0.0
619 50.0 0.0
620 26.923076923076923 0.0
621 46.15384615384615 0.0
622 38.46153846153846 0.0
623 38.46153846153846 0.0
624 34.61538461538461 0.0
625 38.46153846153846 0.0
626 46.15384615384615 0.0
627 46.15384615384615 0.0
628 50.0 0.0
629 53.84615384615385 0.0
630 57.69230769230769 0.0
631 53.84615384615385 0.0
632 50.0 0.0
633 61.53846153846154 0.0
634 46.15384615384615 0.0
635 42.30769230769231 0.0
636 61.53846153846154 0.0
637 38.46153846153846 0.0
638 53.84615384615385 0.0
639 50.0 0.0
640 42.30769230769231 0.0
641 34.61538461538461 0.0
642 50.0 0.0
643 57.69230769230769 0.0
644 38.46153846153846 0.0
645 57.69230769230769 0.0
646 46.15384615384615 0.0
647 46.15384615384615 0.0
648 38.46153846153846 0.0
649 19.23076923076923 0.0
650 26.923076923076923 0.0
651 38.46153846153846 0.0
652 34.61538461538461 0.0
653 34.61538461538461 0.0
654 34.61538461538461 0.0
655 30.76923076923077 0.0
656 26.923076923076923 0.0
657 50.0 0.0
658 50.0 0.0
659 42.30769230769231 0.0
660 38.46153846153846 0.0
661 34.61538461538461 0.0
662 30.76923076923077 0.0
663 38.46153846153846 0.0
664 50.0 0.0
665 34.61538461538461 0.0
666 34.61538461538461 0.0
667 42.30769230769231 0.0
668 42.30769230769231 0.0
669 46.15384615384615 0.0
670 42.30769230769231 0.0
671 30.76923076923077 0.0
672 30.76923076923077 0.0
673 34.61538461538461 0.0
674 30.76923076923077 0.0
675 42.30769230769231 0.0
676 42.30769230769231 0.0
677 34.61538461538461 0.0
678 38.46153846153846 0.0
679 30.76923076923077 0.0
680 38.46153846153846 0.0
681 30.76923076923077 0.0
682 38.46153846153846 0.0
683 42.30769230769231 0.0
684 34.61538461538461 0.0
685 30.76923076923077 0.0
686 50.0 0.0
687 23.076923076923077 0.0
688 38.46153846153846 0.0
689 53.84615384615385 0.0
690 42.30769230769231 0.0
691 46.15384615384615 0.0
692 53.84615384615385 0.0
693 34.61538461538461 0.0
694 38.46153846153846 0.0
695 42.30769230769231 0.0
696 34.61538461538461 0.0
697 34.61538461538461 0.0
698 30.76923076923077 0.0
699 26.923076923076923 0.0
700 46.15384615384615 0.0
701 46.15384615384615 0.0
702 42.30769230769231 0.0
703 38.46153846153846 0.0
704 38.46153846153846 0.0
705 50.0 0.0
706 42.30769230769231 0.0
707 53.84615384615385 0.0
708 61.53846153846154 0.0
709 57.69230769230769 0.0
710 57.69230769230769 0.0
711 65.38461538461539 0.0
712 42.30769230769231 0.0
713 42.30769230769231 0.0
714 26.923076923076923 0.0
715 53.84615384615385 0.0
716 50.0 0.0
717 26.923076923076923 0.0
718 50.0 0.0
719 26.923076923076923 0.0
720 42.30769230769231 0.0
721 38.46153846153846 0.0
722 53.84615384615385 0.0
723 38.46153846153846 0.0
724 34.61538461538461 0.0
725 34.61538461538461 0.0
726 46.15384615384615 0.0
727 38.46153846153846 0.0
728 42.30769230769231 0.0
729 50.0 0.0
730 50.0 0.0
731 46.15384615384615 0.0
732 46.15384615384615 0.0
733 57.69230769230769 0.0
734 50.0 0.0
735 50.0 0.0
736 42.30769230769231 0.0
737 57.69230769230769 0.0
738 57.69230769230769 0.0
739 46.15384615384615 0.0
740 23.076923076923077 0.0
741 42.30769230769231 0.0
742 53.84615384615385 0.0
743 53.84615384615385 0.0
744 61.53846153846154 0.0
745 46.15384615384615 0.0
746 30.76923076923077 0.0
747 50.0 0.0
748 53.84615384615385 0.0
749 42.30769230769231 0.0
750 42.30769230769231 0.0
751 38.46153846153846 0.0
752 38.46153846153846 0.0
753 53.84615384615385 0.0
754 61.53846153846154 0.0
755 42.30769230769231 0.0
756 26.923076923076923 0.0
757 50.0 0.0
758 65.38461538461539 0.0
759 50.0 0.0
760 53.84615384615385 0.0
761 50.0 0.0
762 46.15384615384615 0.0
763 50.0 0.0
764 46.15384615384615 0.0
765 46.15384615384615 0.0
766 34.61538461538461 0.0
767 50.0 0.0
768 57.69230769230769 0.0
769 38.46153846153846 0.0
770 46.15384615384615 0.0
771 34.61538461538461 0.0
772 38.46153846153846 0.0
773 34.61538461538461 0.0
774 61.53846153846154 0.0
775 53.84615384615385 0.0
776 42.30769230769231 0.0
777 38.46153846153846 0.0
778 26.923076923076923 0.0
779 30.76923076923077 0.0
780 34.61538461538461 0.0
781 30.76923076923077 0.0
782 34.61538461538461 0.0
783 46.15384615384615 0.0
784 34.61538461538461 0.0
785 30.76923076923077 0.0
786 30.76923076923077 0.0
787 30.76923076923077 0.0
788 26.923076923076923 0.0
789 34.61538461538461 0.0
790 34.61538461538461 0.0
791 30.76923076923077 0.0
792 34.61538461538461 0.0
793 30.76923076923077 0.0
794 23.076923076923077 0.0
795 34.61538461538461 0.0
796 46.15384615384615 0.0
797 46.15384615384615 0.0
798 42.30769230769231 0.0
799 42.30769230769231 0.0
800 38.46153846153846 0.0
801 26.923076923076923 0.0
802 30.76923076923077 0.0
803 30.76923076923077 0.0
804 53.84615384615385 0.0
805 50.0 0.0
806 38.46153846153846 0.0
807 61.53846153846154 0.0
808 46.15384615384615 0.0
809 61.53846153846154 0.0
810 46.15384615384615 0.0
811 46.15384615384615 0.0
812 46.15384615384615 0.0
813 50.0 0.0
814 57.69230769230769 0.0
815 42.30769230769231 0.0
816 38.46153846153846 0.0
817 46.15384615384615 0.0
818 46.15384615384615 0.0
819 50.0 0.0
820 53.84615384615385 0.0
821 50.0 0.0
822 53.84615384615385 0.0
823 46.15384615384615 0.0
824 46.15384615384615 0.0
825 50.0 0.0
826 53.84615384615385 0.0
827 46.15384615384615 0.0
828 50.0 0.0
829 61.53846153846154 0.0
830 53.84615384615385 0.0
831 50.0 0.0
832 30.76923076923077 0.0
833 57.69230769230769 0.0
834 46.15384615384615 0.0
835 46.15384615384615 0.0
836 57.69230769230769 0.0
837 46.15384615384615 0.0
838 46.15384615384615 0.0
839 53.84615384615385 0.0
840 46.15384615384615 0.0
841 50.0 0.0
842 38.46153846153846 0.0
843 57.69230769230769 0.0
844 50.0 0.0
845 50.0 0.0
846 69.23076923076923 0.0
847 69.23076923076923 0.0
848 50.0 0.0
849 46.15384615384615 0.0
850 53.84615384615385 0.0
851 57.69230769230769 0.0
852 53.84615384615385 0.0
853 80.76923076923077 0.0
854 69.23076923076923 0.0
855 61.53846153846154 0.0
856 61.53846153846154 0.0
857 46.15384615384615 0.0
858 50.0 0.0
859 53.84615384615385 0.0
860 57.69230769230769 0.0
861 65.38461538461539 0.0
862 80.76923076923077 0.0
863 61.53846153846154 0.0
864 42.30769230769231 0.0
865 57.69230769230769 0.0
866 57.69230769230769 0.0
867 50.0 0.0
868 53.84615384615385 0.0
869 38.46153846153846 0.0
870 42.30769230769231 0.0
871 73.07692307692308 0.0
872 57.69230769230769 0.0
873 46.15384615384615 0.0
874 50.0 0.0
875 57.69230769230769 0.0
876 50.0 0.0
877 50.0 0.0
878 65.38461538461539 0.0
879 42.30769230769231 0.0
880 50.0 0.0
881 61.53846153846154 0.0
882 53.84615384615385 0.0
883 53.84615384615385 0.0
884 53.84615384615385 0.0
885 42.30769230769231 0.0
886 42.30769230769231 0.0
887 38.46153846153846 0.0
888 38.46153846153846 0.0
889 34.61538461538461 0.0
890 53.84615384615385 0.0
891 50.0 0.0
892 50.0 0.0
893 53.84615384615385 0.0
894 53.84615384615385 0.0
895 42.30769230769231 0.0
896 50.0 0.0
897 46.15384615384615 0.0
898 46.15384615384615 0.0
899 50.0 0.0
900 42.30769230769231 0.0
901 38.46153846153846 0.0
902 42.30769230769231 0.0
903 42.30769230769231 0.0
904 34.61538461538461 0.0
905 38.46153846153846 0.0
906 53.84615384615385 0.0
907 42.30769230769231 0.0
908 34.61538461538461 0.0
909 30.76923076923077 0.0
910 38.46153846153846 0.0
911 38.46153846153846 0.0
912 19.23076923076923 0.0
913 19.23076923076923 0.0
914 23.076923076923077 0.0
915 38.46153846153846 0.0
916 38.46153846153846 0.0
917 34.61538461538461 0.0
918 57.69230769230769 0.0
919 38.46153846153846 0.0
920 46.15384615384615 0.0
921 30.76923076923077 0.0
922 38.46153846153846 0.0
923 46.15384615384615 0.0
924 26.923076923076923 0.0
925 26.923076923076923 0.0
926 42.30769230769231 0.0
927 26.923076923076923 0.0
928 30.76923076923077 0.0
929 26.923076923076923 0.0
930 57.69230769230769 0.0
931 38.46153846153846 0.0
932 38.46153846153846 0.0
933 50.0 0.0
934 46.15384615384615 0.0
935 61.53846153846154 0.0
936 42.30769230769231 0.0
937 50.0 0.0
938 65.38461538461539 0.0
939 61.53846153846154 0.0
940 53.84615384615385 0.0
941 50.0 0.0
942 57.69230769230769 0.0
943 42.30769230769231 0.0
944 42.30769230769231 0.0
945 34.61538461538461 0.0
946 38.46153846153846 0.0
947 26.923076923076923 0.0
948 38.46153846153846 0.0
949 23.076923076923077 0.0
950 38.46153846153846 0.0
951 34.61538461538461 0.0
952 46.15384615384615 0.0
953 26.923076923076923 0.0
954 26.923076923076923 0.0
955 46.15384615384615 0.0
956 34.61538461538461 0.0
957 26.923076923076923 0.0
958 57.69230769230769 0.0
959 65.38461538461539 0.0
960 38.46153846153846 0.0
961 26.923076923076923 0.0
962 34.61538461538461 0.0
963 30.76923076923077 0.0
964 38.46153846153846 0.0
965 38.46153846153846 0.0
966 42.30769230769231 0.0
967 26.923076923076923 0.0
968 38.46153846153846 0.0
969 46.15384615384615 0.0
970 46.15384615384615 0.0
971 38.46153846153846 0.0
972 50.0 0.0
973 42.30769230769231 0.0
974 46.15384615384615 0.0
975 46.15384615384615 0.0
976 15.384615384615385 0.0
977 19.23076923076923 0.0
978 23.076923076923077 0.0
979 23.076923076923077 0.0
980 34.61538461538461 0.0
981 46.15384615384615 0.0
982 30.76923076923077 0.0
983 30.76923076923077 0.0
984 34.61538461538461 0.0
985 46.15384615384615 0.0
986 61.53846153846154 0.0
987 30.76923076923077 0.0
988 57.69230769230769 0.0
989 50.0 0.0
990 57.69230769230769 0.0
991 50.0 0.0
992 57.69230769230769 0.0
993 50.0 0.0
994 65.38461538461539 0.0
995 69.23076923076923 0.0
996 38.46153846153846 0.0
997 46.15384615384615 0.0
998 61.53846153846154 0.0
999 65.38461538461539 0.0
