#frame monomers_% popc_isolated_%
0 61.53846153846154 0.0
1 50.0 0.0
2 50.0 0.0
3 53.84615384615385 0.0
4 50.0 0.0
5 46.15384615384615 0.0
6 38.46153846153846 0.0
7 38.46153846153846 0.0
8 38.46153846153846 0.0
9 34.61538461538461 0.0
10 38.46153846153846 1.5625
11 38.46153846153846 1.5625
12 34.61538461538461 0.0
13 42.30769230769231 0.0
14 42.30769230769231 1.5625
15 38.46153846153846 1.5625
16 46.15384615384615 0.0
17 46.15384615384615 0.0
18 42.30769230769231 0.0
19 46.15384615384615 0.0
20 65.38461538461539 0.0
21 57.69230769230769 0.0
22 50.0 0.0
23 57.69230769230769 0.0
24 57.69230769230769 0.0
25 50.0 0.0
26 38.46153846153846 0.0
27 38.46153846153846 0.0
28 50.0 0.0
29 50.0 0.0
30 53.84615384615385 0.0
31 46.15384615384615 0.0
32 53.84615384615385 0.0
33 61.53846153846154 0.0
34 46.15384615384615 0.0
35 53.84615384615385 1.5625
36 57.69230769230769 0.0
37 38.46153846153846 1.5625
38 42.30769230769231 1.5625
39 50.0 1.5625
40 53.84615384615385 1.5625
41 50.0 1.5625
42 69.23076923076923 1.5625
43 57.69230769230769 1.5625
44 65.38461538461539 1.5625
45 53.84615384615385 1.5625
46 65.38461538461539 1.5625
47 57.69230769230769 3.125
48 61.53846153846154 1.5625
49 61.53846153846154 1.5625
50 57.69230769230769 0.0
51 53.84615384615385 1.5625
52 73.07692307692308 1.5625
53 69.23076923076923 0.0
54 65.38461538461539 1.5625
55 53.84615384615385 0.0
56 53.84615384615385 1.5625
57 53.84615384615385 1.5625
58 61.53846153846154 1.5625
59 53.84615384615385 1.5625
60 30.76923076923077 0.0
61 26.923076923076923 0.0
62 42.30769230769231 0.0
63 38.46153846153846 0.0
64 46.15384615384615 0.0
65 30.76923076923077 0.0
66 53.84615384615385 0.0
67 50.0 0.0
68 42.30769230769231 0.0
69 42.30769230769231 1.5625
70 34.61538461538461 1.5625
71 46.15384615384615 0.0
72 42.30769230769231 1.5625
73 38.46153846153846 0.0
74 30.76923076923077 1.5625
75 38.46153846153846 1.5625
76 38.46153846153846 0.0
77 30.76923076923077 0.0
78 38.46153846153846 0.0
79 30.76923076923077 0.0
80 46.15384615384615 0.0
81 30.76923076923077 1.5625
82 26.923076923076923 1.5625
83 50.0 0.0
84 26.923076923076923 0.0
85 34.61538461538461 1.5625
86 42.30769230769231 0.0
87 34.61538461538461 1.5625
88 30.76923076923077 1.5625
89 34.61538461538461 0.0
90 42.30769230769231 0.0
91 23.076923076923077 0.0
92 34.61538461538461 0.0
93 42.30769230769231 1.5625
94 42.30769230769231 1.5625
95 30.76923076923077 0.0
96 46.15384615384615 0.0
97 42.30769230769231 0.0
98 50.0 0.0
99 57.69230769230769 0.0
100 46.15384615384615 0.0
101 42.30769230769231 0.0
102 42.30769230769231 0.0
103 46.15384615384615 0.0
104 46.15384615384615 0.0
105 46.15384615384615 0.0
106 50.0 0.0
107 50.0 0.0
108 50.0 0.0
109 53.84615384615385 0.0
110 30.76923076923077 0.0
111 30.76923076923077 0.0
112 38.46153846153846 0.0
113 30.76923076923077 0.0
114 34.61538461538461 0.0
115 61.53846153846154 0.0
116 65.38461538461539 0.0
117 57.69230769230769 0.0
118 42.30769230769231 0.0
119 46.15384615384615 0.0
120 46.15384615384615 0.0
121 34.61538461538461 0.0
122 46.15384615384615 0.0
123 42.30769230769231 0.0
124 46.15384615384615 0.0
125 46.15384615384615 0.0
126 34.61538461538461 1.5625
127 42.30769230769231 0.0
128 42.30769230769231 0.0
129 42.30769230769231 0.0
130 19.23076923076923 1.5625
131 15.384615384615385 0.0
132 19.23076923076923 0.0
133 26.923076923076923 0.0
134 23.076923076923077 0.0
135 19.23076923076923 0.0
136 30.76923076923077 0.0
137 23.076923076923077 0.0
138 23.076923076923077 0.0
139 30.76923076923077 0.0
140 19.23076923076923 0.0
141 23.076923076923077 0.0
142 19.23076923076923 0.0
143 34.61538461538461 0.0
144 23.076923076923077 0.0
145 23.076923076923077 0.0
146 26.923076923076923 0.0
147 19.23076923076923 0.0
148 19.23076923076923 0.0
149 26.923076923076923 0.0
150 23.076923076923077 1.5625
151 19.23076923076923 0.0
152 19.23076923076923 1.5625
153 26.923076923076923 0.0
154 23.076923076923077 0.0
155 19.23076923076923 0.0
156 19.23076923076923 0.0
157 23.076923076923077 1.5625
158 26.923076923076923 1.5625
159 15.384615384615385 1.5625
160 15.384615384615385 1.5625
161 26.923076923076923 1.5625
162 23.076923076923077 0.0
163 34.61538461538461 3.125
164 34.61538461538461 1.5625
165 19.23076923076923 1.5625
166 30.76923076923077 1.5625
167 23.076923076923077 1.5625
168 19.23076923076923 1.5625
169 38.46153846153846 1.5625
170 42.30769230769231 1.5625
171 34.61538461538461 0.0
172 38.46153846153846 0.0
173 34.61538461538461 1.5625
174 30.76923076923077 1.5625
175 34.61538461538461 1.5625
176 34.61538461538461 1.5625
177 26.923076923076923 1.5625
178 19.23076923076923 1.5625
179 26.923076923076923 3.125
180 34.61538461538461 0.0
181 30.76923076923077 1.5625
182 26.923076923076923 0.0
183 23.076923076923077 0.0
184 30.76923076923077 1.5625
185 26.923076923076923 1.5625
186 26.923076923076923 0.0
187 26.923076923076923 1.5625
188 19.23076923076923 1.5625
189 15.384615384615385 1.5625
190 19.23076923076923 1.5625
191 23.076923076923077 1.5625
192 26.923076923076923 1.5625
193 26.923076923076923 1.5625
194 19.23076923076923 1.5625
195 19.23076923076923 1.5625
196 26.923076923076923 0.0
197 23.076923076923077 0.0
198 30.76923076923077 3.125
199 26.923076923076923 1.5625
200 30.76923076923077 3.125
201 19.23076923076923 3.125
202 26.923076923076923 3.125
203 23.076923076923077 3.125
204 23.076923076923077 0.0
205 23.076923076923077 1.5625
206 23.076923076923077 0.0
207 19.23076923076923 0.0
208 26.923076923076923 0.0
209 19.23076923076923 0.0
210 26.923076923076923 0.0
211 34.61538461538461 1.5625
212 23.076923076923077 0.0
213 23.076923076923077 0.0
214 34.61538461538461 0.0
215 34.61538461538461 0.0
216 30.76923076923077 1.5625
217 34.61538461538461 1.5625
218 26.923076923076923 0.0
219 23.076923076923077 1.5625
220 19.23076923076923 1.5625
221 15.384615384615385 1.5625
222 23.076923076923077 0.0
223 19.23076923076923 0.0
224 19.23076923076923 0.0
225 15.384615384615385 0.0
226 23.076923076923077 0.0
227 15.384615384615385 0.0
228 23.076923076923077 0.0
229 26.923076923076923 0.0
230 23.076923076923077 0.0
231 26.923076923076923 0.0
232 23.076923076923077 0.0
233 15.384615384615385 3.125
234 38.46153846153846 0.0
235 26.923076923076923 0.0
236 42.30769230769231 1.5625
237 26.923076923076923 1.5625
238 38.46153846153846 3.125
239 46.15384615384615 3.125
240 42.30769230769231 0.0
241 30.76923076923077 1.5625
242 38.46153846153846 3.125
243 42.30769230769231 3.125
244 34.61538461538461 3.125
245 30.76923076923077 1.5625
246 23.076923076923077 1.5625
247 19.23076923076923 1.5625
248 34.61538461538461 3.125
249 26.923076923076923 3.125
250 26.923076923076923 1.5625
251 30.76923076923077 1.5625
252 30.76923076923077 1.5625
253 30.76923076923077 0.0
254 30.76923076923077 1.5625
255 30.76923076923077 0.0
256 34.61538461538461 4.6875
257 26.923076923076923 1.5625
258 30.76923076923077 0.0
259 34.61538461538461 0.0
260 26.923076923076923 0.0
261 42.30769230769231 0.0
262 34.61538461538461 1.5625
263 23.076923076923077 0.0
264 38.46153846153846 0.0
265 23.076923076923077 1.5625
266 26.923076923076923 0.0
267 30.76923076923077 0.0
268 38.46153846153846 0.0
269 23.076923076923077 0.0
270 50.0 0.0
271 38.46153846153846 1.5625
272 38.46153846153846 1.5625
273 26.923076923076923 0.0
274 34.61538461538461 0.0
275 34.61538461538461 0.0
276 38.46153846153846 0.0
277 19.23076923076923 0.0
278 34.61538461538461 0.0
279 42.30769230769231 0.0
280 30.76923076923077 0.0
281 23.076923076923077 0.0
282 34.61538461538461 0.0
283 26.923076923076923 0.0
284 30.76923076923077 1.5625
285 23.076923076923077 1.5625
286 30.76923076923077 0.0
287 42.30769230769231 0.0
288 38.46153846153846 0.0
289 34.61538461538461 0.0
290 30.76923076923077 0.0
291 46.15384615384615 0.0
292 30.76923076923077 0.0
293 38.46153846153846 0.0
294 38.46153846153846 0.0
295 30.76923076923077 0.0
296 34.61538461538461 0.0
297 34.61538461538461 0.0
298 30.76923076923077 0.0
299 26.923076923076923 0.0
300 30.76923076923077 0.0
301 30.76923076923077 0.0
302 34.61538461538461 0.0
303 19.23076923076923 0.0
304 26.923076923076923 0.0
305 30.76923076923077 0.0
306 42.30769230769231 0.0
307 42.30769230769231 0.0
308 30.76923076923077 1.5625
309 61.53846153846154 0.0
310 34.61538461538461 3.125
311 30.76923076923077 3.125
312 42.30769230769231 3.125
313 38.46153846153846 3.125
314 46.15384615384615 1.5625
315 53.84615384615385 0.0
316 46.15384615384615 1.5625
317 50.0 3.125
318 42.30769230769231 3.125
319 42.30769230769231 3.125
320 53.84615384615385 0.0
321 34.61538461538461 3.125
322 42.30769230769231 1.5625
323 30.76923076923077 1.5625
324 42.30769230769231 0.0
325 30.76923076923077 1.5625
326 34.61538461538461 0.0
327 34.61538461538461 0.0
328 30.76923076923077 0.0
329 46.15384615384615 0.0
330 61.53846153846154 0.0
331 46.15384615384615 1.5625
332 46.15384615384615 0.0
333 30.76923076923077 3.125
334 26.923076923076923 1.5625
335 42.30769230769231 3.125
336 50.0 3.125
337 23.076923076923077 3.125
338 46.15384615384615 3.125
339 38.46153846153846 1.5625
340 42.30769230769231 0.0
341 38.46153846153846 0.0
342 19.23076923076923 0.0
343 34.61538461538461 1.5625
344 61.53846153846154 1.5625
345 50.0 0.0
346 46.15384615384615 0.0
347 23.076923076923077 0.0
348 34.61538461538461 0.0
349 34.61538461538461 0.0
350 38.46153846153846 0.0
351 34.61538461538461 0.0
352 46.15384615384615 0.0
353 42.30769230769231 0.0
354 46.15384615384615 0.0
355 42.30769230769231 0.0
356 26.923076923076923 0.0
357 19.23076923076923 0.0
358 23.076923076923077 0.0
359 23.076923076923077 0.0
360 26.923076923076923 0.0
361 23.076923076923077 0.0
362 30.76923076923077 0.0
363 26.923076923076923 0.0
364 30.76923076923077 0.0
365 19.23076923076923 0.0
366 38.46153846153846 0.0
367 34.61538461538461 0.0
368 26.923076923076923 0.0
369 34.61538461538461 0.0
370 23.076923076923077 0.0
371 23.076923076923077 0.0
372 30.76923076923077 0.0
373 34.61538461538461 0.0
374 19.23076923076923 0.0
375 26.923076923076923 0.0
376 23.076923076923077 0.0
377 34.61538461538461 0.0
378 38.46153846153846 1.5625
379 38.46153846153846 0.0
380 34.61538461538461 1.5625
381 42.30769230769231 1.5625
382 30.76923076923077 1.5625
383 34.61538461538461 0.0
384 38.46153846153846 0.0
385 38.46153846153846 0.0
386 38.46153846153846 0.0
387 42.30769230769231 0.0
388 38.46153846153846 0.0
389 46.15384615384615 0.0
390 42.30769230769231 0.0
391 50.0 0.0
392 46.15384615384615 0.0
393 57.69230769230769 0.0
394 42.30769230769231 0.0
395 57.69230769230769 0.0
396 46.15384615384615 0.0
397 50.0 0.0
398 42.30769230769231 0.0
399 34.61538461538461 0.0
400 46.15384615384615 0.0
401 23.076923076923077 0.0
402 34.61538461538461 0.0
403 19.23076923076923 0.0
404 38.46153846153846 0.0
405 38.46153846153846 0.0
406 42.30769230769231 0.0
407 34.61538461538461 1.5625
408 53.84615384615385 1.5625
409 57.69230769230769 1.5625
410 61.53846153846154 1.5625
411 46.15384615384615 1.5625
412 46.15384615384615 0.0
413 53.84615384615385 1.5625
414 57.69230769230769 0.0
415 46.15384615384615 0.0
416 42.30769230769231 0.0
417 53.84615384615385 0.0
418 57.69230769230769 1.5625
419 38.46153846153846 1.5625
420 50.0 0.0
421 53.84615384615385 0.0
422 46.15384615384615 0.0
423 34.61538461538461 0.0
424 50.0 0.0
425 26.923076923076923 0.0
426 30.76923076923077 0.0
427 38.46153846153846 1.5625
428 23.076923076923077 0.0
429 23.076923076923077 0.0
430 38.46153846153846 0.0
431 15.384615384615385 1.5625
432 34.61538461538461 0.0
433 30.76923076923077 0.0
434 23.076923076923077 3.125
435 19.23076923076923 1.5625
436 38.46153846153846 0.0
437 26.923076923076923 0.0
438 26.923076923076923 1.5625
439 26.923076923076923 1.5625
440 34.61538461538461 0.0
441 38.46153846153846 0.0
442 34.61538461538461 1.5625
443 38.46153846153846 1.5625
444 30.76923076923077 0.0
445 42.30769230769231 0.0
446 42.30769230769231 0.0
447 46.15384615384615 1.5625
448 42.30769230769231 0.0
449 34.61538461538461 0.0
450 42.30769230769231 1.5625
451 26.923076923076923 1.5625
452 46.15384615384615 1.5625
453 38.46153846153846 3.125
454 57.69230769230769 0.0
455 50.0 3.125
456 34.61538461538461 1.5625
457 34.61538461538461 0.0
458 34.61538461538461 3.125
459 57.69230769230769 0.0
460 46.15384615384615 0.0
461 46.15384615384615 1.5625
462 50.0 1.5625
463 42.30769230769231 0.0
464 42.30769230769231 0.0
465 53.84615384615385 0.0
466 34.61538461538461 0.0
467 38.46153846153846 0.0
468 42.30769230769231 0.0
469 42.30769230769231 1.5625
470 30.76923076923077 0.0
471 34.61538461538461 1.5625
472 26.923076923076923 3.125
473 26.923076923076923 3.125
474 30.76923076923077 1.5625
475 30.76923076923077 1.5625
476 42.30769230769231 0.0
477 30.76923076923077 3.125
478 34.61538461538461 0.0
479 30.76923076923077 1.5625
480 30.76923076923077 0.0
481 30.76923076923077 1.5625
482 30.76923076923077 3.125
483 23.076923076923077 0.0
484 26.923076923076923 1.5625
485 30.76923076923077 1.5625
486 30.76923076923077 1.5625
487 26.923076923076923 0.0
488 23.076923076923077 4.6875
489 15.384615384615385 4.6875
490 19.23076923076923 4.6875
491 30.76923076923077 3.125
492 34.61538461538461 3.125
493 26.923076923076923 3.125
494 34.61538461538461 1.5625
495 38.46153846153846 1.5625
496 23.076923076923077 1.5625
497 15.384615384615385 1.5625
498 19.23076923076923 1.5625
499 19.23076923076923 1.5625
500 23.076923076923077 1.5625
501 23.076923076923077 1.5625
502 19.23076923076923 1.5625
503 30.76923076923077 1.5625
504 11.538461538461538 3.125
505 30.76923076923077 4.6875
506 38.46153846153846 1.5625
507 30.76923076923077 3.125
508 30.76923076923077 3.125
509 38.46153846153846 1.5625
510 42.30769230769231 0.0
511 46.15384615384615 1.5625
512 42.30769230769231 1.5625
513 50.0 1.5625
514 42.30769230769231 1.5625
515 38.46153846153846 0.0
516 38.46153846153846 0.0
517 46.15384615384615 0.0
518 38.46153846153846 0.0
519 46.15384615384615 0.0
520 57.69230769230769 0.0
521 53.84615384615385 1.5625
522 38.46153846153846 1.5625
523 65.38461538461539 1.5625
524 42.30769230769231 1.5625
525 30.76923076923077 0.0
526 23.076923076923077 1.5625
527 30.76923076923077 1.5625
528 42.30769230769231 0.0
529 42.30769230769231 1.5625
530 53.84615384615385 0.0
531 46.15384615384615 0.0
532 42.30769230769231 0.0
533 30.76923076923077 0.0
534 19.23076923076923 0.0
535 34.61538461538461 0.0
536 42.30769230769231 0.0
537 42.30769230769231 0.0
538 34.61538461538461 1.5625
539 26.923076923076923 3.125
540 38.46153846153846 1.5625
541 26.923076923076923 1.5625
542 30.76923076923077 0.0
543 38.46153846153846 1.5625
544 30.76923076923077 0.0
545 46.15384615384615 3.125
546 38.46153846153846 0.0
547 50.0 0.0
548 30.76923076923077 0.0
549 34.61538461538461 0.0
550 30.76923076923077 1.5625
551 42.30769230769231 1.5625
552 38.46153846153846 1.5625
553 34.61538461538461 0.0
554 38.46153846153846 1.5625
555 30.76923076923077 1.5625
556 50.0 0.0
557 34.61538461538461 0.0
558 46.15384615384615 0.0
559 30.76923076923077 0.0
560 30.76923076923077 0.0
561 34.61538461538461 1.5625
562 42.30769230769231 3.125
563 30.76923076923077 0.0
564 53.84615384615385 0.0
565 42.30769230769231 1.5625
566 53.84615384615385 1.5625
567 53.84615384615385 0.0
568 57.69230769230769 1.5625
569 42.30769230769231 1.5625
570 38.46153846153846 3.125
571 38.46153846153846 0.0
572 19.23076923076923 0.0
573 23.076923076923077 1.5625
574 26.923076923076923 1.5625
575 34.61538461538461 0.0
576 34.61538461538461 3.125
577 26.923076923076923 1.5625
578 42.30769230769231 3.125
579 30.76923076923077 3.125
580 30.76923076923077 3.125
581 42.30769230769231 1.5625
582 34.61538461538461 1.5625
583 30.76923076923077 3.125
584 23.076923076923077 4.6875
585 34.61538461538461 3.125
586 30.76923076923077 4.6875
587 38.46153846153846 3.125
588 23.076923076923077 3.125
589 34.61538461538461 4.6875
590 50.0 4.6875
591 38.46153846153846 3.125
592 30.76923076923077 6.25
593 34.61538461538461 6.25
594 34.61538461538461 4.6875
595 26.923076923076923 1.5625
596 34.61538461538461 1.5625
597 46.15384615384615 0.0
598 34.61538461538461 1.5625
599 42.30769230769231 1.5625
600 38.46153846153846 4.6875
601 30.76923076923077 0.0
602 42.30769230769231 3.125
603 26.923076923076923 3.125
604 42.30769230769231 3.125
605 57.69230769230769 1.5625
606 53.84615384615385 0.0
607 57.69230769230769 0.0
608 38.46153846153846 1.5625
609 42.30769230769231 1.5625
610 30.76923076923077 3.125
611 26.923076923076923 1.5625
612 23.076923076923077 1.5625
613 19.23076923076923 3.125
614 38.46153846153846 1.5625
615 34.61538461538461 1.5625
616 26.923076923076923 1.5625
617 23.076923076923077 0.0
618 11.538461538461538 3.125
619 26.923076923076923 1.5625
620 23.076923076923077 3.125
621 38.46153846153846 3.125
622 19.23076923076923 4.6875
623 23.076923076923077 4.6875
624 26.923076923076923 4.6875
625 26.923076923076923 3.125
626 23.076923076923077 3.125
627 23.076923076923077 4.6875
628 23.076923076923077 4.6875
629 23.076923076923077 4.6875
630 26.923076923076923 1.5625
631 38.46153846153846 0.0
632 30.76923076923077 3.125
633 34.61538461538461 0.0
634 30.76923076923077 0.0
635 38.46153846153846 1.5625
636 26.923076923076923 4.6875
637 42.30769230769231 1.5625
638 42.30769230769231 3.125
639 38.46153846153846 3.125
640 26.923076923076923 1.5625
641 42.30769230769231 1.5625
642 26.923076923076923 1.5625
643 38.46153846153846 1.5625
644 50.0 0.0
645 34.61538461538461 1.5625
646 30.76923076923077 1.5625
647 23.076923076923077 3.125
648 50.0 3.125
649 26.923076923076923 1.5625
650 30.76923076923077 1.5625
651 26.923076923076923 3.125
652 23.076923076923077 1.5625
653 23.076923076923077 3.125
654 34.61538461538461 1.5625
655 30.76923076923077 1.5625
656 34.61538461538461 0.0
657 26.923076923076923 1.5625
658 42.30769230769231 0.0
659 46.15384615384615 3.125
660 42.30769230769231 1.5625
661 38.46153846153846 0.0
662 23.076923076923077 0.0
663 30.76923076923077 1.5625
664 34.61538461538461 0.0
665 30.76923076923077 1.5625
666 30.76923076923077 0.0
667 30.76923076923077 0.0
668 34.61538461538461 0.0
669 34.61538461538461 0.0
670 19.23076923076923 0.0
671 26.923076923076923 0.0
672 30.76923076923077 0.0
673 23.076923076923077 0.0
674 26.923076923076923 0.0
675 42.30769230769231 0.0
676 46.15384615384615 0.0
677 26.923076923076923 0.0
678 38.46153846153846 0.0
679 26.923076923076923 0.0
680 26.923076923076923 0.0
681 46.15384615384615 0.0
682 34.61538461538461 0.0
683 26.923076923076923 0.0
684 30.76923076923077 0.0
685 30.76923076923077 0.0
686 42.30769230769231 0.0
687 30.76923076923077 0.0
688 38.46153846153846 0.0
689 38.46153846153846 0.0
690 42.30769230769231 1.5625
691 34.61538461538461 0.0
692 53.84615384615385 0.0
693 38.46153846153846 0.0
694 42.30769230769231 0.0
695 26.923076923076923 0.0
696 15.384615384615385 0.0
697 26.923076923076923 0.0
698 19.23076923076923 0.0
699 23.076923076923077 0.0
700 38.46153846153846 0.0
701 42.30769230769231 0.0
702 26.923076923076923 0.0
703 19.23076923076923 0.0
704 34.61538461538461 0.0
705 15.384615384615385 0.0
706 19.23076923076923 0.0
707 26.923076923076923 0.0
708 23.076923076923077 0.0
709 30.76923076923077 0.0
710 26.923076923076923 0.0
711 19.23076923076923 0.0
712 23.076923076923077 0.0
713 19.23076923076923 0.0
714 38.46153846153846 0.0
715 34.61538461538461 0.0
716 26.923076923076923 0.0
717 26.923076923076923 0.0
718 30.76923076923077 0.0
719 26.923076923076923 0.0
720 30.76923076923077 0.0
721 30.76923076923077 0.0
722 26.923076923076923 0.0
723 38.46153846153846 0.0
724 19.23076923076923 0.0
725 23.076923076923077 0.0
726 26.923076923076923 0.0
727 30.76923076923077 0.0
728 23.076923076923077 0.0
729 26.923076923076923 0.0
730 19.23076923076923 0.0
731 26.923076923076923 0.0
732 30.76923076923077 0.0
733 34.61538461538461 0.0
734 38.46153846153846 0.0
735 23.076923076923077 0.0
736 19.23076923076923 0.0
737 19.23076923076923 0.0
738 19.23076923076923 0.0
739 11.538461538461538 0.0
740 15.384615384615385 0.0
741 11.538461538461538 0.0
742 15.384615384615385 0.0
743 19.23076923076923 0.0
744 19.23076923076923 0.0
745 15.384615384615385 0.0
746 34.61538461538461 0.0
747 19.23076923076923 0.0
748 26.923076923076923 0.0
749 26.923076923076923 0.0
750 26.923076923076923 0.0
751 15.384615384615385 0.0
752 26.923076923076923 0.0
753 30.76923076923077 0.0
754 38.46153846153846 0.0
755 30.76923076923077 0.0
756 34.61538461538461 0.0
757 42.30769230769231 0.0
758 42.30769230769231 0.0
759 34.61538461538461 0.0
760 30.76923076923077 0.0
761 23.076923076923077 0.0
762 34.61538461538461 0.0
763 26.923076923076923 0.0
764 30.76923076923077 0.0
765 38.46153846153846 0.0
766 30.76923076923077 0.0
767 46.15384615384615 0.0
768 34.61538461538461 0.0
769 30.76923076923077 0.0
770 30.76923076923077 0.0
771 26.923076923076923 0.0
772 34.61538461538461 0.0
773 19.23076923076923 0.0
774 19.23076923076923 0.0
775 7.6923076923076925 0.0
776 7.6923076923076925 0.0
777 23.076923076923077 0.0
778 26.923076923076923 0.0
779 15.384615384615385 0.0
780 11.538461538461538 0.0
781 7.6923076923076925 0.0
782 11.538461538461538 0.0
783 23.076923076923077 0.0
784 26.923076923076923 0.0
785 26.923076923076923 0.0
786 15.384615384615385 0.0
787 26.923076923076923 0.0
788 23.076923076923077 0.0
789 15.384615384615385 3.125
790 19.23076923076923 3.125
791 26.923076923076923 4.6875
792 23.076923076923077 1.5625
793 34.61538461538461 3.125
794 23.076923076923077 3.125
795 30.76923076923077 3.125
796 19.23076923076923 3.125
797 30.76923076923077 3.125
798 23.076923076923077 1.5625
799 19.23076923076923 1.5625
800 26.923076923076923 1.5625
801 34.61538461538461 0.0
802 42.30769230769231 1.5625
803 23.076923076923077 1.5625
804 19.23076923076923 0.0
805 30.76923076923077 3.125
806 30.76923076923077 1.5625
807 38.46153846153846 1.5625
808 30.76923076923077 1.5625
809 34.61538461538461 1.5625
810 23.076923076923077 1.5625
811 38.46153846153846 1.5625
812 34.61538461538461 1.5625
813 34.61538461538461 1.5625
814 19.23076923076923 1.5625
815 26.923076923076923 1.5625
816 26.923076923076923 1.5625
817 30.76923076923077 0.0
818 26.923076923076923 1.5625
819 19.23076923076923 1.5625
820 42.30769230769231 1.5625
821 30.76923076923077 1.5625
822 23.076923076923077 0.0
823 23.076923076923077 0.0
824 11.538461538461538 0.0
825 30.76923076923077 1.5625
826 26.923076923076923 1.5625
827 23.076923076923077 1.5625
828 34.61538461538461 0.0
829 23.076923076923077 1.5625
830 26.923076923076923 3.125
831 30.76923076923077 1.5625
832 30.76923076923077 1.5625
833 34.61538461538461 1.5625
834 26.923076923076923 0.0
835 42.30769230769231 0.0
836 30.76923076923077 1.5625
837 26.923076923076923 1.5625
838 30.76923076923077 1.5625
839 38.46153846153846 3.125
840 50.0 1.5625
841 19.23076923076923 1.5625
842 30.76923076923077 1.5625
843 42.30769230769231 1.5625
844 30.76923076923077 1.5625
845 30.76923076923077 1.5625
846 26.923076923076923 1.5625
847 46.15384615384615 1.5625
848 30.76923076923077 0.0
849 26.923076923076923 0.0
850 15.384615384615385 0.0
851 11.538461538461538 0.0
852 11.538461538461538 0.0
853 19.23076923076923 0.0
854 30.76923076923077 0.0
855 19.23076923076923 0.0
856 23.076923076923077 0.0
857 30.76923076923077 0.0
858 11.538461538461538 0.0
859 26.923076923076923 0.0
860 23.076923076923077 1.5625
861 38.46153846153846 1.5625
862 23.076923076923077 1.5625
863 23.076923076923077 1.5625
864 34.61538461538461 1.5625
865 26.923076923076923 1.5625
866 23.076923076923077 3.125
867 19.23076923076923 1.5625
868 23.076923076923077 1.5625
869 11.538461538461538 1.5625
870 19.23076923076923 3.125
871 11.538461538461538 1.5625
872 11.538461538461538 1.5625
873 15.384615384615385 1.5625
874 11.538461538461538 1.5625
875 19.23076923076923 0.0
876 30.76923076923077 0.0
877 34.61538461538461 0.0
878 23.076923076923077 0.0
879 23.076923076923077 0.0
880 38.46153846153846 0.0
881 30.76923076923077 1.5625
882 30.76923076923077 0.0
883 38.46153846153846 0.0
884 26.923076923076923 0.0
885 38.46153846153846 3.125
886 34.61538461538461 0.0
887 34.61538461538461 1.5625
888 30.76923076923077 1.5625
889 42.30769230769231 1.5625
890 38.46153846153846 0.0
891 42.30769230769231 0.0
892 38.46153846153846 0.0
893 38.46153846153846 1.5625
894 26.923076923076923 1.5625
895 23.076923076923077 0.0
896 19.23076923076923 1.5625
897 7.6923076923076925 1.5625
898 26.923076923076923 0.0
899 19.23076923076923 1.5625
900 30.76923076923077 1.5625
901 26.923076923076923 1.5625
902 30.76923076923077 1.5625
903 19.23076923076923 0.0
904 19.23076923076923 1.5625
905 19.23076923076923 3.125
906 26.923076923076923 1.5625
907 19.23076923076923 1.5625
908 23.076923076923077 0.0
909 11.538461538461538 0.0
910 15.384615384615385 0.0
911 15.384615384615385 1.5625
912 15.384615384615385 1.5625
913 26.923076923076923 0.0
914 19.23076923076923 0.0
915 34.61538461538461 0.0
916 34.61538461538461 1.5625
917 19.23076923076923 0.0
918 26.923076923076923 0.0
919 26.923076923076923 0.0
920 26.923076923076923 0.0
921 26.923076923076923 0.0
922 23.076923076923077 1.5625
923 30.76923076923077 0.0
924 30.76923076923077 0.0
925 26.923076923076923 3.125
926 11.538461538461538 0.0
927 11.538461538461538 0.0
928 7.6923076923076925 0.0
929 23.076923076923077 0.0
930 19.23076923076923 0.0
931 19.23076923076923 0.0
932 19.23076923076923 4.6875
933 11.538461538461538 1.5625
934 34.61538461538461 0.0
935 15.384615384615385 0.0
936 26.923076923076923 0.0
937 23.076923076923077 0.0
938 23.076923076923077 0.0
939 23.076923076923077 0.0
940 23.076923076923077 0.0
941 30.76923076923077 0.0
942 30.76923076923077 1.5625
943 19.23076923076923 0.0
944 23.076923076923077 0.0
945 26.923076923076923 0.0
946 26.923076923076923 0.0
947 23.076923076923077 3.125
948 23.076923076923077 0.0
949 23.076923076923077 3.125
950 38.46153846153846 1.5625
951 26.923076923076923 0.0
952 30.76923076923077 0.0
953 34.61538461538461 0.0
954 38.46153846153846 0.0
955 50.0 0.0
956 34.61538461538461 0.0
957 34.61538461538461 1.5625
958 30.76923076923077 1.5625
959 30.76923076923077 0.0
960 23.076923076923077 0.0
961 38.46153846153846 0.0
962 26.923076923076923 1.5625
963 30.76923076923077 0.0
964 15.384615384615385 0.0
965 19.23076923076923 1.5625
966 34.61538461538461 3.125
967 42.30769230769231 3.125
968 23.076923076923077 0.0
969 15.384615384615385 0.0
970 26.923076923076923 0.0
971 15.384615384615385 1.5625
972 23.076923076923077 1.5625
973 15.384615384615385 1.5625
974 30.76923076923077 1.5625
975 23.076923076923077 0.0
976 30.76923076923077 0.0
977 34.61538461538461 0.0
978 34.61538461538461 0.0
979 38.46153846153846 0.0
980 34.61538461538461 0.0
981 42.30769230769231 0.0
982 46.15384615384615 0.0
983 46.15384615384615 0.0
984 46.15384615384615 0.0
985 30.76923076923077 1.5625
986 42.30769230769231 0.0
987 50.0 0.0
988 30.76923076923077 0.0
989 42.30769230769231 3.125
990 42.30769230769231 0.0
991 38.46153846153846 0.0
992 50.0 1.5625
993 34.61538461538461 4.6875
994 34.61538461538461 1.5625
995 38.46153846153846 1.5625
996 38.46153846153846 0.0
997 42.30769230769231 1.5625
998 30.76923076923077 1.5625
999 38.46153846153846 1.5625
