#frame monomers_% popc_isolated_%
0 34.61538461538461 0.0
1 30.76923076923077 0.0
2 30.76923076923077 0.0
3 30.76923076923077 0.0
4 38.46153846153846 0.0
5 42.30769230769231 0.0
6 26.923076923076923 0.0
7 65.38461538461539 0.0
8 53.84615384615385 0.0
9 46.15384615384615 0.0
10 38.46153846153846 0.0
11 61.53846153846154 0.0
12 61.53846153846154 0.0
13 50.0 0.0
14 50.0 0.0
15 46.15384615384615 0.0
16 38.46153846153846 0.0
17 26.923076923076923 0.0
18 30.76923076923077 0.0
19 38.46153846153846 0.0
20 30.76923076923077 0.0
21 38.46153846153846 0.0
22 34.61538461538461 0.0
23 38.46153846153846 0.0
24 38.46153846153846 0.0
25 26.923076923076923 0.0
26 19.23076923076923 0.0
27 26.923076923076923 0.0
28 23.076923076923077 0.0
29 23.076923076923077 0.0
30 30.76923076923077 0.0
31 34.61538461538461 0.0
32 42.30769230769231 0.0
33 38.46153846153846 0.0
34 23.076923076923077 0.0
35 26.923076923076923 0.0
36 26.923076923076923 0.0
37 34.61538461538461 0.0
38 19.23076923076923 0.0
39 30.76923076923077 0.0
40 46.15384615384615 0.0
41 38.46153846153846 0.0
42 38.46153846153846 0.0
43 34.61538461538461 0.0
44 38.46153846153846 0.0
45 46.15384615384615 0.0
46 46.15384615384615 0.0
47 19.23076923076923 0.0
48 34.61538461538461 0.0
49 34.61538461538461 0.0
50 38.46153846153846 0.0
51 57.69230769230769 0.0
52 34.61538461538461 0.0
53 57.69230769230769 0.0
54 34.61538461538461 0.0
55 50.0 0.0
56 42.30769230769231 0.0
57 38.46153846153846 0.0
58 42.30769230769231 0.0
59 38.46153846153846 0.0
60 30.76923076923077 0.0
61 38.46153846153846 0.0
62 30.76923076923077 0.0
63 34.61538461538461 0.0
64 30.76923076923077 0.0
65 42.30769230769231 0.0
66 46.15384615384615 0.0
67 42.30769230769231 0.0
68 26.923076923076923 0.0
69 38.46153846153846 0.0
70 42.30769230769231 0.0
71 42.30769230769231 0.0
72 61.53846153846154 0.0
73 46.15384615384615 0.0
74 50.0 0.0
75 57.69230769230769 0.0
76 53.84615384615385 0.0
77 53.84615384615385 0.0
78 61.53846153846154 0.0
79 53.84615384615385 0.0
80 50.0 0.0
81 61.53846153846154 0.0
82 61.53846153846154 0.0
83 53.84615384615385 0.0
84 53.84615384615385 0.0
85 57.69230769230769 0.0
86 46.15384615384615 0.0
87 53.84615384615385 0.0
88 46.15384615384615 0.0
89 50.0 0.0
90 34.61538461538461 0.0
91 46.15384615384615 0.0
92 57.69230769230769 0.0
93 57.69230769230769 0.0
94 61.53846153846154 0.0
95 42.30769230769231 0.0
96 46.15384615384615 0.0
97 50.0 0.0
98 57.69230769230769 0.0
99 46.15384615384615 0.0
100 46.15384615384615 0.0
101 42.30769230769231 0.0
102 46.15384615384615 0.0
103 38.46153846153846 0.0
104 38.46153846153846 0.0
105 34.61538461538461 0.0
106 38.46153846153846 0.0
107 38.46153846153846 0.0
108 46.15384615384615 0.0
109 30.76923076923077 0.0
110 34.61538461538461 0.0
111 42.30769230769231 0.0
112 30.76923076923077 0.0
113 34.61538461538461 0.0
114 34.61538461538461 0.0
115 42.30769230769231 0.0
116 42.30769230769231 0.0
117 42.30769230769231 0.0
118 34.61538461538461 0.0
119 34.61538461538461 0.0
120 23.076923076923077 0.0
121 19.23076923076923 0.0
122 30.76923076923077 0.0
123 30.76923076923077 0.0
124 23.076923076923077 0.0
125 38.46153846153846 0.0
126 30.76923076923077 0.0
127 23.076923076923077 0.0
128 38.46153846153846 0.0
129 30.76923076923077 0.0
130 46.15384615384615 0.0
131 26.923076923076923 0.0
132 34.61538461538461 0.0
133 38.46153846153846 0.0
134 30.76923076923077 0.0
135 19.23076923076923 0.0
136 34.61538461538461 0.0
137 38.46153846153846 0.0
138 23.076923076923077 0.0
139 42.30769230769231 0.0
140 50.0 0.0
141 57.69230769230769 0.0
142 38.46153846153846 0.0
143 30.76923076923077 0.0
144 46.15384615384615 0.0
145 30.76923076923077 0.0
146 50.0 0.0
147 42.30769230769231 0.0
148 42.30769230769231 0.0
149 50.0 0.0
150 38.46153846153846 0.0
151 34.61538461538461 0.0
152 34.61538461538461 0.0
153 34.61538461538461 0.0
154 46.15384615384615 0.0
155 50.0 0.0
156 46.15384615384615 0.0
157 42.30769230769231 0.0
158 50.0 0.0
159 42.30769230769231 0.0
160 46.15384615384615 0.0
161 50.0 0.0
162 46.15384615384615 0.0
163 38.46153846153846 0.0
164 23.076923076923077 0.0
165 46.15384615384615 0.0
166 26.923076923076923 0.0
167 34.61538461538461 0.0
168 19.23076923076923 0.0
169 34.61538461538461 0.0
170 57.69230769230769 0.0
171 50.0 0.0
172 46.15384615384615 0.0
173 38.46153846153846 0.0
174 30.76923076923077 0.0
175 38.46153846153846 0.0
176 38.46153846153846 0.0
177 42.30769230769231 0.0
178 42.30769230769231 0.0
179 42.30769230769231 0.0
180 38.46153846153846 0.0
181 42.30769230769231 0.0
182 34.61538461538461 0.0
183 30.76923076923077 0.0
184 38.46153846153846 0.0
185 42.30769230769231 0.0
186 38.46153846153846 0.0
187 30.76923076923077 0.0
188 34.61538461538461 0.0
189 46.15384615384615 0.0
190 42.30769230769231 0.0
191 38.46153846153846 0.0
192 34.61538461538461 0.0
193 42.30769230769231 0.0
194 30.76923076923077 0.0
195 34.61538461538461 0.0
196 38.46153846153846 0.0
197 42.30769230769231 0.0
198 38.46153846153846 0.0
199 42.30769230769231 0.0
200 42.30769230769231 0.0
201 42.30769230769231 0.0
202 42.30769230769231 0.0
203 30.76923076923077 0.0
204 23.076923076923077 0.0
205 19.23076923076923 0.0
206 15.384615384615385 0.0
207 15.384615384615385 0.0
208 23.076923076923077 0.0
209 23.076923076923077 0.0
210 15.384615384615385 0.0
211 23.076923076923077 0.0
212 23.076923076923077 0.0
213 19.23076923076923 0.0
214 23.076923076923077 0.0
215 11.538461538461538 0.0
216 30.76923076923077 0.0
217 34.61538461538461 0.0
218 38.46153846153846 0.0
219 23.076923076923077 0.0
220 26.923076923076923 0.0
221 26.923076923076923 0.0
222 26.923076923076923 0.0
223 19.23076923076923 0.0
224 26.923076923076923 0.0
225 30.76923076923077 0.0
226 30.76923076923077 0.0
227 26.923076923076923 0.0
228 38.46153846153846 0.0
229 34.61538461538461 0.0
230 34.61538461538461 0.0
231 50.0 0.0
232 26.923076923076923 0.0
233 38.46153846153846 0.0
234 34.61538461538461 0.0
235 42.30769230769231 0.0
236 46.15384615384615 0.0
237 38.46153846153846 0.0
238 38.46153846153846 0.0
239 34.61538461538461 0.0
240 30.76923076923077 0.0
241 38.46153846153846 0.0
242 34.61538461538461 0.0
243 38.46153846153846 0.0
244 30.76923076923077 0.0
245 42.30769230769231 0.0
246 42.30769230769231 0.0
247 34.61538461538461 0.0
248 30.76923076923077 0.0
249 34.61538461538461 0.0
250 50.0 0.0
251 38.46153846153846 0.0
252 38.46153846153846 0.0
253 46.15384615384615 0.0
254 42.30769230769231 0.0
255 42.30769230769231 0.0
256 38.46153846153846 0.0
257 38.46153846153846 0.0
258 38.46153846153846 0.0
259 38.46153846153846 0.0
260 57.69230769230769 0.0
261 46.15384615384615 0.0
262 46.15384615384615 0.0
263 42.30769230769231 0.0
264 42.30769230769231 0.0
265 38.46153846153846 0.0
266 38.46153846153846 0.0
267 53.84615384615385 0.0
268 46.15384615384615 0.0
269 46.15384615384615 0.0
270 42.30769230769231 0.0
271 53.84615384615385 0.0
272 42.30769230769231 0.0
273 34.61538461538461 0.0
274 42.30769230769231 0.0
275 34.61538461538461 0.0
276 38.46153846153846 0.0
277 38.46153846153846 0.0
278 46.15384615384615 0.0
279 46.15384615384615 0.0
280 53.84615384615385 0.0
281 57.69230769230769 0.0
282 38.46153846153846 0.0
283 42.30769230769231 0.0
284 38.46153846153846 0.0
285 50.0 0.0
286 46.15384615384615 0.0
287 34.61538461538461 0.0
288 53.84615384615385 0.0
289 42.30769230769231 0.0
290 50.0 0.0
291 26.923076923076923 0.0
292 42.30769230769231 0.0
293 26.923076923076923 0.0
294 34.61538461538461 0.0
295 53.84615384615385 0.0
296 34.61538461538461 0.0
297 38.46153846153846 0.0
298 38.46153846153846 0.0
299 34.61538461538461 0.0
300 34.61538461538461 0.0
301 42.30769230769231 0.0
302 46.15384615384615 0.0
303 42.30769230769231 0.0
304 42.30769230769231 0.0
305 50.0 0.0
306 46.15384615384615 0.0
307 34.61538461538461 0.0
308 30.76923076923077 0.0
309 46.15384615384615 0.0
310 38.46153846153846 0.0
311 46.15384615384615 0.0
312 34.61538461538461 0.0
313 53.84615384615385 0.0
314 50.0 0.0
315 42.30769230769231 0.0
316 50.0 0.0
317 34.61538461538461 0.0
318 38.46153846153846 0.0
319 42.30769230769231 0.0
320 34.61538461538461 0.0
321 42.30769230769231 0.0
322 53.84615384615385 0.0
323 57.69230769230769 0.0
324 42.30769230769231 0.0
325 42.30769230769231 0.0
326 38.46153846153846 0.0
327 38.46153846153846 0.0
328 38.46153846153846 0.0
329 42.30769230769231 0.0
330 38.46153846153846 0.0
331 50.0 0.0
332 42.30769230769231 0.0
333 34.61538461538461 0.0
334 42.30769230769231 0.0
335 53.84615384615385 0.0
336 46.15384615384615 0.0
337 53.84615384615385 0.0
338 46.15384615384615 0.0
339 61.53846153846154 0.0
340 61.53846153846154 0.0
341 42.30769230769231 0.0
342 46.15384615384615 0.0
343 50.0 0.0
344 50.0 0.0
345 57.69230769230769 0.0
346 61.53846153846154 0.0
347 50.0 0.0
348 34.61538461538461 0.0
349 57.69230769230769 0.0
350 46.15384615384615 0.0
351 53.84615384615385 0.0
352 61.53846153846154 0.0
353 42.30769230769231 0.0
354 42.30769230769231 0.0
355 46.15384615384615 0.0
356 38.46153846153846 0.0
357 34.61538461538461 0.0
358 30.76923076923077 0.0
359 42.30769230769231 0.0
360 34.61538461538461 0.0
361 38.46153846153846 0.0
362 50.0 0.0
363 50.0 0.0
364 42.30769230769231 0.0
365 46.15384615384615 0.0
366 46.15384615384615 0.0
367 57.69230769230769 0.0
368 50.0 0.0
369 38.46153846153846 0.0
370 42.30769230769231 0.0
371 34.61538461538461 0.0
372 34.61538461538461 0.0
373 38.46153846153846 0.0
374 42.30769230769231 0.0
375 34.61538461538461 0.0
376 42.30769230769231 0.0
377 30.76923076923077 0.0
378 42.30769230769231 0.0
379 34.61538461538461 0.0
380 50.0 0.0
381 50.0 0.0
382 53.84615384615385 0.0
383 46.15384615384615 0.0
384 38.46153846153846 0.0
385 38.46153846153846 0.0
386 53.84615384615385 0.0
387 46.15384615384615 0.0
388 46.15384615384615 0.0
389 38.46153846153846 0.0
390 46.15384615384615 0.0
391 38.46153846153846 0.0
392 46.15384615384615 0.0
393 42.30769230769231 0.0
394 42.30769230769231 0.0
395 42.30769230769231 0.0
396 46.15384615384615 0.0
397 42.30769230769231 0.0
398 42.30769230769231 0.0
399 46.15384615384615 0.0
400 42.30769230769231 0.0
401 50.0 0.0
402 42.30769230769231 0.0
403 42.30769230769231 0.0
404 50.0 0.0
405 50.0 0.0
406 50.0 0.0
407 53.84615384615385 0.0
408 53.84615384615385 0.0
409 50.0 0.0
410 50.0 0.0
411 50.0 0.0
412 38.46153846153846 0.0
413 46.15384615384615 0.0
414 42.30769230769231 0.0
415 46.15384615384615 0.0
416 46.15384615384615 0.0
417 42.30769230769231 0.0
418 46.15384615384615 0.0
419 46.15384615384615 0.0
420 50.0 0.0
421 42.30769230769231 0.0
422 61.53846153846154 0.0
423 42.30769230769231 0.0
424 46.15384615384615 0.0
425 46.15384615384615 0.0
426 50.0 0.0
427 53.84615384615385 0.0
428 42.30769230769231 0.0
429 38.46153846153846 0.0
430 53.84615384615385 0.0
431 50.0 0.0
432 50.0 0.0
433 53.84615384615385 0.0
434 53.84615384615385 0.0
435 50.0 0.0
436 73.07692307692308 0.0
437 57.69230769230769 0.0
438 61.53846153846154 0.0
439 46.15384615384615 0.0
440 53.84615384615385 0.0
441 46.15384615384615 0.0
442 61.53846153846154 0.0
443 57.69230769230769 0.0
444 50.0 0.0
445 50.0 0.0
446 42.30769230769231 0.0
447 46.15384615384615 0.0
448 42.30769230769231 0.0
449 57.69230769230769 0.0
450 50.0 0.0
451 50.0 0.0
452 50.0 0.0
453 76.92307692307692 0.0
454 50.0 0.0
455 69.23076923076923 0.0
456 53.84615384615385 0.0
457 42.30769230769231 0.0
458 50.0 0.0
459 46.15384615384615 0.0
460 34.61538461538461 0.0
461 34.61538461538461 0.0
462 38.46153846153846 0.0
463 38.46153846153846 0.0
464 30.76923076923077 0.0
465 30.76923076923077 0.0
466 34.61538461538461 0.0
467 38.46153846153846 0.0
468 30.76923076923077 0.0
469 26.923076923076923 0.0
470 38.46153846153846 0.0
471 42.30769230769231 0.0
472 42.30769230769231 0.0
473 53.84615384615385 0.0
474 46.15384615384615 0.0
475 34.61538461538461 0.0
476 42.30769230769231 0.0
477 23.076923076923077 0.0
478 23.076923076923077 0.0
479 19.23076923076923 0.0
480 38.46153846153846 0.0
481 34.61538461538461 0.0
482 42.30769230769231 0.0
483 23.076923076923077 0.0
484 26.923076923076923 0.0
485 42.30769230769231 0.0
486 38.46153846153846 0.0
487 34.61538461538461 0.0
488 30.76923076923077 0.0
489 38.46153846153846 0.0
490 38.46153846153846 0.0
491 30.76923076923077 0.0
492 34.61538461538461 0.0
493 30.76923076923077 0.0
494 23.076923076923077 0.0
495 30.76923076923077 0.0
496 30.76923076923077 0.0
497 23.076923076923077 0.0
498 23.076923076923077 0.0
499 26.923076923076923 0.0
500 34.61538461538461 0.0
501 34.61538461538461 0.0
502 26.923076923076923 0.0
503 26.923076923076923 0.0
504 42.30769230769231 0.0
505 42.30769230769231 0.0
506 26.923076923076923 0.0
507 26.923076923076923 0.0
508 34.61538461538461 0.0
509 34.61538461538461 0.0
510 26.923076923076923 0.0
511 30.76923076923077 0.0
512 34.61538461538461 0.0
513 26.923076923076923 0.0
514 34.61538461538461 0.0
515 26.923076923076923 0.0
516 30.76923076923077 0.0
517 26.923076923076923 0.0
518 26.923076923076923 0.0
519 26.923076923076923 0.0
520 23.076923076923077 0.0
521 19.23076923076923 0.0
522 38.46153846153846 0.0
523 30.76923076923077 0.0
524 34.61538461538461 0.0
525 26.923076923076923 0.0
526 38.46153846153846 0.0
527 26.923076923076923 0.0
528 34.61538461538461 0.0
529 19.23076923076923 0.0
530 19.23076923076923 0.0
531 26.923076923076923 0.0
532 34.61538461538461 0.0
533 19.23076923076923 0.0
534 19.23076923076923 0.0
535 23.076923076923077 0.0
536 19.23076923076923 0.0
537 23.076923076923077 0.0
538 23.076923076923077 0.0
539 30.76923076923077 0.0
540 23.076923076923077 0.0
541 26.923076923076923 0.0
542 30.76923076923077 0.0
543 34.61538461538461 0.0
544 23.076923076923077 0.0
545 23.076923076923077 0.0
546 26.923076923076923 0.0
547 26.923076923076923 0.0
548 26.923076923076923 0.0
549 19.23076923076923 0.0
550 26.923076923076923 0.0
551 19.23076923076923 0.0
552 11.538461538461538 0.0
553 23.076923076923077 0.0
554 23.076923076923077 0.0
555 19.23076923076923 0.0
556 19.23076923076923 0.0
557 26.923076923076923 0.0
558 30.76923076923077 0.0
559 19.23076923076923 0.0
560 26.923076923076923 0.0
561 23.076923076923077 0.0
562 34.61538461538461 0.0
563 26.923076923076923 0.0
564 23.076923076923077 0.0
565 26.923076923076923 0.0
566 23.076923076923077 0.0
567 19.23076923076923 0.0
568 34.61538461538461 0.0
569 23.076923076923077 0.0
570 30.76923076923077 0.0
571 26.923076923076923 0.0
572 30.76923076923077 0.0
573 30.76923076923077 0.0
574 38.46153846153846 0.0
575 42.30769230769231 0.0
576 38.46153846153846 0.0
577 38.46153846153846 0.0
578 26.923076923076923 0.0
579 42.30769230769231 0.0
580 26.923076923076923 0.0
581 23.076923076923077 0.0
582 26.923076923076923 0.0
583 26.923076923076923 0.0
584 19.23076923076923 0.0
585 30.76923076923077 0.0
586 34.61538461538461 0.0
587 19.23076923076923 0.0
588 30.76923076923077 0.0
589 26.923076923076923 0.0
590 23.076923076923077 0.0
591 26.923076923076923 0.0
592 26.923076923076923 0.0
593 30.76923076923077 0.0
594 26.923076923076923 0.0
595 34.61538461538461 0.0
596 11.538461538461538 0.0
597 19.23076923076923 0.0
598 15.384615384615385 0.0
599 19.23076923076923 0.0
600 23.076923076923077 0.0
601 23.076923076923077 0.0
602 23.076923076923077 0.0
603 30.76923076923077 0.0
604 26.923076923076923 0.0
605 26.923076923076923 0.0
606 23.076923076923077 0.0
607 23.076923076923077 0.0
608 26.923076923076923 0.0
609 30.76923076923077 0.0
610 34.61538461538461 0.0
611 26.923076923076923 0.0
612 26.923076923076923 0.0
613 38.46153846153846 0.0
614 30.76923076923077 0.0
615 26.923076923076923 0.0
616 38.46153846153846 0.0
617 34.61538461538461 0.0
618 26.923076923076923 0.0
619 30.76923076923077 0.0
620 38.46153846153846 0.0
621 30.76923076923077 0.0
622 30.76923076923077 0.0
623 34.61538461538461 0.0
624 53.84615384615385 0.0
625 46.15384615384615 0.0
626 46.15384615384615 0.0
627 50.0 0.0
628 30.76923076923077 0.0
629 38.46153846153846 0.0
630 30.76923076923077 0.0
631 26.923076923076923 0.0
632 23.076923076923077 0.0
633 30.76923076923077 0.0
634 46.15384615384615 0.0
635 46.15384615384615 0.0
636 23.076923076923077 0.0
637 30.76923076923077 0.0
638 34.61538461538461 0.0
639 26.923076923076923 0.0
640 26.923076923076923 0.0
641 50.0 0.0
642 46.15384615384615 0.0
643 46.15384615384615 0.0
644 50.0 0.0
645 34.61538461538461 0.0
646 53.84615384615385 0.0
647 50.0 0.0
648 46.15384615384615 0.0
649 38.46153846153846 0.0
650 42.30769230769231 0.0
651 34.61538461538461 0.0
652 38.46153846153846 0.0
653 42.30769230769231 0.0
654 42.30769230769231 0.0
655 46.15384615384615 0.0
656 42.30769230769231 0.0
657 50.0 0.0
658 50.0 0.0
659 57.69230769230769 0.0
660 46.15384615384615 0.0
661 46.15384615384615 0.0
662 50.0 0.0
663 46.15384615384615 0.0
664 42.30769230769231 0.0
665 57.69230769230769 0.0
666 38.46153846153846 0.0
667 42.30769230769231 0.0
668 42.30769230769231 0.0
669 38.46153846153846 0.0
670 42.30769230769231 0.0
671 34.61538461538461 0.0
672 30.76923076923077 0.0
673 34.61538461538461 0.0
674 34.61538461538461 0.0
675 42.30769230769231 0.0
676 38.46153846153846 0.0
677 46.15384615384615 0.0
678 30.76923076923077 0.0
679 34.61538461538461 0.0
680 34.61538461538461 0.0
681 30.76923076923077 0.0
682 30.76923076923077 0.0
683 34.61538461538461 0.0
684 23.076923076923077 0.0
685 34.61538461538461 0.0
686 30.76923076923077 0.0
687 34.61538461538461 0.0
688 34.61538461538461 0.0
689 34.61538461538461 0.0
690 42.30769230769231 0.0
691 46.15384615384615 0.0
692 46.15384615384615 0.0
693 38.46153846153846 0.0
694 46.15384615384615 0.0
695 53.84615384615385 0.0
696 42.30769230769231 0.0
697 38.46153846153846 0.0
698 42.30769230769231 0.0
699 53.84615384615385 0.0
700 42.30769230769231 0.0
701 42.30769230769231 0.0
702 46.15384615384615 0.0
703 46.15384615384615 0.0
704 50.0 0.0
705 50.0 0.0
706 38.46153846153846 0.0
707 23.076923076923077 0.0
708 19.23076923076923 0.0
709 19.23076923076923 0.0
710 19.23076923076923 0.0
711 19.23076923076923 0.0
712 23.076923076923077 0.0
713 23.076923076923077 0.0
714 23.076923076923077 0.0
715 26.923076923076923 0.0
716 19.23076923076923 0.0
717 26.923076923076923 0.0
718 34.61538461538461 0.0
719 38.46153846153846 0.0
720 38.46153846153846 0.0
721 34.61538461538461 0.0
722 34.61538461538461 0.0
723 34.61538461538461 0.0
724 42.30769230769231 0.0
725 34.61538461538461 0.0
726 42.30769230769231 0.0
727 38.46153846153846 0.0
728 23.076923076923077 0.0
729 38.46153846153846 0.0
730 30.76923076923077 0.0
731 23.076923076923077 0.0
732 34.61538461538461 0.0
733 38.46153846153846 0.0
734 46.15384615384615 0.0
735 34.61538461538461 0.0
736 26.923076923076923 0.0
737 26.923076923076923 0.0
738 15.384615384615385 0.0
739 19.23076923076923 0.0
740 23.076923076923077 0.0
741 26.923076923076923 0.0
742 26.923076923076923 0.0
743 26.923076923076923 0.0
744 23.076923076923077 0.0
745 19.23076923076923 0.0
746 11.538461538461538 0.0
747 15.384615384615385 0.0
748 23.076923076923077 0.0
749 19.23076923076923 0.0
750 26.923076923076923 0.0
751 26.923076923076923 0.0
752 26.923076923076923 0.0
753 26.923076923076923 0.0
754 23.076923076923077 0.0
755 23.076923076923077 0.0
756 23.076923076923077 0.0
757 30.76923076923077 0.0
758 38.46153846153846 0.0
759 19.23076923076923 0.0
760 34.61538461538461 0.0
761 26.923076923076923 0.0
762 30.76923076923077 0.0
763 23.076923076923077 0.0
764 34.61538461538461 0.0
765 23.076923076923077 0.0
766 34.61538461538461 0.0
767 38.46153846153846 0.0
768 34.61538461538461 0.0
769 38.46153846153846 0.0
770 34.61538461538461 0.0
771 34.61538461538461 0.0
772 42.30769230769231 0.0
773 42.30769230769231 0.0
774 57.69230769230769 0.0
775 42.30769230769231 0.0
776 46.15384615384615 0.0
777 46.15384615384615 0.0
778 30.76923076923077 0.0
779 23.076923076923077 0.0
780 42.30769230769231 0.0
781 30.76923076923077 0.0
782 46.15384615384615 0.0
783 30.76923076923077 0.0
784 30.76923076923077 0.0
785 30.76923076923077 0.0
786 57.69230769230769 0.0
787 30.76923076923077 0.0
788 38.46153846153846 0.0
789 38.46153846153846 0.0
790 46.15384615384615 0.0
791 42.30769230769231 0.0
792 38.46153846153846 0.0
793 34.61538461538461 0.0
794 38.46153846153846 0.0
795 26.923076923076923 0.0
796 23.076923076923077 0.0
797 23.076923076923077 0.0
798 30.76923076923077 0.0
799 42.30769230769231 0.0
800 34.61538461538461 0.0
801 23.076923076923077 0.0
802 23.076923076923077 0.0
803 30.76923076923077 0.0
804 30.76923076923077 0.0
805 26.923076923076923 0.0
806 34.61538461538461 0.0
807 26.923076923076923 0.0
808 19.23076923076923 0.0
809 34.61538461538461 0.0
810 26.923076923076923 0.0
811 15.384615384615385 0.0
812 26.923076923076923 0.0
813 15.384615384615385 0.0
814 26.923076923076923 0.0
815 19.23076923076923 0.0
816 23.076923076923077 0.0
817 19.23076923076923 0.0
818 23.076923076923077 0.0
819 30.76923076923077 0.0
820 26.923076923076923 0.0
821 26.923076923076923 0.0
822 26.923076923076923 0.0
823 42.30769230769231 0.0
824 30.76923076923077 0.0
825 30.76923076923077 0.0
826 34.61538461538461 0.0
827 30.76923076923077 0.0
828 26.923076923076923 0.0
829 34.61538461538461 0.0
830 30.76923076923077 0.0
831 26.923076923076923 0.0
832 34.61538461538461 0.0
833 23.076923076923077 0.0
834 38.46153846153846 0.0
835 19.23076923076923 0.0
836 30.76923076923077 0.0
837 26.923076923076923 0.0
838 30.76923076923077 0.0
839 42.30769230769231 0.0
840 23.076923076923077 0.0
841 34.61538461538461 0.0
842 26.923076923076923 0.0
843 30.76923076923077 0.0
844 30.76923076923077 0.0
845 38.46153846153846 0.0
846 34.61538461538461 0.0
847 30.76923076923077 0.0
848 19.23076923076923 0.0
849 26.923076923076923 0.0
850 23.076923076923077 0.0
851 19.23076923076923 0.0
852 26.923076923076923 0.0
853 34.61538461538461 0.0
854 42.30769230769231 0.0
855 34.61538461538461 0.0
856 30.76923076923077 0.0
857 30.76923076923077 0.0
858 23.076923076923077 0.0
859 34.61538461538461 0.0
860 34.61538461538461 0.0
861 34.61538461538461 0.0
862 42.30769230769231 0.0
863 42.30769230769231 0.0
864 34.61538461538461 0.0
865 34.61538461538461 0.0
866 34.61538461538461 0.0
867 34.61538461538461 0.0
868 30.76923076923077 0.0
869 38.46153846153846 0.0
870 30.76923076923077 0.0
871 42.30769230769231 0.0
872 34.61538461538461 0.0
873 46.15384615384615 0.0
874 34.61538461538461 0.0
875 30.76923076923077 0.0
876 30.76923076923077 0.0
877 42.30769230769231 0.0
878 34.61538461538461 0.0
879 34.61538461538461 0.0
880 30.76923076923077 0.0
881 42.30769230769231 0.0
882 30.76923076923077 0.0
883 34.61538461538461 0.0
884 26.923076923076923 0.0
885 23.076923076923077 0.0
886 34.61538461538461 0.0
887 38.46153846153846 0.0
888 34.61538461538461 0.0
889 53.84615384615385 0.0
890 53.84615384615385 0.0
891 38.46153846153846 0.0
892 50.0 0.0
893 38.46153846153846 0.0
894 42.30769230769231 0.0
895 46.15384615384615 0.0
896 42.30769230769231 0.0
897 38.46153846153846 0.0
898 38.46153846153846 0.0
899 46.15384615384615 0.0
900 34.61538461538461 0.0
901 30.76923076923077 0.0
902 26.923076923076923 0.0
903 34.61538461538461 0.0
904 34.61538461538461 0.0
905 53.84615384615385 0.0
906 50.0 0.0
907 46.15384615384615 0.0
908 38.46153846153846 0.0
909 50.0 0.0
910 34.61538461538461 0.0
911 42.30769230769231 0.0
912 42.30769230769231 0.0
913 34.61538461538461 0.0
914 34.61538461538461 0.0
915 30.76923076923077 0.0
916 26.923076923076923 0.0
917 23.076923076923077 0.0
918 26.923076923076923 0.0
919 34.61538461538461 0.0
920 30.76923076923077 0.0
921 46.15384615384615 0.0
922 46.15384615384615 0.0
923 38.46153846153846 0.0
924 42.30769230769231 0.0
925 38.46153846153846 0.0
926 34.61538461538461 0.0
927 42.30769230769231 0.0
928 46.15384615384615 0.0
929 46.15384615384615 0.0
930 53.84615384615385 0.0
931 46.15384615384615 0.0
932 26.923076923076923 0.0
933 42.30769230769231 0.0
934 38.46153846153846 0.0
935 46.15384615384615 0.0
936 50.0 0.0
937 42.30769230769231 0.0
938 46.15384615384615 0.0
939 50.0 0.0
940 46.15384615384615 0.0
941 50.0 0.0
942 34.61538461538461 0.0
943 69.23076923076923 0.0
944 57.69230769230769 0.0
945 53.84615384615385 0.0
946 46.15384615384615 0.0
947 46.15384615384615 0.0
948 42.30769230769231 0.0
949 42.30769230769231 0.0
950 53.84615384615385 0.0
951 53.84615384615385 0.0
952 50.0 0.0
953 69.23076923076923 0.0
954 61.53846153846154 0.0
955 53.84615384615385 0.0
956 50.0 0.0
957 65.38461538461539 0.0
958 57.69230769230769 0.0
959 65.38461538461539 0.0
960 50.0 0.0
961 34.61538461538461 0.0
962 50.0 0.0
963 42.30769230769231 0.0
964 34.61538461538461 0.0
965 42.30769230769231 0.0
966 34.61538461538461 0.0
967 42.30769230769231 0.0
968 46.15384615384615 0.0
969 50.0 0.0
970 61.53846153846154 0.0
971 53.84615384615385 0.0
972 50.0 0.0
973 50.0 0.0
974 73.07692307692308 0.0
975 50.0 0.0
976 57.69230769230769 0.0
977 57.69230769230769 0.0
978 61.53846153846154 0.0
979 73.07692307692308 0.0
980 65.38461538461539 0.0
981 57.69230769230769 0.0
982 50.0 0.0
983 50.0 0.0
984 42.30769230769231 0.0
985 50.0 0.0
986 38.46153846153846 0.0
987 46.15384615384615 0.0
988 57.69230769230769 0.0
989 61.53846153846154 0.0
990 65.38461538461539 0.0
991 50.0 0.0
992 34.61538461538461 0.0
993 38.46153846153846 0.0
994 42.30769230769231 0.0
995 42.30769230769231 0.0
996 53.84615384615385 0.0
997 57.69230769230769 0.0
998 57.69230769230769 0.0
999 42.30769230769231 0.0
