#frame monomers_% popc_isolated_%
0 34.61538461538461 0.0
1 42.30769230769231 0.0
2 23.076923076923077 0.0
3 23.076923076923077 0.0
4 26.923076923076923 0.0
5 19.23076923076923 0.0
6 30.76923076923077 0.0
7 26.923076923076923 0.0
8 26.923076923076923 0.0
9 23.076923076923077 0.0
10 23.076923076923077 0.0
11 15.384615384615385 0.0
12 19.23076923076923 0.0
13 26.923076923076923 0.0
14 38.46153846153846 0.0
15 30.76923076923077 0.0
16 26.923076923076923 0.0
17 26.923076923076923 0.0
18 34.61538461538461 0.0
19 30.76923076923077 0.0
20 38.46153846153846 0.0
21 30.76923076923077 0.0
22 30.76923076923077 0.0
23 26.923076923076923 0.0
24 42.30769230769231 0.0
25 30.76923076923077 0.0
26 30.76923076923077 0.0
27 15.384615384615385 0.0
28 19.23076923076923 0.0
29 34.61538461538461 0.0
30 15.384615384615385 0.0
31 26.923076923076923 0.0
32 23.076923076923077 0.0
33 26.923076923076923 0.0
34 30.76923076923077 0.0
35 15.384615384615385 0.0
36 19.23076923076923 0.0
37 11.538461538461538 0.0
38 30.76923076923077 0.0
39 26.923076923076923 0.0
40 19.23076923076923 0.0
41 23.076923076923077 0.0
42 26.923076923076923 0.0
43 46.15384615384615 0.0
44 34.61538461538461 0.0
45 26.923076923076923 0.0
46 26.923076923076923 0.0
47 23.076923076923077 0.0
48 38.46153846153846 0.0
49 26.923076923076923 0.0
50 38.46153846153846 0.0
51 34.61538461538461 0.0
52 26.923076923076923 0.0
53 15.384615384615385 0.0
54 19.23076923076923 0.0
55 26.923076923076923 0.0
56 19.23076923076923 0.0
57 23.076923076923077 0.0
58 26.923076923076923 0.0
59 15.384615384615385 0.0
60 30.76923076923077 0.0
61 26.923076923076923 0.0
62 26.923076923076923 0.0
63 34.61538461538461 0.0
64 38.46153846153846 0.0
65 26.923076923076923 0.0
66 30.76923076923077 0.0
67 30.76923076923077 0.0
68 26.923076923076923 0.0
69 26.923076923076923 0.0
70 42.30769230769231 0.0
71 34.61538461538461 0.0
72 26.923076923076923 0.0
73 26.923076923076923 0.0
74 34.61538461538461 0.0
75 26.923076923076923 0.0
76 26.923076923076923 0.0
77 26.923076923076923 0.0
78 34.61538461538461 0.0
79 23.076923076923077 0.0
80 19.23076923076923 0.0
81 34.61538461538461 0.0
82 46.15384615384615 0.0
83 30.76923076923077 0.0
84 50.0 0.0
85 30.76923076923077 0.0
86 34.61538461538461 0.0
87 34.61538461538461 0.0
88 42.30769230769231 0.0
89 46.15384615384615 0.0
90 23.076923076923077 0.0
91 38.46153846153846 0.0
92 38.46153846153846 0.0
93 46.15384615384615 0.0
94 34.61538461538461 0.0
95 34.61538461538461 0.0
96 30.76923076923077 0.0
97 30.76923076923077 0.0
98 42.30769230769231 0.0
99 42.30769230769231 0.0
100 38.46153846153846 0.0
101 38.46153846153846 0.0
102 26.923076923076923 0.0
103 53.84615384615385 0.0
104 38.46153846153846 0.0
105 23.076923076923077 0.0
106 38.46153846153846 0.0
107 34.61538461538461 0.0
108 34.61538461538461 0.0
109 34.61538461538461 0.0
110 34.61538461538461 0.0
111 34.61538461538461 0.0
112 23.076923076923077 0.0
113 30.76923076923077 0.0
114 34.61538461538461 0.0
115 30.76923076923077 0.0
116 26.923076923076923 0.0
117 26.923076923076923 0.0
118 34.61538461538461 0.0
119 38.46153846153846 0.0
120 34.61538461538461 0.0
121 42.30769230769231 0.0
122 23.076923076923077 0.0
123 19.23076923076923 0.0
124 23.076923076923077 0.0
125 30.76923076923077 0.0
126 38.46153846153846 0.0
127 30.76923076923077 0.0
128 19.23076923076923 0.0
129 26.923076923076923 0.0
130 30.76923076923077 0.0
131 26.923076923076923 0.0
132 19.23076923076923 0.0
133 26.923076923076923 0.0
134 38.46153846153846 0.0
135 23.076923076923077 0.0
136 23.076923076923077 0.0
137 26.923076923076923 0.0
138 15.384615384615385 0.0
139 11.538461538461538 0.0
140 34.61538461538461 0.0
141 19.23076923076923 0.0
142 38.46153846153846 0.0
143 23.076923076923077 0.0
144 19.23076923076923 0.0
145 30.76923076923077 0.0
146 26.923076923076923 0.0
147 34.61538461538461 0.0
148 34.61538461538461 0.0
149 30.76923076923077 0.0
150 42.30769230769231 0.0
151 38.46153846153846 0.0
152 30.76923076923077 0.0
153 46.15384615384615 0.0
154 34.61538461538461 0.0
155 42.30769230769231 0.0
156 34.61538461538461 0.0
157 38.46153846153846 0.0
158 23.076923076923077 0.0
159 46.15384615384615 0.0
160 34.61538461538461 0.0
161 26.923076923076923 0.0
162 23.076923076923077 0.0
163 23.076923076923077 0.0
164 19.23076923076923 0.0
165 26.923076923076923 0.0
166 26.923076923076923 0.0
167 19.23076923076923 0.0
168 19.23076923076923 0.0
169 34.61538461538461 0.0
170 15.384615384615385 0.0
171 53.84615384615385 0.0
172 26.923076923076923 0.0
173 34.61538461538461 0.0
174 42.30769230769231 0.0
175 38.46153846153846 0.0
176 61.53846153846154 0.0
177 38.46153846153846 0.0
178 38.46153846153846 0.0
179 42.30769230769231 0.0
180 42.30769230769231 0.0
181 30.76923076923077 0.0
182 38.46153846153846 0.0
183 23.076923076923077 0.0
184 42.30769230769231 0.0
185 38.46153846153846 0.0
186 23.076923076923077 0.0
187 30.76923076923077 0.0
188 30.76923076923077 0.0
189 26.923076923076923 0.0
190 26.923076923076923 0.0
191 30.76923076923077 0.0
192 38.46153846153846 0.0
193 26.923076923076923 0.0
194 23.076923076923077 0.0
195 26.923076923076923 0.0
196 30.76923076923077 0.0
197 23.076923076923077 0.0
198 38.46153846153846 0.0
199 34.61538461538461 0.0
200 23.076923076923077 0.0
201 34.61538461538461 0.0
202 26.923076923076923 0.0
203 30.76923076923077 0.0
204 23.076923076923077 0.0
205 15.384615384615385 0.0
206 26.923076923076923 0.0
207 19.23076923076923 0.0
208 11.538461538461538 0.0
209 26.923076923076923 0.0
210 30.76923076923077 0.0
211 15.384615384615385 0.0
212 11.538461538461538 0.0
213 19.23076923076923 0.0
214 11.538461538461538 0.0
215 23.076923076923077 0.0
216 19.23076923076923 0.0
217 30.76923076923077 0.0
218 15.384615384615385 0.0
219 38.46153846153846 0.0
220 15.384615384615385 0.0
221 19.23076923076923 0.0
222 15.384615384615385 0.0
223 7.6923076923076925 0.0
224 19.23076923076923 0.0
225 15.384615384615385 0.0
226 19.23076923076923 0.0
227 38.46153846153846 0.0
228 23.076923076923077 0.0
229 26.923076923076923 0.0
230 23.076923076923077 0.0
231 19.23076923076923 0.0
232 30.76923076923077 0.0
233 26.923076923076923 0.0
234 34.61538461538461 0.0
235 19.23076923076923 0.0
236 34.61538461538461 0.0
237 26.923076923076923 0.0
238 30.76923076923077 0.0
239 26.923076923076923 0.0
240 19.23076923076923 0.0
241 30.76923076923077 0.0
242 34.61538461538461 0.0
243 50.0 0.0
244 42.30769230769231 0.0
245 34.61538461538461 0.0
246 46.15384615384615 0.0
247 34.61538461538461 0.0
248 38.46153846153846 0.0
249 34.61538461538461 0.0
250 42.30769230769231 0.0
251 38.46153846153846 0.0
252 19.23076923076923 0.0
253 23.076923076923077 0.0
254 30.76923076923077 0.0
255 23.076923076923077 0.0
256 30.76923076923077 0.0
257 15.384615384615385 0.0
258 30.76923076923077 0.0
259 23.076923076923077 0.0
260 15.384615384615385 0.0
261 34.61538461538461 0.0
262 23.076923076923077 0.0
263 19.23076923076923 0.0
264 19.23076923076923 0.0
265 26.923076923076923 0.0
266 23.076923076923077 0.0
267 23.076923076923077 0.0
268 23.076923076923077 0.0
269 15.384615384615385 0.0
270 26.923076923076923 0.0
271 19.23076923076923 0.0
272 19.23076923076923 0.0
273 30.76923076923077 0.0
274 15.384615384615385 0.0
275 19.23076923076923 0.0
276 19.23076923076923 0.0
277 19.23076923076923 0.0
278 19.23076923076923 0.0
279 34.61538461538461 0.0
280 30.76923076923077 0.0
281 26.923076923076923 0.0
282 34.61538461538461 0.0
283 11.538461538461538 0.0
284 23.076923076923077 0.0
285 26.923076923076923 0.0
286 19.23076923076923 0.0
287 19.23076923076923 0.0
288 11.538461538461538 0.0
289 15.384615384615385 0.0
290 15.384615384615385 0.0
291 26.923076923076923 0.0
292 19.23076923076923 0.0
293 26.923076923076923 0.0
294 26.923076923076923 0.0
295 26.923076923076923 0.0
296 34.61538461538461 0.0
297 23.076923076923077 0.0
298 15.384615384615385 0.0
299 19.23076923076923 0.0
300 23.076923076923077 0.0
301 26.923076923076923 0.0
302 23.076923076923077 0.0
303 26.923076923076923 0.0
304 19.23076923076923 0.0
305 15.384615384615385 0.0
306 19.23076923076923 0.0
307 23.076923076923077 0.0
308 19.23076923076923 0.0
309 30.76923076923077 0.0
310 26.923076923076923 0.0
311 30.76923076923077 0.0
312 30.76923076923077 0.0
313 26.923076923076923 0.0
314 26.923076923076923 0.0
315 34.61538461538461 0.0
316 15.384615384615385 0.0
317 23.076923076923077 0.0
318 38.46153846153846 0.0
319 26.923076923076923 0.0
320 23.076923076923077 0.0
321 26.923076923076923 0.0
322 34.61538461538461 0.0
323 23.076923076923077 0.0
324 15.384615384615385 0.0
325 23.076923076923077 0.0
326 23.076923076923077 0.0
327 19.23076923076923 0.0
328 23.076923076923077 0.0
329 19.23076923076923 0.0
330 23.076923076923077 0.0
331 19.23076923076923 0.0
332 19.23076923076923 0.0
333 26.923076923076923 0.0
334 19.23076923076923 0.0
335 26.923076923076923 0.0
336 11.538461538461538 0.0
337 19.23076923076923 0.0
338 23.076923076923077 0.0
339 19.23076923076923 0.0
340 19.23076923076923 0.0
341 19.23076923076923 0.0
342 19.23076923076923 0.0
343 15.384615384615385 0.0
344 23.076923076923077 0.0
345 23.076923076923077 0.0
346 15.384615384615385 0.0
347 15.384615384615385 0.0
348 23.076923076923077 0.0
349 30.76923076923077 0.0
350 34.61538461538461 0.0
351 19.23076923076923 0.0
352 19.23076923076923 0.0
353 26.923076923076923 0.0
354 26.923076923076923 0.0
355 15.384615384615385 0.0
356 38.46153846153846 0.0
357 23.076923076923077 0.0
358 42.30769230769231 0.0
359 23.076923076923077 0.0
360 23.076923076923077 0.0
361 42.30769230769231 0.0
362 30.76923076923077 0.0
363 30.76923076923077 0.0
364 34.61538461538461 0.0
365 26.923076923076923 0.0
366 30.76923076923077 0.0
367 26.923076923076923 0.0
368 23.076923076923077 0.0
369 30.76923076923077 0.0
370 30.76923076923077 0.0
371 34.61538461538461 0.0
372 38.46153846153846 0.0
373 38.46153846153846 0.0
374 42.30769230769231 0.0
375 42.30769230769231 0.0
376 46.15384615384615 0.0
377 30.76923076923077 0.0
378 46.15384615384615 0.0
379 57.69230769230769 0.0
380 53.84615384615385 0.0
381 38.46153846153846 0.0
382 50.0 0.0
383 42.30769230769231 0.0
384 30.76923076923077 0.0
385 38.46153846153846 0.0
386 26.923076923076923 0.0
387 26.923076923076923 0.0
388 26.923076923076923 0.0
389 26.923076923076923 0.0
390 34.61538461538461 0.0
391 30.76923076923077 0.0
392 23.076923076923077 0.0
393 26.923076923076923 0.0
394 23.076923076923077 0.0
395 23.076923076923077 0.0
396 30.76923076923077 0.0
397 19.23076923076923 0.0
398 30.76923076923077 0.0
399 34.61538461538461 0.0
400 30.76923076923077 0.0
401 19.23076923076923 0.0
402 23.076923076923077 0.0
403 23.076923076923077 0.0
404 30.76923076923077 0.0
405 26.923076923076923 0.0
406 19.23076923076923 0.0
407 23.076923076923077 0.0
408 15.384615384615385 0.0
409 7.6923076923076925 0.0
410 11.538461538461538 0.0
411 19.23076923076923 0.0
412 23.076923076923077 0.0
413 26.923076923076923 0.0
414 23.076923076923077 0.0
415 26.923076923076923 0.0
416 19.23076923076923 0.0
417 19.23076923076923 0.0
418 19.23076923076923 0.0
419 38.46153846153846 0.0
420 30.76923076923077 0.0
421 30.76923076923077 0.0
422 38.46153846153846 0.0
423 23.076923076923077 0.0
424 15.384615384615385 0.0
425 15.384615384615385 0.0
426 30.76923076923077 0.0
427 34.61538461538461 0.0
428 30.76923076923077 0.0
429 38.46153846153846 0.0
430 38.46153846153846 0.0
431 30.76923076923077 0.0
432 23.076923076923077 0.0
433 26.923076923076923 0.0
434 26.923076923076923 0.0
435 19.23076923076923 0.0
436 34.61538461538461 0.0
437 34.61538461538461 0.0
438 26.923076923076923 0.0
439 26.923076923076923 0.0
440 42.30769230769231 0.0
441 38.46153846153846 0.0
442 34.61538461538461 0.0
443 38.46153846153846 0.0
444 38.46153846153846 0.0
445 26.923076923076923 0.0
446 38.46153846153846 0.0
447 30.76923076923077 0.0
448 34.61538461538461 0.0
449 26.923076923076923 0.0
450 30.76923076923077 0.0
451 34.61538461538461 0.0
452 38.46153846153846 0.0
453 42.30769230769231 0.0
454 50.0 0.0
455 50.0 0.0
456 38.46153846153846 0.0
457 34.61538461538461 0.0
458 30.76923076923077 0.0
459 38.46153846153846 0.0
460 34.61538461538461 0.0
461 46.15384615384615 0.0
462 50.0 0.0
463 46.15384615384615 0.0
464 38.46153846153846 0.0
465 61.53846153846154 0.0
466 69.23076923076923 0.0
467 46.15384615384615 0.0
468 50.0 0.0
469 50.0 0.0
470 46.15384615384615 0.0
471 50.0 0.0
472 42.30769230769231 0.0
473 38.46153846153846 0.0
474 42.30769230769231 0.0
475 53.84615384615385 0.0
476 34.61538461538461 0.0
477 34.61538461538461 0.0
478 38.46153846153846 0.0
479 46.15384615384615 0.0
480 38.46153846153846 0.0
481 30.76923076923077 0.0
482 19.23076923076923 0.0
483 19.23076923076923 0.0
484 15.384615384615385 0.0
485 19.23076923076923 0.0
486 34.61538461538461 0.0
487 23.076923076923077 0.0
488 26.923076923076923 0.0
489 26.923076923076923 0.0
490 23.076923076923077 0.0
491 38.46153846153846 0.0
492 34.61538461538461 0.0
493 30.76923076923077 0.0
494 50.0 0.0
495 38.46153846153846 0.0
496 38.46153846153846 0.0
497 30.76923076923077 0.0
498 38.46153846153846 0.0
499 42.30769230769231 0.0
500 38.46153846153846 0.0
501 46.15384615384615 0.0
502 53.84615384615385 0.0
503 46.15384615384615 0.0
504 34.61538461538461 0.0
505 42.30769230769231 0.0
506 34.61538461538461 0.0
507 26.923076923076923 0.0
508 34.61538461538461 0.0
509 50.0 0.0
510 53.84615384615385 0.0
511 38.46153846153846 0.0
512 46.15384615384615 0.0
513 42.30769230769231 0.0
514 38.46153846153846 0.0
515 30.76923076923077 0.0
516 38.46153846153846 0.0
517 26.923076923076923 0.0
518 46.15384615384615 0.0
519 46.15384615384615 0.0
520 46.15384615384615 0.0
521 46.15384615384615 0.0
522 34.61538461538461 0.0
523 46.15384615384615 0.0
524 34.61538461538461 0.0
525 26.923076923076923 0.0
526 23.076923076923077 0.0
527 26.923076923076923 0.0
528 23.076923076923077 0.0
529 26.923076923076923 0.0
530 30.76923076923077 0.0
531 46.15384615384615 0.0
532 46.15384615384615 0.0
533 30.76923076923077 0.0
534 26.923076923076923 0.0
535 34.61538461538461 0.0
536 26.923076923076923 0.0
537 34.61538461538461 0.0
538 23.076923076923077 0.0
539 19.23076923076923 0.0
540 23.076923076923077 0.0
541 34.61538461538461 0.0
542 26.923076923076923 0.0
543 15.384615384615385 0.0
544 30.76923076923077 0.0
545 30.76923076923077 0.0
546 30.76923076923077 0.0
547 30.76923076923077 0.0
548 19.23076923076923 0.0
549 26.923076923076923 0.0
550 26.923076923076923 0.0
551 34.61538461538461 0.0
552 23.076923076923077 0.0
553 23.076923076923077 0.0
554 19.23076923076923 0.0
555 19.23076923076923 0.0
556 38.46153846153846 0.0
557 30.76923076923077 0.0
558 26.923076923076923 0.0
559 26.923076923076923 0.0
560 34.61538461538461 0.0
561 34.61538461538461 0.0
562 30.76923076923077 0.0
563 34.61538461538461 0.0
564 34.61538461538461 0.0
565 19.23076923076923 0.0
566 38.46153846153846 0.0
567 38.46153846153846 0.0
568 19.23076923076923 0.0
569 26.923076923076923 0.0
570 34.61538461538461 0.0
571 26.923076923076923 0.0
572 19.23076923076923 0.0
573 23.076923076923077 0.0
574 26.923076923076923 0.0
575 19.23076923076923 0.0
576 15.384615384615385 0.0
577 19.23076923076923 0.0
578 23.076923076923077 0.0
579 19.23076923076923 0.0
580 19.23076923076923 0.0
581 19.23076923076923 0.0
582 26.923076923076923 0.0
583 19.23076923076923 0.0
584 19.23076923076923 0.0
585 23.076923076923077 0.0
586 26.923076923076923 0.0
587 38.46153846153846 0.0
588 34.61538461538461 0.0
589 30.76923076923077 0.0
590 23.076923076923077 0.0
591 38.46153846153846 0.0
592 19.23076923076923 0.0
593 26.923076923076923 0.0
594 23.076923076923077 0.0
595 11.538461538461538 0.0
596 19.23076923076923 0.0
597 23.076923076923077 0.0
598 26.923076923076923 0.0
599 23.076923076923077 0.0
600 23.076923076923077 0.0
601 23.076923076923077 0.0
602 26.923076923076923 0.0
603 23.076923076923077 0.0
604 30.76923076923077 0.0
605 34.61538461538461 0.0
606 46.15384615384615 0.0
607 26.923076923076923 0.0
608 30.76923076923077 0.0
609 34.61538461538461 0.0
610 30.76923076923077 0.0
611 30.76923076923077 0.0
612 23.076923076923077 0.0
613 34.61538461538461 0.0
614 26.923076923076923 0.0
615 23.076923076923077 0.0
616 34.61538461538461 0.0
617 19.23076923076923 0.0
618 34.61538461538461 0.0
619 23.076923076923077 0.0
620 34.61538461538461 0.0
621 19.23076923076923 0.0
622 15.384615384615385 0.0
623 34.61538461538461 0.0
624 19.23076923076923 0.0
625 42.30769230769231 0.0
626 19.23076923076923 0.0
627 23.076923076923077 0.0
628 26.923076923076923 0.0
629 23.076923076923077 0.0
630 11.538461538461538 0.0
631 19.23076923076923 0.0
632 30.76923076923077 0.0
633 23.076923076923077 0.0
634 26.923076923076923 0.0
635 38.46153846153846 0.0
636 11.538461538461538 0.0
637 26.923076923076923 0.0
638 46.15384615384615 0.0
639 30.76923076923077 0.0
640 30.76923076923077 0.0
641 30.76923076923077 0.0
642 42.30769230769231 0.0
643 38.46153846153846 0.0
644 26.923076923076923 0.0
645 26.923076923076923 0.0
646 38.46153846153846 0.0
647 34.61538461538461 0.0
648 38.46153846153846 0.0
649 38.46153846153846 0.0
650 38.46153846153846 0.0
651 34.61538461538461 0.0
652 23.076923076923077 0.0
653 30.76923076923077 0.0
654 26.923076923076923 0.0
655 30.76923076923077 0.0
656 23.076923076923077 0.0
657 38.46153846153846 0.0
658 34.61538461538461 0.0
659 38.46153846153846 0.0
660 26.923076923076923 0.0
661 30.76923076923077 0.0
662 15.384615384615385 0.0
663 26.923076923076923 0.0
664 42.30769230769231 0.0
665 42.30769230769231 0.0
666 42.30769230769231 0.0
667 50.0 0.0
668 50.0 0.0
669 38.46153846153846 0.0
670 53.84615384615385 0.0
671 46.15384615384615 0.0
672 34.61538461538461 0.0
673 46.15384615384615 0.0
674 46.15384615384615 0.0
675 57.69230769230769 0.0
676 50.0 0.0
677 42.30769230769231 0.0
678 57.69230769230769 0.0
679 50.0 0.0
680 38.46153846153846 0.0
681 57.69230769230769 0.0
682 53.84615384615385 0.0
683 42.30769230769231 0.0
684 46.15384615384615 0.0
685 46.15384615384615 0.0
686 50.0 0.0
687 50.0 0.0
688 57.69230769230769 0.0
689 38.46153846153846 0.0
690 38.46153846153846 0.0
691 46.15384615384615 0.0
692 61.53846153846154 0.0
693 46.15384615384615 0.0
694 42.30769230769231 0.0
695 26.923076923076923 0.0
696 46.15384615384615 0.0
697 46.15384615384615 0.0
698 34.61538461538461 0.0
699 34.61538461538461 0.0
700 34.61538461538461 0.0
701 19.23076923076923 0.0
702 42.30769230769231 0.0
703 53.84615384615385 0.0
704 42.30769230769231 0.0
705 38.46153846153846 0.0
706 46.15384615384615 0.0
707 42.30769230769231 0.0
708 50.0 0.0
709 46.15384615384615 0.0
710 53.84615384615385 0.0
711 42.30769230769231 0.0
712 38.46153846153846 0.0
713 34.61538461538461 0.0
714 42.30769230769231 0.0
715 34.61538461538461 0.0
716 38.46153846153846 0.0
717 34.61538461538461 0.0
718 46.15384615384615 0.0
719 38.46153846153846 0.0
720 30.76923076923077 0.0
721 30.76923076923077 0.0
722 30.76923076923077 0.0
723 42.30769230769231 0.0
724 34.61538461538461 0.0
725 34.61538461538461 0.0
726 34.61538461538461 0.0
727 34.61538461538461 0.0
728 34.61538461538461 0.0
729 38.46153846153846 0.0
730 34.61538461538461 0.0
731 26.923076923076923 0.0
732 38.46153846153846 0.0
733 34.61538461538461 0.0
734 34.61538461538461 0.0
735 42.30769230769231 0.0
736 42.30769230769231 0.0
737 38.46153846153846 0.0
738 34.61538461538461 0.0
739 42.30769230769231 0.0
740 42.30769230769231 0.0
741 30.76923076923077 0.0
742 30.76923076923077 0.0
743 38.46153846153846 0.0
744 42.30769230769231 0.0
745 38.46153846153846 0.0
746 23.076923076923077 0.0
747 19.23076923076923 0.0
748 34.61538461538461 0.0
749 19.23076923076923 0.0
750 34.61538461538461 0.0
751 38.46153846153846 0.0
752 42.30769230769231 0.0
753 30.76923076923077 0.0
754 38.46153846153846 0.0
755 26.923076923076923 0.0
756 26.923076923076923 0.0
757 30.76923076923077 0.0
758 26.923076923076923 0.0
759 23.076923076923077 0.0
760 19.23076923076923 0.0
761 15.384615384615385 0.0
762 26.923076923076923 0.0
763 30.76923076923077 0.0
764 38.46153846153846 0.0
765 30.76923076923077 0.0
766 38.46153846153846 0.0
767 34.61538461538461 0.0
768 26.923076923076923 0.0
769 34.61538461538461 0.0
770 42.30769230769231 0.0
771 38.46153846153846 0.0
772 26.923076923076923 0.0
773 38.46153846153846 0.0
774 34.61538461538461 0.0
775 38.46153846153846 0.0
776 26.923076923076923 0.0
777 34.61538461538461 0.0
778 23.076923076923077 0.0
779 38.46153846153846 0.0
780 30.76923076923077 0.0
781 26.923076923076923 0.0
782 19.23076923076923 0.0
783 19.23076923076923 0.0
784 19.23076923076923 0.0
785 34.61538461538461 0.0
786 38.46153846153846 0.0
787 38.46153846153846 0.0
788 34.61538461538461 0.0
789 26.923076923076923 0.0
790 26.923076923076923 0.0
791 26.923076923076923 0.0
792 23.076923076923077 0.0
793 23.076923076923077 0.0
794 23.076923076923077 0.0
795 26.923076923076923 0.0
796 38.46153846153846 0.0
797 23.076923076923077 0.0
798 26.923076923076923 0.0
799 38.46153846153846 0.0
800 38.46153846153846 0.0
801 26.923076923076923 0.0
802 26.923076923076923 0.0
803 38.46153846153846 0.0
804 38.46153846153846 0.0
805 34.61538461538461 0.0
806 30.76923076923077 0.0
807 34.61538461538461 0.0
808 42.30769230769231 0.0
809 34.61538461538461 0.0
810 26.923076923076923 0.0
811 50.0 0.0
812 46.15384615384615 0.0
813 30.76923076923077 0.0
814 42.30769230769231 0.0
815 46.15384615384615 0.0
816 50.0 0.0
817 34.61538461538461 0.0
818 42.30769230769231 0.0
819 38.46153846153846 0.0
820 42.30769230769231 0.0
821 42.30769230769231 0.0
822 53.84615384615385 0.0
823 57.69230769230769 0.0
824 34.61538461538461 0.0
825 42.30769230769231 0.0
826 42.30769230769231 0.0
827 46.15384615384615 0.0
828 30.76923076923077 0.0
829 26.923076923076923 0.0
830 26.923076923076923 0.0
831 23.076923076923077 0.0
832 15.384615384615385 0.0
833 15.384615384615385 0.0
834 34.61538461538461 0.0
835 34.61538461538461 0.0
836 26.923076923076923 0.0
837 34.61538461538461 0.0
838 34.61538461538461 0.0
839 42.30769230769231 0.0
840 38.46153846153846 0.0
841 53.84615384615385 0.0
842 42.30769230769231 0.0
843 46.15384615384615 0.0
844 30.76923076923077 0.0
845 38.46153846153846 0.0
846 42.30769230769231 0.0
847 30.76923076923077 0.0
848 38.46153846153846 0.0
849 34.61538461538461 0.0
850 38.46153846153846 0.0
851 30.76923076923077 0.0
852 26.923076923076923 0.0
853 38.46153846153846 0.0
854 42.30769230769231 0.0
855 30.76923076923077 0.0
856 38.46153846153846 0.0
857 30.76923076923077 0.0
858 38.46153846153846 0.0
859 53.84615384615385 0.0
860 50.0 0.0
861 46.15384615384615 0.0
862 61.53846153846154 0.0
863 38.46153846153846 0.0
864 50.0 0.0
865 61.53846153846154 0.0
866 57.69230769230769 0.0
867 46.15384615384615 0.0
868 53.84615384615385 0.0
869 34.61538461538461 0.0
870 46.15384615384615 0.0
871 53.84615384615385 0.0
872 38.46153846153846 0.0
873 46.15384615384615 0.0
874 34.61538461538461 0.0
875 42.30769230769231 0.0
876 46.15384615384615 0.0
877 42.30769230769231 0.0
878 50.0 0.0
879 38.46153846153846 0.0
880 42.30769230769231 0.0
881 46.15384615384615 0.0
882 46.15384615384615 0.0
883 30.76923076923077 0.0
884 30.76923076923077 0.0
885 38.46153846153846 0.0
886 34.61538461538461 0.0
887 30.76923076923077 0.0
888 42.30769230769231 0.0
889 26.923076923076923 0.0
890 38.46153846153846 0.0
891 34.61538461538461 0.0
892 38.46153846153846 0.0
893 38.46153846153846 0.0
894 42.30769230769231 0.0
895 30.76923076923077 0.0
896 30.76923076923077 0.0
897 26.923076923076923 0.0
898 26.923076923076923 0.0
899 23.076923076923077 0.0
900 38.46153846153846 0.0
901 34.61538461538461 0.0
902 38.46153846153846 0.0
903 23.076923076923077 0.0
904 26.923076923076923 0.0
905 19.23076923076923 0.0
906 19.23076923076923 0.0
907 23.076923076923077 0.0
908 11.538461538461538 0.0
909 19.23076923076923 0.0
910 15.384615384615385 0.0
911 23.076923076923077 0.0
912 26.923076923076923 0.0
913 30.76923076923077 0.0
914 19.23076923076923 0.0
915 26.923076923076923 0.0
916 26.923076923076923 0.0
917 30.76923076923077 0.0
918 30.76923076923077 0.0
919 19.23076923076923 0.0
920 19.23076923076923 0.0
921 23.076923076923077 0.0
922 23.076923076923077 0.0
923 30.76923076923077 0.0
924 30.76923076923077 0.0
925 34.61538461538461 0.0
926 42.30769230769231 0.0
927 19.23076923076923 0.0
928 30.76923076923077 0.0
929 15.384615384615385 0.0
930 15.384615384615385 0.0
931 23.076923076923077 0.0
932 34.61538461538461 0.0
933 19.23076923076923 0.0
934 19.23076923076923 0.0
935 15.384615384615385 0.0
936 19.23076923076923 0.0
937 11.538461538461538 0.0
938 15.384615384615385 0.0
939 23.076923076923077 0.0
940 34.61538461538461 0.0
941 26.923076923076923 0.0
942 30.76923076923077 0.0
943 30.76923076923077 0.0
944 34.61538461538461 0.0
945 34.61538461538461 0.0
946 30.76923076923077 0.0
947 34.61538461538461 0.0
948 38.46153846153846 0.0
949 38.46153846153846 0.0
950 42.30769230769231 0.0
951 34.61538461538461 0.0
952 30.76923076923077 0.0
953 34.61538461538461 0.0
954 30.76923076923077 0.0
955 42.30769230769231 0.0
956 30.76923076923077 0.0
957 26.923076923076923 0.0
958 30.76923076923077 0.0
959 46.15384615384615 0.0
960 46.15384615384615 0.0
961 46.15384615384615 0.0
962 42.30769230769231 0.0
963 26.923076923076923 0.0
964 38.46153846153846 0.0
965 42.30769230769231 0.0
966 50.0 0.0
967 42.30769230769231 0.0
968 38.46153846153846 0.0
969 30.76923076923077 0.0
970 34.61538461538461 0.0
971 23.076923076923077 0.0
972 26.923076923076923 0.0
973 30.76923076923077 0.0
974 19.23076923076923 0.0
975 26.923076923076923 0.0
976 30.76923076923077 0.0
977 30.76923076923077 0.0
978 42.30769230769231 0.0
979 42.30769230769231 0.0
980 23.076923076923077 0.0
981 34.61538461538461 0.0
982 38.46153846153846 0.0
983 46.15384615384615 0.0
984 50.0 0.0
985 57.69230769230769 0.0
986 65.38461538461539 0.0
987 50.0 0.0
988 38.46153846153846 0.0
989 46.15384615384615 0.0
990 42.30769230769231 0.0
991 46.15384615384615 0.0
992 50.0 0.0
993 53.84615384615385 0.0
994 46.15384615384615 0.0
995 38.46153846153846 0.0
996 34.61538461538461 0.0
997 42.30769230769231 0.0
998 38.46153846153846 0.0
999 26.923076923076923 0.0
