#resid average_duration max_duration persistent_contacts
1 4.414201183431953 23 169
10 6.0 53 125
11 6.47953216374269 52 171
12 5.640909090909091 32 220
13 5.875739644970414 36 169
14 5.763975155279503 53 161
15 5.483606557377049 49 122
16 5.5195530726256985 48 179
17 5.015463917525773 48 194
18 6.531914893617022 49 94
19 6.834394904458598 76 157
2 6.7650273224043715 64 183
20 6.601190476190476 42 168
21 4.983333333333333 46 120
22 5.994011976047904 40 167
23 6.329896907216495 32 194
24 6.407407407407407 50 108
25 7.136986301369863 46 146
26 6.443820224719101 64 178
3 6.137142857142857 76 175
4 6.460431654676259 36 139
5 5.825757575757576 65 132
6 5.412903225806452 65 155
7 5.905511811023622 52 127
8 6.325 34 160
9 6.552486187845304 50 181
#TOTAL_CONTACTS 14588 for 1000 frames
