#resid average_duration max_duration persistent_contacts
1 5.371559633027523 36 218
10 5.829113924050633 34 158
11 5.724324324324324 61 185
12 5.969879518072289 35 166
13 6.2011494252873565 58 174
14 5.9447852760736195 39 163
15 5.716049382716049 54 162
16 5.232558139534884 38 215
17 5.477011494252873 24 174
18 6.03960396039604 33 202
19 7.459119496855346 56 159
2 7.7846153846153845 56 65
20 5.486486486486487 26 185
21 5.141025641025641 37 156
22 6.206730769230769 61 208
23 5.860576923076923 43 208
24 5.404494382022472 31 178
25 5.1572327044025155 40 159
26 5.65979381443299 38 194
3 5.561643835616438 34 219
4 5.355371900826446 40 121
5 5.276595744680851 28 235
6 6.344186046511628 42 215
7 6.322115384615385 58 208
8 5.0476190476190474 23 210
9 5.427230046948357 33 213
#TOTAL_CONTACTS 16105 for 1000 frames
