#resid average_duration max_duration persistent_contacts
1 7.421052631578948 56 95
10 5.7103825136612025 58 183
11 5.844827586206897 93 116
12 7.165137614678899 93 109
13 6.0 88 108
14 6.611428571428571 64 175
15 5.625850340136054 38 147
16 5.910256410256411 28 156
17 5.937799043062201 32 209
18 6.328767123287672 31 219
19 5.5 44 122
2 5.460732984293194 64 191
20 5.783505154639175 31 97
21 5.821989528795812 42 191
22 6.391891891891892 38 148
23 4.772151898734177 21 79
24 7.598802395209581 88 167
25 5.313725490196078 31 153
26 5.427083333333333 22 96
3 6.13939393939394 27 165
4 7.532051282051282 58 156
5 5.7481481481481485 42 135
6 5.414364640883978 28 181
7 5.815668202764977 33 217
8 6.743961352657005 31 207
9 5.376404494382022 31 178
#TOTAL_CONTACTS 14170 for 1000 frames
