#resid average_duration max_duration persistent_contacts
1 5.329896907216495 31 194
10 5.8842592592592595 27 216
11 5.850828729281768 24 181
12 7.188524590163935 65 122
13 5.931506849315069 47 146
14 5.888111888111888 38 143
15 5.402714932126697 83 221
16 5.416666666666667 37 204
17 6.1 43 120
18 5.5487179487179485 32 195
19 5.7894736842105265 44 247
2 6.076530612244898 42 196
20 5.904255319148936 48 188
21 5.568965517241379 42 174
22 6.053719008264463 83 242
23 5.770053475935829 48 187
24 5.9411764705882355 34 119
25 5.974137931034483 44 232
26 5.181208053691275 42 149
3 5.699300699300699 29 143
4 6.146118721461187 43 219
5 6.32 31 125
6 5.090909090909091 21 154
7 5.721153846153846 42 208
8 5.7979274611398965 65 193
9 5.708791208791209 32 182
#TOTAL_CONTACTS 15806 for 1000 frames
