#resid average_duration max_duration persistent_contacts
1 23.012562814070353 418 398
10 18.313636363636363 681 220
11 19.714285714285715 428 224
12 14.25242718446602 218 206
13 28.919093851132686 623 309
14 20.387596899224807 360 258
15 26.015873015873016 470 189
16 14.820338983050847 304 295
17 13.504273504273504 163 234
18 17.51366120218579 319 366
19 5.915966386554622 31 119
2 12.150234741784038 272 213
20 12.843137254901961 329 153
21 17.876470588235293 419 510
22 23.57894736842105 688 323
23 20.686046511627907 593 430
24 20.76551724137931 428 290
25 24.87632508833922 623 283
26 27.617328519855597 688 277
3 20.652694610778443 272 167
4 13.115384615384615 126 78
5 16.75561797752809 353 356
6 11.89937106918239 681 159
7 18.781645569620252 417 316
8 10.838056680161943 353 247
9 15.638075313807532 357 478
#TOTAL_CONTACTS 69800 for 10100 frames
