#frame monomers_% popc_isolated_%
0 26.923076923076923 0.0
1 23.076923076923077 0.0
2 19.23076923076923 0.0
3 26.923076923076923 0.0
4 30.76923076923077 0.0
5 23.076923076923077 0.0
6 38.46153846153846 0.0
7 42.30769230769231 0.0
8 23.076923076923077 0.0
9 34.61538461538461 0.0
10 26.923076923076923 0.0
11 30.76923076923077 0.0
12 30.76923076923077 0.0
13 26.923076923076923 0.0
14 34.61538461538461 0.0
15 23.076923076923077 0.0
16 26.923076923076923 0.0
17 23.076923076923077 0.0
18 26.923076923076923 0.0
19 19.23076923076923 0.0
20 34.61538461538461 0.0
21 42.30769230769231 0.0
22 50.0 0.0
23 34.61538461538461 0.0
24 50.0 0.0
25 38.46153846153846 0.0
26 50.0 0.0
27 46.15384615384615 0.0
28 42.30769230769231 0.0
29 38.46153846153846 0.0
30 38.46153846153846 0.0
31 38.46153846153846 0.0
32 50.0 0.0
33 23.076923076923077 0.0
34 26.923076923076923 0.0
35 30.76923076923077 0.0
36 46.15384615384615 0.0
37 38.46153846153846 0.0
38 23.076923076923077 0.0
39 26.923076923076923 0.0
40 34.61538461538461 0.0
41 30.76923076923077 0.0
42 34.61538461538461 0.0
43 30.76923076923077 0.0
44 38.46153846153846 0.0
45 30.76923076923077 0.0
46 23.076923076923077 0.0
47 38.46153846153846 0.0
48 42.30769230769231 0.0
49 34.61538461538461 0.0
50 26.923076923076923 0.0
51 23.076923076923077 0.0
52 30.76923076923077 0.0
53 38.46153846153846 0.0
54 38.46153846153846 0.0
55 19.23076923076923 0.0
56 38.46153846153846 0.0
57 34.61538461538461 0.0
58 30.76923076923077 0.0
59 30.76923076923077 0.0
60 26.923076923076923 0.0
61 30.76923076923077 0.0
62 19.23076923076923 0.0
63 23.076923076923077 0.0
64 30.76923076923077 0.0
65 19.23076923076923 0.0
66 26.923076923076923 0.0
67 23.076923076923077 0.0
68 19.23076923076923 0.0
69 23.076923076923077 0.0
70 30.76923076923077 0.0
71 15.384615384615385 0.0
72 30.76923076923077 0.0
73 34.61538461538461 0.0
74 26.923076923076923 0.0
75 34.61538461538461 0.0
76 34.61538461538461 0.0
77 38.46153846153846 0.0
78 26.923076923076923 0.0
79 34.61538461538461 0.0
80 30.76923076923077 0.0
81 42.30769230769231 0.0
82 26.923076923076923 0.0
83 26.923076923076923 0.0
84 34.61538461538461 0.0
85 30.76923076923077 0.0
86 34.61538461538461 0.0
87 19.23076923076923 0.0
88 23.076923076923077 0.0
89 30.76923076923077 0.0
90 30.76923076923077 0.0
91 30.76923076923077 0.0
92 46.15384615384615 0.0
93 26.923076923076923 0.0
94 38.46153846153846 0.0
95 26.923076923076923 0.0
96 38.46153846153846 0.0
97 38.46153846153846 0.0
98 38.46153846153846 0.0
99 34.61538461538461 0.0
100 34.61538461538461 0.0
101 30.76923076923077 0.0
102 46.15384615384615 0.0
103 34.61538461538461 0.0
104 34.61538461538461 0.0
105 26.923076923076923 0.0
106 30.76923076923077 0.0
107 34.61538461538461 0.0
108 38.46153846153846 0.0
109 42.30769230769231 0.0
110 38.46153846153846 0.0
111 30.76923076923077 0.0
112 38.46153846153846 0.0
113 57.69230769230769 0.0
114 57.69230769230769 0.0
115 46.15384615384615 0.0
116 65.38461538461539 0.0
117 61.53846153846154 0.0
118 61.53846153846154 0.0
119 76.92307692307692 0.0
120 61.53846153846154 0.0
121 65.38461538461539 0.0
122 69.23076923076923 0.0
123 73.07692307692308 0.0
124 61.53846153846154 0.0
125 46.15384615384615 0.0
126 34.61538461538461 0.0
127 42.30769230769231 0.0
128 30.76923076923077 0.0
129 38.46153846153846 0.0
130 42.30769230769231 0.0
131 42.30769230769231 0.0
132 38.46153846153846 0.0
133 57.69230769230769 0.0
134 38.46153846153846 0.0
135 38.46153846153846 0.0
136 34.61538461538461 0.0
137 34.61538461538461 0.0
138 34.61538461538461 0.0
139 30.76923076923077 0.0
140 26.923076923076923 0.0
141 26.923076923076923 0.0
142 26.923076923076923 0.0
143 30.76923076923077 0.0
144 30.76923076923077 0.0
145 26.923076923076923 0.0
146 26.923076923076923 0.0
147 26.923076923076923 0.0
148 30.76923076923077 0.0
149 26.923076923076923 0.0
150 23.076923076923077 0.0
151 26.923076923076923 0.0
152 23.076923076923077 0.0
153 34.61538461538461 0.0
154 30.76923076923077 0.0
155 26.923076923076923 0.0
156 15.384615384615385 0.0
157 23.076923076923077 0.0
158 11.538461538461538 0.0
159 23.076923076923077 0.0
160 30.76923076923077 0.0
161 30.76923076923077 0.0
162 34.61538461538461 0.0
163 19.23076923076923 0.0
164 19.23076923076923 0.0
165 30.76923076923077 0.0
166 19.23076923076923 0.0
167 38.46153846153846 0.0
168 26.923076923076923 0.0
169 38.46153846153846 0.0
170 57.69230769230769 0.0
171 38.46153846153846 0.0
172 42.30769230769231 0.0
173 30.76923076923077 0.0
174 42.30769230769231 0.0
175 38.46153846153846 0.0
176 34.61538461538461 0.0
177 34.61538461538461 0.0
178 38.46153846153846 0.0
179 50.0 0.0
180 50.0 0.0
181 50.0 0.0
182 38.46153846153846 0.0
183 42.30769230769231 0.0
184 34.61538461538461 0.0
185 23.076923076923077 0.0
186 30.76923076923077 0.0
187 34.61538461538461 0.0
188 30.76923076923077 0.0
189 30.76923076923077 0.0
190 23.076923076923077 0.0
191 30.76923076923077 0.0
192 30.76923076923077 0.0
193 23.076923076923077 0.0
194 38.46153846153846 0.0
195 30.76923076923077 0.0
196 30.76923076923077 0.0
197 26.923076923076923 0.0
198 26.923076923076923 0.0
199 26.923076923076923 0.0
200 30.76923076923077 0.0
201 30.76923076923077 0.0
202 38.46153846153846 0.0
203 38.46153846153846 0.0
204 34.61538461538461 0.0
205 30.76923076923077 0.0
206 26.923076923076923 0.0
207 50.0 0.0
208 38.46153846153846 0.0
209 34.61538461538461 0.0
210 26.923076923076923 0.0
211 34.61538461538461 0.0
212 38.46153846153846 0.0
213 26.923076923076923 0.0
214 34.61538461538461 0.0
215 26.923076923076923 0.0
216 19.23076923076923 0.0
217 23.076923076923077 0.0
218 34.61538461538461 0.0
219 26.923076923076923 0.0
220 26.923076923076923 0.0
221 26.923076923076923 0.0
222 34.61538461538461 0.0
223 19.23076923076923 0.0
224 19.23076923076923 0.0
225 19.23076923076923 0.0
226 15.384615384615385 0.0
227 19.23076923076923 0.0
228 19.23076923076923 0.0
229 30.76923076923077 0.0
230 34.61538461538461 0.0
231 23.076923076923077 0.0
232 38.46153846153846 0.0
233 34.61538461538461 0.0
234 30.76923076923077 0.0
235 30.76923076923077 0.0
236 30.76923076923077 0.0
237 42.30769230769231 0.0
238 46.15384615384615 0.0
239 46.15384615384615 0.0
240 30.76923076923077 0.0
241 42.30769230769231 0.0
242 42.30769230769231 0.0
243 50.0 0.0
244 50.0 0.0
245 57.69230769230769 0.0
246 46.15384615384615 0.0
247 42.30769230769231 0.0
248 50.0 0.0
249 46.15384615384615 0.0
250 34.61538461538461 0.0
251 42.30769230769231 0.0
252 46.15384615384615 0.0
253 50.0 0.0
254 50.0 0.0
255 38.46153846153846 0.0
256 42.30769230769231 0.0
257 38.46153846153846 0.0
258 42.30769230769231 0.0
259 42.30769230769231 0.0
260 38.46153846153846 0.0
261 34.61538461538461 0.0
262 38.46153846153846 0.0
263 34.61538461538461 0.0
264 34.61538461538461 0.0
265 38.46153846153846 0.0
266 46.15384615384615 0.0
267 38.46153846153846 0.0
268 34.61538461538461 0.0
269 42.30769230769231 0.0
270 38.46153846153846 0.0
271 23.076923076923077 0.0
272 19.23076923076923 0.0
273 26.923076923076923 0.0
274 38.46153846153846 0.0
275 42.30769230769231 0.0
276 30.76923076923077 0.0
277 26.923076923076923 0.0
278 30.76923076923077 0.0
279 38.46153846153846 0.0
280 26.923076923076923 0.0
281 30.76923076923077 0.0
282 30.76923076923077 0.0
283 19.23076923076923 0.0
284 19.23076923076923 0.0
285 15.384615384615385 0.0
286 38.46153846153846 0.0
287 30.76923076923077 0.0
288 23.076923076923077 0.0
289 30.76923076923077 0.0
290 23.076923076923077 0.0
291 19.23076923076923 0.0
292 15.384615384615385 0.0
293 23.076923076923077 0.0
294 23.076923076923077 0.0
295 26.923076923076923 0.0
296 15.384615384615385 0.0
297 19.23076923076923 0.0
298 26.923076923076923 0.0
299 23.076923076923077 0.0
300 26.923076923076923 0.0
301 19.23076923076923 0.0
302 15.384615384615385 0.0
303 19.23076923076923 0.0
304 11.538461538461538 0.0
305 34.61538461538461 0.0
306 30.76923076923077 0.0
307 26.923076923076923 0.0
308 26.923076923076923 0.0
309 23.076923076923077 0.0
310 15.384615384615385 0.0
311 26.923076923076923 0.0
312 15.384615384615385 0.0
313 26.923076923076923 0.0
314 15.384615384615385 0.0
315 19.23076923076923 0.0
316 19.23076923076923 0.0
317 11.538461538461538 0.0
318 23.076923076923077 0.0
319 19.23076923076923 0.0
320 23.076923076923077 0.0
321 19.23076923076923 0.0
322 15.384615384615385 0.0
323 3.8461538461538463 0.0
324 15.384615384615385 0.0
325 15.384615384615385 0.0
326 15.384615384615385 0.0
327 7.6923076923076925 0.0
328 15.384615384615385 0.0
329 11.538461538461538 0.0
330 23.076923076923077 0.0
331 23.076923076923077 0.0
332 11.538461538461538 0.0
333 15.384615384615385 0.0
334 23.076923076923077 0.0
335 15.384615384615385 0.0
336 15.384615384615385 0.0
337 15.384615384615385 0.0
338 23.076923076923077 0.0
339 30.76923076923077 0.0
340 23.076923076923077 0.0
341 26.923076923076923 0.0
342 23.076923076923077 0.0
343 19.23076923076923 0.0
344 23.076923076923077 0.0
345 23.076923076923077 0.0
346 19.23076923076923 0.0
347 26.923076923076923 0.0
348 23.076923076923077 0.0
349 23.076923076923077 0.0
350 30.76923076923077 0.0
351 34.61538461538461 0.0
352 23.076923076923077 0.0
353 26.923076923076923 0.0
354 23.076923076923077 0.0
355 42.30769230769231 0.0
356 23.076923076923077 0.0
357 23.076923076923077 0.0
358 15.384615384615385 0.0
359 23.076923076923077 0.0
360 23.076923076923077 0.0
361 26.923076923076923 0.0
362 30.76923076923077 0.0
363 19.23076923076923 0.0
364 11.538461538461538 0.0
365 15.384615384615385 0.0
366 26.923076923076923 0.0
367 11.538461538461538 0.0
368 19.23076923076923 0.0
369 11.538461538461538 0.0
370 15.384615384615385 0.0
371 26.923076923076923 0.0
372 19.23076923076923 0.0
373 19.23076923076923 0.0
374 19.23076923076923 0.0
375 15.384615384615385 0.0
376 19.23076923076923 0.0
377 19.23076923076923 0.0
378 19.23076923076923 0.0
379 23.076923076923077 0.0
380 23.076923076923077 0.0
381 19.23076923076923 0.0
382 19.23076923076923 0.0
383 26.923076923076923 0.0
384 26.923076923076923 0.0
385 26.923076923076923 0.0
386 26.923076923076923 0.0
387 26.923076923076923 0.0
388 26.923076923076923 0.0
389 34.61538461538461 0.0
390 15.384615384615385 0.0
391 15.384615384615385 0.0
392 34.61538461538461 0.0
393 26.923076923076923 0.0
394 30.76923076923077 0.0
395 30.76923076923077 0.0
396 30.76923076923077 0.0
397 19.23076923076923 0.0
398 26.923076923076923 0.0
399 34.61538461538461 0.0
400 34.61538461538461 0.0
401 23.076923076923077 0.0
402 15.384615384615385 0.0
403 19.23076923076923 0.0
404 26.923076923076923 0.0
405 23.076923076923077 0.0
406 19.23076923076923 0.0
407 15.384615384615385 0.0
408 19.23076923076923 0.0
409 23.076923076923077 0.0
410 23.076923076923077 0.0
411 19.23076923076923 0.0
412 23.076923076923077 0.0
413 23.076923076923077 0.0
414 15.384615384615385 0.0
415 11.538461538461538 0.0
416 11.538461538461538 0.0
417 15.384615384615385 0.0
418 15.384615384615385 0.0
419 19.23076923076923 0.0
420 26.923076923076923 0.0
421 30.76923076923077 0.0
422 23.076923076923077 0.0
423 19.23076923076923 0.0
424 23.076923076923077 0.0
425 46.15384615384615 0.0
426 38.46153846153846 0.0
427 34.61538461538461 0.0
428 30.76923076923077 0.0
429 38.46153846153846 0.0
430 30.76923076923077 0.0
431 42.30769230769231 0.0
432 30.76923076923077 0.0
433 53.84615384615385 0.0
434 23.076923076923077 0.0
435 26.923076923076923 0.0
436 30.76923076923077 0.0
437 38.46153846153846 0.0
438 34.61538461538461 0.0
439 38.46153846153846 0.0
440 26.923076923076923 0.0
441 38.46153846153846 0.0
442 30.76923076923077 0.0
443 11.538461538461538 0.0
444 23.076923076923077 0.0
445 30.76923076923077 0.0
446 38.46153846153846 0.0
447 38.46153846153846 0.0
448 46.15384615384615 0.0
449 46.15384615384615 0.0
450 34.61538461538461 0.0
451 42.30769230769231 0.0
452 50.0 0.0
453 57.69230769230769 0.0
454 65.38461538461539 0.0
455 50.0 0.0
456 57.69230769230769 0.0
457 50.0 0.0
458 38.46153846153846 0.0
459 42.30769230769231 0.0
460 42.30769230769231 0.0
461 42.30769230769231 0.0
462 42.30769230769231 0.0
463 30.76923076923077 0.0
464 42.30769230769231 0.0
465 42.30769230769231 0.0
466 46.15384615384615 0.0
467 50.0 0.0
468 46.15384615384615 0.0
469 50.0 0.0
470 53.84615384615385 0.0
471 50.0 0.0
472 46.15384615384615 0.0
473 53.84615384615385 0.0
474 42.30769230769231 0.0
475 38.46153846153846 0.0
476 46.15384615384615 0.0
477 53.84615384615385 0.0
478 57.69230769230769 0.0
479 57.69230769230769 0.0
480 61.53846153846154 0.0
481 61.53846153846154 0.0
482 57.69230769230769 0.0
483 50.0 0.0
484 65.38461538461539 0.0
485 57.69230769230769 0.0
486 73.07692307692308 0.0
487 50.0 0.0
488 53.84615384615385 0.0
489 34.61538461538461 0.0
490 50.0 0.0
491 50.0 0.0
492 61.53846153846154 0.0
493 34.61538461538461 0.0
494 26.923076923076923 0.0
495 50.0 0.0
496 53.84615384615385 0.0
497 69.23076923076923 0.0
498 46.15384615384615 0.0
499 61.53846153846154 0.0
500 50.0 0.0
501 46.15384615384615 0.0
502 53.84615384615385 0.0
503 46.15384615384615 0.0
504 53.84615384615385 0.0
505 61.53846153846154 0.0
506 53.84615384615385 0.0
507 34.61538461538461 0.0
508 53.84615384615385 0.0
509 38.46153846153846 0.0
510 26.923076923076923 0.0
511 38.46153846153846 0.0
512 42.30769230769231 0.0
513 38.46153846153846 0.0
514 26.923076923076923 0.0
515 42.30769230769231 0.0
516 46.15384615384615 0.0
517 46.15384615384615 0.0
518 30.76923076923077 0.0
519 26.923076923076923 0.0
520 42.30769230769231 0.0
521 38.46153846153846 0.0
522 34.61538461538461 0.0
523 46.15384615384615 0.0
524 50.0 0.0
525 46.15384615384615 0.0
526 46.15384615384615 0.0
527 42.30769230769231 0.0
528 38.46153846153846 0.0
529 57.69230769230769 0.0
530 57.69230769230769 0.0
531 53.84615384615385 0.0
532 53.84615384615385 0.0
533 53.84615384615385 0.0
534 50.0 0.0
535 53.84615384615385 0.0
536 53.84615384615385 0.0
537 57.69230769230769 0.0
538 61.53846153846154 0.0
539 50.0 0.0
540 53.84615384615385 0.0
541 42.30769230769231 0.0
542 46.15384615384615 0.0
543 53.84615384615385 0.0
544 53.84615384615385 0.0
545 61.53846153846154 0.0
546 50.0 0.0
547 46.15384615384615 0.0
548 57.69230769230769 0.0
549 53.84615384615385 0.0
550 42.30769230769231 0.0
551 46.15384615384615 0.0
552 50.0 0.0
553 65.38461538461539 0.0
554 38.46153846153846 0.0
555 42.30769230769231 0.0
556 38.46153846153846 0.0
557 42.30769230769231 0.0
558 53.84615384615385 0.0
559 30.76923076923077 0.0
560 53.84615384615385 0.0
561 38.46153846153846 0.0
562 53.84615384615385 0.0
563 46.15384615384615 0.0
564 34.61538461538461 0.0
565 50.0 0.0
566 38.46153846153846 0.0
567 38.46153846153846 0.0
568 50.0 0.0
569 53.84615384615385 0.0
570 53.84615384615385 0.0
571 42.30769230769231 0.0
572 30.76923076923077 0.0
573 50.0 0.0
574 42.30769230769231 0.0
575 38.46153846153846 0.0
576 38.46153846153846 0.0
577 38.46153846153846 0.0
578 34.61538461538461 0.0
579 34.61538461538461 0.0
580 38.46153846153846 0.0
581 50.0 0.0
582 42.30769230769231 0.0
583 34.61538461538461 0.0
584 34.61538461538461 0.0
585 42.30769230769231 0.0
586 50.0 0.0
587 34.61538461538461 0.0
588 50.0 0.0
589 38.46153846153846 0.0
590 38.46153846153846 0.0
591 34.61538461538461 0.0
592 34.61538461538461 0.0
593 50.0 0.0
594 42.30769230769231 0.0
595 46.15384615384615 0.0
596 38.46153846153846 0.0
597 50.0 0.0
598 38.46153846153846 0.0
599 38.46153846153846 0.0
600 34.61538461538461 0.0
601 34.61538461538461 0.0
602 42.30769230769231 0.0
603 38.46153846153846 0.0
604 26.923076923076923 0.0
605 38.46153846153846 0.0
606 30.76923076923077 0.0
607 30.76923076923077 0.0
608 26.923076923076923 0.0
609 30.76923076923077 0.0
610 34.61538461538461 0.0
611 34.61538461538461 0.0
612 34.61538461538461 0.0
613 30.76923076923077 0.0
614 30.76923076923077 0.0
615 19.23076923076923 0.0
616 23.076923076923077 0.0
617 38.46153846153846 0.0
618 38.46153846153846 0.0
619 23.076923076923077 0.0
620 23.076923076923077 0.0
621 30.76923076923077 0.0
622 42.30769230769231 0.0
623 34.61538461538461 0.0
624 26.923076923076923 0.0
625 34.61538461538461 0.0
626 30.76923076923077 0.0
627 38.46153846153846 0.0
628 38.46153846153846 0.0
629 53.84615384615385 0.0
630 38.46153846153846 0.0
631 38.46153846153846 0.0
632 42.30769230769231 0.0
633 34.61538461538461 0.0
634 34.61538461538461 0.0
635 42.30769230769231 0.0
636 38.46153846153846 0.0
637 42.30769230769231 0.0
638 34.61538461538461 0.0
639 42.30769230769231 0.0
640 38.46153846153846 0.0
641 34.61538461538461 0.0
642 38.46153846153846 0.0
643 26.923076923076923 0.0
644 34.61538461538461 0.0
645 30.76923076923077 0.0
646 34.61538461538461 0.0
647 42.30769230769231 0.0
648 38.46153846153846 0.0
649 50.0 0.0
650 50.0 0.0
651 53.84615384615385 0.0
652 53.84615384615385 0.0
653 53.84615384615385 0.0
654 61.53846153846154 0.0
655 46.15384615384615 0.0
656 53.84615384615385 0.0
657 50.0 0.0
658 42.30769230769231 0.0
659 46.15384615384615 0.0
660 57.69230769230769 0.0
661 42.30769230769231 0.0
662 57.69230769230769 0.0
663 38.46153846153846 0.0
664 53.84615384615385 0.0
665 46.15384615384615 0.0
666 42.30769230769231 0.0
667 50.0 0.0
668 53.84615384615385 0.0
669 53.84615384615385 0.0
670 53.84615384615385 0.0
671 57.69230769230769 0.0
672 50.0 0.0
673 50.0 0.0
674 34.61538461538461 0.0
675 50.0 0.0
676 50.0 0.0
677 42.30769230769231 0.0
678 50.0 0.0
679 50.0 0.0
680 53.84615384615385 0.0
681 42.30769230769231 0.0
682 42.30769230769231 0.0
683 46.15384615384615 0.0
684 50.0 0.0
685 53.84615384615385 0.0
686 38.46153846153846 0.0
687 53.84615384615385 0.0
688 61.53846153846154 0.0
689 57.69230769230769 0.0
690 46.15384615384615 0.0
691 53.84615384615385 0.0
692 61.53846153846154 0.0
693 53.84615384615385 0.0
694 61.53846153846154 0.0
695 53.84615384615385 0.0
696 65.38461538461539 0.0
697 57.69230769230769 0.0
698 69.23076923076923 0.0
699 61.53846153846154 0.0
700 57.69230769230769 0.0
701 50.0 0.0
702 65.38461538461539 0.0
703 57.69230769230769 0.0
704 61.53846153846154 0.0
705 53.84615384615385 0.0
706 57.69230769230769 0.0
707 69.23076923076923 0.0
708 57.69230769230769 0.0
709 57.69230769230769 0.0
710 53.84615384615385 0.0
711 65.38461538461539 0.0
712 65.38461538461539 0.0
713 46.15384615384615 0.0
714 69.23076923076923 0.0
715 65.38461538461539 0.0
716 57.69230769230769 0.0
717 42.30769230769231 0.0
718 53.84615384615385 0.0
719 61.53846153846154 0.0
720 61.53846153846154 0.0
721 61.53846153846154 0.0
722 46.15384615384615 0.0
723 65.38461538461539 0.0
724 65.38461538461539 0.0
725 57.69230769230769 0.0
726 57.69230769230769 0.0
727 50.0 0.0
728 46.15384615384615 0.0
729 61.53846153846154 0.0
730 57.69230769230769 0.0
731 61.53846153846154 0.0
732 65.38461538461539 0.0
733 61.53846153846154 0.0
734 61.53846153846154 0.0
735 57.69230769230769 0.0
736 53.84615384615385 0.0
737 50.0 0.0
738 50.0 0.0
739 65.38461538461539 0.0
740 42.30769230769231 0.0
741 50.0 0.0
742 53.84615384615385 0.0
743 53.84615384615385 0.0
744 65.38461538461539 0.0
745 38.46153846153846 0.0
746 46.15384615384615 0.0
747 38.46153846153846 0.0
748 50.0 0.0
749 38.46153846153846 0.0
750 34.61538461538461 0.0
751 53.84615384615385 0.0
752 53.84615384615385 0.0
753 46.15384615384615 0.0
754 53.84615384615385 0.0
755 50.0 0.0
756 46.15384615384615 0.0
757 73.07692307692308 0.0
758 50.0 0.0
759 53.84615384615385 0.0
760 53.84615384615385 0.0
761 46.15384615384615 0.0
762 42.30769230769231 0.0
763 34.61538461538461 0.0
764 53.84615384615385 0.0
765 50.0 0.0
766 38.46153846153846 0.0
767 42.30769230769231 0.0
768 46.15384615384615 0.0
769 30.76923076923077 0.0
770 34.61538461538461 0.0
771 38.46153846153846 0.0
772 38.46153846153846 0.0
773 38.46153846153846 0.0
774 34.61538461538461 0.0
775 30.76923076923077 0.0
776 38.46153846153846 0.0
777 38.46153846153846 0.0
778 42.30769230769231 0.0
779 38.46153846153846 0.0
780 34.61538461538461 0.0
781 30.76923076923077 0.0
782 19.23076923076923 0.0
783 38.46153846153846 0.0
784 38.46153846153846 0.0
785 30.76923076923077 0.0
786 26.923076923076923 0.0
787 30.76923076923077 0.0
788 34.61538461538461 0.0
789 30.76923076923077 0.0
790 30.76923076923077 0.0
791 34.61538461538461 0.0
792 42.30769230769231 0.0
793 23.076923076923077 0.0
794 23.076923076923077 0.0
795 30.76923076923077 0.0
796 19.23076923076923 0.0
797 30.76923076923077 0.0
798 23.076923076923077 0.0
799 23.076923076923077 0.0
800 30.76923076923077 0.0
801 30.76923076923077 0.0
802 34.61538461538461 0.0
803 19.23076923076923 0.0
804 23.076923076923077 0.0
805 26.923076923076923 0.0
806 26.923076923076923 0.0
807 26.923076923076923 0.0
808 30.76923076923077 0.0
809 19.23076923076923 0.0
810 19.23076923076923 0.0
811 23.076923076923077 0.0
812 23.076923076923077 0.0
813 26.923076923076923 0.0
814 19.23076923076923 0.0
815 34.61538461538461 0.0
816 30.76923076923077 0.0
817 34.61538461538461 0.0
818 30.76923076923077 0.0
819 30.76923076923077 0.0
820 26.923076923076923 0.0
821 26.923076923076923 0.0
822 34.61538461538461 0.0
823 19.23076923076923 0.0
824 23.076923076923077 0.0
825 26.923076923076923 0.0
826 34.61538461538461 0.0
827 15.384615384615385 0.0
828 23.076923076923077 0.0
829 23.076923076923077 0.0
830 26.923076923076923 0.0
831 19.23076923076923 0.0
832 26.923076923076923 0.0
833 26.923076923076923 0.0
834 34.61538461538461 0.0
835 26.923076923076923 0.0
836 26.923076923076923 0.0
837 34.61538461538461 0.0
838 23.076923076923077 0.0
839 26.923076923076923 0.0
840 38.46153846153846 0.0
841 30.76923076923077 0.0
842 26.923076923076923 0.0
843 34.61538461538461 0.0
844 26.923076923076923 0.0
845 30.76923076923077 0.0
846 30.76923076923077 0.0
847 38.46153846153846 0.0
848 38.46153846153846 0.0
849 30.76923076923077 0.0
850 30.76923076923077 0.0
851 42.30769230769231 0.0
852 38.46153846153846 0.0
853 42.30769230769231 0.0
854 38.46153846153846 0.0
855 53.84615384615385 0.0
856 61.53846153846154 0.0
857 50.0 0.0
858 61.53846153846154 0.0
859 46.15384615384615 0.0
860 46.15384615384615 0.0
861 61.53846153846154 0.0
862 57.69230769230769 0.0
863 57.69230769230769 0.0
864 65.38461538461539 0.0
865 53.84615384615385 0.0
866 50.0 0.0
867 50.0 0.0
868 42.30769230769231 0.0
869 42.30769230769231 0.0
870 34.61538461538461 0.0
871 46.15384615384615 0.0
872 30.76923076923077 0.0
873 34.61538461538461 0.0
874 42.30769230769231 0.0
875 46.15384615384615 0.0
876 46.15384615384615 0.0
877 26.923076923076923 0.0
878 50.0 0.0
879 42.30769230769231 0.0
880 50.0 0.0
881 53.84615384615385 0.0
882 46.15384615384615 0.0
883 50.0 0.0
884 50.0 0.0
885 50.0 0.0
886 42.30769230769231 0.0
887 42.30769230769231 0.0
888 34.61538461538461 0.0
889 42.30769230769231 0.0
890 57.69230769230769 0.0
891 46.15384615384615 0.0
892 42.30769230769231 0.0
893 42.30769230769231 0.0
894 46.15384615384615 0.0
895 42.30769230769231 0.0
896 50.0 0.0
897 38.46153846153846 0.0
898 23.076923076923077 0.0
899 46.15384615384615 0.0
900 42.30769230769231 0.0
901 42.30769230769231 0.0
902 34.61538461538461 0.0
903 50.0 0.0
904 42.30769230769231 0.0
905 50.0 0.0
906 53.84615384615385 0.0
907 46.15384615384615 0.0
908 50.0 0.0
909 50.0 0.0
910 50.0 0.0
911 46.15384615384615 0.0
912 38.46153846153846 0.0
913 42.30769230769231 0.0
914 46.15384615384615 0.0
915 46.15384615384615 0.0
916 42.30769230769231 0.0
917 42.30769230769231 0.0
918 42.30769230769231 0.0
919 61.53846153846154 0.0
920 61.53846153846154 0.0
921 53.84615384615385 0.0
922 61.53846153846154 0.0
923 34.61538461538461 0.0
924 42.30769230769231 0.0
925 34.61538461538461 0.0
926 38.46153846153846 0.0
927 26.923076923076923 0.0
928 26.923076923076923 0.0
929 38.46153846153846 0.0
930 42.30769230769231 0.0
931 26.923076923076923 0.0
932 38.46153846153846 0.0
933 26.923076923076923 0.0
934 42.30769230769231 0.0
935 50.0 0.0
936 42.30769230769231 0.0
937 53.84615384615385 0.0
938 46.15384615384615 0.0
939 46.15384615384615 0.0
940 53.84615384615385 0.0
941 57.69230769230769 0.0
942 46.15384615384615 0.0
943 46.15384615384615 0.0
944 46.15384615384615 0.0
945 46.15384615384615 0.0
946 38.46153846153846 0.0
947 46.15384615384615 0.0
948 34.61538461538461 0.0
949 26.923076923076923 0.0
950 42.30769230769231 0.0
951 34.61538461538461 0.0
952 50.0 0.0
953 38.46153846153846 0.0
954 30.76923076923077 0.0
955 46.15384615384615 0.0
956 30.76923076923077 0.0
957 34.61538461538461 0.0
958 26.923076923076923 0.0
959 42.30769230769231 0.0
960 26.923076923076923 0.0
961 34.61538461538461 0.0
962 42.30769230769231 0.0
963 30.76923076923077 0.0
964 26.923076923076923 0.0
965 34.61538461538461 0.0
966 42.30769230769231 0.0
967 46.15384615384615 0.0
968 34.61538461538461 0.0
969 34.61538461538461 0.0
970 30.76923076923077 0.0
971 26.923076923076923 0.0
972 46.15384615384615 0.0
973 38.46153846153846 0.0
974 34.61538461538461 0.0
975 42.30769230769231 0.0
976 42.30769230769231 0.0
977 34.61538461538461 0.0
978 38.46153846153846 0.0
979 46.15384615384615 0.0
980 38.46153846153846 0.0
981 23.076923076923077 0.0
982 50.0 0.0
983 46.15384615384615 0.0
984 50.0 0.0
985 53.84615384615385 0.0
986 53.84615384615385 0.0
987 57.69230769230769 0.0
988 57.69230769230769 0.0
989 38.46153846153846 0.0
990 38.46153846153846 0.0
991 53.84615384615385 0.0
992 38.46153846153846 0.0
993 34.61538461538461 0.0
994 50.0 0.0
995 34.61538461538461 0.0
996 53.84615384615385 0.0
997 50.0 0.0
998 34.61538461538461 0.0
999 50.0 0.0
