#frame monomers_% popc_isolated_%
0 23.076923076923077 0.0
1 42.30769230769231 0.0
2 34.61538461538461 0.0
3 34.61538461538461 0.0
4 23.076923076923077 0.0
5 11.538461538461538 0.0
6 30.76923076923077 0.0
7 34.61538461538461 0.0
8 30.76923076923077 0.0
9 38.46153846153846 0.0
10 23.076923076923077 0.0
11 30.76923076923077 0.0
12 26.923076923076923 0.0
13 23.076923076923077 0.0
14 26.923076923076923 0.0
15 30.76923076923077 0.0
16 34.61538461538461 0.0
17 50.0 0.0
18 34.61538461538461 0.0
19 46.15384615384615 0.0
20 30.76923076923077 0.0
21 42.30769230769231 0.0
22 38.46153846153846 0.0
23 34.61538461538461 0.0
24 46.15384615384615 0.0
25 53.84615384615385 0.0
26 46.15384615384615 0.0
27 42.30769230769231 0.0
28 53.84615384615385 0.0
29 34.61538461538461 0.0
30 61.53846153846154 0.0
31 50.0 0.0
32 38.46153846153846 0.0
33 57.69230769230769 0.0
34 65.38461538461539 0.0
35 61.53846153846154 0.0
36 46.15384615384615 0.0
37 57.69230769230769 0.0
38 73.07692307692308 0.0
39 69.23076923076923 0.0
40 57.69230769230769 0.0
41 53.84615384615385 0.0
42 46.15384615384615 0.0
43 46.15384615384615 0.0
44 46.15384615384615 0.0
45 46.15384615384615 0.0
46 30.76923076923077 0.0
47 38.46153846153846 0.0
48 53.84615384615385 0.0
49 46.15384615384615 0.0
50 42.30769230769231 0.0
51 46.15384615384615 0.0
52 46.15384615384615 0.0
53 50.0 0.0
54 46.15384615384615 0.0
55 38.46153846153846 0.0
56 42.30769230769231 0.0
57 46.15384615384615 0.0
58 46.15384615384615 0.0
59 42.30769230769231 0.0
60 46.15384615384615 0.0
61 53.84615384615385 0.0
62 38.46153846153846 0.0
63 57.69230769230769 0.0
64 50.0 0.0
65 38.46153846153846 0.0
66 53.84615384615385 0.0
67 46.15384615384615 0.0
68 38.46153846153846 0.0
69 30.76923076923077 0.0
70 34.61538461538461 0.0
71 42.30769230769231 0.0
72 38.46153846153846 0.0
73 38.46153846153846 0.0
74 34.61538461538461 0.0
75 34.61538461538461 0.0
76 34.61538461538461 0.0
77 42.30769230769231 0.0
78 50.0 0.0
79 53.84615384615385 0.0
80 50.0 0.0
81 61.53846153846154 0.0
82 53.84615384615385 0.0
83 50.0 0.0
84 57.69230769230769 0.0
85 57.69230769230769 0.0
86 53.84615384615385 0.0
87 50.0 0.0
88 53.84615384615385 0.0
89 57.69230769230769 0.0
90 65.38461538461539 0.0
91 38.46153846153846 0.0
92 42.30769230769231 0.0
93 69.23076923076923 0.0
94 42.30769230769231 0.0
95 50.0 0.0
96 42.30769230769231 0.0
97 46.15384615384615 0.0
98 38.46153846153846 0.0
99 42.30769230769231 0.0
100 42.30769230769231 0.0
101 42.30769230769231 0.0
102 42.30769230769231 0.0
103 42.30769230769231 0.0
104 42.30769230769231 0.0
105 46.15384615384615 0.0
106 50.0 0.0
107 38.46153846153846 0.0
108 38.46153846153846 0.0
109 46.15384615384615 0.0
110 42.30769230769231 0.0
111 53.84615384615385 0.0
112 50.0 0.0
113 46.15384615384615 0.0
114 42.30769230769231 0.0
115 42.30769230769231 0.0
116 57.69230769230769 0.0
117 50.0 0.0
118 46.15384615384615 0.0
119 50.0 0.0
120 53.84615384615385 0.0
121 53.84615384615385 0.0
122 57.69230769230769 0.0
123 50.0 0.0
124 57.69230769230769 0.0
125 57.69230769230769 0.0
126 57.69230769230769 0.0
127 50.0 0.0
128 53.84615384615385 0.0
129 46.15384615384615 0.0
130 53.84615384615385 0.0
131 53.84615384615385 0.0
132 53.84615384615385 0.0
133 46.15384615384615 0.0
134 50.0 0.0
135 42.30769230769231 0.0
136 42.30769230769231 0.0
137 42.30769230769231 0.0
138 42.30769230769231 0.0
139 42.30769230769231 0.0
140 38.46153846153846 0.0
141 42.30769230769231 0.0
142 30.76923076923077 0.0
143 46.15384615384615 0.0
144 42.30769230769231 0.0
145 34.61538461538461 0.0
146 42.30769230769231 0.0
147 42.30769230769231 0.0
148 42.30769230769231 0.0
149 46.15384615384615 0.0
150 42.30769230769231 0.0
151 34.61538461538461 0.0
152 34.61538461538461 0.0
153 34.61538461538461 0.0
154 46.15384615384615 0.0
155 26.923076923076923 0.0
156 30.76923076923077 0.0
157 30.76923076923077 0.0
158 38.46153846153846 0.0
159 38.46153846153846 0.0
160 34.61538461538461 0.0
161 34.61538461538461 0.0
162 30.76923076923077 0.0
163 26.923076923076923 0.0
164 23.076923076923077 0.0
165 42.30769230769231 0.0
166 34.61538461538461 0.0
167 26.923076923076923 0.0
168 34.61538461538461 0.0
169 26.923076923076923 0.0
170 38.46153846153846 0.0
171 34.61538461538461 0.0
172 34.61538461538461 0.0
173 38.46153846153846 0.0
174 30.76923076923077 0.0
175 34.61538461538461 0.0
176 50.0 0.0
177 34.61538461538461 0.0
178 34.61538461538461 0.0
179 38.46153846153846 0.0
180 34.61538461538461 0.0
181 38.46153846153846 0.0
182 42.30769230769231 0.0
183 42.30769230769231 0.0
184 42.30769230769231 0.0
185 26.923076923076923 0.0
186 42.30769230769231 0.0
187 30.76923076923077 0.0
188 38.46153846153846 0.0
189 34.61538461538461 0.0
190 38.46153846153846 0.0
191 53.84615384615385 0.0
192 42.30769230769231 0.0
193 30.76923076923077 0.0
194 38.46153846153846 0.0
195 50.0 0.0
196 46.15384615384615 0.0
197 34.61538461538461 0.0
198 34.61538461538461 0.0
199 42.30769230769231 0.0
200 38.46153846153846 0.0
201 42.30769230769231 0.0
202 26.923076923076923 0.0
203 42.30769230769231 0.0
204 34.61538461538461 0.0
205 19.23076923076923 0.0
206 46.15384615384615 0.0
207 38.46153846153846 0.0
208 42.30769230769231 0.0
209 50.0 0.0
210 42.30769230769231 0.0
211 53.84615384615385 0.0
212 42.30769230769231 0.0
213 26.923076923076923 0.0
214 38.46153846153846 0.0
215 26.923076923076923 0.0
216 26.923076923076923 0.0
217 38.46153846153846 0.0
218 34.61538461538461 0.0
219 38.46153846153846 0.0
220 46.15384615384615 0.0
221 46.15384615384615 0.0
222 42.30769230769231 0.0
223 34.61538461538461 0.0
224 46.15384615384615 0.0
225 38.46153846153846 0.0
226 53.84615384615385 0.0
227 38.46153846153846 0.0
228 30.76923076923077 0.0
229 30.76923076923077 0.0
230 30.76923076923077 0.0
231 42.30769230769231 0.0
232 30.76923076923077 0.0
233 38.46153846153846 0.0
234 42.30769230769231 0.0
235 34.61538461538461 0.0
236 38.46153846153846 0.0
237 30.76923076923077 0.0
238 42.30769230769231 0.0
239 38.46153846153846 0.0
240 38.46153846153846 0.0
241 34.61538461538461 0.0
242 53.84615384615385 0.0
243 65.38461538461539 0.0
244 57.69230769230769 0.0
245 46.15384615384615 0.0
246 42.30769230769231 0.0
247 42.30769230769231 0.0
248 34.61538461538461 0.0
249 30.76923076923077 0.0
250 23.076923076923077 0.0
251 26.923076923076923 0.0
252 26.923076923076923 0.0
253 34.61538461538461 0.0
254 42.30769230769231 0.0
255 19.23076923076923 0.0
256 26.923076923076923 0.0
257 26.923076923076923 0.0
258 15.384615384615385 0.0
259 30.76923076923077 0.0
260 42.30769230769231 0.0
261 30.76923076923077 0.0
262 23.076923076923077 0.0
263 34.61538461538461 0.0
264 38.46153846153846 0.0
265 38.46153846153846 0.0
266 30.76923076923077 0.0
267 26.923076923076923 0.0
268 23.076923076923077 0.0
269 23.076923076923077 0.0
270 26.923076923076923 0.0
271 30.76923076923077 0.0
272 34.61538461538461 0.0
273 38.46153846153846 0.0
274 34.61538461538461 0.0
275 42.30769230769231 0.0
276 53.84615384615385 0.0
277 34.61538461538461 0.0
278 50.0 0.0
279 38.46153846153846 0.0
280 38.46153846153846 0.0
281 34.61538461538461 0.0
282 34.61538461538461 0.0
283 30.76923076923077 0.0
284 34.61538461538461 0.0
285 23.076923076923077 0.0
286 38.46153846153846 0.0
287 38.46153846153846 0.0
288 38.46153846153846 0.0
289 38.46153846153846 0.0
290 42.30769230769231 0.0
291 30.76923076923077 0.0
292 30.76923076923077 0.0
293 30.76923076923077 0.0
294 30.76923076923077 0.0
295 42.30769230769231 0.0
296 57.69230769230769 0.0
297 50.0 0.0
298 38.46153846153846 0.0
299 50.0 0.0
300 50.0 0.0
301 53.84615384615385 0.0
302 53.84615384615385 0.0
303 42.30769230769231 0.0
304 50.0 0.0
305 50.0 0.0
306 34.61538461538461 0.0
307 46.15384615384615 0.0
308 38.46153846153846 0.0
309 46.15384615384615 0.0
310 57.69230769230769 0.0
311 53.84615384615385 0.0
312 38.46153846153846 0.0
313 42.30769230769231 0.0
314 46.15384615384615 0.0
315 50.0 0.0
316 46.15384615384615 0.0
317 50.0 0.0
318 38.46153846153846 0.0
319 34.61538461538461 0.0
320 42.30769230769231 0.0
321 38.46153846153846 0.0
322 42.30769230769231 0.0
323 42.30769230769231 0.0
324 38.46153846153846 0.0
325 46.15384615384615 0.0
326 53.84615384615385 0.0
327 46.15384615384615 0.0
328 34.61538461538461 0.0
329 34.61538461538461 0.0
330 34.61538461538461 0.0
331 26.923076923076923 0.0
332 23.076923076923077 0.0
333 50.0 0.0
334 26.923076923076923 0.0
335 42.30769230769231 0.0
336 34.61538461538461 0.0
337 26.923076923076923 0.0
338 30.76923076923077 0.0
339 26.923076923076923 0.0
340 23.076923076923077 0.0
341 30.76923076923077 0.0
342 15.384615384615385 0.0
343 26.923076923076923 0.0
344 23.076923076923077 0.0
345 26.923076923076923 0.0
346 26.923076923076923 0.0
347 30.76923076923077 0.0
348 38.46153846153846 0.0
349 34.61538461538461 0.0
350 34.61538461538461 0.0
351 30.76923076923077 0.0
352 30.76923076923077 0.0
353 30.76923076923077 0.0
354 46.15384615384615 0.0
355 30.76923076923077 0.0
356 30.76923076923077 0.0
357 34.61538461538461 0.0
358 42.30769230769231 0.0
359 30.76923076923077 0.0
360 38.46153846153846 0.0
361 26.923076923076923 0.0
362 34.61538461538461 0.0
363 30.76923076923077 0.0
364 34.61538461538461 0.0
365 30.76923076923077 0.0
366 42.30769230769231 0.0
367 30.76923076923077 0.0
368 38.46153846153846 0.0
369 26.923076923076923 0.0
370 26.923076923076923 0.0
371 38.46153846153846 0.0
372 26.923076923076923 0.0
373 26.923076923076923 0.0
374 30.76923076923077 0.0
375 26.923076923076923 0.0
376 26.923076923076923 0.0
377 30.76923076923077 0.0
378 30.76923076923077 0.0
379 26.923076923076923 0.0
380 23.076923076923077 0.0
381 26.923076923076923 0.0
382 23.076923076923077 0.0
383 19.23076923076923 0.0
384 19.23076923076923 0.0
385 15.384615384615385 0.0
386 11.538461538461538 0.0
387 19.23076923076923 0.0
388 19.23076923076923 0.0
389 34.61538461538461 0.0
390 30.76923076923077 0.0
391 23.076923076923077 0.0
392 26.923076923076923 0.0
393 23.076923076923077 0.0
394 23.076923076923077 0.0
395 26.923076923076923 0.0
396 34.61538461538461 0.0
397 26.923076923076923 0.0
398 23.076923076923077 0.0
399 30.76923076923077 0.0
400 34.61538461538461 0.0
401 23.076923076923077 0.0
402 38.46153846153846 0.0
403 23.076923076923077 0.0
404 23.076923076923077 0.0
405 30.76923076923077 0.0
406 34.61538461538461 0.0
407 30.76923076923077 0.0
408 23.076923076923077 0.0
409 30.76923076923077 0.0
410 23.076923076923077 0.0
411 42.30769230769231 0.0
412 30.76923076923077 0.0
413 38.46153846153846 0.0
414 23.076923076923077 0.0
415 38.46153846153846 0.0
416 38.46153846153846 0.0
417 34.61538461538461 0.0
418 34.61538461538461 0.0
419 30.76923076923077 0.0
420 26.923076923076923 0.0
421 26.923076923076923 0.0
422 38.46153846153846 0.0
423 26.923076923076923 0.0
424 42.30769230769231 0.0
425 42.30769230769231 0.0
426 34.61538461538461 0.0
427 38.46153846153846 0.0
428 50.0 0.0
429 30.76923076923077 0.0
430 26.923076923076923 0.0
431 42.30769230769231 0.0
432 42.30769230769231 0.0
433 30.76923076923077 0.0
434 38.46153846153846 0.0
435 46.15384615384615 0.0
436 34.61538461538461 0.0
437 34.61538461538461 0.0
438 30.76923076923077 0.0
439 42.30769230769231 0.0
440 30.76923076923077 0.0
441 30.76923076923077 0.0
442 26.923076923076923 0.0
443 23.076923076923077 0.0
444 26.923076923076923 0.0
445 26.923076923076923 0.0
446 38.46153846153846 0.0
447 30.76923076923077 0.0
448 26.923076923076923 0.0
449 23.076923076923077 0.0
450 34.61538461538461 0.0
451 30.76923076923077 0.0
452 26.923076923076923 0.0
453 30.76923076923077 0.0
454 34.61538461538461 0.0
455 26.923076923076923 0.0
456 34.61538461538461 0.0
457 30.76923076923077 0.0
458 30.76923076923077 0.0
459 38.46153846153846 0.0
460 38.46153846153846 0.0
461 23.076923076923077 0.0
462 19.23076923076923 0.0
463 30.76923076923077 0.0
464 30.76923076923077 0.0
465 26.923076923076923 0.0
466 30.76923076923077 0.0
467 34.61538461538461 0.0
468 23.076923076923077 0.0
469 23.076923076923077 0.0
470 23.076923076923077 0.0
471 19.23076923076923 0.0
472 26.923076923076923 0.0
473 19.23076923076923 0.0
474 23.076923076923077 0.0
475 23.076923076923077 0.0
476 42.30769230769231 0.0
477 30.76923076923077 0.0
478 23.076923076923077 0.0
479 34.61538461538461 0.0
480 34.61538461538461 0.0
481 30.76923076923077 0.0
482 38.46153846153846 0.0
483 30.76923076923077 0.0
484 19.23076923076923 0.0
485 19.23076923076923 0.0
486 26.923076923076923 0.0
487 26.923076923076923 0.0
488 34.61538461538461 0.0
489 34.61538461538461 0.0
490 19.23076923076923 0.0
491 26.923076923076923 0.0
492 23.076923076923077 0.0
493 15.384615384615385 0.0
494 26.923076923076923 0.0
495 30.76923076923077 0.0
496 23.076923076923077 0.0
497 15.384615384615385 0.0
498 11.538461538461538 0.0
499 11.538461538461538 0.0
500 19.23076923076923 0.0
501 26.923076923076923 0.0
502 15.384615384615385 0.0
503 7.6923076923076925 0.0
504 23.076923076923077 0.0
505 26.923076923076923 0.0
506 19.23076923076923 0.0
507 23.076923076923077 0.0
508 26.923076923076923 0.0
509 11.538461538461538 0.0
510 19.23076923076923 0.0
511 15.384615384615385 0.0
512 11.538461538461538 0.0
513 19.23076923076923 0.0
514 19.23076923076923 0.0
515 26.923076923076923 0.0
516 30.76923076923077 0.0
517 26.923076923076923 0.0
518 19.23076923076923 0.0
519 19.23076923076923 0.0
520 19.23076923076923 0.0
521 19.23076923076923 0.0
522 15.384615384615385 0.0
523 23.076923076923077 0.0
524 23.076923076923077 0.0
525 30.76923076923077 0.0
526 23.076923076923077 0.0
527 15.384615384615385 0.0
528 30.76923076923077 0.0
529 19.23076923076923 0.0
530 26.923076923076923 0.0
531 30.76923076923077 0.0
532 46.15384615384615 0.0
533 50.0 0.0
534 34.61538461538461 0.0
535 42.30769230769231 0.0
536 42.30769230769231 0.0
537 42.30769230769231 0.0
538 30.76923076923077 0.0
539 34.61538461538461 0.0
540 30.76923076923077 0.0
541 34.61538461538461 0.0
542 30.76923076923077 0.0
543 19.23076923076923 0.0
544 15.384615384615385 0.0
545 34.61538461538461 0.0
546 34.61538461538461 0.0
547 30.76923076923077 0.0
548 38.46153846153846 0.0
549 26.923076923076923 0.0
550 34.61538461538461 0.0
551 30.76923076923077 0.0
552 30.76923076923077 0.0
553 34.61538461538461 0.0
554 42.30769230769231 0.0
555 26.923076923076923 0.0
556 19.23076923076923 0.0
557 23.076923076923077 0.0
558 30.76923076923077 0.0
559 26.923076923076923 0.0
560 30.76923076923077 0.0
561 30.76923076923077 0.0
562 26.923076923076923 0.0
563 15.384615384615385 0.0
564 42.30769230769231 0.0
565 34.61538461538461 0.0
566 34.61538461538461 0.0
567 23.076923076923077 0.0
568 30.76923076923077 0.0
569 30.76923076923077 0.0
570 42.30769230769231 0.0
571 30.76923076923077 0.0
572 26.923076923076923 0.0
573 38.46153846153846 0.0
574 15.384615384615385 0.0
575 23.076923076923077 0.0
576 23.076923076923077 0.0
577 38.46153846153846 0.0
578 30.76923076923077 0.0
579 19.23076923076923 0.0
580 26.923076923076923 0.0
581 15.384615384615385 0.0
582 19.23076923076923 0.0
583 23.076923076923077 0.0
584 23.076923076923077 0.0
585 23.076923076923077 0.0
586 23.076923076923077 0.0
587 26.923076923076923 0.0
588 38.46153846153846 0.0
589 30.76923076923077 0.0
590 26.923076923076923 0.0
591 30.76923076923077 0.0
592 34.61538461538461 0.0
593 7.6923076923076925 0.0
594 23.076923076923077 0.0
595 23.076923076923077 0.0
596 19.23076923076923 0.0
597 26.923076923076923 0.0
598 23.076923076923077 0.0
599 15.384615384615385 0.0
600 23.076923076923077 0.0
601 30.76923076923077 0.0
602 23.076923076923077 0.0
603 23.076923076923077 0.0
604 34.61538461538461 0.0
605 30.76923076923077 0.0
606 23.076923076923077 0.0
607 42.30769230769231 0.0
608 42.30769230769231 0.0
609 46.15384615384615 0.0
610 34.61538461538461 0.0
611 34.61538461538461 0.0
612 26.923076923076923 0.0
613 23.076923076923077 0.0
614 30.76923076923077 0.0
615 30.76923076923077 0.0
616 26.923076923076923 0.0
617 26.923076923076923 0.0
618 23.076923076923077 0.0
619 50.0 0.0
620 38.46153846153846 0.0
621 42.30769230769231 0.0
622 34.61538461538461 0.0
623 26.923076923076923 0.0
624 30.76923076923077 0.0
625 30.76923076923077 0.0
626 30.76923076923077 0.0
627 23.076923076923077 0.0
628 23.076923076923077 0.0
629 23.076923076923077 0.0
630 30.76923076923077 0.0
631 34.61538461538461 0.0
632 34.61538461538461 0.0
633 30.76923076923077 0.0
634 30.76923076923077 0.0
635 38.46153846153846 0.0
636 23.076923076923077 0.0
637 26.923076923076923 0.0
638 34.61538461538461 0.0
639 38.46153846153846 0.0
640 38.46153846153846 0.0
641 26.923076923076923 0.0
642 30.76923076923077 0.0
643 30.76923076923077 0.0
644 26.923076923076923 0.0
645 38.46153846153846 0.0
646 38.46153846153846 0.0
647 30.76923076923077 0.0
648 34.61538461538461 0.0
649 30.76923076923077 0.0
650 26.923076923076923 0.0
651 30.76923076923077 0.0
652 34.61538461538461 0.0
653 30.76923076923077 0.0
654 42.30769230769231 0.0
655 38.46153846153846 0.0
656 26.923076923076923 0.0
657 30.76923076923077 0.0
658 42.30769230769231 0.0
659 38.46153846153846 0.0
660 34.61538461538461 0.0
661 34.61538461538461 0.0
662 30.76923076923077 0.0
663 34.61538461538461 0.0
664 30.76923076923077 0.0
665 34.61538461538461 0.0
666 30.76923076923077 0.0
667 34.61538461538461 0.0
668 26.923076923076923 0.0
669 30.76923076923077 0.0
670 38.46153846153846 0.0
671 26.923076923076923 0.0
672 30.76923076923077 0.0
673 19.23076923076923 0.0
674 26.923076923076923 0.0
675 23.076923076923077 0.0
676 23.076923076923077 0.0
677 30.76923076923077 0.0
678 23.076923076923077 0.0
679 23.076923076923077 0.0
680 23.076923076923077 0.0
681 26.923076923076923 0.0
682 23.076923076923077 0.0
683 15.384615384615385 0.0
684 19.23076923076923 0.0
685 15.384615384615385 0.0
686 23.076923076923077 0.0
687 26.923076923076923 0.0
688 19.23076923076923 0.0
689 30.76923076923077 0.0
690 23.076923076923077 0.0
691 26.923076923076923 0.0
692 26.923076923076923 0.0
693 30.76923076923077 0.0
694 30.76923076923077 0.0
695 30.76923076923077 0.0
696 38.46153846153846 0.0
697 30.76923076923077 0.0
698 30.76923076923077 0.0
699 26.923076923076923 0.0
700 34.61538461538461 0.0
701 38.46153846153846 0.0
702 42.30769230769231 0.0
703 34.61538461538461 0.0
704 53.84615384615385 0.0
705 53.84615384615385 0.0
706 30.76923076923077 0.0
707 50.0 0.0
708 53.84615384615385 0.0
709 38.46153846153846 0.0
710 50.0 0.0
711 50.0 0.0
712 61.53846153846154 0.0
713 53.84615384615385 0.0
714 46.15384615384615 0.0
715 26.923076923076923 0.0
716 53.84615384615385 0.0
717 34.61538461538461 0.0
718 46.15384615384615 0.0
719 46.15384615384615 0.0
720 46.15384615384615 0.0
721 38.46153846153846 0.0
722 34.61538461538461 0.0
723 30.76923076923077 0.0
724 26.923076923076923 0.0
725 26.923076923076923 0.0
726 34.61538461538461 0.0
727 23.076923076923077 0.0
728 30.76923076923077 0.0
729 26.923076923076923 0.0
730 26.923076923076923 0.0
731 30.76923076923077 0.0
732 38.46153846153846 0.0
733 30.76923076923077 0.0
734 30.76923076923077 0.0
735 26.923076923076923 0.0
736 30.76923076923077 0.0
737 46.15384615384615 0.0
738 46.15384615384615 0.0
739 34.61538461538461 0.0
740 34.61538461538461 0.0
741 26.923076923076923 0.0
742 30.76923076923077 0.0
743 26.923076923076923 0.0
744 34.61538461538461 0.0
745 30.76923076923077 0.0
746 38.46153846153846 0.0
747 38.46153846153846 0.0
748 38.46153846153846 0.0
749 38.46153846153846 0.0
750 19.23076923076923 0.0
751 26.923076923076923 0.0
752 15.384615384615385 0.0
753 30.76923076923077 0.0
754 34.61538461538461 0.0
755 38.46153846153846 0.0
756 30.76923076923077 0.0
757 34.61538461538461 0.0
758 23.076923076923077 0.0
759 26.923076923076923 0.0
760 30.76923076923077 0.0
761 34.61538461538461 0.0
762 34.61538461538461 0.0
763 38.46153846153846 0.0
764 26.923076923076923 0.0
765 26.923076923076923 0.0
766 34.61538461538461 0.0
767 23.076923076923077 0.0
768 34.61538461538461 0.0
769 38.46153846153846 0.0
770 42.30769230769231 0.0
771 38.46153846153846 0.0
772 30.76923076923077 0.0
773 46.15384615384615 0.0
774 38.46153846153846 0.0
775 34.61538461538461 0.0
776 42.30769230769231 0.0
777 50.0 0.0
778 46.15384615384615 0.0
779 57.69230769230769 0.0
780 50.0 0.0
781 42.30769230769231 0.0
782 50.0 0.0
783 34.61538461538461 0.0
784 23.076923076923077 0.0
785 34.61538461538461 0.0
786 42.30769230769231 0.0
787 38.46153846153846 0.0
788 26.923076923076923 0.0
789 30.76923076923077 0.0
790 30.76923076923077 0.0
791 46.15384615384615 0.0
792 34.61538461538461 0.0
793 38.46153846153846 0.0
794 38.46153846153846 0.0
795 38.46153846153846 0.0
796 34.61538461538461 0.0
797 34.61538461538461 0.0
798 23.076923076923077 0.0
799 42.30769230769231 0.0
800 42.30769230769231 0.0
801 42.30769230769231 0.0
802 42.30769230769231 0.0
803 34.61538461538461 0.0
804 38.46153846153846 0.0
805 38.46153846153846 0.0
806 26.923076923076923 0.0
807 38.46153846153846 0.0
808 30.76923076923077 0.0
809 34.61538461538461 0.0
810 34.61538461538461 0.0
811 30.76923076923077 0.0
812 34.61538461538461 0.0
813 30.76923076923077 0.0
814 19.23076923076923 0.0
815 19.23076923076923 0.0
816 23.076923076923077 0.0
817 15.384615384615385 0.0
818 30.76923076923077 0.0
819 23.076923076923077 0.0
820 26.923076923076923 0.0
821 34.61538461538461 0.0
822 26.923076923076923 0.0
823 26.923076923076923 0.0
824 34.61538461538461 0.0
825 23.076923076923077 0.0
826 26.923076923076923 0.0
827 19.23076923076923 0.0
828 23.076923076923077 0.0
829 19.23076923076923 0.0
830 23.076923076923077 0.0
831 19.23076923076923 0.0
832 11.538461538461538 0.0
833 30.76923076923077 0.0
834 26.923076923076923 0.0
835 26.923076923076923 0.0
836 34.61538461538461 0.0
837 34.61538461538461 0.0
838 30.76923076923077 0.0
839 23.076923076923077 0.0
840 23.076923076923077 0.0
841 19.23076923076923 0.0
842 15.384615384615385 0.0
843 15.384615384615385 0.0
844 23.076923076923077 0.0
845 23.076923076923077 0.0
846 23.076923076923077 0.0
847 26.923076923076923 0.0
848 26.923076923076923 0.0
849 23.076923076923077 0.0
850 23.076923076923077 0.0
851 30.76923076923077 0.0
852 26.923076923076923 0.0
853 26.923076923076923 0.0
854 19.23076923076923 0.0
855 30.76923076923077 0.0
856 26.923076923076923 0.0
857 30.76923076923077 0.0
858 30.76923076923077 0.0
859 19.23076923076923 0.0
860 23.076923076923077 0.0
861 23.076923076923077 0.0
862 26.923076923076923 0.0
863 23.076923076923077 0.0
864 30.76923076923077 0.0
865 19.23076923076923 0.0
866 23.076923076923077 0.0
867 23.076923076923077 0.0
868 15.384615384615385 0.0
869 19.23076923076923 0.0
870 11.538461538461538 0.0
871 34.61538461538461 0.0
872 15.384615384615385 0.0
873 19.23076923076923 0.0
874 19.23076923076923 0.0
875 19.23076923076923 0.0
876 23.076923076923077 0.0
877 19.23076923076923 0.0
878 23.076923076923077 0.0
879 19.23076923076923 0.0
880 11.538461538461538 0.0
881 15.384615384615385 0.0
882 19.23076923076923 0.0
883 15.384615384615385 0.0
884 11.538461538461538 0.0
885 26.923076923076923 0.0
886 23.076923076923077 0.0
887 19.23076923076923 0.0
888 26.923076923076923 0.0
889 30.76923076923077 0.0
890 15.384615384615385 0.0
891 11.538461538461538 0.0
892 23.076923076923077 0.0
893 19.23076923076923 0.0
894 23.076923076923077 0.0
895 26.923076923076923 0.0
896 23.076923076923077 0.0
897 15.384615384615385 0.0
898 19.23076923076923 0.0
899 23.076923076923077 0.0
900 30.76923076923077 0.0
901 7.6923076923076925 0.0
902 23.076923076923077 0.0
903 23.076923076923077 0.0
904 23.076923076923077 0.0
905 19.23076923076923 0.0
906 19.23076923076923 0.0
907 15.384615384615385 0.0
908 26.923076923076923 0.0
909 26.923076923076923 0.0
910 26.923076923076923 0.0
911 34.61538461538461 0.0
912 19.23076923076923 0.0
913 26.923076923076923 0.0
914 23.076923076923077 0.0
915 23.076923076923077 0.0
916 19.23076923076923 0.0
917 23.076923076923077 0.0
918 7.6923076923076925 0.0
919 26.923076923076923 0.0
920 11.538461538461538 0.0
921 23.076923076923077 0.0
922 15.384615384615385 0.0
923 19.23076923076923 0.0
924 23.076923076923077 0.0
925 26.923076923076923 0.0
926 26.923076923076923 0.0
927 15.384615384615385 0.0
928 23.076923076923077 0.0
929 23.076923076923077 0.0
930 26.923076923076923 0.0
931 23.076923076923077 0.0
932 23.076923076923077 0.0
933 30.76923076923077 0.0
934 23.076923076923077 0.0
935 26.923076923076923 0.0
936 34.61538461538461 0.0
937 30.76923076923077 0.0
938 23.076923076923077 0.0
939 30.76923076923077 0.0
940 23.076923076923077 0.0
941 15.384615384615385 0.0
942 26.923076923076923 0.0
943 19.23076923076923 0.0
944 23.076923076923077 0.0
945 23.076923076923077 0.0
946 26.923076923076923 0.0
947 30.76923076923077 0.0
948 26.923076923076923 0.0
949 26.923076923076923 0.0
950 26.923076923076923 0.0
951 26.923076923076923 0.0
952 30.76923076923077 0.0
953 34.61538461538461 0.0
954 30.76923076923077 0.0
955 30.76923076923077 0.0
956 34.61538461538461 0.0
957 23.076923076923077 0.0
958 23.076923076923077 0.0
959 19.23076923076923 0.0
960 26.923076923076923 0.0
961 23.076923076923077 0.0
962 30.76923076923077 0.0
963 26.923076923076923 0.0
964 34.61538461538461 0.0
965 15.384615384615385 0.0
966 19.23076923076923 0.0
967 15.384615384615385 0.0
968 19.23076923076923 0.0
969 23.076923076923077 0.0
970 26.923076923076923 0.0
971 19.23076923076923 0.0
972 34.61538461538461 0.0
973 26.923076923076923 0.0
974 26.923076923076923 0.0
975 19.23076923076923 0.0
976 23.076923076923077 0.0
977 30.76923076923077 0.0
978 23.076923076923077 0.0
979 15.384615384615385 0.0
980 19.23076923076923 0.0
981 23.076923076923077 0.0
982 26.923076923076923 0.0
983 26.923076923076923 0.0
984 19.23076923076923 0.0
985 23.076923076923077 0.0
986 34.61538461538461 0.0
987 34.61538461538461 0.0
988 26.923076923076923 0.0
989 19.23076923076923 0.0
990 23.076923076923077 0.0
991 11.538461538461538 0.0
992 11.538461538461538 0.0
993 26.923076923076923 0.0
994 19.23076923076923 0.0
995 11.538461538461538 0.0
996 15.384615384615385 0.0
997 15.384615384615385 0.0
998 15.384615384615385 0.0
999 15.384615384615385 0.0
