#frame monomers_% popc_isolated_%
0 50.0 0.0
1 50.0 0.0
2 53.84615384615385 0.0
3 46.15384615384615 0.0
4 26.923076923076923 0.0
5 30.76923076923077 0.0
6 30.76923076923077 0.0
7 34.61538461538461 0.0
8 42.30769230769231 0.0
9 42.30769230769231 0.0
10 30.76923076923077 0.0
11 26.923076923076923 0.0
12 38.46153846153846 0.0
13 38.46153846153846 0.0
14 42.30769230769231 0.0
15 42.30769230769231 0.0
16 42.30769230769231 0.0
17 26.923076923076923 0.0
18 34.61538461538461 0.0
19 34.61538461538461 0.0
20 42.30769230769231 0.0
21 46.15384615384615 0.0
22 53.84615384615385 0.0
23 61.53846153846154 0.0
24 46.15384615384615 0.0
25 57.69230769230769 0.0
26 61.53846153846154 0.0
27 61.53846153846154 0.0
28 61.53846153846154 0.0
29 57.69230769230769 0.0
30 53.84615384615385 0.0
31 53.84615384615385 0.0
32 30.76923076923077 0.0
33 34.61538461538461 0.0
34 30.76923076923077 0.0
35 34.61538461538461 0.0
36 42.30769230769231 0.0
37 34.61538461538461 0.0
38 34.61538461538461 0.0
39 50.0 0.0
40 26.923076923076923 0.0
41 46.15384615384615 0.0
42 30.76923076923077 0.0
43 42.30769230769231 0.0
44 26.923076923076923 0.0
45 26.923076923076923 0.0
46 34.61538461538461 0.0
47 34.61538461538461 0.0
48 46.15384615384615 0.0
49 38.46153846153846 0.0
50 42.30769230769231 0.0
51 38.46153846153846 0.0
52 42.30769230769231 0.0
53 50.0 0.0
54 46.15384615384615 0.0
55 50.0 0.0
56 46.15384615384615 0.0
57 42.30769230769231 0.0
58 38.46153846153846 0.0
59 42.30769230769231 0.0
60 38.46153846153846 0.0
61 42.30769230769231 0.0
62 34.61538461538461 0.0
63 38.46153846153846 0.0
64 38.46153846153846 0.0
65 42.30769230769231 0.0
66 50.0 0.0
67 38.46153846153846 0.0
68 46.15384615384615 0.0
69 38.46153846153846 0.0
70 50.0 0.0
71 50.0 0.0
72 42.30769230769231 0.0
73 42.30769230769231 0.0
74 50.0 0.0
75 50.0 0.0
76 42.30769230769231 0.0
77 50.0 0.0
78 53.84615384615385 0.0
79 38.46153846153846 0.0
80 57.69230769230769 0.0
81 50.0 0.0
82 42.30769230769231 0.0
83 53.84615384615385 0.0
84 38.46153846153846 0.0
85 34.61538461538461 0.0
86 46.15384615384615 0.0
87 46.15384615384615 0.0
88 42.30769230769231 0.0
89 46.15384615384615 0.0
90 50.0 0.0
91 53.84615384615385 0.0
92 34.61538461538461 0.0
93 46.15384615384615 0.0
94 46.15384615384615 0.0
95 38.46153846153846 0.0
96 42.30769230769231 0.0
97 50.0 0.0
98 34.61538461538461 0.0
99 50.0 0.0
100 46.15384615384615 0.0
101 42.30769230769231 0.0
102 46.15384615384615 0.0
103 30.76923076923077 0.0
104 42.30769230769231 0.0
105 42.30769230769231 0.0
106 42.30769230769231 0.0
107 38.46153846153846 0.0
108 38.46153846153846 0.0
109 30.76923076923077 0.0
110 30.76923076923077 0.0
111 50.0 0.0
112 46.15384615384615 0.0
113 38.46153846153846 0.0
114 38.46153846153846 0.0
115 38.46153846153846 0.0
116 34.61538461538461 0.0
117 50.0 0.0
118 26.923076923076923 0.0
119 34.61538461538461 0.0
120 34.61538461538461 0.0
121 26.923076923076923 0.0
122 30.76923076923077 0.0
123 57.69230769230769 0.0
124 46.15384615384615 0.0
125 46.15384615384615 0.0
126 42.30769230769231 0.0
127 53.84615384615385 0.0
128 53.84615384615385 0.0
129 53.84615384615385 0.0
130 42.30769230769231 0.0
131 50.0 0.0
132 57.69230769230769 0.0
133 53.84615384615385 0.0
134 50.0 0.0
135 57.69230769230769 0.0
136 42.30769230769231 1.5625
137 57.69230769230769 0.0
138 61.53846153846154 1.5625
139 42.30769230769231 0.0
140 53.84615384615385 0.0
141 50.0 0.0
142 38.46153846153846 1.5625
143 46.15384615384615 0.0
144 46.15384615384615 0.0
145 34.61538461538461 0.0
146 46.15384615384615 0.0
147 53.84615384615385 0.0
148 42.30769230769231 0.0
149 46.15384615384615 0.0
150 38.46153846153846 0.0
151 42.30769230769231 0.0
152 46.15384615384615 0.0
153 19.23076923076923 1.5625
154 38.46153846153846 0.0
155 38.46153846153846 0.0
156 34.61538461538461 1.5625
157 34.61538461538461 1.5625
158 50.0 0.0
159 46.15384615384615 1.5625
160 42.30769230769231 0.0
161 38.46153846153846 1.5625
162 38.46153846153846 1.5625
163 46.15384615384615 0.0
164 46.15384615384615 0.0
165 42.30769230769231 0.0
166 38.46153846153846 0.0
167 30.76923076923077 0.0
168 46.15384615384615 0.0
169 42.30769230769231 1.5625
170 26.923076923076923 1.5625
171 34.61538461538461 0.0
172 38.46153846153846 1.5625
173 50.0 1.5625
174 42.30769230769231 1.5625
175 38.46153846153846 1.5625
176 26.923076923076923 1.5625
177 50.0 1.5625
178 38.46153846153846 3.125
179 42.30769230769231 3.125
180 23.076923076923077 0.0
181 53.84615384615385 0.0
182 34.61538461538461 0.0
183 30.76923076923077 0.0
184 30.76923076923077 0.0
185 23.076923076923077 3.125
186 26.923076923076923 1.5625
187 19.23076923076923 3.125
188 26.923076923076923 0.0
189 26.923076923076923 1.5625
190 26.923076923076923 3.125
191 26.923076923076923 0.0
192 34.61538461538461 0.0
193 26.923076923076923 0.0
194 38.46153846153846 3.125
195 53.84615384615385 1.5625
196 42.30769230769231 3.125
197 50.0 3.125
198 50.0 1.5625
199 57.69230769230769 1.5625
200 50.0 1.5625
201 34.61538461538461 3.125
202 38.46153846153846 4.6875
203 38.46153846153846 1.5625
204 46.15384615384615 0.0
205 34.61538461538461 0.0
206 26.923076923076923 0.0
207 42.30769230769231 1.5625
208 57.69230769230769 1.5625
209 46.15384615384615 1.5625
210 46.15384615384615 1.5625
211 34.61538461538461 1.5625
212 46.15384615384615 0.0
213 57.69230769230769 1.5625
214 50.0 1.5625
215 50.0 0.0
216 50.0 0.0
217 42.30769230769231 1.5625
218 42.30769230769231 0.0
219 42.30769230769231 0.0
220 38.46153846153846 0.0
221 42.30769230769231 0.0
222 34.61538461538461 0.0
223 38.46153846153846 0.0
224 23.076923076923077 0.0
225 23.076923076923077 0.0
226 34.61538461538461 0.0
227 23.076923076923077 1.5625
228 30.76923076923077 0.0
229 34.61538461538461 0.0
230 19.23076923076923 0.0
231 42.30769230769231 0.0
232 30.76923076923077 3.125
233 30.76923076923077 4.6875
234 30.76923076923077 4.6875
235 30.76923076923077 3.125
236 23.076923076923077 3.125
237 30.76923076923077 3.125
238 26.923076923076923 3.125
239 30.76923076923077 3.125
240 26.923076923076923 1.5625
241 26.923076923076923 1.5625
242 30.76923076923077 1.5625
243 38.46153846153846 7.8125
244 30.76923076923077 4.6875
245 42.30769230769231 1.5625
246 19.23076923076923 1.5625
247 23.076923076923077 1.5625
248 38.46153846153846 3.125
249 50.0 1.5625
250 53.84615384615385 1.5625
251 38.46153846153846 1.5625
252 57.69230769230769 0.0
253 30.76923076923077 3.125
254 26.923076923076923 4.6875
255 38.46153846153846 1.5625
256 42.30769230769231 3.125
257 38.46153846153846 0.0
258 38.46153846153846 3.125
259 38.46153846153846 1.5625
260 42.30769230769231 1.5625
261 26.923076923076923 1.5625
262 26.923076923076923 3.125
263 46.15384615384615 1.5625
264 38.46153846153846 0.0
265 42.30769230769231 0.0
266 42.30769230769231 0.0
267 38.46153846153846 1.5625
268 53.84615384615385 0.0
269 65.38461538461539 0.0
270 30.76923076923077 0.0
271 38.46153846153846 0.0
272 19.23076923076923 1.5625
273 42.30769230769231 1.5625
274 26.923076923076923 1.5625
275 46.15384615384615 1.5625
276 38.46153846153846 1.5625
277 30.76923076923077 1.5625
278 38.46153846153846 0.0
279 53.84615384615385 3.125
280 38.46153846153846 1.5625
281 57.69230769230769 0.0
282 50.0 1.5625
283 46.15384615384615 1.5625
284 38.46153846153846 1.5625
285 38.46153846153846 0.0
286 53.84615384615385 0.0
287 46.15384615384615 0.0
288 69.23076923076923 0.0
289 50.0 0.0
290 38.46153846153846 0.0
291 30.76923076923077 0.0
292 30.76923076923077 1.5625
293 19.23076923076923 0.0
294 38.46153846153846 0.0
295 30.76923076923077 3.125
296 30.76923076923077 0.0
297 26.923076923076923 0.0
298 30.76923076923077 1.5625
299 42.30769230769231 0.0
300 38.46153846153846 0.0
301 46.15384615384615 0.0
302 46.15384615384615 0.0
303 46.15384615384615 0.0
304 46.15384615384615 1.5625
305 46.15384615384615 0.0
306 42.30769230769231 0.0
307 34.61538461538461 0.0
308 38.46153846153846 0.0
309 34.61538461538461 1.5625
310 42.30769230769231 1.5625
311 30.76923076923077 3.125
312 30.76923076923077 3.125
313 30.76923076923077 0.0
314 38.46153846153846 3.125
315 34.61538461538461 4.6875
316 42.30769230769231 1.5625
317 34.61538461538461 1.5625
318 34.61538461538461 1.5625
319 30.76923076923077 1.5625
320 23.076923076923077 1.5625
321 42.30769230769231 1.5625
322 42.30769230769231 1.5625
323 30.76923076923077 0.0
324 26.923076923076923 0.0
325 23.076923076923077 0.0
326 30.76923076923077 1.5625
327 26.923076923076923 0.0
328 42.30769230769231 1.5625
329 30.76923076923077 0.0
330 34.61538461538461 1.5625
331 50.0 1.5625
332 26.923076923076923 0.0
333 26.923076923076923 0.0
334 34.61538461538461 3.125
335 30.76923076923077 0.0
336 34.61538461538461 4.6875
337 34.61538461538461 3.125
338 38.46153846153846 3.125
339 42.30769230769231 4.6875
340 46.15384615384615 3.125
341 46.15384615384615 3.125
342 46.15384615384615 0.0
343 46.15384615384615 3.125
344 38.46153846153846 1.5625
345 42.30769230769231 4.6875
346 30.76923076923077 1.5625
347 23.076923076923077 6.25
348 46.15384615384615 3.125
349 50.0 1.5625
350 38.46153846153846 1.5625
351 30.76923076923077 0.0
352 30.76923076923077 0.0
353 34.61538461538461 1.5625
354 34.61538461538461 0.0
355 34.61538461538461 0.0
356 30.76923076923077 1.5625
357 30.76923076923077 0.0
358 26.923076923076923 0.0
359 34.61538461538461 0.0
360 26.923076923076923 0.0
361 30.76923076923077 0.0
362 26.923076923076923 1.5625
363 53.84615384615385 3.125
364 42.30769230769231 0.0
365 30.76923076923077 3.125
366 42.30769230769231 0.0
367 38.46153846153846 0.0
368 38.46153846153846 0.0
369 46.15384615384615 0.0
370 50.0 0.0
371 50.0 0.0
372 42.30769230769231 0.0
373 34.61538461538461 0.0
374 38.46153846153846 0.0
375 42.30769230769231 0.0
376 38.46153846153846 0.0
377 46.15384615384615 0.0
378 34.61538461538461 0.0
379 38.46153846153846 0.0
380 42.30769230769231 0.0
381 34.61538461538461 1.5625
382 34.61538461538461 0.0
383 42.30769230769231 0.0
384 34.61538461538461 0.0
385 46.15384615384615 0.0
386 38.46153846153846 1.5625
387 38.46153846153846 0.0
388 53.84615384615385 1.5625
389 50.0 0.0
390 53.84615384615385 1.5625
391 34.61538461538461 1.5625
392 38.46153846153846 1.5625
393 38.46153846153846 0.0
394 57.69230769230769 1.5625
395 57.69230769230769 1.5625
396 46.15384615384615 1.5625
397 46.15384615384615 3.125
398 50.0 0.0
399 42.30769230769231 3.125
400 46.15384615384615 1.5625
401 46.15384615384615 3.125
402 34.61538461538461 1.5625
403 34.61538461538461 1.5625
404 26.923076923076923 3.125
405 38.46153846153846 1.5625
406 38.46153846153846 0.0
407 46.15384615384615 3.125
408 34.61538461538461 0.0
409 38.46153846153846 0.0
410 30.76923076923077 0.0
411 26.923076923076923 0.0
412 26.923076923076923 1.5625
413 23.076923076923077 1.5625
414 34.61538461538461 1.5625
415 38.46153846153846 0.0
416 26.923076923076923 0.0
417 34.61538461538461 1.5625
418 34.61538461538461 0.0
419 53.84615384615385 1.5625
420 46.15384615384615 0.0
421 57.69230769230769 0.0
422 50.0 1.5625
423 50.0 1.5625
424 38.46153846153846 3.125
425 57.69230769230769 1.5625
426 50.0 1.5625
427 57.69230769230769 0.0
428 50.0 1.5625
429 38.46153846153846 1.5625
430 50.0 1.5625
431 57.69230769230769 1.5625
432 50.0 0.0
433 61.53846153846154 0.0
434 46.15384615384615 0.0
435 50.0 0.0
436 50.0 0.0
437 50.0 0.0
438 50.0 3.125
439 57.69230769230769 0.0
440 53.84615384615385 0.0
441 57.69230769230769 1.5625
442 61.53846153846154 3.125
443 38.46153846153846 1.5625
444 38.46153846153846 1.5625
445 65.38461538461539 0.0
446 53.84615384615385 0.0
447 38.46153846153846 0.0
448 46.15384615384615 0.0
449 42.30769230769231 0.0
450 34.61538461538461 0.0
451 42.30769230769231 0.0
452 46.15384615384615 0.0
453 42.30769230769231 0.0
454 38.46153846153846 0.0
455 46.15384615384615 0.0
456 38.46153846153846 0.0
457 30.76923076923077 0.0
458 30.76923076923077 1.5625
459 42.30769230769231 1.5625
460 26.923076923076923 3.125
461 42.30769230769231 3.125
462 30.76923076923077 3.125
463 38.46153846153846 3.125
464 34.61538461538461 1.5625
465 50.0 0.0
466 38.46153846153846 1.5625
467 34.61538461538461 3.125
468 34.61538461538461 1.5625
469 38.46153846153846 1.5625
470 30.76923076923077 1.5625
471 42.30769230769231 1.5625
472 30.76923076923077 4.6875
473 46.15384615384615 3.125
474 42.30769230769231 1.5625
475 42.30769230769231 3.125
476 34.61538461538461 1.5625
477 38.46153846153846 0.0
478 38.46153846153846 3.125
479 38.46153846153846 3.125
480 42.30769230769231 1.5625
481 38.46153846153846 3.125
482 30.76923076923077 1.5625
483 34.61538461538461 3.125
484 30.76923076923077 1.5625
485 30.76923076923077 1.5625
486 38.46153846153846 1.5625
487 42.30769230769231 1.5625
488 38.46153846153846 3.125
489 26.923076923076923 1.5625
490 34.61538461538461 0.0
491 26.923076923076923 0.0
492 34.61538461538461 1.5625
493 38.46153846153846 1.5625
494 30.76923076923077 0.0
495 34.61538461538461 0.0
496 30.76923076923077 1.5625
497 26.923076923076923 1.5625
498 34.61538461538461 1.5625
499 26.923076923076923 0.0
500 26.923076923076923 0.0
501 23.076923076923077 1.5625
502 30.76923076923077 0.0
503 34.61538461538461 3.125
504 23.076923076923077 3.125
505 34.61538461538461 1.5625
506 23.076923076923077 0.0
507 26.923076923076923 1.5625
508 26.923076923076923 0.0
509 26.923076923076923 0.0
510 26.923076923076923 0.0
511 26.923076923076923 0.0
512 19.23076923076923 0.0
513 26.923076923076923 1.5625
514 23.076923076923077 0.0
515 23.076923076923077 1.5625
516 19.23076923076923 1.5625
517 19.23076923076923 1.5625
518 23.076923076923077 1.5625
519 26.923076923076923 3.125
520 23.076923076923077 1.5625
521 26.923076923076923 3.125
522 38.46153846153846 1.5625
523 26.923076923076923 3.125
524 23.076923076923077 3.125
525 30.76923076923077 3.125
526 26.923076923076923 1.5625
527 26.923076923076923 1.5625
528 23.076923076923077 3.125
529 26.923076923076923 0.0
530 34.61538461538461 0.0
531 30.76923076923077 1.5625
532 23.076923076923077 1.5625
533 26.923076923076923 3.125
534 23.076923076923077 1.5625
535 26.923076923076923 1.5625
536 23.076923076923077 3.125
537 23.076923076923077 3.125
538 30.76923076923077 1.5625
539 19.23076923076923 1.5625
540 26.923076923076923 1.5625
541 30.76923076923077 1.5625
542 30.76923076923077 1.5625
543 38.46153846153846 1.5625
544 26.923076923076923 0.0
545 26.923076923076923 1.5625
546 38.46153846153846 1.5625
547 30.76923076923077 1.5625
548 26.923076923076923 1.5625
549 34.61538461538461 1.5625
550 30.76923076923077 0.0
551 26.923076923076923 0.0
552 26.923076923076923 0.0
553 15.384615384615385 0.0
554 34.61538461538461 0.0
555 30.76923076923077 0.0
556 30.76923076923077 0.0
557 30.76923076923077 0.0
558 26.923076923076923 0.0
559 42.30769230769231 0.0
560 30.76923076923077 0.0
561 19.23076923076923 0.0
562 23.076923076923077 0.0
563 19.23076923076923 0.0
564 23.076923076923077 0.0
565 26.923076923076923 0.0
566 19.23076923076923 0.0
567 30.76923076923077 0.0
568 38.46153846153846 0.0
569 26.923076923076923 0.0
570 19.23076923076923 0.0
571 19.23076923076923 0.0
572 30.76923076923077 0.0
573 34.61538461538461 0.0
574 30.76923076923077 0.0
575 26.923076923076923 0.0
576 26.923076923076923 0.0
577 26.923076923076923 0.0
578 50.0 0.0
579 53.84615384615385 0.0
580 42.30769230769231 0.0
581 50.0 0.0
582 46.15384615384615 0.0
583 46.15384615384615 0.0
584 38.46153846153846 0.0
585 50.0 0.0
586 50.0 0.0
587 61.53846153846154 0.0
588 46.15384615384615 0.0
589 50.0 0.0
590 46.15384615384615 0.0
591 46.15384615384615 0.0
592 30.76923076923077 0.0
593 46.15384615384615 0.0
594 30.76923076923077 0.0
595 26.923076923076923 1.5625
596 42.30769230769231 0.0
597 42.30769230769231 0.0
598 38.46153846153846 0.0
599 42.30769230769231 0.0
600 38.46153846153846 0.0
601 42.30769230769231 1.5625
602 42.30769230769231 1.5625
603 50.0 0.0
604 53.84615384615385 0.0
605 46.15384615384615 0.0
606 38.46153846153846 1.5625
607 53.84615384615385 0.0
608 42.30769230769231 0.0
609 34.61538461538461 0.0
610 38.46153846153846 0.0
611 34.61538461538461 0.0
612 46.15384615384615 0.0
613 57.69230769230769 0.0
614 42.30769230769231 0.0
615 34.61538461538461 0.0
616 26.923076923076923 0.0
617 46.15384615384615 0.0
618 46.15384615384615 0.0
619 42.30769230769231 0.0
620 57.69230769230769 0.0
621 50.0 0.0
622 42.30769230769231 0.0
623 26.923076923076923 0.0
624 38.46153846153846 0.0
625 34.61538461538461 0.0
626 34.61538461538461 1.5625
627 34.61538461538461 0.0
628 38.46153846153846 0.0
629 38.46153846153846 0.0
630 23.076923076923077 3.125
631 34.61538461538461 1.5625
632 34.61538461538461 3.125
633 26.923076923076923 1.5625
634 11.538461538461538 1.5625
635 23.076923076923077 1.5625
636 19.23076923076923 1.5625
637 34.61538461538461 1.5625
638 42.30769230769231 1.5625
639 23.076923076923077 1.5625
640 42.30769230769231 1.5625
641 34.61538461538461 1.5625
642 19.23076923076923 1.5625
643 26.923076923076923 0.0
644 42.30769230769231 1.5625
645 42.30769230769231 0.0
646 42.30769230769231 1.5625
647 26.923076923076923 1.5625
648 26.923076923076923 1.5625
649 34.61538461538461 0.0
650 30.76923076923077 0.0
651 34.61538461538461 0.0
652 42.30769230769231 1.5625
653 34.61538461538461 1.5625
654 30.76923076923077 1.5625
655 19.23076923076923 0.0
656 23.076923076923077 0.0
657 26.923076923076923 0.0
658 30.76923076923077 0.0
659 30.76923076923077 0.0
660 26.923076923076923 1.5625
661 26.923076923076923 0.0
662 26.923076923076923 0.0
663 26.923076923076923 0.0
664 30.76923076923077 3.125
665 19.23076923076923 0.0
666 19.23076923076923 0.0
667 23.076923076923077 0.0
668 23.076923076923077 0.0
669 30.76923076923077 1.5625
670 26.923076923076923 1.5625
671 15.384615384615385 1.5625
672 34.61538461538461 1.5625
673 42.30769230769231 1.5625
674 34.61538461538461 1.5625
675 23.076923076923077 1.5625
676 26.923076923076923 0.0
677 23.076923076923077 0.0
678 23.076923076923077 1.5625
679 34.61538461538461 1.5625
680 42.30769230769231 3.125
681 34.61538461538461 1.5625
682 30.76923076923077 3.125
683 30.76923076923077 3.125
684 42.30769230769231 3.125
685 34.61538461538461 1.5625
686 30.76923076923077 1.5625
687 26.923076923076923 3.125
688 34.61538461538461 3.125
689 30.76923076923077 1.5625
690 38.46153846153846 1.5625
691 30.76923076923077 0.0
692 30.76923076923077 0.0
693 15.384615384615385 1.5625
694 30.76923076923077 3.125
695 23.076923076923077 3.125
696 38.46153846153846 3.125
697 38.46153846153846 1.5625
698 46.15384615384615 0.0
699 38.46153846153846 0.0
700 30.76923076923077 0.0
701 42.30769230769231 0.0
702 42.30769230769231 1.5625
703 38.46153846153846 0.0
704 26.923076923076923 0.0
705 38.46153846153846 1.5625
706 34.61538461538461 1.5625
707 46.15384615384615 1.5625
708 34.61538461538461 0.0
709 34.61538461538461 0.0
710 30.76923076923077 1.5625
711 38.46153846153846 1.5625
712 34.61538461538461 1.5625
713 34.61538461538461 0.0
714 23.076923076923077 1.5625
715 23.076923076923077 1.5625
716 34.61538461538461 1.5625
717 34.61538461538461 3.125
718 34.61538461538461 0.0
719 30.76923076923077 0.0
720 30.76923076923077 3.125
721 23.076923076923077 1.5625
722 38.46153846153846 1.5625
723 42.30769230769231 3.125
724 26.923076923076923 1.5625
725 34.61538461538461 1.5625
726 34.61538461538461 3.125
727 30.76923076923077 1.5625
728 19.23076923076923 1.5625
729 30.76923076923077 1.5625
730 34.61538461538461 3.125
731 34.61538461538461 3.125
732 30.76923076923077 0.0
733 42.30769230769231 3.125
734 23.076923076923077 3.125
735 34.61538461538461 1.5625
736 23.076923076923077 0.0
737 23.076923076923077 0.0
738 30.76923076923077 0.0
739 30.76923076923077 0.0
740 26.923076923076923 0.0
741 23.076923076923077 0.0
742 23.076923076923077 0.0
743 23.076923076923077 0.0
744 19.23076923076923 0.0
745 26.923076923076923 0.0
746 23.076923076923077 0.0
747 26.923076923076923 0.0
748 30.76923076923077 0.0
749 30.76923076923077 0.0
750 30.76923076923077 0.0
751 30.76923076923077 0.0
752 30.76923076923077 0.0
753 38.46153846153846 0.0
754 38.46153846153846 0.0
755 30.76923076923077 0.0
756 30.76923076923077 0.0
757 30.76923076923077 0.0
758 19.23076923076923 0.0
759 19.23076923076923 0.0
760 23.076923076923077 0.0
761 30.76923076923077 0.0
762 23.076923076923077 0.0
763 26.923076923076923 0.0
764 34.61538461538461 0.0
765 30.76923076923077 1.5625
766 30.76923076923077 0.0
767 34.61538461538461 0.0
768 26.923076923076923 0.0
769 30.76923076923077 0.0
770 26.923076923076923 0.0
771 30.76923076923077 0.0
772 46.15384615384615 0.0
773 42.30769230769231 0.0
774 23.076923076923077 0.0
775 34.61538461538461 0.0
776 26.923076923076923 0.0
777 38.46153846153846 0.0
778 34.61538461538461 0.0
779 34.61538461538461 0.0
780 34.61538461538461 0.0
781 38.46153846153846 0.0
782 30.76923076923077 0.0
783 50.0 0.0
784 30.76923076923077 0.0
785 19.23076923076923 0.0
786 30.76923076923077 0.0
787 19.23076923076923 0.0
788 30.76923076923077 0.0
789 34.61538461538461 0.0
790 42.30769230769231 0.0
791 26.923076923076923 0.0
792 34.61538461538461 0.0
793 34.61538461538461 0.0
794 34.61538461538461 0.0
795 30.76923076923077 0.0
796 42.30769230769231 0.0
797 38.46153846153846 0.0
798 38.46153846153846 0.0
799 42.30769230769231 0.0
800 38.46153846153846 0.0
801 26.923076923076923 0.0
802 34.61538461538461 0.0
803 26.923076923076923 0.0
804 42.30769230769231 0.0
805 46.15384615384615 0.0
806 50.0 0.0
807 50.0 0.0
808 38.46153846153846 0.0
809 42.30769230769231 0.0
810 38.46153846153846 0.0
811 38.46153846153846 0.0
812 50.0 0.0
813 53.84615384615385 0.0
814 53.84615384615385 0.0
815 38.46153846153846 0.0
816 46.15384615384615 0.0
817 46.15384615384615 0.0
818 53.84615384615385 0.0
819 46.15384615384615 0.0
820 42.30769230769231 0.0
821 50.0 0.0
822 42.30769230769231 0.0
823 46.15384615384615 0.0
824 38.46153846153846 0.0
825 46.15384615384615 0.0
826 46.15384615384615 0.0
827 50.0 0.0
828 42.30769230769231 0.0
829 38.46153846153846 0.0
830 42.30769230769231 0.0
831 50.0 0.0
832 50.0 0.0
833 46.15384615384615 0.0
834 50.0 0.0
835 53.84615384615385 0.0
836 46.15384615384615 0.0
837 42.30769230769231 0.0
838 38.46153846153846 0.0
839 19.23076923076923 0.0
840 42.30769230769231 0.0
841 30.76923076923077 0.0
842 15.384615384615385 0.0
843 34.61538461538461 0.0
844 30.76923076923077 0.0
845 38.46153846153846 0.0
846 46.15384615384615 0.0
847 26.923076923076923 0.0
848 38.46153846153846 0.0
849 34.61538461538461 0.0
850 38.46153846153846 0.0
851 26.923076923076923 0.0
852 26.923076923076923 0.0
853 30.76923076923077 0.0
854 34.61538461538461 0.0
855 26.923076923076923 0.0
856 42.30769230769231 0.0
857 42.30769230769231 0.0
858 38.46153846153846 0.0
859 30.76923076923077 0.0
860 34.61538461538461 0.0
861 38.46153846153846 0.0
862 23.076923076923077 0.0
863 34.61538461538461 0.0
864 34.61538461538461 0.0
865 30.76923076923077 0.0
866 26.923076923076923 0.0
867 30.76923076923077 0.0
868 34.61538461538461 0.0
869 30.76923076923077 0.0
870 34.61538461538461 0.0
871 34.61538461538461 0.0
872 34.61538461538461 0.0
873 23.076923076923077 0.0
874 23.076923076923077 0.0
875 38.46153846153846 0.0
876 38.46153846153846 0.0
877 30.76923076923077 0.0
878 38.46153846153846 0.0
879 34.61538461538461 0.0
880 30.76923076923077 0.0
881 42.30769230769231 0.0
882 26.923076923076923 0.0
883 19.23076923076923 0.0
884 26.923076923076923 0.0
885 26.923076923076923 0.0
886 34.61538461538461 0.0
887 26.923076923076923 0.0
888 38.46153846153846 0.0
889 34.61538461538461 0.0
890 34.61538461538461 0.0
891 38.46153846153846 0.0
892 30.76923076923077 0.0
893 30.76923076923077 0.0
894 23.076923076923077 0.0
895 38.46153846153846 0.0
896 34.61538461538461 0.0
897 46.15384615384615 0.0
898 42.30769230769231 0.0
899 50.0 0.0
900 42.30769230769231 0.0
901 30.76923076923077 0.0
902 50.0 0.0
903 34.61538461538461 0.0
904 38.46153846153846 0.0
905 42.30769230769231 0.0
906 30.76923076923077 0.0
907 50.0 0.0
908 46.15384615384615 0.0
909 50.0 0.0
910 46.15384615384615 0.0
911 38.46153846153846 0.0
912 38.46153846153846 0.0
913 30.76923076923077 0.0
914 34.61538461538461 0.0
915 26.923076923076923 0.0
916 26.923076923076923 0.0
917 30.76923076923077 0.0
918 30.76923076923077 0.0
919 42.30769230769231 0.0
920 30.76923076923077 0.0
921 34.61538461538461 0.0
922 30.76923076923077 0.0
923 30.76923076923077 0.0
924 34.61538461538461 0.0
925 34.61538461538461 0.0
926 30.76923076923077 0.0
927 38.46153846153846 0.0
928 30.76923076923077 0.0
929 30.76923076923077 0.0
930 46.15384615384615 0.0
931 26.923076923076923 0.0
932 26.923076923076923 0.0
933 26.923076923076923 0.0
934 34.61538461538461 0.0
935 34.61538461538461 0.0
936 50.0 0.0
937 34.61538461538461 0.0
938 34.61538461538461 0.0
939 30.76923076923077 0.0
940 30.76923076923077 0.0
941 34.61538461538461 0.0
942 50.0 0.0
943 50.0 0.0
944 46.15384615384615 0.0
945 38.46153846153846 0.0
946 34.61538461538461 0.0
947 34.61538461538461 0.0
948 30.76923076923077 0.0
949 34.61538461538461 0.0
950 38.46153846153846 0.0
951 30.76923076923077 0.0
952 38.46153846153846 0.0
953 26.923076923076923 0.0
954 19.23076923076923 0.0
955 26.923076923076923 0.0
956 38.46153846153846 0.0
957 42.30769230769231 0.0
958 34.61538461538461 0.0
959 26.923076923076923 0.0
960 30.76923076923077 0.0
961 34.61538461538461 0.0
962 42.30769230769231 0.0
963 30.76923076923077 0.0
964 57.69230769230769 0.0
965 30.76923076923077 0.0
966 30.76923076923077 0.0
967 34.61538461538461 0.0
968 38.46153846153846 0.0
969 23.076923076923077 0.0
970 34.61538461538461 1.5625
971 42.30769230769231 1.5625
972 26.923076923076923 0.0
973 26.923076923076923 0.0
974 34.61538461538461 0.0
975 23.076923076923077 0.0
976 19.23076923076923 0.0
977 23.076923076923077 0.0
978 30.76923076923077 0.0
979 30.76923076923077 0.0
980 34.61538461538461 0.0
981 34.61538461538461 0.0
982 34.61538461538461 0.0
983 38.46153846153846 0.0
984 34.61538461538461 0.0
985 34.61538461538461 0.0
986 38.46153846153846 1.5625
987 30.76923076923077 0.0
988 46.15384615384615 0.0
989 34.61538461538461 0.0
990 26.923076923076923 1.5625
991 30.76923076923077 1.5625
992 23.076923076923077 0.0
993 23.076923076923077 0.0
994 26.923076923076923 1.5625
995 38.46153846153846 0.0
996 26.923076923076923 0.0
997 34.61538461538461 0.0
998 26.923076923076923 0.0
999 26.923076923076923 0.0
