#frame monomers_% popc_isolated_%
0 42.30769230769231 0.0
1 34.61538461538461 0.0
2 34.61538461538461 0.0
3 26.923076923076923 0.0
4 26.923076923076923 0.0
5 34.61538461538461 0.0
6 30.76923076923077 0.0
7 46.15384615384615 0.0
8 34.61538461538461 0.0
9 30.76923076923077 0.0
10 34.61538461538461 0.0
11 50.0 0.0
12 34.61538461538461 0.0
13 46.15384615384615 0.0
14 34.61538461538461 0.0
15 42.30769230769231 0.0
16 42.30769230769231 0.0
17 42.30769230769231 0.0
18 42.30769230769231 0.0
19 50.0 0.0
20 38.46153846153846 0.0
21 38.46153846153846 0.0
22 46.15384615384615 0.0
23 38.46153846153846 0.0
24 42.30769230769231 0.0
25 50.0 0.0
26 26.923076923076923 0.0
27 38.46153846153846 0.0
28 42.30769230769231 0.0
29 46.15384615384615 0.0
30 38.46153846153846 0.0
31 46.15384615384615 0.0
32 42.30769230769231 0.0
33 34.61538461538461 0.0
34 34.61538461538461 0.0
35 38.46153846153846 0.0
36 38.46153846153846 0.0
37 38.46153846153846 0.0
38 38.46153846153846 0.0
39 42.30769230769231 0.0
40 19.23076923076923 0.0
41 34.61538461538461 0.0
42 26.923076923076923 0.0
43 34.61538461538461 0.0
44 38.46153846153846 0.0
45 34.61538461538461 0.0
46 38.46153846153846 0.0
47 34.61538461538461 0.0
48 30.76923076923077 0.0
49 34.61538461538461 0.0
50 34.61538461538461 0.0
51 42.30769230769231 0.0
52 34.61538461538461 0.0
53 42.30769230769231 0.0
54 38.46153846153846 0.0
55 42.30769230769231 0.0
56 34.61538461538461 0.0
57 42.30769230769231 0.0
58 34.61538461538461 0.0
59 38.46153846153846 0.0
60 34.61538461538461 0.0
61 34.61538461538461 0.0
62 42.30769230769231 0.0
63 34.61538461538461 0.0
64 30.76923076923077 0.0
65 34.61538461538461 0.0
66 38.46153846153846 0.0
67 34.61538461538461 0.0
68 38.46153846153846 0.0
69 50.0 0.0
70 50.0 0.0
71 46.15384615384615 0.0
72 34.61538461538461 0.0
73 50.0 0.0
74 38.46153846153846 0.0
75 46.15384615384615 0.0
76 46.15384615384615 0.0
77 46.15384615384615 0.0
78 23.076923076923077 0.0
79 23.076923076923077 0.0
80 26.923076923076923 0.0
81 23.076923076923077 0.0
82 23.076923076923077 0.0
83 30.76923076923077 0.0
84 38.46153846153846 0.0
85 38.46153846153846 0.0
86 19.23076923076923 0.0
87 30.76923076923077 0.0
88 19.23076923076923 0.0
89 19.23076923076923 0.0
90 38.46153846153846 0.0
91 34.61538461538461 0.0
92 23.076923076923077 0.0
93 23.076923076923077 0.0
94 38.46153846153846 0.0
95 23.076923076923077 0.0
96 26.923076923076923 0.0
97 26.923076923076923 0.0
98 34.61538461538461 0.0
99 38.46153846153846 0.0
100 42.30769230769231 0.0
101 42.30769230769231 0.0
102 53.84615384615385 0.0
103 42.30769230769231 0.0
104 42.30769230769231 0.0
105 46.15384615384615 0.0
106 50.0 0.0
107 42.30769230769231 0.0
108 38.46153846153846 0.0
109 38.46153846153846 0.0
110 42.30769230769231 0.0
111 30.76923076923077 0.0
112 46.15384615384615 0.0
113 34.61538461538461 0.0
114 57.69230769230769 0.0
115 30.76923076923077 0.0
116 23.076923076923077 0.0
117 30.76923076923077 0.0
118 42.30769230769231 0.0
119 30.76923076923077 0.0
120 38.46153846153846 0.0
121 26.923076923076923 0.0
122 30.76923076923077 0.0
123 50.0 0.0
124 38.46153846153846 0.0
125 30.76923076923077 0.0
126 19.23076923076923 0.0
127 23.076923076923077 0.0
128 38.46153846153846 0.0
129 34.61538461538461 0.0
130 34.61538461538461 0.0
131 23.076923076923077 0.0
132 30.76923076923077 0.0
133 30.76923076923077 0.0
134 26.923076923076923 0.0
135 34.61538461538461 0.0
136 26.923076923076923 0.0
137 26.923076923076923 0.0
138 34.61538461538461 0.0
139 34.61538461538461 0.0
140 26.923076923076923 0.0
141 23.076923076923077 0.0
142 30.76923076923077 0.0
143 23.076923076923077 0.0
144 26.923076923076923 0.0
145 19.23076923076923 0.0
146 26.923076923076923 0.0
147 23.076923076923077 0.0
148 26.923076923076923 0.0
149 34.61538461538461 0.0
150 26.923076923076923 0.0
151 26.923076923076923 0.0
152 38.46153846153846 0.0
153 34.61538461538461 0.0
154 26.923076923076923 0.0
155 23.076923076923077 0.0
156 42.30769230769231 0.0
157 34.61538461538461 0.0
158 42.30769230769231 0.0
159 34.61538461538461 0.0
160 30.76923076923077 0.0
161 46.15384615384615 0.0
162 26.923076923076923 0.0
163 34.61538461538461 0.0
164 50.0 0.0
165 38.46153846153846 0.0
166 30.76923076923077 0.0
167 38.46153846153846 0.0
168 38.46153846153846 0.0
169 38.46153846153846 0.0
170 38.46153846153846 0.0
171 38.46153846153846 0.0
172 34.61538461538461 0.0
173 34.61538461538461 0.0
174 26.923076923076923 0.0
175 38.46153846153846 0.0
176 34.61538461538461 0.0
177 34.61538461538461 0.0
178 50.0 0.0
179 38.46153846153846 0.0
180 26.923076923076923 0.0
181 30.76923076923077 0.0
182 30.76923076923077 0.0
183 46.15384615384615 0.0
184 42.30769230769231 0.0
185 38.46153846153846 0.0
186 26.923076923076923 0.0
187 30.76923076923077 0.0
188 42.30769230769231 0.0
189 38.46153846153846 0.0
190 23.076923076923077 0.0
191 30.76923076923077 0.0
192 30.76923076923077 0.0
193 30.76923076923077 0.0
194 38.46153846153846 0.0
195 26.923076923076923 0.0
196 26.923076923076923 0.0
197 38.46153846153846 0.0
198 38.46153846153846 0.0
199 38.46153846153846 0.0
200 50.0 0.0
201 38.46153846153846 0.0
202 46.15384615384615 0.0
203 30.76923076923077 0.0
204 30.76923076923077 0.0
205 38.46153846153846 0.0
206 34.61538461538461 0.0
207 30.76923076923077 0.0
208 38.46153846153846 0.0
209 30.76923076923077 0.0
210 34.61538461538461 0.0
211 30.76923076923077 0.0
212 34.61538461538461 0.0
213 42.30769230769231 0.0
214 42.30769230769231 0.0
215 46.15384615384615 0.0
216 50.0 0.0
217 38.46153846153846 0.0
218 46.15384615384615 0.0
219 34.61538461538461 0.0
220 46.15384615384615 0.0
221 42.30769230769231 0.0
222 46.15384615384615 0.0
223 42.30769230769231 0.0
224 42.30769230769231 0.0
225 34.61538461538461 0.0
226 42.30769230769231 0.0
227 46.15384615384615 0.0
228 46.15384615384615 0.0
229 46.15384615384615 0.0
230 34.61538461538461 0.0
231 34.61538461538461 0.0
232 42.30769230769231 0.0
233 38.46153846153846 0.0
234 46.15384615384615 0.0
235 42.30769230769231 0.0
236 46.15384615384615 0.0
237 38.46153846153846 0.0
238 46.15384615384615 0.0
239 46.15384615384615 0.0
240 34.61538461538461 0.0
241 42.30769230769231 0.0
242 34.61538461538461 0.0
243 34.61538461538461 0.0
244 34.61538461538461 0.0
245 38.46153846153846 0.0
246 53.84615384615385 0.0
247 53.84615384615385 0.0
248 23.076923076923077 0.0
249 46.15384615384615 0.0
250 30.76923076923077 0.0
251 34.61538461538461 0.0
252 34.61538461538461 0.0
253 23.076923076923077 0.0
254 30.76923076923077 0.0
255 34.61538461538461 0.0
256 38.46153846153846 0.0
257 42.30769230769231 0.0
258 38.46153846153846 0.0
259 42.30769230769231 0.0
260 30.76923076923077 0.0
261 38.46153846153846 0.0
262 23.076923076923077 0.0
263 30.76923076923077 0.0
264 30.76923076923077 0.0
265 30.76923076923077 0.0
266 30.76923076923077 0.0
267 23.076923076923077 0.0
268 34.61538461538461 0.0
269 38.46153846153846 0.0
270 15.384615384615385 0.0
271 30.76923076923077 0.0
272 26.923076923076923 0.0
273 23.076923076923077 0.0
274 23.076923076923077 0.0
275 26.923076923076923 0.0
276 15.384615384615385 0.0
277 23.076923076923077 0.0
278 34.61538461538461 0.0
279 38.46153846153846 0.0
280 30.76923076923077 0.0
281 50.0 0.0
282 53.84615384615385 0.0
283 38.46153846153846 0.0
284 34.61538461538461 0.0
285 46.15384615384615 0.0
286 38.46153846153846 0.0
287 34.61538461538461 0.0
288 34.61538461538461 0.0
289 34.61538461538461 0.0
290 26.923076923076923 0.0
291 26.923076923076923 0.0
292 30.76923076923077 0.0
293 46.15384615384615 0.0
294 38.46153846153846 0.0
295 26.923076923076923 0.0
296 34.61538461538461 0.0
297 38.46153846153846 0.0
298 42.30769230769231 0.0
299 34.61538461538461 0.0
300 34.61538461538461 0.0
301 42.30769230769231 0.0
302 42.30769230769231 0.0
303 30.76923076923077 0.0
304 26.923076923076923 0.0
305 34.61538461538461 0.0
306 38.46153846153846 0.0
307 34.61538461538461 0.0
308 34.61538461538461 0.0
309 34.61538461538461 0.0
310 50.0 0.0
311 30.76923076923077 0.0
312 42.30769230769231 0.0
313 34.61538461538461 0.0
314 38.46153846153846 0.0
315 50.0 0.0
316 50.0 0.0
317 57.69230769230769 0.0
318 57.69230769230769 0.0
319 53.84615384615385 0.0
320 65.38461538461539 0.0
321 69.23076923076923 0.0
322 50.0 0.0
323 65.38461538461539 0.0
324 42.30769230769231 0.0
325 42.30769230769231 0.0
326 57.69230769230769 0.0
327 50.0 0.0
328 53.84615384615385 0.0
329 53.84615384615385 0.0
330 42.30769230769231 0.0
331 50.0 0.0
332 46.15384615384615 0.0
333 46.15384615384615 0.0
334 38.46153846153846 0.0
335 46.15384615384615 0.0
336 42.30769230769231 0.0
337 53.84615384615385 0.0
338 53.84615384615385 0.0
339 57.69230769230769 0.0
340 42.30769230769231 0.0
341 42.30769230769231 0.0
342 57.69230769230769 0.0
343 46.15384615384615 0.0
344 50.0 0.0
345 53.84615384615385 0.0
346 46.15384615384615 0.0
347 50.0 0.0
348 53.84615384615385 0.0
349 53.84615384615385 0.0
350 57.69230769230769 0.0
351 50.0 0.0
352 46.15384615384615 0.0
353 46.15384615384615 0.0
354 57.69230769230769 0.0
355 42.30769230769231 0.0
356 50.0 0.0
357 46.15384615384615 0.0
358 50.0 0.0
359 42.30769230769231 0.0
360 46.15384615384615 0.0
361 38.46153846153846 0.0
362 38.46153846153846 0.0
363 34.61538461538461 0.0
364 34.61538461538461 0.0
365 38.46153846153846 0.0
366 42.30769230769231 0.0
367 19.23076923076923 0.0
368 34.61538461538461 0.0
369 26.923076923076923 0.0
370 30.76923076923077 0.0
371 42.30769230769231 0.0
372 42.30769230769231 0.0
373 38.46153846153846 0.0
374 26.923076923076923 0.0
375 34.61538461538461 0.0
376 26.923076923076923 0.0
377 23.076923076923077 0.0
378 26.923076923076923 0.0
379 30.76923076923077 0.0
380 34.61538461538461 0.0
381 38.46153846153846 0.0
382 38.46153846153846 0.0
383 34.61538461538461 0.0
384 38.46153846153846 0.0
385 46.15384615384615 0.0
386 42.30769230769231 0.0
387 34.61538461538461 0.0
388 38.46153846153846 0.0
389 30.76923076923077 0.0
390 38.46153846153846 0.0
391 50.0 0.0
392 38.46153846153846 0.0
393 26.923076923076923 0.0
394 46.15384615384615 0.0
395 26.923076923076923 0.0
396 19.23076923076923 0.0
397 38.46153846153846 0.0
398 46.15384615384615 0.0
399 53.84615384615385 0.0
400 53.84615384615385 0.0
401 50.0 0.0
402 34.61538461538461 0.0
403 30.76923076923077 0.0
404 53.84615384615385 0.0
405 42.30769230769231 0.0
406 38.46153846153846 0.0
407 46.15384615384615 0.0
408 50.0 0.0
409 38.46153846153846 0.0
410 42.30769230769231 0.0
411 38.46153846153846 0.0
412 26.923076923076923 0.0
413 23.076923076923077 0.0
414 30.76923076923077 0.0
415 26.923076923076923 0.0
416 26.923076923076923 0.0
417 30.76923076923077 0.0
418 26.923076923076923 0.0
419 26.923076923076923 0.0
420 23.076923076923077 0.0
421 23.076923076923077 0.0
422 19.23076923076923 0.0
423 34.61538461538461 0.0
424 26.923076923076923 0.0
425 30.76923076923077 0.0
426 26.923076923076923 0.0
427 30.76923076923077 0.0
428 30.76923076923077 0.0
429 26.923076923076923 0.0
430 26.923076923076923 0.0
431 26.923076923076923 0.0
432 26.923076923076923 0.0
433 30.76923076923077 0.0
434 34.61538461538461 0.0
435 23.076923076923077 0.0
436 19.23076923076923 0.0
437 19.23076923076923 0.0
438 26.923076923076923 0.0
439 34.61538461538461 0.0
440 38.46153846153846 0.0
441 19.23076923076923 0.0
442 19.23076923076923 0.0
443 30.76923076923077 0.0
444 38.46153846153846 0.0
445 34.61538461538461 0.0
446 42.30769230769231 0.0
447 30.76923076923077 0.0
448 30.76923076923077 0.0
449 34.61538461538461 0.0
450 38.46153846153846 0.0
451 30.76923076923077 0.0
452 42.30769230769231 0.0
453 26.923076923076923 0.0
454 34.61538461538461 0.0
455 38.46153846153846 0.0
456 38.46153846153846 0.0
457 34.61538461538461 0.0
458 38.46153846153846 0.0
459 26.923076923076923 0.0
460 23.076923076923077 0.0
461 30.76923076923077 0.0
462 34.61538461538461 0.0
463 23.076923076923077 0.0
464 23.076923076923077 0.0
465 23.076923076923077 0.0
466 34.61538461538461 0.0
467 26.923076923076923 0.0
468 34.61538461538461 0.0
469 26.923076923076923 0.0
470 23.076923076923077 0.0
471 30.76923076923077 0.0
472 26.923076923076923 0.0
473 26.923076923076923 0.0
474 30.76923076923077 0.0
475 26.923076923076923 0.0
476 34.61538461538461 0.0
477 26.923076923076923 0.0
478 30.76923076923077 0.0
479 26.923076923076923 0.0
480 19.23076923076923 0.0
481 42.30769230769231 0.0
482 23.076923076923077 0.0
483 34.61538461538461 0.0
484 26.923076923076923 0.0
485 26.923076923076923 0.0
486 23.076923076923077 0.0
487 26.923076923076923 0.0
488 19.23076923076923 0.0
489 34.61538461538461 0.0
490 38.46153846153846 0.0
491 38.46153846153846 0.0
492 42.30769230769231 0.0
493 26.923076923076923 0.0
494 23.076923076923077 0.0
495 23.076923076923077 0.0
496 30.76923076923077 0.0
497 30.76923076923077 0.0
498 38.46153846153846 0.0
499 19.23076923076923 0.0
500 30.76923076923077 0.0
501 26.923076923076923 0.0
502 23.076923076923077 0.0
503 34.61538461538461 0.0
504 38.46153846153846 0.0
505 30.76923076923077 0.0
506 23.076923076923077 0.0
507 30.76923076923077 0.0
508 30.76923076923077 0.0
509 26.923076923076923 0.0
510 26.923076923076923 0.0
511 19.23076923076923 0.0
512 26.923076923076923 0.0
513 34.61538461538461 0.0
514 30.76923076923077 0.0
515 23.076923076923077 0.0
516 30.76923076923077 0.0
517 38.46153846153846 0.0
518 34.61538461538461 0.0
519 34.61538461538461 0.0
520 50.0 0.0
521 46.15384615384615 0.0
522 34.61538461538461 0.0
523 30.76923076923077 0.0
524 30.76923076923077 0.0
525 34.61538461538461 0.0
526 42.30769230769231 0.0
527 23.076923076923077 0.0
528 15.384615384615385 0.0
529 23.076923076923077 0.0
530 11.538461538461538 0.0
531 26.923076923076923 0.0
532 30.76923076923077 0.0
533 42.30769230769231 0.0
534 38.46153846153846 0.0
535 42.30769230769231 0.0
536 38.46153846153846 0.0
537 42.30769230769231 0.0
538 34.61538461538461 0.0
539 38.46153846153846 0.0
540 38.46153846153846 0.0
541 42.30769230769231 0.0
542 53.84615384615385 0.0
543 46.15384615384615 0.0
544 46.15384615384615 0.0
545 42.30769230769231 0.0
546 42.30769230769231 0.0
547 42.30769230769231 0.0
548 34.61538461538461 0.0
549 34.61538461538461 0.0
550 38.46153846153846 0.0
551 34.61538461538461 0.0
552 46.15384615384615 0.0
553 38.46153846153846 0.0
554 42.30769230769231 0.0
555 38.46153846153846 0.0
556 38.46153846153846 0.0
557 30.76923076923077 0.0
558 42.30769230769231 0.0
559 26.923076923076923 0.0
560 42.30769230769231 0.0
561 46.15384615384615 0.0
562 50.0 0.0
563 46.15384615384615 0.0
564 42.30769230769231 0.0
565 30.76923076923077 0.0
566 42.30769230769231 0.0
567 26.923076923076923 0.0
568 30.76923076923077 0.0
569 26.923076923076923 0.0
570 26.923076923076923 0.0
571 42.30769230769231 0.0
572 38.46153846153846 0.0
573 46.15384615384615 0.0
574 38.46153846153846 0.0
575 38.46153846153846 0.0
576 34.61538461538461 0.0
577 19.23076923076923 0.0
578 34.61538461538461 0.0
579 23.076923076923077 0.0
580 30.76923076923077 0.0
581 26.923076923076923 0.0
582 15.384615384615385 0.0
583 26.923076923076923 0.0
584 30.76923076923077 0.0
585 42.30769230769231 0.0
586 38.46153846153846 0.0
587 42.30769230769231 0.0
588 23.076923076923077 0.0
589 34.61538461538461 0.0
590 34.61538461538461 0.0
591 26.923076923076923 0.0
592 30.76923076923077 0.0
593 30.76923076923077 0.0
594 26.923076923076923 0.0
595 26.923076923076923 0.0
596 42.30769230769231 0.0
597 34.61538461538461 0.0
598 46.15384615384615 0.0
599 38.46153846153846 0.0
600 30.76923076923077 0.0
601 30.76923076923077 0.0
602 38.46153846153846 0.0
603 38.46153846153846 0.0
604 26.923076923076923 0.0
605 26.923076923076923 0.0
606 26.923076923076923 0.0
607 19.23076923076923 0.0
608 26.923076923076923 0.0
609 26.923076923076923 0.0
610 19.23076923076923 0.0
611 15.384615384615385 0.0
612 23.076923076923077 0.0
613 34.61538461538461 0.0
614 26.923076923076923 0.0
615 34.61538461538461 0.0
616 42.30769230769231 0.0
617 34.61538461538461 0.0
618 26.923076923076923 0.0
619 26.923076923076923 0.0
620 26.923076923076923 0.0
621 42.30769230769231 0.0
622 34.61538461538461 0.0
623 42.30769230769231 0.0
624 46.15384615384615 0.0
625 26.923076923076923 0.0
626 30.76923076923077 0.0
627 34.61538461538461 0.0
628 38.46153846153846 0.0
629 42.30769230769231 0.0
630 34.61538461538461 0.0
631 30.76923076923077 0.0
632 42.30769230769231 0.0
633 34.61538461538461 0.0
634 34.61538461538461 0.0
635 34.61538461538461 0.0
636 38.46153846153846 0.0
637 30.76923076923077 0.0
638 38.46153846153846 0.0
639 19.23076923076923 0.0
640 23.076923076923077 0.0
641 34.61538461538461 0.0
642 23.076923076923077 0.0
643 30.76923076923077 0.0
644 38.46153846153846 0.0
645 26.923076923076923 0.0
646 30.76923076923077 0.0
647 34.61538461538461 0.0
648 38.46153846153846 0.0
649 19.23076923076923 0.0
650 46.15384615384615 0.0
651 42.30769230769231 0.0
652 42.30769230769231 0.0
653 26.923076923076923 0.0
654 42.30769230769231 0.0
655 38.46153846153846 0.0
656 34.61538461538461 0.0
657 42.30769230769231 0.0
658 30.76923076923077 0.0
659 46.15384615384615 0.0
660 42.30769230769231 0.0
661 30.76923076923077 0.0
662 26.923076923076923 0.0
663 26.923076923076923 0.0
664 42.30769230769231 0.0
665 34.61538461538461 0.0
666 23.076923076923077 0.0
667 26.923076923076923 0.0
668 26.923076923076923 0.0
669 26.923076923076923 0.0
670 34.61538461538461 0.0
671 38.46153846153846 0.0
672 26.923076923076923 0.0
673 23.076923076923077 0.0
674 19.23076923076923 0.0
675 30.76923076923077 0.0
676 26.923076923076923 0.0
677 38.46153846153846 0.0
678 19.23076923076923 0.0
679 19.23076923076923 0.0
680 23.076923076923077 0.0
681 26.923076923076923 0.0
682 19.23076923076923 0.0
683 19.23076923076923 0.0
684 19.23076923076923 0.0
685 23.076923076923077 0.0
686 15.384615384615385 0.0
687 11.538461538461538 0.0
688 23.076923076923077 0.0
689 23.076923076923077 0.0
690 23.076923076923077 0.0
691 26.923076923076923 0.0
692 26.923076923076923 0.0
693 19.23076923076923 0.0
694 30.76923076923077 0.0
695 30.76923076923077 0.0
696 34.61538461538461 0.0
697 30.76923076923077 0.0
698 30.76923076923077 0.0
699 30.76923076923077 0.0
700 34.61538461538461 0.0
701 26.923076923076923 0.0
702 19.23076923076923 0.0
703 30.76923076923077 0.0
704 30.76923076923077 0.0
705 23.076923076923077 0.0
706 34.61538461538461 0.0
707 30.76923076923077 0.0
708 34.61538461538461 0.0
709 23.076923076923077 0.0
710 26.923076923076923 0.0
711 26.923076923076923 0.0
712 26.923076923076923 0.0
713 30.76923076923077 0.0
714 26.923076923076923 0.0
715 30.76923076923077 0.0
716 26.923076923076923 0.0
717 19.23076923076923 0.0
718 19.23076923076923 0.0
719 30.76923076923077 0.0
720 19.23076923076923 0.0
721 30.76923076923077 0.0
722 15.384615384615385 0.0
723 30.76923076923077 0.0
724 23.076923076923077 0.0
725 23.076923076923077 0.0
726 34.61538461538461 0.0
727 23.076923076923077 0.0
728 34.61538461538461 0.0
729 38.46153846153846 0.0
730 42.30769230769231 0.0
731 34.61538461538461 0.0
732 42.30769230769231 0.0
733 30.76923076923077 0.0
734 38.46153846153846 0.0
735 34.61538461538461 0.0
736 38.46153846153846 0.0
737 38.46153846153846 0.0
738 26.923076923076923 0.0
739 26.923076923076923 0.0
740 26.923076923076923 0.0
741 26.923076923076923 0.0
742 30.76923076923077 0.0
743 34.61538461538461 0.0
744 26.923076923076923 0.0
745 23.076923076923077 0.0
746 30.76923076923077 0.0
747 23.076923076923077 0.0
748 23.076923076923077 0.0
749 23.076923076923077 0.0
750 26.923076923076923 0.0
751 23.076923076923077 0.0
752 23.076923076923077 0.0
753 19.23076923076923 0.0
754 26.923076923076923 0.0
755 23.076923076923077 0.0
756 19.23076923076923 0.0
757 26.923076923076923 0.0
758 30.76923076923077 0.0
759 34.61538461538461 0.0
760 30.76923076923077 0.0
761 26.923076923076923 0.0
762 26.923076923076923 0.0
763 30.76923076923077 0.0
764 26.923076923076923 0.0
765 26.923076923076923 0.0
766 30.76923076923077 0.0
767 23.076923076923077 0.0
768 23.076923076923077 0.0
769 26.923076923076923 0.0
770 26.923076923076923 0.0
771 23.076923076923077 0.0
772 19.23076923076923 0.0
773 23.076923076923077 0.0
774 19.23076923076923 0.0
775 23.076923076923077 0.0
776 15.384615384615385 0.0
777 23.076923076923077 0.0
778 26.923076923076923 0.0
779 19.23076923076923 0.0
780 19.23076923076923 0.0
781 23.076923076923077 0.0
782 19.23076923076923 0.0
783 15.384615384615385 0.0
784 19.23076923076923 0.0
785 23.076923076923077 0.0
786 26.923076923076923 0.0
787 30.76923076923077 0.0
788 19.23076923076923 0.0
789 30.76923076923077 0.0
790 23.076923076923077 0.0
791 30.76923076923077 0.0
792 19.23076923076923 0.0
793 23.076923076923077 0.0
794 30.76923076923077 0.0
795 30.76923076923077 0.0
796 26.923076923076923 0.0
797 23.076923076923077 0.0
798 30.76923076923077 0.0
799 26.923076923076923 0.0
800 26.923076923076923 0.0
801 26.923076923076923 0.0
802 26.923076923076923 0.0
803 30.76923076923077 0.0
804 30.76923076923077 0.0
805 30.76923076923077 0.0
806 34.61538461538461 0.0
807 30.76923076923077 0.0
808 30.76923076923077 0.0
809 23.076923076923077 0.0
810 34.61538461538461 0.0
811 26.923076923076923 0.0
812 19.23076923076923 0.0
813 30.76923076923077 0.0
814 38.46153846153846 0.0
815 26.923076923076923 0.0
816 19.23076923076923 0.0
817 30.76923076923077 0.0
818 19.23076923076923 0.0
819 26.923076923076923 0.0
820 23.076923076923077 0.0
821 23.076923076923077 0.0
822 30.76923076923077 0.0
823 23.076923076923077 0.0
824 38.46153846153846 0.0
825 42.30769230769231 0.0
826 34.61538461538461 0.0
827 34.61538461538461 0.0
828 34.61538461538461 0.0
829 23.076923076923077 0.0
830 26.923076923076923 0.0
831 34.61538461538461 0.0
832 38.46153846153846 0.0
833 38.46153846153846 0.0
834 38.46153846153846 0.0
835 23.076923076923077 0.0
836 30.76923076923077 0.0
837 38.46153846153846 0.0
838 42.30769230769231 0.0
839 34.61538461538461 0.0
840 26.923076923076923 0.0
841 34.61538461538461 0.0
842 34.61538461538461 0.0
843 26.923076923076923 0.0
844 34.61538461538461 0.0
845 26.923076923076923 0.0
846 30.76923076923077 0.0
847 30.76923076923077 0.0
848 23.076923076923077 0.0
849 34.61538461538461 0.0
850 42.30769230769231 0.0
851 26.923076923076923 0.0
852 30.76923076923077 0.0
853 26.923076923076923 0.0
854 34.61538461538461 0.0
855 42.30769230769231 0.0
856 42.30769230769231 0.0
857 30.76923076923077 0.0
858 26.923076923076923 0.0
859 30.76923076923077 0.0
860 26.923076923076923 0.0
861 42.30769230769231 0.0
862 38.46153846153846 0.0
863 42.30769230769231 0.0
864 38.46153846153846 0.0
865 46.15384615384615 0.0
866 42.30769230769231 0.0
867 30.76923076923077 0.0
868 46.15384615384615 0.0
869 38.46153846153846 0.0
870 38.46153846153846 0.0
871 42.30769230769231 0.0
872 34.61538461538461 0.0
873 26.923076923076923 0.0
874 30.76923076923077 0.0
875 38.46153846153846 0.0
876 34.61538461538461 0.0
877 26.923076923076923 0.0
878 30.76923076923077 0.0
879 34.61538461538461 0.0
880 53.84615384615385 0.0
881 50.0 0.0
882 34.61538461538461 0.0
883 38.46153846153846 0.0
884 42.30769230769231 0.0
885 38.46153846153846 0.0
886 38.46153846153846 0.0
887 30.76923076923077 0.0
888 50.0 0.0
889 46.15384615384615 0.0
890 50.0 0.0
891 50.0 0.0
892 46.15384615384615 0.0
893 38.46153846153846 0.0
894 34.61538461538461 0.0
895 50.0 0.0
896 42.30769230769231 0.0
897 50.0 0.0
898 38.46153846153846 0.0
899 38.46153846153846 0.0
900 42.30769230769231 0.0
901 42.30769230769231 0.0
902 42.30769230769231 0.0
903 42.30769230769231 0.0
904 38.46153846153846 0.0
905 50.0 0.0
906 57.69230769230769 0.0
907 46.15384615384615 0.0
908 34.61538461538461 0.0
909 50.0 0.0
910 46.15384615384615 0.0
911 46.15384615384615 0.0
912 38.46153846153846 0.0
913 50.0 0.0
914 38.46153846153846 0.0
915 50.0 0.0
916 34.61538461538461 0.0
917 50.0 0.0
918 42.30769230769231 0.0
919 42.30769230769231 0.0
920 42.30769230769231 0.0
921 34.61538461538461 0.0
922 42.30769230769231 0.0
923 57.69230769230769 0.0
924 42.30769230769231 0.0
925 53.84615384615385 0.0
926 38.46153846153846 0.0
927 50.0 0.0
928 57.69230769230769 0.0
929 53.84615384615385 0.0
930 61.53846153846154 0.0
931 38.46153846153846 0.0
932 26.923076923076923 0.0
933 46.15384615384615 0.0
934 50.0 0.0
935 42.30769230769231 0.0
936 46.15384615384615 0.0
937 50.0 0.0
938 50.0 0.0
939 50.0 0.0
940 65.38461538461539 0.0
941 57.69230769230769 0.0
942 46.15384615384615 0.0
943 34.61538461538461 0.0
944 30.76923076923077 0.0
945 34.61538461538461 0.0
946 46.15384615384615 0.0
947 38.46153846153846 0.0
948 34.61538461538461 0.0
949 50.0 0.0
950 53.84615384615385 0.0
951 50.0 0.0
952 50.0 0.0
953 46.15384615384615 0.0
954 50.0 0.0
955 50.0 0.0
956 53.84615384615385 0.0
957 34.61538461538461 0.0
958 46.15384615384615 0.0
959 46.15384615384615 0.0
960 42.30769230769231 0.0
961 38.46153846153846 0.0
962 46.15384615384615 0.0
963 38.46153846153846 0.0
964 46.15384615384615 0.0
965 61.53846153846154 0.0
966 73.07692307692308 0.0
967 61.53846153846154 0.0
968 69.23076923076923 0.0
969 76.92307692307692 0.0
970 53.84615384615385 0.0
971 57.69230769230769 0.0
972 53.84615384615385 0.0
973 53.84615384615385 0.0
974 65.38461538461539 0.0
975 80.76923076923077 0.0
976 50.0 0.0
977 57.69230769230769 0.0
978 76.92307692307692 0.0
979 57.69230769230769 0.0
980 50.0 0.0
981 50.0 0.0
982 50.0 0.0
983 30.76923076923077 0.0
984 42.30769230769231 0.0
985 42.30769230769231 0.0
986 46.15384615384615 0.0
987 42.30769230769231 0.0
988 57.69230769230769 0.0
989 50.0 0.0
990 50.0 0.0
991 46.15384615384615 0.0
992 46.15384615384615 0.0
993 38.46153846153846 0.0
994 38.46153846153846 0.0
995 42.30769230769231 0.0
996 46.15384615384615 0.0
997 30.76923076923077 0.0
998 42.30769230769231 0.0
999 50.0 0.0
