#resid average_duration max_duration persistent_contacts
1 8.038461538461538 50 130
10 7.534653465346534 81 101
11 11.0 68 117
12 8.408450704225352 55 142
13 8.357575757575757 89 165
14 9.62962962962963 77 135
15 7.017543859649122 66 114
16 10.404761904761905 72 84
17 8.76865671641791 69 134
18 7.924731182795699 61 186
19 7.546296296296297 63 108
2 9.409090909090908 61 88
20 9.158730158730158 53 126
21 8.636363636363637 92 66
22 8.043478260869565 75 115
23 9.421686746987952 69 83
24 10.929203539823009 114 113
25 11.860655737704919 114 122
26 10.511904761904763 110 84
3 10.0 66 45
4 9.238805970149254 57 134
5 6.1466666666666665 43 75
6 8.235772357723578 48 123
7 7.544 81 125
8 9.460526315789474 110 76
9 9.023255813953488 66 43
#TOTAL_CONTACTS 14254 for 1000 frames
