#resid average_duration max_duration persistent_contacts
1 3.6784452296819787 78 566
10 3.4906303236797274 16 587
11 3.4306306306306307 15 555
12 3.7313915857605178 68 618
13 3.46309963099631 15 542
14 3.5569395017793592 18 562
15 3.4958402662229617 21 601
16 3.285148514851485 14 505
17 3.43859649122807 18 570
18 3.4529616724738674 40 574
19 3.3477443609022557 14 532
2 3.5892193308550184 23 538
20 3.4330275229357796 16 545
21 3.4956672443674175 15 577
22 3.532967032967033 15 546
23 3.455357142857143 15 560
24 3.55718954248366 21 612
25 3.7 78 560
26 3.4479553903345725 15 538
3 3.5847076461769114 19 667
4 3.4203821656050954 23 628
5 3.4746376811594204 19 552
6 3.599290780141844 68 564
7 3.677865612648221 55 506
8 3.799610894941634 40 514
9 3.5705996131528046 15 517
#TOTAL_CONTACTS 34206 for 10100 frames
