#resid average_duration max_duration persistent_contacts
1 3.6666666666666665 6 3
10 5.576271186440678 28 59
11 4.04 14 25
12 13.933333333333334 110 15
13 4.88135593220339 20 59
14 4.549019607843137 19 51
15 4.811320754716981 15 53
16 6.361702127659575 28 47
17 17.307692307692307 170 39
18 6.576923076923077 46 52
19 6.158730158730159 27 63
2 4.612244897959184 29 49
20 5.145833333333333 19 48
21 5.921052631578948 34 38
22 18.18918918918919 170 37
23 5.344827586206897 29 58
24 4.317073170731708 19 41
25 3.4857142857142858 12 35
26 20.8 52 10
3 7.682926829268292 52 41
4 5.73469387755102 20 49
5 0 0 0
6 4.979591836734694 20 49
7 7.5 46 22
8 5.125 20 48
9 15.692307692307692 110 13
#TOTAL_CONTACTS 3837 for 1000 frames
