#resid average_duration max_duration persistent_contacts
1 5.040816326530612 14 49
10 6.382978723404255 69 47
11 8.125 35 8
12 6.088888888888889 20 45
13 5.824561403508772 25 57
14 5.17948717948718 20 39
15 2.2 3 5
16 3.0 8 9
17 4.921568627450981 24 51
18 5.758620689655173 20 29
19 5.393939393939394 19 33
2 13.872727272727273 170 55
20 4.5576923076923075 14 52
21 4.769230769230769 16 39
22 10.261538461538462 81 65
23 5.222222222222222 18 36
24 4.625 19 48
25 5.315789473684211 25 57
26 4.861111111111111 12 36
3 4.674418604651163 20 43
4 16.068181818181817 170 44
5 2.5 4 4
6 4.357142857142857 35 28
7 2.3333333333333335 3 3
8 4.666666666666667 11 27
9 4.2745098039215685 14 51
#TOTAL_CONTACTS 3554 for 1000 frames
