#resid average_duration max_duration persistent_contacts
1 19.24137931034483 138 29
10 4.564102564102564 15 39
11 6.518518518518518 63 27
12 5.285714285714286 20 35
13 11.10204081632653 62 49
14 4.913043478260869 15 23
15 13.0 123 27
16 34.916666666666664 200 12
17 5.285714285714286 17 21
18 8.363636363636363 32 11
19 7.564102564102564 42 39
2 2.0 2 3
20 11.38888888888889 42 18
21 4.967741935483871 21 31
22 5.53125 29 32
23 3.2222222222222223 9 18
24 13.655172413793103 138 29
25 17.256410256410255 200 39
26 9.428571428571429 73 35
3 8.545454545454545 63 22
4 6.1 27 20
5 7.25 72 40
6 6.423076923076923 21 26
7 9.0 20 4
8 6.481481481481482 30 27
9 4.863636363636363 17 22
#TOTAL_CONTACTS 3460 for 1000 frames
