#resid average_duration max_duration persistent_contacts
1 5.1891891891891895 15 37
10 5.023255813953488 30 43
11 5.775510204081633 64 49
12 5.823529411764706 24 34
13 6.0 67 33
14 24.4 78 5
15 7.451612903225806 64 31
16 13.488372093023257 89 43
17 4.3076923076923075 15 39
18 14.636363636363637 68 22
19 3.3333333333333335 4 3
2 9.333333333333334 89 45
20 12.357142857142858 78 14
21 5.27027027027027 24 37
22 4.657894736842105 20 38
23 18.61764705882353 166 34
24 5.4 20 40
25 25.625 143 24
26 5.416666666666667 24 24
3 0 0 0
4 13.88679245283019 166 53
5 5.714285714285714 13 7
6 5.0 30 32
7 5.051282051282051 22 39
8 5.264705882352941 18 34
9 4.586956521739131 12 46
#TOTAL_CONTACTS 3707 for 1000 frames
