#resid average_duration max_duration persistent_contacts
1 10.286821705426357 118 129
10 15.557894736842105 163 95
11 14.568627450980392 190 51
12 7.325 51 40
13 23.02777777777778 163 72
14 6.583333333333333 25 36
15 9.626168224299066 92 107
16 5.466666666666667 17 30
17 5.46875 14 32
18 19.46153846153846 121 52
19 12.535714285714286 101 56
2 6.529411764705882 25 17
20 20.0 57 5
21 10.202898550724637 83 69
22 12.45 101 60
23 5.2 12 20
24 14.928571428571429 190 56
25 5.864864864864865 19 37
26 5.142857142857143 15 35
3 7.148148148148148 19 27
4 9.328358208955224 92 67
5 5.354838709677419 13 31
6 5.96 14 25
7 4.2272727272727275 15 22
8 12.216216216216216 161 74
9 4.129032258064516 18 31
#TOTAL_CONTACTS 7596 for 1000 frames
