#resid average_duration max_duration persistent_contacts
1 4.428571428571429 16 21
10 5.3125 49 32
11 6.571428571428571 92 77
12 5.512195121951219 30 41
13 5.387096774193548 30 31
14 6.7272727272727275 26 33
15 9.416666666666666 58 24
16 5.444444444444445 20 18
17 9.4 69 10
18 38.0 85 4
19 9.066666666666666 58 15
2 5.095238095238095 20 21
20 16.04 117 25
21 5.9411764705882355 53 68
22 3.12 9 25
23 5.357142857142857 21 28
24 4.253968253968254 14 63
25 4.6415094339622645 21 53
26 19.3 117 50
3 5.769230769230769 17 26
4 15.710144927536232 112 69
5 5.212121212121212 15 33
6 4.958333333333333 15 24
7 2.8 5 10
8 13.653846153846153 103 52
9 8.341463414634147 92 41
#TOTAL_CONTACTS 4064 for 1000 frames
