#frame monomers_% popc_isolated_%
0 84.61538461538461 0.0
1 92.3076923076923 0.0
2 100.0 0.0
3 100.0 0.0
4 92.3076923076923 0.0
5 84.61538461538461 0.0
6 84.61538461538461 0.0
7 76.92307692307692 0.0
8 76.92307692307692 0.0
9 100.0 0.0
10 84.61538461538461 0.0
11 92.3076923076923 0.0
12 84.61538461538461 0.0
13 84.61538461538461 0.0
14 76.92307692307692 0.0
15 80.76923076923077 0.0
16 84.61538461538461 0.0
17 76.92307692307692 0.0
18 69.23076923076923 0.0
19 69.23076923076923 0.0
20 61.53846153846154 0.0
21 69.23076923076923 0.0
22 65.38461538461539 0.0
23 53.84615384615385 0.0
24 73.07692307692308 0.0
25 61.53846153846154 0.0
26 61.53846153846154 0.0
27 57.69230769230769 0.0
28 69.23076923076923 0.0
29 69.23076923076923 0.0
30 80.76923076923077 0.0
31 76.92307692307692 0.0
32 69.23076923076923 0.0
33 73.07692307692308 0.0
34 84.61538461538461 0.0
35 84.61538461538461 0.0
36 92.3076923076923 0.0
37 69.23076923076923 0.0
38 84.61538461538461 0.0
39 84.61538461538461 0.0
40 84.61538461538461 0.0
41 84.61538461538461 0.0
42 80.76923076923077 0.0
43 80.76923076923077 0.0
44 92.3076923076923 0.0
45 92.3076923076923 0.0
46 100.0 0.0
47 92.3076923076923 0.0
48 84.61538461538461 0.0
49 84.61538461538461 0.0
50 76.92307692307692 0.0
51 100.0 0.0
52 84.61538461538461 0.0
53 84.61538461538461 0.0
54 84.61538461538461 0.0
55 73.07692307692308 0.0
56 69.23076923076923 0.0
57 73.07692307692308 0.0
58 76.92307692307692 0.0
59 76.92307692307692 0.0
60 84.61538461538461 0.0
61 100.0 0.0
62 84.61538461538461 0.0
63 92.3076923076923 0.0
64 76.92307692307692 0.0
65 84.61538461538461 0.0
66 92.3076923076923 0.0
67 88.46153846153847 0.0
68 88.46153846153847 0.0
69 80.76923076923077 0.0
70 84.61538461538461 0.0
71 92.3076923076923 0.0
72 76.92307692307692 0.0
73 84.61538461538461 0.0
74 57.69230769230769 0.0
75 80.76923076923077 0.0
76 69.23076923076923 0.0
77 76.92307692307692 0.0
78 69.23076923076923 0.0
79 76.92307692307692 0.0
80 76.92307692307692 0.0
81 69.23076923076923 0.0
82 73.07692307692308 0.0
83 80.76923076923077 0.0
84 76.92307692307692 0.0
85 65.38461538461539 0.0
86 80.76923076923077 0.0
87 69.23076923076923 0.0
88 65.38461538461539 0.0
89 76.92307692307692 0.0
90 84.61538461538461 0.0
91 84.61538461538461 0.0
92 76.92307692307692 0.0
93 76.92307692307692 0.0
94 76.92307692307692 0.0
95 84.61538461538461 0.0
96 92.3076923076923 0.0
97 84.61538461538461 0.0
98 84.61538461538461 0.0
99 76.92307692307692 0.0
100 76.92307692307692 0.0
101 80.76923076923077 0.0
102 84.61538461538461 0.0
103 76.92307692307692 0.0
104 84.61538461538461 0.0
105 100.0 0.0
106 100.0 0.0
107 92.3076923076923 0.0
108 92.3076923076923 0.0
109 92.3076923076923 0.0
110 92.3076923076923 0.0
111 84.61538461538461 0.0
112 100.0 0.0
113 92.3076923076923 0.0
114 92.3076923076923 0.0
115 84.61538461538461 0.0
116 76.92307692307692 0.0
117 76.92307692307692 0.0
118 84.61538461538461 0.0
119 100.0 0.0
120 92.3076923076923 0.0
121 84.61538461538461 0.0
122 92.3076923076923 0.0
123 92.3076923076923 0.0
124 92.3076923076923 0.0
125 92.3076923076923 0.0
126 92.3076923076923 0.0
127 92.3076923076923 0.0
128 84.61538461538461 0.0
129 84.61538461538461 0.0
130 73.07692307692308 0.0
131 88.46153846153847 0.0
132 88.46153846153847 0.0
133 92.3076923076923 0.0
134 84.61538461538461 0.0
135 84.61538461538461 0.0
136 84.61538461538461 0.0
137 84.61538461538461 0.0
138 76.92307692307692 0.0
139 84.61538461538461 0.0
140 84.61538461538461 0.0
141 76.92307692307692 0.0
142 84.61538461538461 0.0
143 76.92307692307692 0.0
144 84.61538461538461 0.0
145 84.61538461538461 0.0
146 69.23076923076923 0.0
147 84.61538461538461 0.0
148 92.3076923076923 0.0
149 92.3076923076923 0.0
150 84.61538461538461 0.0
151 92.3076923076923 0.0
152 76.92307692307692 0.0
153 84.61538461538461 0.0
154 92.3076923076923 0.0
155 80.76923076923077 0.0
156 76.92307692307692 0.0
157 84.61538461538461 0.0
158 92.3076923076923 0.0
159 92.3076923076923 0.0
160 88.46153846153847 0.0
161 100.0 0.0
162 84.61538461538461 0.0
163 76.92307692307692 0.0
164 84.61538461538461 0.0
165 69.23076923076923 0.0
166 69.23076923076923 0.0
167 84.61538461538461 0.0
168 84.61538461538461 0.0
169 84.61538461538461 0.0
170 84.61538461538461 0.0
171 92.3076923076923 0.0
172 92.3076923076923 0.0
173 88.46153846153847 0.0
174 92.3076923076923 0.0
175 92.3076923076923 0.0
176 92.3076923076923 0.0
177 92.3076923076923 0.0
178 92.3076923076923 0.0
179 88.46153846153847 0.0
180 92.3076923076923 0.0
181 100.0 0.0
182 100.0 0.0
183 92.3076923076923 0.0
184 92.3076923076923 0.0
185 80.76923076923077 0.0
186 84.61538461538461 0.0
187 76.92307692307692 0.0
188 84.61538461538461 0.0
189 76.92307692307692 0.0
190 84.61538461538461 0.0
191 69.23076923076923 0.0
192 69.23076923076923 0.0
193 76.92307692307692 0.0
194 69.23076923076923 0.0
195 73.07692307692308 0.0
196 84.61538461538461 0.0
197 61.53846153846154 0.0
198 69.23076923076923 0.0
199 76.92307692307692 0.0
200 69.23076923076923 0.0
201 84.61538461538461 0.0
202 92.3076923076923 0.0
203 92.3076923076923 0.0
204 88.46153846153847 0.0
205 92.3076923076923 0.0
206 92.3076923076923 0.0
207 80.76923076923077 0.0
208 73.07692307692308 0.0
209 76.92307692307692 0.0
210 92.3076923076923 0.0
211 80.76923076923077 0.0
212 80.76923076923077 0.0
213 100.0 0.0
214 100.0 0.0
215 76.92307692307692 0.0
216 84.61538461538461 0.0
217 84.61538461538461 0.0
218 92.3076923076923 0.0
219 92.3076923076923 0.0
220 92.3076923076923 0.0
221 92.3076923076923 0.0
222 92.3076923076923 0.0
223 84.61538461538461 0.0
224 88.46153846153847 0.0
225 88.46153846153847 0.0
226 88.46153846153847 0.0
227 88.46153846153847 0.0
228 84.61538461538461 0.0
229 80.76923076923077 0.0
230 73.07692307692308 0.0
231 80.76923076923077 0.0
232 84.61538461538461 0.0
233 84.61538461538461 0.0
234 100.0 0.0
235 100.0 0.0
236 100.0 0.0
237 100.0 0.0
238 100.0 0.0
239 84.61538461538461 0.0
240 92.3076923076923 0.0
241 100.0 0.0
242 92.3076923076923 0.0
243 92.3076923076923 0.0
244 76.92307692307692 0.0
245 73.07692307692308 0.0
246 84.61538461538461 0.0
247 69.23076923076923 0.0
248 65.38461538461539 0.0
249 76.92307692307692 0.0
250 76.92307692307692 0.0
251 61.53846153846154 0.0
252 61.53846153846154 0.0
253 57.69230769230769 0.0
254 76.92307692307692 0.0
255 69.23076923076923 0.0
256 92.3076923076923 0.0
257 88.46153846153847 0.0
258 73.07692307692308 0.0
259 73.07692307692308 0.0
260 84.61538461538461 0.0
261 76.92307692307692 0.0
262 84.61538461538461 0.0
263 65.38461538461539 0.0
264 69.23076923076923 0.0
265 69.23076923076923 0.0
266 61.53846153846154 0.0
267 61.53846153846154 0.0
268 38.46153846153846 0.0
269 69.23076923076923 0.0
270 73.07692307692308 0.0
271 84.61538461538461 0.0
272 92.3076923076923 0.0
273 80.76923076923077 0.0
274 80.76923076923077 0.0
275 76.92307692307692 0.0
276 92.3076923076923 0.0
277 73.07692307692308 0.0
278 76.92307692307692 0.0
279 76.92307692307692 0.0
280 84.61538461538461 0.0
281 84.61538461538461 0.0
282 92.3076923076923 0.0
283 76.92307692307692 0.0
284 76.92307692307692 0.0
285 92.3076923076923 0.0
286 100.0 0.0
287 84.61538461538461 0.0
288 76.92307692307692 0.0
289 76.92307692307692 0.0
290 84.61538461538461 0.0
291 65.38461538461539 0.0
292 65.38461538461539 0.0
293 69.23076923076923 0.0
294 73.07692307692308 0.0
295 61.53846153846154 0.0
296 69.23076923076923 0.0
297 69.23076923076923 0.0
298 61.53846153846154 0.0
299 69.23076923076923 0.0
300 73.07692307692308 0.0
301 61.53846153846154 0.0
302 57.69230769230769 0.0
303 65.38461538461539 0.0
304 69.23076923076923 0.0
305 61.53846153846154 0.0
306 69.23076923076923 0.0
307 69.23076923076923 0.0
308 65.38461538461539 0.0
309 76.92307692307692 0.0
310 61.53846153846154 0.0
311 61.53846153846154 0.0
312 80.76923076923077 0.0
313 76.92307692307692 0.0
314 69.23076923076923 0.0
315 61.53846153846154 0.0
316 50.0 0.0
317 65.38461538461539 0.0
318 84.61538461538461 0.0
319 88.46153846153847 0.0
320 76.92307692307692 0.0
321 65.38461538461539 0.0
322 53.84615384615385 0.0
323 65.38461538461539 0.0
324 65.38461538461539 0.0
325 73.07692307692308 0.0
326 84.61538461538461 0.0
327 84.61538461538461 0.0
328 61.53846153846154 0.0
329 84.61538461538461 0.0
330 76.92307692307692 0.0
331 69.23076923076923 0.0
332 76.92307692307692 0.0
333 84.61538461538461 0.0
334 84.61538461538461 0.0
335 92.3076923076923 0.0
336 76.92307692307692 0.0
337 76.92307692307692 0.0
338 84.61538461538461 0.0
339 61.53846153846154 0.0
340 61.53846153846154 0.0
341 69.23076923076923 0.0
342 69.23076923076923 0.0
343 69.23076923076923 0.0
344 73.07692307692308 0.0
345 76.92307692307692 0.0
346 76.92307692307692 0.0
347 88.46153846153847 0.0
348 80.76923076923077 0.0
349 80.76923076923077 0.0
350 73.07692307692308 0.0
351 84.61538461538461 0.0
352 65.38461538461539 0.0
353 73.07692307692308 0.0
354 73.07692307692308 0.0
355 80.76923076923077 0.0
356 50.0 0.0
357 53.84615384615385 0.0
358 50.0 0.0
359 46.15384615384615 0.0
360 57.69230769230769 0.0
361 84.61538461538461 0.0
362 76.92307692307692 0.0
363 76.92307692307692 0.0
364 84.61538461538461 0.0
365 76.92307692307692 0.0
366 80.76923076923077 0.0
367 80.76923076923077 0.0
368 84.61538461538461 0.0
369 84.61538461538461 0.0
370 84.61538461538461 0.0
371 61.53846153846154 0.0
372 69.23076923076923 0.0
373 84.61538461538461 0.0
374 76.92307692307692 0.0
375 84.61538461538461 0.0
376 92.3076923076923 0.0
377 76.92307692307692 0.0
378 76.92307692307692 0.0
379 76.92307692307692 0.0
380 73.07692307692308 0.0
381 73.07692307692308 0.0
382 76.92307692307692 0.0
383 84.61538461538461 0.0
384 69.23076923076923 0.0
385 69.23076923076923 0.0
386 76.92307692307692 0.0
387 92.3076923076923 0.0
388 84.61538461538461 0.0
389 76.92307692307692 0.0
390 76.92307692307692 0.0
391 76.92307692307692 0.0
392 69.23076923076923 0.0
393 69.23076923076923 0.0
394 57.69230769230769 0.0
395 57.69230769230769 0.0
396 69.23076923076923 0.0
397 73.07692307692308 0.0
398 65.38461538461539 0.0
399 65.38461538461539 0.0
400 76.92307692307692 0.0
401 80.76923076923077 0.0
402 84.61538461538461 0.0
403 92.3076923076923 0.0
404 84.61538461538461 0.0
405 84.61538461538461 0.0
406 76.92307692307692 0.0
407 76.92307692307692 0.0
408 76.92307692307692 0.0
409 76.92307692307692 0.0
410 65.38461538461539 0.0
411 69.23076923076923 0.0
412 76.92307692307692 0.0
413 69.23076923076923 0.0
414 57.69230769230769 0.0
415 65.38461538461539 0.0
416 76.92307692307692 0.0
417 69.23076923076923 0.0
418 69.23076923076923 0.0
419 69.23076923076923 0.0
420 84.61538461538461 0.0
421 76.92307692307692 0.0
422 76.92307692307692 0.0
423 73.07692307692308 0.0
424 76.92307692307692 0.0
425 76.92307692307692 0.0
426 65.38461538461539 0.0
427 76.92307692307692 0.0
428 84.61538461538461 0.0
429 76.92307692307692 0.0
430 84.61538461538461 0.0
431 69.23076923076923 0.0
432 84.61538461538461 0.0
433 65.38461538461539 0.0
434 80.76923076923077 0.0
435 76.92307692307692 0.0
436 73.07692307692308 0.0
437 69.23076923076923 0.0
438 65.38461538461539 0.0
439 65.38461538461539 0.0
440 80.76923076923077 0.0
441 69.23076923076923 0.0
442 69.23076923076923 0.0
443 69.23076923076923 0.0
444 69.23076923076923 0.0
445 73.07692307692308 0.0
446 80.76923076923077 0.0
447 73.07692307692308 0.0
448 84.61538461538461 0.0
449 61.53846153846154 0.0
450 84.61538461538461 0.0
451 84.61538461538461 0.0
452 76.92307692307692 0.0
453 92.3076923076923 0.0
454 69.23076923076923 0.0
455 84.61538461538461 0.0
456 76.92307692307692 0.0
457 61.53846153846154 0.0
458 53.84615384615385 0.0
459 61.53846153846154 0.0
460 53.84615384615385 0.0
461 69.23076923076923 0.0
462 69.23076923076923 0.0
463 61.53846153846154 0.0
464 76.92307692307692 0.0
465 76.92307692307692 0.0
466 84.61538461538461 0.0
467 92.3076923076923 0.0
468 84.61538461538461 0.0
469 92.3076923076923 0.0
470 92.3076923076923 0.0
471 92.3076923076923 0.0
472 84.61538461538461 0.0
473 76.92307692307692 0.0
474 76.92307692307692 0.0
475 76.92307692307692 0.0
476 92.3076923076923 0.0
477 76.92307692307692 0.0
478 57.69230769230769 0.0
479 65.38461538461539 0.0
480 61.53846153846154 0.0
481 92.3076923076923 0.0
482 76.92307692307692 0.0
483 76.92307692307692 0.0
484 61.53846153846154 0.0
485 69.23076923076923 0.0
486 76.92307692307692 0.0
487 84.61538461538461 0.0
488 84.61538461538461 0.0
489 84.61538461538461 0.0
490 69.23076923076923 0.0
491 61.53846153846154 0.0
492 84.61538461538461 0.0
493 84.61538461538461 0.0
494 69.23076923076923 0.0
495 69.23076923076923 0.0
496 76.92307692307692 0.0
497 61.53846153846154 0.0
498 57.69230769230769 0.0
499 69.23076923076923 0.0
500 69.23076923076923 0.0
501 84.61538461538461 0.0
502 84.61538461538461 0.0
503 76.92307692307692 0.0
504 76.92307692307692 0.0
505 76.92307692307692 0.0
506 76.92307692307692 0.0
507 76.92307692307692 0.0
508 69.23076923076923 0.0
509 61.53846153846154 0.0
510 73.07692307692308 0.0
511 65.38461538461539 0.0
512 88.46153846153847 0.0
513 84.61538461538461 0.0
514 73.07692307692308 0.0
515 76.92307692307692 0.0
516 84.61538461538461 0.0
517 76.92307692307692 0.0
518 61.53846153846154 0.0
519 57.69230769230769 0.0
520 57.69230769230769 0.0
521 69.23076923076923 0.0
522 84.61538461538461 0.0
523 65.38461538461539 0.0
524 84.61538461538461 0.0
525 65.38461538461539 0.0
526 76.92307692307692 0.0
527 80.76923076923077 0.0
528 84.61538461538461 0.0
529 84.61538461538461 0.0
530 88.46153846153847 0.0
531 84.61538461538461 0.0
532 84.61538461538461 0.0
533 76.92307692307692 0.0
534 76.92307692307692 0.0
535 92.3076923076923 0.0
536 65.38461538461539 0.0
537 76.92307692307692 0.0
538 69.23076923076923 0.0
539 84.61538461538461 0.0
540 84.61538461538461 0.0
541 76.92307692307692 0.0
542 84.61538461538461 0.0
543 92.3076923076923 0.0
544 84.61538461538461 0.0
545 84.61538461538461 0.0
546 92.3076923076923 0.0
547 76.92307692307692 0.0
548 73.07692307692308 0.0
549 61.53846153846154 0.0
550 50.0 0.0
551 76.92307692307692 0.0
552 76.92307692307692 0.0
553 84.61538461538461 0.0
554 76.92307692307692 0.0
555 84.61538461538461 0.0
556 76.92307692307692 0.0
557 84.61538461538461 0.0
558 76.92307692307692 0.0
559 84.61538461538461 0.0
560 84.61538461538461 0.0
561 69.23076923076923 0.0
562 69.23076923076923 0.0
563 84.61538461538461 0.0
564 65.38461538461539 0.0
565 69.23076923076923 0.0
566 76.92307692307692 0.0
567 57.69230769230769 0.0
568 69.23076923076923 0.0
569 69.23076923076923 0.0
570 76.92307692307692 0.0
571 76.92307692307692 0.0
572 69.23076923076923 0.0
573 69.23076923076923 0.0
574 76.92307692307692 0.0
575 76.92307692307692 0.0
576 61.53846153846154 0.0
577 76.92307692307692 0.0
578 84.61538461538461 0.0
579 84.61538461538461 0.0
580 73.07692307692308 0.0
581 76.92307692307692 0.0
582 76.92307692307692 0.0
583 76.92307692307692 0.0
584 92.3076923076923 0.0
585 92.3076923076923 0.0
586 76.92307692307692 0.0
587 92.3076923076923 0.0
588 69.23076923076923 0.0
589 69.23076923076923 0.0
590 73.07692307692308 0.0
591 73.07692307692308 0.0
592 73.07692307692308 0.0
593 65.38461538461539 0.0
594 69.23076923076923 0.0
595 73.07692307692308 0.0
596 73.07692307692308 0.0
597 76.92307692307692 0.0
598 65.38461538461539 0.0
599 84.61538461538461 0.0
600 100.0 0.0
601 84.61538461538461 0.0
602 69.23076923076923 0.0
603 69.23076923076923 0.0
604 61.53846153846154 0.0
605 84.61538461538461 0.0
606 61.53846153846154 0.0
607 65.38461538461539 0.0
608 65.38461538461539 0.0
609 69.23076923076923 0.0
610 69.23076923076923 0.0
611 76.92307692307692 0.0
612 69.23076923076923 0.0
613 76.92307692307692 0.0
614 76.92307692307692 0.0
615 84.61538461538461 0.0
616 84.61538461538461 0.0
617 69.23076923076923 0.0
618 76.92307692307692 0.0
619 76.92307692307692 0.0
620 76.92307692307692 0.0
621 76.92307692307692 0.0
622 84.61538461538461 0.0
623 84.61538461538461 0.0
624 88.46153846153847 0.0
625 76.92307692307692 0.0
626 80.76923076923077 0.0
627 76.92307692307692 0.0
628 92.3076923076923 0.0
629 76.92307692307692 0.0
630 84.61538461538461 0.0
631 80.76923076923077 0.0
632 73.07692307692308 0.0
633 80.76923076923077 0.0
634 76.92307692307692 0.0
635 69.23076923076923 0.0
636 69.23076923076923 0.0
637 80.76923076923077 0.0
638 76.92307692307692 0.0
639 84.61538461538461 0.0
640 61.53846153846154 0.0
641 65.38461538461539 0.0
642 73.07692307692308 0.0
643 69.23076923076923 0.0
644 61.53846153846154 0.0
645 69.23076923076923 0.0
646 61.53846153846154 0.0
647 69.23076923076923 0.0
648 73.07692307692308 0.0
649 69.23076923076923 0.0
650 65.38461538461539 0.0
651 57.69230769230769 0.0
652 61.53846153846154 0.0
653 61.53846153846154 0.0
654 57.69230769230769 0.0
655 53.84615384615385 0.0
656 73.07692307692308 0.0
657 76.92307692307692 0.0
658 84.61538461538461 0.0
659 69.23076923076923 0.0
660 69.23076923076923 0.0
661 69.23076923076923 0.0
662 76.92307692307692 0.0
663 80.76923076923077 0.0
664 73.07692307692308 0.0
665 80.76923076923077 0.0
666 76.92307692307692 0.0
667 65.38461538461539 0.0
668 80.76923076923077 0.0
669 73.07692307692308 0.0
670 69.23076923076923 0.0
671 69.23076923076923 0.0
672 76.92307692307692 0.0
673 76.92307692307692 0.0
674 61.53846153846154 0.0
675 69.23076923076923 0.0
676 57.69230769230769 0.0
677 61.53846153846154 0.0
678 53.84615384615385 0.0
679 73.07692307692308 0.0
680 73.07692307692308 0.0
681 92.3076923076923 0.0
682 84.61538461538461 0.0
683 100.0 0.0
684 84.61538461538461 0.0
685 80.76923076923077 0.0
686 76.92307692307692 0.0
687 80.76923076923077 0.0
688 84.61538461538461 0.0
689 84.61538461538461 0.0
690 84.61538461538461 0.0
691 76.92307692307692 0.0
692 76.92307692307692 0.0
693 84.61538461538461 0.0
694 84.61538461538461 0.0
695 69.23076923076923 0.0
696 57.69230769230769 0.0
697 69.23076923076923 0.0
698 53.84615384615385 0.0
699 61.53846153846154 0.0
700 69.23076923076923 0.0
701 46.15384615384615 0.0
702 69.23076923076923 0.0
703 69.23076923076923 0.0
704 69.23076923076923 0.0
705 73.07692307692308 0.0
706 57.69230769230769 0.0
707 73.07692307692308 0.0
708 65.38461538461539 0.0
709 73.07692307692308 0.0
710 76.92307692307692 0.0
711 76.92307692307692 0.0
712 76.92307692307692 0.0
713 57.69230769230769 0.0
714 73.07692307692308 0.0
715 73.07692307692308 0.0
716 69.23076923076923 0.0
717 69.23076923076923 0.0
718 65.38461538461539 0.0
719 65.38461538461539 0.0
720 73.07692307692308 0.0
721 73.07692307692308 0.0
722 80.76923076923077 0.0
723 84.61538461538461 0.0
724 69.23076923076923 0.0
725 69.23076923076923 0.0
726 76.92307692307692 0.0
727 69.23076923076923 0.0
728 69.23076923076923 0.0
729 69.23076923076923 0.0
730 53.84615384615385 0.0
731 61.53846153846154 0.0
732 73.07692307692308 0.0
733 84.61538461538461 0.0
734 80.76923076923077 0.0
735 80.76923076923077 0.0
736 88.46153846153847 0.0
737 80.76923076923077 0.0
738 80.76923076923077 0.0
739 69.23076923076923 0.0
740 76.92307692307692 0.0
741 92.3076923076923 0.0
742 84.61538461538461 0.0
743 92.3076923076923 0.0
744 80.76923076923077 0.0
745 92.3076923076923 0.0
746 76.92307692307692 0.0
747 84.61538461538461 0.0
748 76.92307692307692 0.0
749 76.92307692307692 0.0
750 73.07692307692308 0.0
751 84.61538461538461 0.0
752 92.3076923076923 0.0
753 84.61538461538461 0.0
754 69.23076923076923 0.0
755 76.92307692307692 0.0
756 84.61538461538461 0.0
757 76.92307692307692 0.0
758 84.61538461538461 0.0
759 76.92307692307692 0.0
760 76.92307692307692 0.0
761 84.61538461538461 0.0
762 76.92307692307692 0.0
763 76.92307692307692 0.0
764 73.07692307692308 0.0
765 65.38461538461539 0.0
766 76.92307692307692 0.0
767 65.38461538461539 0.0
768 65.38461538461539 0.0
769 65.38461538461539 0.0
770 61.53846153846154 0.0
771 50.0 0.0
772 61.53846153846154 0.0
773 61.53846153846154 0.0
774 84.61538461538461 0.0
775 84.61538461538461 0.0
776 84.61538461538461 0.0
777 69.23076923076923 0.0
778 76.92307692307692 0.0
779 61.53846153846154 0.0
780 69.23076923076923 0.0
781 61.53846153846154 0.0
782 69.23076923076923 0.0
783 76.92307692307692 0.0
784 69.23076923076923 0.0
785 69.23076923076923 0.0
786 84.61538461538461 0.0
787 84.61538461538461 0.0
788 76.92307692307692 0.0
789 92.3076923076923 0.0
790 76.92307692307692 0.0
791 61.53846153846154 0.0
792 61.53846153846154 0.0
793 76.92307692307692 0.0
794 76.92307692307692 0.0
795 84.61538461538461 0.0
796 84.61538461538461 0.0
797 84.61538461538461 0.0
798 92.3076923076923 0.0
799 76.92307692307692 0.0
800 84.61538461538461 0.0
801 76.92307692307692 0.0
802 84.61538461538461 0.0
803 84.61538461538461 0.0
804 92.3076923076923 0.0
805 76.92307692307692 0.0
806 76.92307692307692 0.0
807 76.92307692307692 0.0
808 84.61538461538461 0.0
809 84.61538461538461 0.0
810 76.92307692307692 0.0
811 76.92307692307692 0.0
812 84.61538461538461 0.0
813 84.61538461538461 0.0
814 69.23076923076923 0.0
815 65.38461538461539 0.0
816 76.92307692307692 0.0
817 69.23076923076923 0.0
818 61.53846153846154 0.0
819 65.38461538461539 0.0
820 69.23076923076923 0.0
821 65.38461538461539 0.0
822 76.92307692307692 0.0
823 69.23076923076923 0.0
824 76.92307692307692 0.0
825 73.07692307692308 0.0
826 73.07692307692308 0.0
827 84.61538461538461 0.0
828 92.3076923076923 0.0
829 84.61538461538461 0.0
830 76.92307692307692 0.0
831 92.3076923076923 0.0
832 92.3076923076923 0.0
833 84.61538461538461 0.0
834 84.61538461538461 0.0
835 92.3076923076923 0.0
836 92.3076923076923 0.0
837 84.61538461538461 0.0
838 84.61538461538461 0.0
839 84.61538461538461 0.0
840 76.92307692307692 0.0
841 80.76923076923077 0.0
842 80.76923076923077 0.0
843 65.38461538461539 0.0
844 73.07692307692308 0.0
845 76.92307692307692 0.0
846 69.23076923076923 0.0
847 73.07692307692308 0.0
848 88.46153846153847 0.0
849 80.76923076923077 0.0
850 73.07692307692308 0.0
851 80.76923076923077 0.0
852 80.76923076923077 0.0
853 84.61538461538461 0.0
854 92.3076923076923 0.0
855 80.76923076923077 0.0
856 73.07692307692308 0.0
857 84.61538461538461 0.0
858 76.92307692307692 0.0
859 84.61538461538461 0.0
860 76.92307692307692 0.0
861 69.23076923076923 0.0
862 80.76923076923077 0.0
863 80.76923076923077 0.0
864 76.92307692307692 0.0
865 76.92307692307692 0.0
866 92.3076923076923 0.0
867 84.61538461538461 0.0
868 84.61538461538461 0.0
869 88.46153846153847 0.0
870 76.92307692307692 0.0
871 84.61538461538461 0.0
872 84.61538461538461 0.0
873 65.38461538461539 0.0
874 92.3076923076923 0.0
875 69.23076923076923 0.0
876 84.61538461538461 0.0
877 69.23076923076923 0.0
878 84.61538461538461 0.0
879 61.53846153846154 0.0
880 73.07692307692308 0.0
881 76.92307692307692 0.0
882 57.69230769230769 0.0
883 53.84615384615385 0.0
884 73.07692307692308 0.0
885 80.76923076923077 0.0
886 73.07692307692308 0.0
887 65.38461538461539 0.0
888 65.38461538461539 0.0
889 76.92307692307692 0.0
890 69.23076923076923 0.0
891 65.38461538461539 0.0
892 80.76923076923077 0.0
893 80.76923076923077 0.0
894 76.92307692307692 0.0
895 84.61538461538461 0.0
896 76.92307692307692 0.0
897 84.61538461538461 0.0
898 84.61538461538461 0.0
899 69.23076923076923 0.0
900 61.53846153846154 0.0
901 57.69230769230769 0.0
902 76.92307692307692 0.0
903 92.3076923076923 0.0
904 73.07692307692308 0.0
905 88.46153846153847 0.0
906 69.23076923076923 0.0
907 80.76923076923077 0.0
908 73.07692307692308 0.0
909 76.92307692307692 0.0
910 61.53846153846154 0.0
911 76.92307692307692 0.0
912 76.92307692307692 0.0
913 76.92307692307692 0.0
914 84.61538461538461 0.0
915 92.3076923076923 0.0
916 80.76923076923077 0.0
917 88.46153846153847 0.0
918 80.76923076923077 0.0
919 80.76923076923077 0.0
920 80.76923076923077 0.0
921 92.3076923076923 0.0
922 84.61538461538461 0.0
923 80.76923076923077 0.0
924 88.46153846153847 0.0
925 73.07692307692308 0.0
926 92.3076923076923 0.0
927 84.61538461538461 0.0
928 76.92307692307692 0.0
929 65.38461538461539 0.0
930 69.23076923076923 0.0
931 69.23076923076923 0.0
932 61.53846153846154 0.0
933 61.53846153846154 0.0
934 65.38461538461539 0.0
935 65.38461538461539 0.0
936 65.38461538461539 0.0
937 57.69230769230769 0.0
938 69.23076923076923 0.0
939 73.07692307692308 0.0
940 73.07692307692308 0.0
941 61.53846153846154 0.0
942 61.53846153846154 0.0
943 65.38461538461539 0.0
944 73.07692307692308 0.0
945 65.38461538461539 0.0
946 73.07692307692308 0.0
947 73.07692307692308 0.0
948 84.61538461538461 0.0
949 92.3076923076923 0.0
950 84.61538461538461 0.0
951 92.3076923076923 0.0
952 84.61538461538461 0.0
953 76.92307692307692 0.0
954 84.61538461538461 0.0
955 92.3076923076923 0.0
956 88.46153846153847 0.0
957 73.07692307692308 0.0
958 76.92307692307692 0.0
959 84.61538461538461 0.0
960 76.92307692307692 0.0
961 84.61538461538461 0.0
962 76.92307692307692 0.0
963 84.61538461538461 0.0
964 76.92307692307692 0.0
965 76.92307692307692 0.0
966 92.3076923076923 0.0
967 100.0 0.0
968 92.3076923076923 0.0
969 92.3076923076923 0.0
970 92.3076923076923 0.0
971 80.76923076923077 0.0
972 84.61538461538461 0.0
973 92.3076923076923 0.0
974 92.3076923076923 0.0
975 84.61538461538461 0.0
976 84.61538461538461 0.0
977 92.3076923076923 0.0
978 84.61538461538461 0.0
979 92.3076923076923 0.0
980 92.3076923076923 0.0
981 76.92307692307692 0.0
982 84.61538461538461 1.5625
983 92.3076923076923 0.0
984 92.3076923076923 0.0
985 92.3076923076923 0.0
986 76.92307692307692 0.0
987 76.92307692307692 0.0
988 84.61538461538461 0.0
989 84.61538461538461 0.0
990 84.61538461538461 0.0
991 92.3076923076923 0.0
992 69.23076923076923 0.0
993 76.92307692307692 0.0
994 84.61538461538461 0.0
995 84.61538461538461 0.0
996 61.53846153846154 0.0
997 84.61538461538461 0.0
998 76.92307692307692 0.0
999 84.61538461538461 0.0
