#frame monomers_% popc_isolated_%
0 92.3076923076923 0.0
1 84.61538461538461 0.0
2 92.3076923076923 0.0
3 84.61538461538461 0.0
4 92.3076923076923 0.0
5 84.61538461538461 0.0
6 84.61538461538461 0.0
7 84.61538461538461 0.0
8 76.92307692307692 0.0
9 100.0 0.0
10 92.3076923076923 0.0
11 92.3076923076923 0.0
12 84.61538461538461 0.0
13 84.61538461538461 0.0
14 84.61538461538461 0.0
15 100.0 0.0
16 92.3076923076923 0.0
17 84.61538461538461 0.0
18 80.76923076923077 0.0
19 61.53846153846154 0.0
20 61.53846153846154 0.0
21 73.07692307692308 0.0
22 65.38461538461539 0.0
23 73.07692307692308 0.0
24 61.53846153846154 0.0
25 69.23076923076923 0.0
26 69.23076923076923 0.0
27 57.69230769230769 0.0
28 65.38461538461539 0.0
29 73.07692307692308 0.0
30 53.84615384615385 0.0
31 57.69230769230769 0.0
32 53.84615384615385 0.0
33 76.92307692307692 0.0
34 84.61538461538461 0.0
35 84.61538461538461 0.0
36 73.07692307692308 0.0
37 73.07692307692308 0.0
38 61.53846153846154 0.0
39 69.23076923076923 0.0
40 65.38461538461539 0.0
41 73.07692307692308 0.0
42 65.38461538461539 0.0
43 76.92307692307692 0.0
44 69.23076923076923 0.0
45 76.92307692307692 0.0
46 76.92307692307692 0.0
47 65.38461538461539 0.0
48 76.92307692307692 0.0
49 76.92307692307692 0.0
50 80.76923076923077 0.0
51 84.61538461538461 0.0
52 76.92307692307692 0.0
53 88.46153846153847 0.0
54 69.23076923076923 0.0
55 69.23076923076923 0.0
56 61.53846153846154 0.0
57 69.23076923076923 0.0
58 69.23076923076923 0.0
59 69.23076923076923 0.0
60 69.23076923076923 0.0
61 69.23076923076923 0.0
62 73.07692307692308 0.0
63 69.23076923076923 0.0
64 76.92307692307692 0.0
65 76.92307692307692 0.0
66 84.61538461538461 0.0
67 100.0 0.0
68 69.23076923076923 0.0
69 76.92307692307692 0.0
70 92.3076923076923 0.0
71 100.0 0.0
72 92.3076923076923 0.0
73 92.3076923076923 0.0
74 92.3076923076923 0.0
75 84.61538461538461 0.0
76 92.3076923076923 0.0
77 92.3076923076923 0.0
78 92.3076923076923 0.0
79 76.92307692307692 0.0
80 76.92307692307692 0.0
81 65.38461538461539 0.0
82 69.23076923076923 0.0
83 69.23076923076923 0.0
84 84.61538461538461 0.0
85 92.3076923076923 0.0
86 92.3076923076923 0.0
87 84.61538461538461 0.0
88 84.61538461538461 0.0
89 84.61538461538461 0.0
90 92.3076923076923 0.0
91 92.3076923076923 0.0
92 76.92307692307692 0.0
93 76.92307692307692 0.0
94 84.61538461538461 0.0
95 84.61538461538461 0.0
96 76.92307692307692 0.0
97 69.23076923076923 0.0
98 92.3076923076923 0.0
99 92.3076923076923 0.0
100 84.61538461538461 0.0
101 76.92307692307692 0.0
102 65.38461538461539 0.0
103 73.07692307692308 0.0
104 80.76923076923077 0.0
105 80.76923076923077 0.0
106 61.53846153846154 0.0
107 61.53846153846154 0.0
108 65.38461538461539 0.0
109 53.84615384615385 0.0
110 65.38461538461539 0.0
111 76.92307692307692 0.0
112 76.92307692307692 0.0
113 65.38461538461539 0.0
114 53.84615384615385 0.0
115 76.92307692307692 0.0
116 69.23076923076923 0.0
117 69.23076923076923 0.0
118 76.92307692307692 0.0
119 65.38461538461539 0.0
120 65.38461538461539 0.0
121 92.3076923076923 0.0
122 88.46153846153847 0.0
123 69.23076923076923 0.0
124 76.92307692307692 0.0
125 84.61538461538461 0.0
126 92.3076923076923 0.0
127 84.61538461538461 0.0
128 84.61538461538461 0.0
129 92.3076923076923 0.0
130 84.61538461538461 0.0
131 76.92307692307692 0.0
132 92.3076923076923 0.0
133 76.92307692307692 0.0
134 84.61538461538461 0.0
135 84.61538461538461 0.0
136 92.3076923076923 0.0
137 61.53846153846154 0.0
138 65.38461538461539 0.0
139 84.61538461538461 0.0
140 76.92307692307692 0.0
141 84.61538461538461 0.0
142 76.92307692307692 0.0
143 84.61538461538461 0.0
144 69.23076923076923 0.0
145 50.0 0.0
146 69.23076923076923 0.0
147 73.07692307692308 0.0
148 73.07692307692308 0.0
149 73.07692307692308 0.0
150 76.92307692307692 0.0
151 76.92307692307692 0.0
152 84.61538461538461 0.0
153 76.92307692307692 0.0
154 76.92307692307692 0.0
155 92.3076923076923 0.0
156 84.61538461538461 0.0
157 84.61538461538461 0.0
158 92.3076923076923 0.0
159 92.3076923076923 0.0
160 92.3076923076923 0.0
161 76.92307692307692 0.0
162 92.3076923076923 0.0
163 92.3076923076923 0.0
164 84.61538461538461 0.0
165 92.3076923076923 0.0
166 100.0 0.0
167 84.61538461538461 0.0
168 84.61538461538461 0.0
169 84.61538461538461 0.0
170 84.61538461538461 0.0
171 92.3076923076923 0.0
172 84.61538461538461 0.0
173 84.61538461538461 0.0
174 100.0 0.0
175 84.61538461538461 0.0
176 92.3076923076923 0.0
177 92.3076923076923 0.0
178 69.23076923076923 0.0
179 84.61538461538461 0.0
180 84.61538461538461 0.0
181 69.23076923076923 0.0
182 69.23076923076923 0.0
183 76.92307692307692 0.0
184 69.23076923076923 0.0
185 73.07692307692308 0.0
186 65.38461538461539 0.0
187 88.46153846153847 0.0
188 73.07692307692308 0.0
189 76.92307692307692 0.0
190 80.76923076923077 0.0
191 76.92307692307692 0.0
192 76.92307692307692 0.0
193 76.92307692307692 0.0
194 61.53846153846154 0.0
195 76.92307692307692 0.0
196 65.38461538461539 0.0
197 84.61538461538461 0.0
198 84.61538461538461 0.0
199 65.38461538461539 0.0
200 65.38461538461539 0.0
201 100.0 0.0
202 84.61538461538461 0.0
203 69.23076923076923 0.0
204 73.07692307692308 0.0
205 80.76923076923077 0.0
206 88.46153846153847 0.0
207 80.76923076923077 0.0
208 84.61538461538461 0.0
209 76.92307692307692 0.0
210 84.61538461538461 0.0
211 84.61538461538461 0.0
212 92.3076923076923 0.0
213 88.46153846153847 0.0
214 80.76923076923077 0.0
215 92.3076923076923 0.0
216 92.3076923076923 0.0
217 84.61538461538461 0.0
218 84.61538461538461 0.0
219 84.61538461538461 0.0
220 84.61538461538461 0.0
221 65.38461538461539 0.0
222 80.76923076923077 0.0
223 88.46153846153847 0.0
224 92.3076923076923 0.0
225 88.46153846153847 0.0
226 80.76923076923077 0.0
227 73.07692307692308 0.0
228 65.38461538461539 0.0
229 65.38461538461539 0.0
230 57.69230769230769 0.0
231 73.07692307692308 0.0
232 65.38461538461539 0.0
233 84.61538461538461 0.0
234 84.61538461538461 0.0
235 80.76923076923077 0.0
236 73.07692307692308 0.0
237 73.07692307692308 0.0
238 76.92307692307692 0.0
239 84.61538461538461 0.0
240 80.76923076923077 0.0
241 84.61538461538461 0.0
242 100.0 0.0
243 84.61538461538461 0.0
244 76.92307692307692 0.0
245 73.07692307692308 0.0
246 61.53846153846154 0.0
247 69.23076923076923 0.0
248 100.0 0.0
249 92.3076923076923 0.0
250 100.0 0.0
251 100.0 0.0
252 100.0 0.0
253 92.3076923076923 0.0
254 100.0 0.0
255 92.3076923076923 0.0
256 92.3076923076923 0.0
257 100.0 0.0
258 100.0 0.0
259 100.0 0.0
260 92.3076923076923 0.0
261 84.61538461538461 0.0
262 92.3076923076923 0.0
263 92.3076923076923 0.0
264 92.3076923076923 0.0
265 69.23076923076923 0.0
266 61.53846153846154 0.0
267 69.23076923076923 0.0
268 76.92307692307692 0.0
269 76.92307692307692 0.0
270 69.23076923076923 0.0
271 80.76923076923077 0.0
272 80.76923076923077 0.0
273 84.61538461538461 0.0
274 92.3076923076923 0.0
275 76.92307692307692 0.0
276 69.23076923076923 0.0
277 69.23076923076923 0.0
278 84.61538461538461 0.0
279 92.3076923076923 0.0
280 76.92307692307692 0.0
281 84.61538461538461 0.0
282 76.92307692307692 0.0
283 92.3076923076923 0.0
284 92.3076923076923 0.0
285 84.61538461538461 0.0
286 84.61538461538461 0.0
287 69.23076923076923 0.0
288 69.23076923076923 0.0
289 92.3076923076923 0.0
290 92.3076923076923 0.0
291 84.61538461538461 0.0
292 92.3076923076923 0.0
293 84.61538461538461 0.0
294 100.0 0.0
295 92.3076923076923 0.0
296 84.61538461538461 0.0
297 92.3076923076923 0.0
298 92.3076923076923 0.0
299 92.3076923076923 0.0
300 92.3076923076923 0.0
301 84.61538461538461 0.0
302 92.3076923076923 0.0
303 84.61538461538461 0.0
304 92.3076923076923 0.0
305 84.61538461538461 0.0
306 84.61538461538461 0.0
307 84.61538461538461 0.0
308 84.61538461538461 0.0
309 92.3076923076923 0.0
310 84.61538461538461 0.0
311 84.61538461538461 0.0
312 84.61538461538461 0.0
313 76.92307692307692 0.0
314 84.61538461538461 0.0
315 100.0 0.0
316 100.0 0.0
317 88.46153846153847 0.0
318 88.46153846153847 0.0
319 92.3076923076923 0.0
320 100.0 0.0
321 84.61538461538461 0.0
322 92.3076923076923 0.0
323 92.3076923076923 0.0
324 92.3076923076923 0.0
325 80.76923076923077 0.0
326 84.61538461538461 0.0
327 84.61538461538461 0.0
328 84.61538461538461 0.0
329 84.61538461538461 0.0
330 76.92307692307692 0.0
331 84.61538461538461 0.0
332 76.92307692307692 0.0
333 76.92307692307692 0.0
334 69.23076923076923 0.0
335 84.61538461538461 0.0
336 84.61538461538461 0.0
337 76.92307692307692 0.0
338 76.92307692307692 0.0
339 84.61538461538461 0.0
340 69.23076923076923 0.0
341 76.92307692307692 0.0
342 76.92307692307692 0.0
343 84.61538461538461 0.0
344 84.61538461538461 0.0
345 84.61538461538461 0.0
346 76.92307692307692 0.0
347 76.92307692307692 0.0
348 76.92307692307692 0.0
349 84.61538461538461 0.0
350 92.3076923076923 0.0
351 69.23076923076923 0.0
352 92.3076923076923 0.0
353 92.3076923076923 0.0
354 100.0 0.0
355 65.38461538461539 0.0
356 76.92307692307692 0.0
357 84.61538461538461 0.0
358 92.3076923076923 0.0
359 92.3076923076923 0.0
360 92.3076923076923 0.0
361 69.23076923076923 0.0
362 73.07692307692308 0.0
363 84.61538461538461 0.0
364 76.92307692307692 0.0
365 84.61538461538461 0.0
366 84.61538461538461 0.0
367 92.3076923076923 0.0
368 92.3076923076923 0.0
369 84.61538461538461 0.0
370 84.61538461538461 0.0
371 84.61538461538461 0.0
372 84.61538461538461 0.0
373 76.92307692307692 0.0
374 69.23076923076923 0.0
375 69.23076923076923 0.0
376 92.3076923076923 0.0
377 92.3076923076923 0.0
378 92.3076923076923 0.0
379 92.3076923076923 0.0
380 84.61538461538461 0.0
381 69.23076923076923 0.0
382 76.92307692307692 0.0
383 76.92307692307692 0.0
384 80.76923076923077 0.0
385 80.76923076923077 0.0
386 76.92307692307692 0.0
387 73.07692307692308 0.0
388 84.61538461538461 0.0
389 80.76923076923077 0.0
390 92.3076923076923 0.0
391 92.3076923076923 0.0
392 76.92307692307692 0.0
393 84.61538461538461 0.0
394 92.3076923076923 0.0
395 76.92307692307692 0.0
396 76.92307692307692 0.0
397 76.92307692307692 0.0
398 84.61538461538461 0.0
399 84.61538461538461 0.0
400 84.61538461538461 0.0
401 69.23076923076923 0.0
402 92.3076923076923 0.0
403 84.61538461538461 0.0
404 84.61538461538461 0.0
405 84.61538461538461 0.0
406 84.61538461538461 0.0
407 84.61538461538461 0.0
408 84.61538461538461 0.0
409 92.3076923076923 0.0
410 80.76923076923077 0.0
411 80.76923076923077 0.0
412 92.3076923076923 0.0
413 76.92307692307692 0.0
414 69.23076923076923 0.0
415 76.92307692307692 0.0
416 76.92307692307692 0.0
417 76.92307692307692 0.0
418 84.61538461538461 0.0
419 76.92307692307692 0.0
420 65.38461538461539 0.0
421 61.53846153846154 0.0
422 76.92307692307692 0.0
423 84.61538461538461 0.0
424 92.3076923076923 0.0
425 84.61538461538461 0.0
426 76.92307692307692 0.0
427 84.61538461538461 0.0
428 76.92307692307692 0.0
429 76.92307692307692 0.0
430 76.92307692307692 0.0
431 69.23076923076923 0.0
432 69.23076923076923 0.0
433 76.92307692307692 0.0
434 57.69230769230769 0.0
435 69.23076923076923 0.0
436 80.76923076923077 0.0
437 84.61538461538461 0.0
438 73.07692307692308 0.0
439 76.92307692307692 0.0
440 73.07692307692308 0.0
441 69.23076923076923 0.0
442 76.92307692307692 0.0
443 76.92307692307692 0.0
444 69.23076923076923 0.0
445 92.3076923076923 0.0
446 92.3076923076923 0.0
447 92.3076923076923 0.0
448 92.3076923076923 0.0
449 73.07692307692308 0.0
450 76.92307692307692 0.0
451 73.07692307692308 0.0
452 84.61538461538461 0.0
453 69.23076923076923 0.0
454 76.92307692307692 0.0
455 76.92307692307692 0.0
456 69.23076923076923 0.0
457 76.92307692307692 0.0
458 84.61538461538461 0.0
459 84.61538461538461 0.0
460 84.61538461538461 0.0
461 76.92307692307692 0.0
462 69.23076923076923 0.0
463 76.92307692307692 0.0
464 76.92307692307692 0.0
465 84.61538461538461 0.0
466 92.3076923076923 0.0
467 84.61538461538461 0.0
468 84.61538461538461 0.0
469 84.61538461538461 0.0
470 76.92307692307692 0.0
471 76.92307692307692 0.0
472 84.61538461538461 0.0
473 76.92307692307692 0.0
474 69.23076923076923 0.0
475 84.61538461538461 0.0
476 84.61538461538461 0.0
477 76.92307692307692 0.0
478 76.92307692307692 0.0
479 73.07692307692308 0.0
480 69.23076923076923 0.0
481 84.61538461538461 0.0
482 84.61538461538461 0.0
483 84.61538461538461 0.0
484 84.61538461538461 0.0
485 92.3076923076923 0.0
486 76.92307692307692 0.0
487 76.92307692307692 0.0
488 84.61538461538461 0.0
489 80.76923076923077 0.0
490 65.38461538461539 0.0
491 65.38461538461539 0.0
492 65.38461538461539 0.0
493 84.61538461538461 0.0
494 84.61538461538461 0.0
495 76.92307692307692 0.0
496 84.61538461538461 0.0
497 84.61538461538461 0.0
498 76.92307692307692 0.0
499 61.53846153846154 0.0
500 73.07692307692308 0.0
501 76.92307692307692 0.0
502 80.76923076923077 0.0
503 84.61538461538461 0.0
504 80.76923076923077 0.0
505 76.92307692307692 0.0
506 76.92307692307692 0.0
507 69.23076923076923 0.0
508 76.92307692307692 0.0
509 100.0 0.0
510 80.76923076923077 0.0
511 92.3076923076923 0.0
512 88.46153846153847 0.0
513 80.76923076923077 0.0
514 73.07692307692308 0.0
515 76.92307692307692 0.0
516 69.23076923076923 0.0
517 76.92307692307692 0.0
518 80.76923076923077 0.0
519 92.3076923076923 0.0
520 84.61538461538461 0.0
521 84.61538461538461 0.0
522 84.61538461538461 0.0
523 100.0 0.0
524 84.61538461538461 0.0
525 84.61538461538461 0.0
526 92.3076923076923 0.0
527 92.3076923076923 0.0
528 92.3076923076923 0.0
529 92.3076923076923 0.0
530 84.61538461538461 0.0
531 76.92307692307692 0.0
532 84.61538461538461 0.0
533 76.92307692307692 0.0
534 69.23076923076923 0.0
535 73.07692307692308 0.0
536 69.23076923076923 0.0
537 61.53846153846154 0.0
538 76.92307692307692 0.0
539 76.92307692307692 0.0
540 84.61538461538461 0.0
541 76.92307692307692 0.0
542 69.23076923076923 0.0
543 73.07692307692308 0.0
544 73.07692307692308 0.0
545 76.92307692307692 0.0
546 76.92307692307692 0.0
547 76.92307692307692 0.0
548 84.61538461538461 0.0
549 76.92307692307692 0.0
550 69.23076923076923 0.0
551 65.38461538461539 0.0
552 69.23076923076923 0.0
553 73.07692307692308 0.0
554 84.61538461538461 0.0
555 84.61538461538461 0.0
556 76.92307692307692 0.0
557 76.92307692307692 0.0
558 76.92307692307692 0.0
559 76.92307692307692 0.0
560 84.61538461538461 0.0
561 76.92307692307692 0.0
562 61.53846153846154 0.0
563 76.92307692307692 0.0
564 57.69230769230769 0.0
565 76.92307692307692 0.0
566 61.53846153846154 0.0
567 69.23076923076923 0.0
568 69.23076923076923 0.0
569 69.23076923076923 0.0
570 73.07692307692308 0.0
571 76.92307692307692 0.0
572 84.61538461538461 0.0
573 76.92307692307692 0.0
574 61.53846153846154 0.0
575 69.23076923076923 0.0
576 65.38461538461539 0.0
577 69.23076923076923 0.0
578 57.69230769230769 0.0
579 76.92307692307692 0.0
580 76.92307692307692 0.0
581 84.61538461538461 0.0
582 84.61538461538461 0.0
583 92.3076923076923 0.0
584 92.3076923076923 0.0
585 92.3076923076923 0.0
586 84.61538461538461 0.0
587 73.07692307692308 0.0
588 88.46153846153847 0.0
589 80.76923076923077 0.0
590 76.92307692307692 0.0
591 84.61538461538461 0.0
592 84.61538461538461 0.0
593 76.92307692307692 0.0
594 92.3076923076923 0.0
595 92.3076923076923 0.0
596 69.23076923076923 0.0
597 84.61538461538461 0.0
598 69.23076923076923 0.0
599 80.76923076923077 0.0
600 65.38461538461539 0.0
601 76.92307692307692 0.0
602 61.53846153846154 0.0
603 53.84615384615385 0.0
604 73.07692307692308 0.0
605 69.23076923076923 0.0
606 73.07692307692308 0.0
607 80.76923076923077 0.0
608 73.07692307692308 0.0
609 73.07692307692308 0.0
610 80.76923076923077 0.0
611 69.23076923076923 0.0
612 88.46153846153847 0.0
613 69.23076923076923 0.0
614 69.23076923076923 0.0
615 73.07692307692308 0.0
616 76.92307692307692 0.0
617 84.61538461538461 0.0
618 88.46153846153847 0.0
619 88.46153846153847 0.0
620 73.07692307692308 0.0
621 61.53846153846154 0.0
622 84.61538461538461 0.0
623 84.61538461538461 0.0
624 92.3076923076923 0.0
625 92.3076923076923 0.0
626 84.61538461538461 0.0
627 69.23076923076923 0.0
628 92.3076923076923 0.0
629 84.61538461538461 0.0
630 73.07692307692308 0.0
631 73.07692307692308 0.0
632 69.23076923076923 0.0
633 69.23076923076923 0.0
634 65.38461538461539 0.0
635 65.38461538461539 0.0
636 80.76923076923077 0.0
637 69.23076923076923 0.0
638 84.61538461538461 0.0
639 65.38461538461539 0.0
640 76.92307692307692 0.0
641 69.23076923076923 0.0
642 65.38461538461539 0.0
643 80.76923076923077 0.0
644 80.76923076923077 0.0
645 84.61538461538461 0.0
646 80.76923076923077 0.0
647 61.53846153846154 0.0
648 65.38461538461539 0.0
649 84.61538461538461 0.0
650 84.61538461538461 0.0
651 69.23076923076923 0.0
652 65.38461538461539 0.0
653 69.23076923076923 0.0
654 73.07692307692308 0.0
655 61.53846153846154 0.0
656 65.38461538461539 0.0
657 69.23076923076923 0.0
658 65.38461538461539 0.0
659 73.07692307692308 0.0
660 61.53846153846154 0.0
661 92.3076923076923 0.0
662 69.23076923076923 0.0
663 84.61538461538461 0.0
664 69.23076923076923 0.0
665 73.07692307692308 0.0
666 73.07692307692308 0.0
667 84.61538461538461 0.0
668 69.23076923076923 0.0
669 61.53846153846154 0.0
670 69.23076923076923 0.0
671 61.53846153846154 0.0
672 69.23076923076923 0.0
673 76.92307692307692 0.0
674 84.61538461538461 0.0
675 84.61538461538461 0.0
676 92.3076923076923 0.0
677 100.0 0.0
678 92.3076923076923 0.0
679 92.3076923076923 0.0
680 100.0 0.0
681 100.0 0.0
682 80.76923076923077 0.0
683 84.61538461538461 0.0
684 84.61538461538461 0.0
685 84.61538461538461 0.0
686 76.92307692307692 0.0
687 100.0 0.0
688 84.61538461538461 0.0
689 76.92307692307692 0.0
690 92.3076923076923 0.0
691 84.61538461538461 0.0
692 76.92307692307692 0.0
693 73.07692307692308 0.0
694 69.23076923076923 0.0
695 76.92307692307692 0.0
696 84.61538461538461 0.0
697 76.92307692307692 0.0
698 69.23076923076923 0.0
699 69.23076923076923 0.0
700 84.61538461538461 0.0
701 76.92307692307692 0.0
702 84.61538461538461 0.0
703 84.61538461538461 0.0
704 76.92307692307692 0.0
705 84.61538461538461 0.0
706 84.61538461538461 0.0
707 84.61538461538461 0.0
708 92.3076923076923 0.0
709 76.92307692307692 0.0
710 100.0 0.0
711 76.92307692307692 0.0
712 69.23076923076923 0.0
713 92.3076923076923 0.0
714 69.23076923076923 0.0
715 65.38461538461539 0.0
716 76.92307692307692 0.0
717 80.76923076923077 0.0
718 65.38461538461539 0.0
719 80.76923076923077 0.0
720 80.76923076923077 0.0
721 76.92307692307692 0.0
722 65.38461538461539 0.0
723 65.38461538461539 0.0
724 76.92307692307692 0.0
725 76.92307692307692 0.0
726 76.92307692307692 0.0
727 61.53846153846154 0.0
728 69.23076923076923 0.0
729 84.61538461538461 0.0
730 73.07692307692308 0.0
731 80.76923076923077 0.0
732 76.92307692307692 0.0
733 69.23076923076923 0.0
734 69.23076923076923 0.0
735 76.92307692307692 0.0
736 73.07692307692308 0.0
737 80.76923076923077 0.0
738 76.92307692307692 0.0
739 84.61538461538461 0.0
740 92.3076923076923 0.0
741 76.92307692307692 0.0
742 100.0 0.0
743 76.92307692307692 0.0
744 73.07692307692308 0.0
745 61.53846153846154 0.0
746 76.92307692307692 0.0
747 73.07692307692308 0.0
748 57.69230769230769 0.0
749 61.53846153846154 0.0
750 69.23076923076923 0.0
751 69.23076923076923 0.0
752 73.07692307692308 0.0
753 76.92307692307692 0.0
754 69.23076923076923 0.0
755 100.0 0.0
756 88.46153846153847 0.0
757 80.76923076923077 0.0
758 88.46153846153847 0.0
759 88.46153846153847 0.0
760 92.3076923076923 0.0
761 80.76923076923077 0.0
762 76.92307692307692 0.0
763 84.61538461538461 0.0
764 76.92307692307692 0.0
765 73.07692307692308 0.0
766 80.76923076923077 0.0
767 73.07692307692308 0.0
768 73.07692307692308 0.0
769 50.0 0.0
770 65.38461538461539 0.0
771 76.92307692307692 0.0
772 73.07692307692308 0.0
773 88.46153846153847 0.0
774 65.38461538461539 0.0
775 84.61538461538461 0.0
776 69.23076923076923 0.0
777 69.23076923076923 0.0
778 76.92307692307692 0.0
779 76.92307692307692 0.0
780 76.92307692307692 0.0
781 65.38461538461539 0.0
782 61.53846153846154 0.0
783 69.23076923076923 0.0
784 76.92307692307692 0.0
785 76.92307692307692 0.0
786 84.61538461538461 0.0
787 76.92307692307692 0.0
788 69.23076923076923 0.0
789 76.92307692307692 0.0
790 76.92307692307692 0.0
791 84.61538461538461 0.0
792 73.07692307692308 0.0
793 76.92307692307692 0.0
794 65.38461538461539 0.0
795 69.23076923076923 0.0
796 76.92307692307692 0.0
797 76.92307692307692 0.0
798 76.92307692307692 0.0
799 76.92307692307692 0.0
800 76.92307692307692 0.0
801 76.92307692307692 0.0
802 88.46153846153847 0.0
803 84.61538461538461 0.0
804 92.3076923076923 0.0
805 84.61538461538461 0.0
806 92.3076923076923 0.0
807 92.3076923076923 0.0
808 73.07692307692308 0.0
809 92.3076923076923 0.0
810 57.69230769230769 0.0
811 76.92307692307692 0.0
812 76.92307692307692 0.0
813 76.92307692307692 0.0
814 65.38461538461539 0.0
815 57.69230769230769 0.0
816 69.23076923076923 0.0
817 80.76923076923077 0.0
818 73.07692307692308 0.0
819 73.07692307692308 0.0
820 65.38461538461539 0.0
821 76.92307692307692 0.0
822 76.92307692307692 0.0
823 84.61538461538461 0.0
824 69.23076923076923 0.0
825 76.92307692307692 0.0
826 69.23076923076923 0.0
827 92.3076923076923 0.0
828 69.23076923076923 0.0
829 73.07692307692308 0.0
830 69.23076923076923 0.0
831 76.92307692307692 0.0
832 76.92307692307692 0.0
833 84.61538461538461 0.0
834 73.07692307692308 0.0
835 84.61538461538461 0.0
836 76.92307692307692 0.0
837 76.92307692307692 0.0
838 76.92307692307692 0.0
839 69.23076923076923 0.0
840 76.92307692307692 0.0
841 61.53846153846154 0.0
842 53.84615384615385 0.0
843 76.92307692307692 0.0
844 84.61538461538461 0.0
845 84.61538461538461 0.0
846 92.3076923076923 0.0
847 73.07692307692308 0.0
848 65.38461538461539 0.0
849 69.23076923076923 0.0
850 53.84615384615385 0.0
851 65.38461538461539 0.0
852 65.38461538461539 0.0
853 65.38461538461539 0.0
854 57.69230769230769 0.0
855 57.69230769230769 0.0
856 61.53846153846154 0.0
857 57.69230769230769 0.0
858 69.23076923076923 0.0
859 53.84615384615385 0.0
860 61.53846153846154 0.0
861 69.23076923076923 0.0
862 76.92307692307692 0.0
863 80.76923076923077 0.0
864 57.69230769230769 0.0
865 69.23076923076923 0.0
866 84.61538461538461 0.0
867 84.61538461538461 0.0
868 76.92307692307692 0.0
869 69.23076923076923 0.0
870 73.07692307692308 0.0
871 76.92307692307692 0.0
872 84.61538461538461 0.0
873 76.92307692307692 0.0
874 84.61538461538461 0.0
875 69.23076923076923 0.0
876 84.61538461538461 0.0
877 69.23076923076923 0.0
878 92.3076923076923 0.0
879 92.3076923076923 0.0
880 73.07692307692308 0.0
881 76.92307692307692 0.0
882 76.92307692307692 0.0
883 69.23076923076923 0.0
884 69.23076923076923 0.0
885 84.61538461538461 0.0
886 92.3076923076923 0.0
887 84.61538461538461 0.0
888 69.23076923076923 0.0
889 84.61538461538461 0.0
890 84.61538461538461 0.0
891 84.61538461538461 0.0
892 76.92307692307692 0.0
893 80.76923076923077 0.0
894 84.61538461538461 0.0
895 76.92307692307692 0.0
896 76.92307692307692 0.0
897 84.61538461538461 0.0
898 84.61538461538461 0.0
899 84.61538461538461 0.0
900 84.61538461538461 0.0
901 76.92307692307692 0.0
902 76.92307692307692 0.0
903 76.92307692307692 0.0
904 76.92307692307692 0.0
905 76.92307692307692 0.0
906 73.07692307692308 0.0
907 73.07692307692308 0.0
908 73.07692307692308 0.0
909 69.23076923076923 0.0
910 61.53846153846154 0.0
911 69.23076923076923 0.0
912 84.61538461538461 0.0
913 76.92307692307692 0.0
914 73.07692307692308 0.0
915 65.38461538461539 0.0
916 57.69230769230769 0.0
917 57.69230769230769 0.0
918 69.23076923076923 0.0
919 73.07692307692308 0.0
920 76.92307692307692 0.0
921 69.23076923076923 0.0
922 73.07692307692308 0.0
923 76.92307692307692 0.0
924 69.23076923076923 0.0
925 69.23076923076923 0.0
926 76.92307692307692 0.0
927 84.61538461538461 0.0
928 84.61538461538461 0.0
929 84.61538461538461 0.0
930 76.92307692307692 0.0
931 76.92307692307692 0.0
932 65.38461538461539 0.0
933 69.23076923076923 0.0
934 84.61538461538461 0.0
935 80.76923076923077 0.0
936 80.76923076923077 0.0
937 76.92307692307692 0.0
938 73.07692307692308 0.0
939 73.07692307692308 0.0
940 76.92307692307692 0.0
941 76.92307692307692 0.0
942 69.23076923076923 0.0
943 65.38461538461539 0.0
944 65.38461538461539 0.0
945 69.23076923076923 0.0
946 76.92307692307692 0.0
947 57.69230769230769 0.0
948 84.61538461538461 0.0
949 76.92307692307692 0.0
950 76.92307692307692 0.0
951 76.92307692307692 0.0
952 69.23076923076923 0.0
953 69.23076923076923 0.0
954 84.61538461538461 0.0
955 76.92307692307692 0.0
956 76.92307692307692 0.0
957 84.61538461538461 0.0
958 69.23076923076923 0.0
959 92.3076923076923 0.0
960 84.61538461538461 0.0
961 92.3076923076923 0.0
962 92.3076923076923 0.0
963 92.3076923076923 0.0
964 84.61538461538461 0.0
965 92.3076923076923 0.0
966 84.61538461538461 0.0
967 84.61538461538461 0.0
968 76.92307692307692 0.0
969 76.92307692307692 0.0
970 69.23076923076923 0.0
971 92.3076923076923 0.0
972 84.61538461538461 0.0
973 92.3076923076923 0.0
974 76.92307692307692 0.0
975 92.3076923076923 0.0
976 92.3076923076923 0.0
977 92.3076923076923 0.0
978 84.61538461538461 0.0
979 76.92307692307692 0.0
980 76.92307692307692 0.0
981 61.53846153846154 0.0
982 61.53846153846154 0.0
983 61.53846153846154 0.0
984 76.92307692307692 0.0
985 80.76923076923077 0.0
986 92.3076923076923 0.0
987 76.92307692307692 0.0
988 69.23076923076923 0.0
989 76.92307692307692 0.0
990 84.61538461538461 0.0
991 76.92307692307692 0.0
992 76.92307692307692 0.0
993 76.92307692307692 0.0
994 69.23076923076923 0.0
995 53.84615384615385 0.0
996 69.23076923076923 0.0
997 69.23076923076923 0.0
998 69.23076923076923 0.0
999 76.92307692307692 0.0
