#frame monomers_% popc_isolated_%
0 88.46153846153847 0.0
1 80.76923076923077 0.0
2 76.92307692307692 0.0
3 76.92307692307692 0.0
4 76.92307692307692 0.0
5 92.3076923076923 0.0
6 92.3076923076923 0.0
7 100.0 0.0
8 76.92307692307692 0.0
9 92.3076923076923 0.0
10 73.07692307692308 0.0
11 73.07692307692308 0.0
12 69.23076923076923 0.0
13 65.38461538461539 0.0
14 61.53846153846154 0.0
15 65.38461538461539 0.0
16 73.07692307692308 0.0
17 92.3076923076923 0.0
18 88.46153846153847 0.0
19 84.61538461538461 0.0
20 76.92307692307692 0.0
21 84.61538461538461 0.0
22 76.92307692307692 0.0
23 76.92307692307692 0.0
24 73.07692307692308 0.0
25 69.23076923076923 0.0
26 69.23076923076923 0.0
27 65.38461538461539 0.0
28 80.76923076923077 0.0
29 76.92307692307692 0.0
30 80.76923076923077 0.0
31 73.07692307692308 0.0
32 69.23076923076923 0.0
33 76.92307692307692 0.0
34 73.07692307692308 0.0
35 73.07692307692308 0.0
36 69.23076923076923 0.0
37 80.76923076923077 0.0
38 92.3076923076923 0.0
39 100.0 0.0
40 84.61538461538461 0.0
41 69.23076923076923 0.0
42 84.61538461538461 0.0
43 84.61538461538461 0.0
44 84.61538461538461 0.0
45 84.61538461538461 0.0
46 76.92307692307692 0.0
47 84.61538461538461 0.0
48 76.92307692307692 0.0
49 84.61538461538461 0.0
50 84.61538461538461 0.0
51 69.23076923076923 0.0
52 61.53846153846154 0.0
53 61.53846153846154 0.0
54 76.92307692307692 0.0
55 76.92307692307692 0.0
56 65.38461538461539 0.0
57 57.69230769230769 0.0
58 69.23076923076923 0.0
59 73.07692307692308 0.0
60 73.07692307692308 0.0
61 65.38461538461539 0.0
62 65.38461538461539 0.0
63 65.38461538461539 0.0
64 65.38461538461539 0.0
65 80.76923076923077 0.0
66 76.92307692307692 0.0
67 80.76923076923077 0.0
68 80.76923076923077 0.0
69 76.92307692307692 0.0
70 73.07692307692308 0.0
71 73.07692307692308 0.0
72 69.23076923076923 0.0
73 76.92307692307692 0.0
74 65.38461538461539 0.0
75 76.92307692307692 0.0
76 76.92307692307692 0.0
77 84.61538461538461 0.0
78 84.61538461538461 0.0
79 88.46153846153847 0.0
80 80.76923076923077 0.0
81 69.23076923076923 0.0
82 92.3076923076923 0.0
83 84.61538461538461 0.0
84 92.3076923076923 0.0
85 84.61538461538461 0.0
86 76.92307692307692 0.0
87 76.92307692307692 0.0
88 76.92307692307692 0.0
89 76.92307692307692 0.0
90 80.76923076923077 0.0
91 76.92307692307692 0.0
92 76.92307692307692 0.0
93 76.92307692307692 0.0
94 73.07692307692308 0.0
95 69.23076923076923 0.0
96 69.23076923076923 0.0
97 76.92307692307692 0.0
98 73.07692307692308 0.0
99 61.53846153846154 0.0
100 73.07692307692308 0.0
101 73.07692307692308 0.0
102 73.07692307692308 0.0
103 65.38461538461539 0.0
104 76.92307692307692 0.0
105 73.07692307692308 0.0
106 76.92307692307692 0.0
107 69.23076923076923 0.0
108 69.23076923076923 0.0
109 76.92307692307692 0.0
110 57.69230769230769 0.0
111 84.61538461538461 0.0
112 84.61538461538461 0.0
113 84.61538461538461 0.0
114 76.92307692307692 0.0
115 76.92307692307692 0.0
116 69.23076923076923 0.0
117 84.61538461538461 0.0
118 84.61538461538461 0.0
119 92.3076923076923 0.0
120 92.3076923076923 0.0
121 84.61538461538461 0.0
122 76.92307692307692 0.0
123 80.76923076923077 0.0
124 92.3076923076923 0.0
125 100.0 0.0
126 73.07692307692308 0.0
127 73.07692307692308 0.0
128 76.92307692307692 0.0
129 61.53846153846154 0.0
130 80.76923076923077 0.0
131 69.23076923076923 0.0
132 76.92307692307692 0.0
133 76.92307692307692 0.0
134 76.92307692307692 0.0
135 80.76923076923077 0.0
136 65.38461538461539 0.0
137 80.76923076923077 0.0
138 57.69230769230769 0.0
139 53.84615384615385 0.0
140 84.61538461538461 0.0
141 84.61538461538461 0.0
142 92.3076923076923 0.0
143 100.0 0.0
144 100.0 0.0
145 84.61538461538461 0.0
146 80.76923076923077 0.0
147 80.76923076923077 0.0
148 73.07692307692308 0.0
149 76.92307692307692 0.0
150 92.3076923076923 0.0
151 76.92307692307692 0.0
152 76.92307692307692 0.0
153 76.92307692307692 0.0
154 80.76923076923077 0.0
155 76.92307692307692 0.0
156 84.61538461538461 0.0
157 76.92307692307692 0.0
158 92.3076923076923 0.0
159 84.61538461538461 0.0
160 84.61538461538461 0.0
161 84.61538461538461 0.0
162 84.61538461538461 0.0
163 92.3076923076923 0.0
164 84.61538461538461 0.0
165 92.3076923076923 0.0
166 100.0 0.0
167 92.3076923076923 0.0
168 80.76923076923077 0.0
169 100.0 0.0
170 84.61538461538461 0.0
171 84.61538461538461 0.0
172 84.61538461538461 0.0
173 76.92307692307692 0.0
174 80.76923076923077 0.0
175 84.61538461538461 0.0
176 76.92307692307692 0.0
177 80.76923076923077 0.0
178 92.3076923076923 0.0
179 69.23076923076923 0.0
180 69.23076923076923 0.0
181 84.61538461538461 0.0
182 65.38461538461539 0.0
183 76.92307692307692 0.0
184 88.46153846153847 0.0
185 92.3076923076923 0.0
186 92.3076923076923 0.0
187 80.76923076923077 0.0
188 84.61538461538461 0.0
189 84.61538461538461 0.0
190 73.07692307692308 0.0
191 69.23076923076923 0.0
192 76.92307692307692 0.0
193 76.92307692307692 0.0
194 76.92307692307692 0.0
195 84.61538461538461 0.0
196 69.23076923076923 0.0
197 80.76923076923077 0.0
198 69.23076923076923 0.0
199 84.61538461538461 0.0
200 92.3076923076923 0.0
201 84.61538461538461 0.0
202 84.61538461538461 0.0
203 76.92307692307692 0.0
204 69.23076923076923 0.0
205 80.76923076923077 0.0
206 69.23076923076923 0.0
207 76.92307692307692 0.0
208 84.61538461538461 0.0
209 76.92307692307692 0.0
210 84.61538461538461 0.0
211 84.61538461538461 0.0
212 84.61538461538461 0.0
213 84.61538461538461 0.0
214 84.61538461538461 0.0
215 84.61538461538461 0.0
216 84.61538461538461 0.0
217 69.23076923076923 0.0
218 76.92307692307692 0.0
219 65.38461538461539 0.0
220 69.23076923076923 0.0
221 69.23076923076923 0.0
222 76.92307692307692 0.0
223 73.07692307692308 0.0
224 53.84615384615385 0.0
225 61.53846153846154 0.0
226 50.0 0.0
227 38.46153846153846 0.0
228 42.30769230769231 0.0
229 50.0 0.0
230 57.69230769230769 0.0
231 76.92307692307692 0.0
232 69.23076923076923 0.0
233 53.84615384615385 0.0
234 76.92307692307692 0.0
235 76.92307692307692 0.0
236 84.61538461538461 0.0
237 76.92307692307692 0.0
238 65.38461538461539 0.0
239 84.61538461538461 0.0
240 73.07692307692308 0.0
241 73.07692307692308 0.0
242 57.69230769230769 0.0
243 69.23076923076923 0.0
244 80.76923076923077 0.0
245 69.23076923076923 0.0
246 69.23076923076923 0.0
247 84.61538461538461 0.0
248 92.3076923076923 0.0
249 69.23076923076923 0.0
250 76.92307692307692 0.0
251 76.92307692307692 0.0
252 69.23076923076923 0.0
253 73.07692307692308 0.0
254 73.07692307692308 0.0
255 80.76923076923077 0.0
256 65.38461538461539 0.0
257 80.76923076923077 0.0
258 80.76923076923077 0.0
259 84.61538461538461 0.0
260 69.23076923076923 0.0
261 84.61538461538461 0.0
262 84.61538461538461 0.0
263 76.92307692307692 0.0
264 76.92307692307692 0.0
265 69.23076923076923 0.0
266 76.92307692307692 0.0
267 84.61538461538461 0.0
268 65.38461538461539 0.0
269 76.92307692307692 0.0
270 84.61538461538461 0.0
271 84.61538461538461 0.0
272 84.61538461538461 0.0
273 84.61538461538461 0.0
274 92.3076923076923 0.0
275 92.3076923076923 0.0
276 84.61538461538461 0.0
277 92.3076923076923 0.0
278 69.23076923076923 0.0
279 84.61538461538461 0.0
280 92.3076923076923 0.0
281 84.61538461538461 0.0
282 84.61538461538461 0.0
283 76.92307692307692 0.0
284 73.07692307692308 0.0
285 76.92307692307692 0.0
286 69.23076923076923 0.0
287 92.3076923076923 0.0
288 84.61538461538461 0.0
289 84.61538461538461 0.0
290 92.3076923076923 0.0
291 76.92307692307692 0.0
292 92.3076923076923 0.0
293 76.92307692307692 0.0
294 84.61538461538461 0.0
295 76.92307692307692 0.0
296 76.92307692307692 0.0
297 53.84615384615385 0.0
298 76.92307692307692 0.0
299 92.3076923076923 0.0
300 73.07692307692308 0.0
301 69.23076923076923 0.0
302 80.76923076923077 0.0
303 69.23076923076923 0.0
304 61.53846153846154 0.0
305 76.92307692307692 0.0
306 76.92307692307692 0.0
307 84.61538461538461 0.0
308 92.3076923076923 0.0
309 84.61538461538461 0.0
310 69.23076923076923 0.0
311 88.46153846153847 0.0
312 76.92307692307692 0.0
313 65.38461538461539 0.0
314 69.23076923076923 0.0
315 76.92307692307692 0.0
316 73.07692307692308 0.0
317 84.61538461538461 0.0
318 73.07692307692308 0.0
319 76.92307692307692 0.0
320 80.76923076923077 0.0
321 73.07692307692308 0.0
322 73.07692307692308 0.0
323 80.76923076923077 0.0
324 76.92307692307692 0.0
325 76.92307692307692 0.0
326 65.38461538461539 0.0
327 61.53846153846154 0.0
328 73.07692307692308 0.0
329 69.23076923076923 0.0
330 76.92307692307692 0.0
331 69.23076923076923 0.0
332 100.0 0.0
333 84.61538461538461 0.0
334 92.3076923076923 0.0
335 92.3076923076923 0.0
336 92.3076923076923 0.0
337 92.3076923076923 0.0
338 92.3076923076923 0.0
339 92.3076923076923 0.0
340 76.92307692307692 0.0
341 76.92307692307692 0.0
342 73.07692307692308 0.0
343 65.38461538461539 0.0
344 53.84615384615385 0.0
345 57.69230769230769 0.0
346 69.23076923076923 0.0
347 69.23076923076923 0.0
348 76.92307692307692 0.0
349 65.38461538461539 0.0
350 76.92307692307692 0.0
351 76.92307692307692 0.0
352 76.92307692307692 0.0
353 76.92307692307692 0.0
354 57.69230769230769 0.0
355 57.69230769230769 0.0
356 65.38461538461539 0.0
357 61.53846153846154 0.0
358 84.61538461538461 0.0
359 84.61538461538461 0.0
360 69.23076923076923 0.0
361 53.84615384615385 0.0
362 76.92307692307692 0.0
363 76.92307692307692 0.0
364 65.38461538461539 0.0
365 73.07692307692308 0.0
366 65.38461538461539 0.0
367 76.92307692307692 0.0
368 69.23076923076923 0.0
369 76.92307692307692 0.0
370 73.07692307692308 0.0
371 76.92307692307692 0.0
372 57.69230769230769 0.0
373 57.69230769230769 0.0
374 65.38461538461539 0.0
375 84.61538461538461 0.0
376 80.76923076923077 0.0
377 92.3076923076923 0.0
378 61.53846153846154 0.0
379 92.3076923076923 0.0
380 76.92307692307692 0.0
381 76.92307692307692 0.0
382 76.92307692307692 0.0
383 73.07692307692308 0.0
384 65.38461538461539 0.0
385 65.38461538461539 0.0
386 76.92307692307692 0.0
387 73.07692307692308 0.0
388 65.38461538461539 0.0
389 73.07692307692308 0.0
390 73.07692307692308 0.0
391 61.53846153846154 0.0
392 61.53846153846154 0.0
393 53.84615384615385 0.0
394 65.38461538461539 0.0
395 76.92307692307692 0.0
396 80.76923076923077 0.0
397 73.07692307692308 0.0
398 76.92307692307692 0.0
399 76.92307692307692 0.0
400 73.07692307692308 0.0
401 69.23076923076923 0.0
402 76.92307692307692 0.0
403 76.92307692307692 0.0
404 76.92307692307692 0.0
405 76.92307692307692 0.0
406 69.23076923076923 0.0
407 69.23076923076923 0.0
408 76.92307692307692 0.0
409 69.23076923076923 0.0
410 92.3076923076923 0.0
411 76.92307692307692 0.0
412 76.92307692307692 0.0
413 69.23076923076923 0.0
414 65.38461538461539 0.0
415 80.76923076923077 0.0
416 92.3076923076923 0.0
417 76.92307692307692 0.0
418 84.61538461538461 0.0
419 92.3076923076923 0.0
420 69.23076923076923 0.0
421 76.92307692307692 0.0
422 69.23076923076923 0.0
423 53.84615384615385 0.0
424 69.23076923076923 0.0
425 80.76923076923077 0.0
426 61.53846153846154 0.0
427 61.53846153846154 0.0
428 73.07692307692308 0.0
429 76.92307692307692 0.0
430 76.92307692307692 0.0
431 92.3076923076923 0.0
432 92.3076923076923 0.0
433 92.3076923076923 0.0
434 88.46153846153847 0.0
435 80.76923076923077 0.0
436 61.53846153846154 0.0
437 76.92307692307692 0.0
438 73.07692307692308 0.0
439 65.38461538461539 0.0
440 69.23076923076923 0.0
441 69.23076923076923 0.0
442 73.07692307692308 0.0
443 73.07692307692308 0.0
444 73.07692307692308 0.0
445 69.23076923076923 0.0
446 80.76923076923077 0.0
447 65.38461538461539 0.0
448 57.69230769230769 0.0
449 57.69230769230769 0.0
450 53.84615384615385 0.0
451 38.46153846153846 0.0
452 53.84615384615385 0.0
453 65.38461538461539 0.0
454 57.69230769230769 0.0
455 61.53846153846154 0.0
456 65.38461538461539 0.0
457 65.38461538461539 0.0
458 69.23076923076923 0.0
459 65.38461538461539 0.0
460 53.84615384615385 0.0
461 61.53846153846154 0.0
462 61.53846153846154 0.0
463 53.84615384615385 0.0
464 61.53846153846154 0.0
465 69.23076923076923 0.0
466 69.23076923076923 0.0
467 76.92307692307692 0.0
468 65.38461538461539 0.0
469 65.38461538461539 0.0
470 61.53846153846154 0.0
471 65.38461538461539 0.0
472 53.84615384615385 0.0
473 53.84615384615385 0.0
474 46.15384615384615 0.0
475 69.23076923076923 0.0
476 69.23076923076923 0.0
477 76.92307692307692 0.0
478 76.92307692307692 0.0
479 84.61538461538461 0.0
480 57.69230769230769 0.0
481 53.84615384615385 0.0
482 76.92307692307692 0.0
483 69.23076923076923 0.0
484 76.92307692307692 0.0
485 84.61538461538461 0.0
486 76.92307692307692 0.0
487 69.23076923076923 0.0
488 76.92307692307692 0.0
489 76.92307692307692 0.0
490 76.92307692307692 0.0
491 76.92307692307692 0.0
492 73.07692307692308 0.0
493 65.38461538461539 0.0
494 84.61538461538461 0.0
495 100.0 0.0
496 69.23076923076923 0.0
497 76.92307692307692 0.0
498 84.61538461538461 0.0
499 69.23076923076923 0.0
500 92.3076923076923 0.0
501 92.3076923076923 0.0
502 100.0 0.0
503 76.92307692307692 0.0
504 88.46153846153847 0.0
505 84.61538461538461 0.0
506 76.92307692307692 0.0
507 76.92307692307692 0.0
508 76.92307692307692 0.0
509 84.61538461538461 0.0
510 73.07692307692308 0.0
511 84.61538461538461 0.0
512 92.3076923076923 0.0
513 92.3076923076923 0.0
514 76.92307692307692 0.0
515 69.23076923076923 0.0
516 76.92307692307692 0.0
517 92.3076923076923 0.0
518 69.23076923076923 0.0
519 84.61538461538461 0.0
520 73.07692307692308 0.0
521 69.23076923076923 0.0
522 92.3076923076923 0.0
523 69.23076923076923 0.0
524 84.61538461538461 0.0
525 76.92307692307692 0.0
526 84.61538461538461 0.0
527 61.53846153846154 0.0
528 69.23076923076923 0.0
529 76.92307692307692 0.0
530 80.76923076923077 0.0
531 69.23076923076923 0.0
532 61.53846153846154 0.0
533 73.07692307692308 0.0
534 73.07692307692308 0.0
535 69.23076923076923 0.0
536 69.23076923076923 0.0
537 76.92307692307692 0.0
538 73.07692307692308 0.0
539 76.92307692307692 0.0
540 76.92307692307692 0.0
541 76.92307692307692 0.0
542 84.61538461538461 0.0
543 92.3076923076923 0.0
544 92.3076923076923 0.0
545 76.92307692307692 0.0
546 61.53846153846154 0.0
547 84.61538461538461 0.0
548 84.61538461538461 0.0
549 84.61538461538461 0.0
550 61.53846153846154 0.0
551 61.53846153846154 0.0
552 69.23076923076923 0.0
553 73.07692307692308 0.0
554 61.53846153846154 0.0
555 73.07692307692308 0.0
556 61.53846153846154 0.0
557 76.92307692307692 0.0
558 69.23076923076923 0.0
559 76.92307692307692 0.0
560 76.92307692307692 0.0
561 76.92307692307692 0.0
562 69.23076923076923 0.0
563 76.92307692307692 0.0
564 84.61538461538461 0.0
565 92.3076923076923 0.0
566 92.3076923076923 0.0
567 92.3076923076923 0.0
568 84.61538461538461 0.0
569 76.92307692307692 0.0
570 73.07692307692308 0.0
571 65.38461538461539 0.0
572 73.07692307692308 0.0
573 84.61538461538461 0.0
574 65.38461538461539 0.0
575 84.61538461538461 0.0
576 57.69230769230769 0.0
577 69.23076923076923 0.0
578 76.92307692307692 0.0
579 76.92307692307692 0.0
580 76.92307692307692 0.0
581 80.76923076923077 0.0
582 80.76923076923077 0.0
583 92.3076923076923 0.0
584 92.3076923076923 0.0
585 84.61538461538461 0.0
586 84.61538461538461 0.0
587 100.0 0.0
588 92.3076923076923 0.0
589 100.0 0.0
590 92.3076923076923 0.0
591 76.92307692307692 0.0
592 100.0 0.0
593 84.61538461538461 0.0
594 76.92307692307692 0.0
595 84.61538461538461 0.0
596 76.92307692307692 0.0
597 84.61538461538461 0.0
598 92.3076923076923 0.0
599 69.23076923076923 0.0
600 76.92307692307692 0.0
601 73.07692307692308 0.0
602 76.92307692307692 0.0
603 65.38461538461539 0.0
604 69.23076923076923 0.0
605 84.61538461538461 0.0
606 76.92307692307692 0.0
607 76.92307692307692 0.0
608 84.61538461538461 0.0
609 76.92307692307692 0.0
610 73.07692307692308 0.0
611 73.07692307692308 0.0
612 84.61538461538461 0.0
613 84.61538461538461 0.0
614 76.92307692307692 0.0
615 76.92307692307692 0.0
616 69.23076923076923 0.0
617 61.53846153846154 0.0
618 76.92307692307692 0.0
619 57.69230769230769 0.0
620 61.53846153846154 0.0
621 65.38461538461539 0.0
622 76.92307692307692 0.0
623 65.38461538461539 0.0
624 88.46153846153847 0.0
625 84.61538461538461 0.0
626 73.07692307692308 0.0
627 73.07692307692308 0.0
628 61.53846153846154 0.0
629 80.76923076923077 0.0
630 69.23076923076923 0.0
631 84.61538461538461 0.0
632 73.07692307692308 0.0
633 73.07692307692308 0.0
634 61.53846153846154 0.0
635 57.69230769230769 0.0
636 80.76923076923077 0.0
637 84.61538461538461 0.0
638 80.76923076923077 0.0
639 80.76923076923077 0.0
640 88.46153846153847 0.0
641 73.07692307692308 0.0
642 100.0 0.0
643 92.3076923076923 0.0
644 92.3076923076923 0.0
645 88.46153846153847 0.0
646 92.3076923076923 0.0
647 92.3076923076923 0.0
648 92.3076923076923 0.0
649 92.3076923076923 0.0
650 100.0 0.0
651 92.3076923076923 0.0
652 92.3076923076923 0.0
653 84.61538461538461 0.0
654 84.61538461538461 0.0
655 84.61538461538461 0.0
656 88.46153846153847 0.0
657 92.3076923076923 0.0
658 84.61538461538461 0.0
659 61.53846153846154 0.0
660 76.92307692307692 0.0
661 76.92307692307692 0.0
662 84.61538461538461 0.0
663 69.23076923076923 0.0
664 84.61538461538461 0.0
665 84.61538461538461 0.0
666 76.92307692307692 0.0
667 65.38461538461539 0.0
668 69.23076923076923 0.0
669 65.38461538461539 0.0
670 65.38461538461539 0.0
671 65.38461538461539 0.0
672 65.38461538461539 0.0
673 73.07692307692308 0.0
674 69.23076923076923 0.0
675 65.38461538461539 0.0
676 65.38461538461539 0.0
677 76.92307692307692 0.0
678 73.07692307692308 0.0
679 84.61538461538461 0.0
680 57.69230769230769 0.0
681 76.92307692307692 0.0
682 84.61538461538461 0.0
683 80.76923076923077 0.0
684 65.38461538461539 0.0
685 65.38461538461539 0.0
686 57.69230769230769 0.0
687 65.38461538461539 0.0
688 69.23076923076923 0.0
689 69.23076923076923 0.0
690 84.61538461538461 0.0
691 84.61538461538461 0.0
692 69.23076923076923 0.0
693 84.61538461538461 0.0
694 61.53846153846154 0.0
695 76.92307692307692 0.0
696 61.53846153846154 0.0
697 65.38461538461539 0.0
698 65.38461538461539 0.0
699 42.30769230769231 0.0
700 61.53846153846154 0.0
701 61.53846153846154 0.0
702 61.53846153846154 0.0
703 61.53846153846154 0.0
704 65.38461538461539 0.0
705 53.84615384615385 0.0
706 69.23076923076923 0.0
707 69.23076923076923 0.0
708 65.38461538461539 0.0
709 76.92307692307692 0.0
710 65.38461538461539 0.0
711 69.23076923076923 0.0
712 92.3076923076923 0.0
713 76.92307692307692 0.0
714 76.92307692307692 0.0
715 76.92307692307692 0.0
716 76.92307692307692 0.0
717 88.46153846153847 0.0
718 84.61538461538461 0.0
719 73.07692307692308 0.0
720 76.92307692307692 0.0
721 73.07692307692308 0.0
722 76.92307692307692 0.0
723 76.92307692307692 0.0
724 69.23076923076923 0.0
725 80.76923076923077 0.0
726 80.76923076923077 0.0
727 73.07692307692308 0.0
728 69.23076923076923 0.0
729 69.23076923076923 0.0
730 61.53846153846154 0.0
731 61.53846153846154 0.0
732 65.38461538461539 0.0
733 61.53846153846154 0.0
734 73.07692307692308 0.0
735 65.38461538461539 0.0
736 69.23076923076923 0.0
737 61.53846153846154 0.0
738 73.07692307692308 0.0
739 69.23076923076923 0.0
740 73.07692307692308 0.0
741 73.07692307692308 0.0
742 73.07692307692308 0.0
743 88.46153846153847 0.0
744 73.07692307692308 0.0
745 73.07692307692308 0.0
746 73.07692307692308 0.0
747 69.23076923076923 0.0
748 65.38461538461539 0.0
749 69.23076923076923 0.0
750 76.92307692307692 0.0
751 84.61538461538461 0.0
752 84.61538461538461 0.0
753 92.3076923076923 0.0
754 92.3076923076923 0.0
755 92.3076923076923 0.0
756 84.61538461538461 0.0
757 76.92307692307692 0.0
758 69.23076923076923 0.0
759 73.07692307692308 0.0
760 76.92307692307692 0.0
761 84.61538461538461 0.0
762 76.92307692307692 0.0
763 84.61538461538461 0.0
764 76.92307692307692 0.0
765 84.61538461538461 0.0
766 69.23076923076923 0.0
767 69.23076923076923 0.0
768 65.38461538461539 0.0
769 65.38461538461539 0.0
770 65.38461538461539 0.0
771 69.23076923076923 0.0
772 65.38461538461539 0.0
773 65.38461538461539 0.0
774 69.23076923076923 0.0
775 84.61538461538461 0.0
776 76.92307692307692 0.0
777 84.61538461538461 0.0
778 69.23076923076923 0.0
779 69.23076923076923 0.0
780 69.23076923076923 0.0
781 84.61538461538461 0.0
782 65.38461538461539 0.0
783 76.92307692307692 0.0
784 92.3076923076923 0.0
785 73.07692307692308 0.0
786 84.61538461538461 0.0
787 80.76923076923077 0.0
788 73.07692307692308 0.0
789 80.76923076923077 0.0
790 69.23076923076923 0.0
791 69.23076923076923 0.0
792 57.69230769230769 0.0
793 53.84615384615385 0.0
794 73.07692307692308 0.0
795 88.46153846153847 0.0
796 92.3076923076923 0.0
797 92.3076923076923 0.0
798 57.69230769230769 0.0
799 80.76923076923077 0.0
800 73.07692307692308 0.0
801 73.07692307692308 0.0
802 65.38461538461539 0.0
803 69.23076923076923 0.0
804 69.23076923076923 0.0
805 69.23076923076923 0.0
806 57.69230769230769 0.0
807 61.53846153846154 0.0
808 84.61538461538461 0.0
809 84.61538461538461 0.0
810 69.23076923076923 0.0
811 69.23076923076923 0.0
812 73.07692307692308 0.0
813 69.23076923076923 0.0
814 53.84615384615385 0.0
815 69.23076923076923 0.0
816 69.23076923076923 0.0
817 57.69230769230769 0.0
818 84.61538461538461 0.0
819 80.76923076923077 0.0
820 69.23076923076923 0.0
821 80.76923076923077 0.0
822 69.23076923076923 0.0
823 92.3076923076923 0.0
824 73.07692307692308 0.0
825 69.23076923076923 0.0
826 69.23076923076923 0.0
827 76.92307692307692 0.0
828 84.61538461538461 0.0
829 88.46153846153847 0.0
830 73.07692307692308 0.0
831 69.23076923076923 0.0
832 80.76923076923077 0.0
833 80.76923076923077 0.0
834 84.61538461538461 0.0
835 84.61538461538461 0.0
836 84.61538461538461 0.0
837 92.3076923076923 0.0
838 100.0 0.0
839 84.61538461538461 0.0
840 84.61538461538461 0.0
841 73.07692307692308 0.0
842 69.23076923076923 0.0
843 73.07692307692308 0.0
844 73.07692307692308 0.0
845 84.61538461538461 0.0
846 76.92307692307692 0.0
847 69.23076923076923 0.0
848 76.92307692307692 0.0
849 76.92307692307692 0.0
850 76.92307692307692 0.0
851 61.53846153846154 0.0
852 69.23076923076923 0.0
853 76.92307692307692 0.0
854 76.92307692307692 0.0
855 84.61538461538461 0.0
856 84.61538461538461 0.0
857 100.0 0.0
858 88.46153846153847 0.0
859 84.61538461538461 0.0
860 100.0 0.0
861 100.0 0.0
862 92.3076923076923 0.0
863 76.92307692307692 0.0
864 84.61538461538461 0.0
865 76.92307692307692 0.0
866 76.92307692307692 0.0
867 92.3076923076923 0.0
868 92.3076923076923 0.0
869 84.61538461538461 0.0
870 84.61538461538461 0.0
871 76.92307692307692 0.0
872 92.3076923076923 0.0
873 69.23076923076923 0.0
874 65.38461538461539 0.0
875 76.92307692307692 0.0
876 80.76923076923077 0.0
877 73.07692307692308 0.0
878 84.61538461538461 0.0
879 76.92307692307692 0.0
880 76.92307692307692 0.0
881 69.23076923076923 0.0
882 73.07692307692308 0.0
883 84.61538461538461 0.0
884 80.76923076923077 0.0
885 84.61538461538461 0.0
886 92.3076923076923 0.0
887 84.61538461538461 0.0
888 84.61538461538461 0.0
889 84.61538461538461 0.0
890 100.0 0.0
891 100.0 0.0
892 92.3076923076923 0.0
893 92.3076923076923 0.0
894 100.0 0.0
895 92.3076923076923 0.0
896 92.3076923076923 0.0
897 100.0 0.0
898 84.61538461538461 0.0
899 84.61538461538461 0.0
900 76.92307692307692 0.0
901 69.23076923076923 0.0
902 84.61538461538461 0.0
903 69.23076923076923 0.0
904 76.92307692307692 0.0
905 84.61538461538461 0.0
906 84.61538461538461 0.0
907 92.3076923076923 0.0
908 84.61538461538461 0.0
909 80.76923076923077 0.0
910 73.07692307692308 0.0
911 73.07692307692308 0.0
912 69.23076923076923 0.0
913 73.07692307692308 0.0
914 84.61538461538461 0.0
915 69.23076923076923 0.0
916 76.92307692307692 0.0
917 84.61538461538461 0.0
918 61.53846153846154 0.0
919 65.38461538461539 0.0
920 57.69230769230769 0.0
921 73.07692307692308 0.0
922 57.69230769230769 0.0
923 69.23076923076923 0.0
924 57.69230769230769 0.0
925 69.23076923076923 0.0
926 69.23076923076923 0.0
927 76.92307692307692 0.0
928 69.23076923076923 0.0
929 76.92307692307692 0.0
930 84.61538461538461 0.0
931 84.61538461538461 0.0
932 61.53846153846154 0.0
933 61.53846153846154 0.0
934 61.53846153846154 0.0
935 65.38461538461539 0.0
936 76.92307692307692 0.0
937 92.3076923076923 0.0
938 80.76923076923077 0.0
939 92.3076923076923 0.0
940 84.61538461538461 0.0
941 76.92307692307692 0.0
942 100.0 0.0
943 100.0 0.0
944 84.61538461538461 0.0
945 92.3076923076923 0.0
946 76.92307692307692 0.0
947 76.92307692307692 0.0
948 92.3076923076923 0.0
949 76.92307692307692 0.0
950 84.61538461538461 0.0
951 80.76923076923077 0.0
952 84.61538461538461 0.0
953 76.92307692307692 0.0
954 76.92307692307692 0.0
955 84.61538461538461 0.0
956 80.76923076923077 0.0
957 76.92307692307692 0.0
958 65.38461538461539 0.0
959 61.53846153846154 0.0
960 69.23076923076923 0.0
961 69.23076923076923 0.0
962 73.07692307692308 0.0
963 69.23076923076923 0.0
964 69.23076923076923 0.0
965 57.69230769230769 0.0
966 61.53846153846154 0.0
967 61.53846153846154 0.0
968 69.23076923076923 0.0
969 80.76923076923077 0.0
970 76.92307692307692 0.0
971 69.23076923076923 0.0
972 69.23076923076923 0.0
973 73.07692307692308 0.0
974 73.07692307692308 0.0
975 73.07692307692308 0.0
976 88.46153846153847 0.0
977 88.46153846153847 0.0
978 88.46153846153847 0.0
979 80.76923076923077 0.0
980 84.61538461538461 0.0
981 84.61538461538461 0.0
982 80.76923076923077 0.0
983 84.61538461538461 0.0
984 84.61538461538461 0.0
985 76.92307692307692 0.0
986 76.92307692307692 0.0
987 73.07692307692308 0.0
988 84.61538461538461 0.0
989 84.61538461538461 0.0
990 84.61538461538461 0.0
991 84.61538461538461 0.0
992 53.84615384615385 0.0
993 65.38461538461539 0.0
994 76.92307692307692 0.0
995 69.23076923076923 0.0
996 84.61538461538461 0.0
997 92.3076923076923 0.0
998 92.3076923076923 0.0
999 84.61538461538461 0.0
