#frame monomers_% popc_isolated_%
0 88.46153846153847 0.0
1 84.61538461538461 0.0
2 76.92307692307692 0.0
3 73.07692307692308 0.0
4 65.38461538461539 0.0
5 84.61538461538461 0.0
6 92.3076923076923 0.0
7 92.3076923076923 0.0
8 69.23076923076923 0.0
9 100.0 0.0
10 88.46153846153847 0.0
11 73.07692307692308 0.0
12 88.46153846153847 0.0
13 88.46153846153847 0.0
14 76.92307692307692 0.0
15 76.92307692307692 0.0
16 76.92307692307692 0.0
17 84.61538461538461 0.0
18 84.61538461538461 0.0
19 92.3076923076923 0.0
20 100.0 0.0
21 84.61538461538461 0.0
22 69.23076923076923 0.0
23 80.76923076923077 0.0
24 80.76923076923077 0.0
25 80.76923076923077 0.0
26 84.61538461538461 0.0
27 84.61538461538461 0.0
28 69.23076923076923 0.0
29 84.61538461538461 0.0
30 80.76923076923077 0.0
31 88.46153846153847 0.0
32 65.38461538461539 0.0
33 69.23076923076923 0.0
34 76.92307692307692 0.0
35 84.61538461538461 0.0
36 73.07692307692308 0.0
37 73.07692307692308 0.0
38 73.07692307692308 0.0
39 76.92307692307692 0.0
40 84.61538461538461 0.0
41 84.61538461538461 0.0
42 80.76923076923077 0.0
43 88.46153846153847 0.0
44 88.46153846153847 0.0
45 88.46153846153847 0.0
46 73.07692307692308 0.0
47 84.61538461538461 0.0
48 88.46153846153847 0.0
49 84.61538461538461 0.0
50 73.07692307692308 0.0
51 88.46153846153847 0.0
52 88.46153846153847 0.0
53 88.46153846153847 0.0
54 76.92307692307692 0.0
55 92.3076923076923 0.0
56 80.76923076923077 0.0
57 84.61538461538461 0.0
58 80.76923076923077 0.0
59 92.3076923076923 0.0
60 84.61538461538461 0.0
61 100.0 0.0
62 92.3076923076923 0.0
63 92.3076923076923 0.0
64 100.0 0.0
65 92.3076923076923 0.0
66 84.61538461538461 0.0
67 92.3076923076923 0.0
68 84.61538461538461 0.0
69 76.92307692307692 0.0
70 76.92307692307692 0.0
71 84.61538461538461 0.0
72 84.61538461538461 0.0
73 84.61538461538461 0.0
74 80.76923076923077 0.0
75 80.76923076923077 0.0
76 76.92307692307692 0.0
77 76.92307692307692 0.0
78 84.61538461538461 0.0
79 84.61538461538461 0.0
80 80.76923076923077 0.0
81 69.23076923076923 0.0
82 73.07692307692308 0.0
83 73.07692307692308 0.0
84 73.07692307692308 0.0
85 76.92307692307692 0.0
86 80.76923076923077 0.0
87 76.92307692307692 0.0
88 84.61538461538461 0.0
89 84.61538461538461 0.0
90 69.23076923076923 0.0
91 76.92307692307692 0.0
92 84.61538461538461 0.0
93 80.76923076923077 0.0
94 80.76923076923077 0.0
95 76.92307692307692 0.0
96 84.61538461538461 0.0
97 76.92307692307692 0.0
98 69.23076923076923 0.0
99 76.92307692307692 0.0
100 84.61538461538461 0.0
101 80.76923076923077 0.0
102 80.76923076923077 0.0
103 76.92307692307692 0.0
104 65.38461538461539 0.0
105 57.69230769230769 0.0
106 61.53846153846154 0.0
107 76.92307692307692 0.0
108 80.76923076923077 0.0
109 100.0 0.0
110 88.46153846153847 0.0
111 76.92307692307692 0.0
112 84.61538461538461 0.0
113 84.61538461538461 0.0
114 76.92307692307692 0.0
115 84.61538461538461 0.0
116 84.61538461538461 0.0
117 76.92307692307692 0.0
118 69.23076923076923 0.0
119 84.61538461538461 0.0
120 80.76923076923077 0.0
121 73.07692307692308 0.0
122 80.76923076923077 0.0
123 76.92307692307692 0.0
124 61.53846153846154 0.0
125 69.23076923076923 0.0
126 80.76923076923077 0.0
127 76.92307692307692 0.0
128 73.07692307692308 0.0
129 61.53846153846154 0.0
130 61.53846153846154 0.0
131 69.23076923076923 0.0
132 84.61538461538461 0.0
133 69.23076923076923 0.0
134 73.07692307692308 0.0
135 76.92307692307692 0.0
136 69.23076923076923 0.0
137 61.53846153846154 0.0
138 61.53846153846154 0.0
139 76.92307692307692 0.0
140 84.61538461538461 0.0
141 69.23076923076923 0.0
142 69.23076923076923 0.0
143 80.76923076923077 0.0
144 73.07692307692308 0.0
145 80.76923076923077 0.0
146 73.07692307692308 0.0
147 76.92307692307692 0.0
148 76.92307692307692 0.0
149 84.61538461538461 0.0
150 84.61538461538461 0.0
151 84.61538461538461 0.0
152 76.92307692307692 0.0
153 69.23076923076923 0.0
154 73.07692307692308 0.0
155 73.07692307692308 0.0
156 84.61538461538461 0.0
157 80.76923076923077 0.0
158 88.46153846153847 0.0
159 76.92307692307692 0.0
160 80.76923076923077 0.0
161 76.92307692307692 0.0
162 80.76923076923077 0.0
163 84.61538461538461 0.0
164 80.76923076923077 0.0
165 76.92307692307692 0.0
166 69.23076923076923 0.0
167 80.76923076923077 0.0
168 76.92307692307692 0.0
169 84.61538461538461 0.0
170 84.61538461538461 0.0
171 76.92307692307692 0.0
172 84.61538461538461 0.0
173 84.61538461538461 0.0
174 84.61538461538461 0.0
175 76.92307692307692 0.0
176 76.92307692307692 0.0
177 84.61538461538461 0.0
178 69.23076923076923 0.0
179 76.92307692307692 0.0
180 76.92307692307692 0.0
181 84.61538461538461 0.0
182 100.0 0.0
183 92.3076923076923 0.0
184 84.61538461538461 0.0
185 65.38461538461539 0.0
186 65.38461538461539 0.0
187 76.92307692307692 0.0
188 100.0 0.0
189 100.0 0.0
190 84.61538461538461 0.0
191 92.3076923076923 0.0
192 84.61538461538461 0.0
193 80.76923076923077 0.0
194 57.69230769230769 0.0
195 69.23076923076923 0.0
196 92.3076923076923 0.0
197 61.53846153846154 0.0
198 92.3076923076923 0.0
199 92.3076923076923 0.0
200 76.92307692307692 0.0
201 76.92307692307692 0.0
202 92.3076923076923 0.0
203 76.92307692307692 0.0
204 92.3076923076923 0.0
205 100.0 0.0
206 92.3076923076923 0.0
207 76.92307692307692 0.0
208 76.92307692307692 0.0
209 73.07692307692308 0.0
210 65.38461538461539 0.0
211 76.92307692307692 0.0
212 92.3076923076923 0.0
213 84.61538461538461 0.0
214 76.92307692307692 0.0
215 92.3076923076923 0.0
216 88.46153846153847 0.0
217 80.76923076923077 0.0
218 80.76923076923077 0.0
219 73.07692307692308 0.0
220 73.07692307692308 0.0
221 76.92307692307692 0.0
222 84.61538461538461 0.0
223 92.3076923076923 0.0
224 84.61538461538461 0.0
225 84.61538461538461 0.0
226 80.76923076923077 0.0
227 84.61538461538461 0.0
228 88.46153846153847 0.0
229 80.76923076923077 0.0
230 84.61538461538461 0.0
231 84.61538461538461 0.0
232 84.61538461538461 0.0
233 84.61538461538461 0.0
234 84.61538461538461 0.0
235 76.92307692307692 0.0
236 84.61538461538461 0.0
237 84.61538461538461 0.0
238 100.0 0.0
239 92.3076923076923 0.0
240 88.46153846153847 0.0
241 84.61538461538461 0.0
242 84.61538461538461 0.0
243 92.3076923076923 0.0
244 84.61538461538461 0.0
245 92.3076923076923 0.0
246 100.0 0.0
247 100.0 0.0
248 100.0 0.0
249 84.61538461538461 0.0
250 76.92307692307692 0.0
251 92.3076923076923 0.0
252 84.61538461538461 0.0
253 92.3076923076923 0.0
254 100.0 0.0
255 76.92307692307692 0.0
256 76.92307692307692 0.0
257 65.38461538461539 0.0
258 80.76923076923077 0.0
259 80.76923076923077 0.0
260 73.07692307692308 0.0
261 73.07692307692308 0.0
262 84.61538461538461 0.0
263 76.92307692307692 0.0
264 61.53846153846154 0.0
265 61.53846153846154 0.0
266 57.69230769230769 0.0
267 80.76923076923077 0.0
268 76.92307692307692 0.0
269 65.38461538461539 0.0
270 73.07692307692308 0.0
271 76.92307692307692 0.0
272 92.3076923076923 0.0
273 80.76923076923077 0.0
274 76.92307692307692 0.0
275 92.3076923076923 0.0
276 92.3076923076923 0.0
277 84.61538461538461 0.0
278 100.0 0.0
279 100.0 0.0
280 92.3076923076923 0.0
281 88.46153846153847 0.0
282 88.46153846153847 0.0
283 69.23076923076923 0.0
284 76.92307692307692 0.0
285 100.0 0.0
286 92.3076923076923 0.0
287 88.46153846153847 0.0
288 76.92307692307692 0.0
289 80.76923076923077 0.0
290 84.61538461538461 0.0
291 76.92307692307692 0.0
292 69.23076923076923 0.0
293 73.07692307692308 0.0
294 92.3076923076923 0.0
295 84.61538461538461 0.0
296 84.61538461538461 0.0
297 88.46153846153847 0.0
298 69.23076923076923 0.0
299 76.92307692307692 0.0
300 92.3076923076923 0.0
301 92.3076923076923 0.0
302 100.0 0.0
303 92.3076923076923 0.0
304 84.61538461538461 0.0
305 76.92307692307692 0.0
306 76.92307692307692 0.0
307 69.23076923076923 0.0
308 84.61538461538461 0.0
309 84.61538461538461 0.0
310 88.46153846153847 0.0
311 69.23076923076923 0.0
312 84.61538461538461 0.0
313 84.61538461538461 0.0
314 84.61538461538461 0.0
315 61.53846153846154 0.0
316 80.76923076923077 0.0
317 84.61538461538461 0.0
318 92.3076923076923 0.0
319 76.92307692307692 0.0
320 92.3076923076923 0.0
321 76.92307692307692 0.0
322 84.61538461538461 0.0
323 92.3076923076923 0.0
324 80.76923076923077 0.0
325 76.92307692307692 0.0
326 57.69230769230769 0.0
327 76.92307692307692 0.0
328 76.92307692307692 0.0
329 92.3076923076923 0.0
330 61.53846153846154 0.0
331 57.69230769230769 0.0
332 57.69230769230769 0.0
333 65.38461538461539 0.0
334 61.53846153846154 0.0
335 69.23076923076923 0.0
336 76.92307692307692 0.0
337 76.92307692307692 0.0
338 61.53846153846154 0.0
339 69.23076923076923 0.0
340 73.07692307692308 0.0
341 73.07692307692308 0.0
342 73.07692307692308 0.0
343 92.3076923076923 0.0
344 84.61538461538461 0.0
345 69.23076923076923 0.0
346 69.23076923076923 0.0
347 61.53846153846154 0.0
348 61.53846153846154 0.0
349 73.07692307692308 0.0
350 84.61538461538461 0.0
351 76.92307692307692 0.0
352 84.61538461538461 0.0
353 80.76923076923077 0.0
354 92.3076923076923 0.0
355 84.61538461538461 0.0
356 73.07692307692308 0.0
357 57.69230769230769 0.0
358 57.69230769230769 0.0
359 57.69230769230769 0.0
360 65.38461538461539 0.0
361 80.76923076923077 0.0
362 80.76923076923077 0.0
363 73.07692307692308 0.0
364 80.76923076923077 0.0
365 65.38461538461539 0.0
366 69.23076923076923 0.0
367 76.92307692307692 0.0
368 92.3076923076923 0.0
369 76.92307692307692 0.0
370 84.61538461538461 0.0
371 84.61538461538461 0.0
372 73.07692307692308 0.0
373 84.61538461538461 0.0
374 76.92307692307692 0.0
375 73.07692307692308 0.0
376 69.23076923076923 0.0
377 84.61538461538461 0.0
378 92.3076923076923 0.0
379 84.61538461538461 0.0
380 84.61538461538461 0.0
381 84.61538461538461 0.0
382 73.07692307692308 0.0
383 88.46153846153847 0.0
384 92.3076923076923 0.0
385 84.61538461538461 0.0
386 73.07692307692308 0.0
387 76.92307692307692 0.0
388 69.23076923076923 0.0
389 69.23076923076923 0.0
390 69.23076923076923 0.0
391 76.92307692307692 0.0
392 84.61538461538461 0.0
393 88.46153846153847 0.0
394 92.3076923076923 0.0
395 76.92307692307692 0.0
396 84.61538461538461 0.0
397 69.23076923076923 0.0
398 57.69230769230769 0.0
399 73.07692307692308 0.0
400 84.61538461538461 0.0
401 84.61538461538461 0.0
402 80.76923076923077 0.0
403 76.92307692307692 0.0
404 76.92307692307692 0.0
405 92.3076923076923 0.0
406 92.3076923076923 0.0
407 100.0 0.0
408 100.0 0.0
409 92.3076923076923 0.0
410 76.92307692307692 0.0
411 92.3076923076923 0.0
412 100.0 0.0
413 92.3076923076923 0.0
414 84.61538461538461 0.0
415 69.23076923076923 0.0
416 53.84615384615385 0.0
417 84.61538461538461 0.0
418 92.3076923076923 0.0
419 92.3076923076923 0.0
420 73.07692307692308 0.0
421 76.92307692307692 0.0
422 61.53846153846154 0.0
423 73.07692307692308 0.0
424 73.07692307692308 0.0
425 65.38461538461539 0.0
426 92.3076923076923 0.0
427 76.92307692307692 0.0
428 76.92307692307692 0.0
429 80.76923076923077 0.0
430 80.76923076923077 0.0
431 73.07692307692308 0.0
432 80.76923076923077 0.0
433 76.92307692307692 0.0
434 80.76923076923077 0.0
435 69.23076923076923 0.0
436 84.61538461538461 0.0
437 57.69230769230769 0.0
438 69.23076923076923 0.0
439 57.69230769230769 0.0
440 69.23076923076923 0.0
441 69.23076923076923 0.0
442 65.38461538461539 0.0
443 73.07692307692308 0.0
444 76.92307692307692 0.0
445 80.76923076923077 0.0
446 73.07692307692308 0.0
447 73.07692307692308 0.0
448 76.92307692307692 0.0
449 61.53846153846154 0.0
450 84.61538461538461 0.0
451 73.07692307692308 0.0
452 73.07692307692308 0.0
453 92.3076923076923 0.0
454 76.92307692307692 0.0
455 65.38461538461539 0.0
456 73.07692307692308 0.0
457 69.23076923076923 0.0
458 65.38461538461539 0.0
459 61.53846153846154 0.0
460 57.69230769230769 0.0
461 69.23076923076923 0.0
462 61.53846153846154 0.0
463 34.61538461538461 0.0
464 61.53846153846154 0.0
465 46.15384615384615 0.0
466 46.15384615384615 0.0
467 57.69230769230769 0.0
468 50.0 0.0
469 69.23076923076923 0.0
470 76.92307692307692 0.0
471 80.76923076923077 0.0
472 84.61538461538461 0.0
473 76.92307692307692 0.0
474 73.07692307692308 0.0
475 80.76923076923077 0.0
476 84.61538461538461 0.0
477 88.46153846153847 0.0
478 57.69230769230769 0.0
479 53.84615384615385 0.0
480 57.69230769230769 0.0
481 76.92307692307692 0.0
482 65.38461538461539 0.0
483 65.38461538461539 0.0
484 61.53846153846154 0.0
485 53.84615384615385 0.0
486 65.38461538461539 0.0
487 73.07692307692308 0.0
488 80.76923076923077 0.0
489 84.61538461538461 0.0
490 92.3076923076923 0.0
491 73.07692307692308 0.0
492 73.07692307692308 0.0
493 80.76923076923077 0.0
494 88.46153846153847 0.0
495 80.76923076923077 0.0
496 92.3076923076923 0.0
497 92.3076923076923 0.0
498 80.76923076923077 0.0
499 88.46153846153847 0.0
500 84.61538461538461 0.0
501 76.92307692307692 0.0
502 92.3076923076923 0.0
503 76.92307692307692 0.0
504 73.07692307692308 0.0
505 53.84615384615385 0.0
506 73.07692307692308 0.0
507 84.61538461538461 0.0
508 65.38461538461539 0.0
509 53.84615384615385 0.0
510 76.92307692307692 0.0
511 76.92307692307692 0.0
512 76.92307692307692 0.0
513 76.92307692307692 0.0
514 84.61538461538461 0.0
515 57.69230769230769 0.0
516 65.38461538461539 0.0
517 65.38461538461539 0.0
518 69.23076923076923 0.0
519 61.53846153846154 0.0
520 73.07692307692308 0.0
521 69.23076923076923 0.0
522 84.61538461538461 0.0
523 76.92307692307692 0.0
524 69.23076923076923 0.0
525 76.92307692307692 0.0
526 69.23076923076923 0.0
527 76.92307692307692 0.0
528 73.07692307692308 0.0
529 65.38461538461539 0.0
530 76.92307692307692 0.0
531 65.38461538461539 0.0
532 73.07692307692308 0.0
533 65.38461538461539 0.0
534 57.69230769230769 0.0
535 65.38461538461539 0.0
536 80.76923076923077 0.0
537 65.38461538461539 0.0
538 84.61538461538461 0.0
539 80.76923076923077 0.0
540 80.76923076923077 0.0
541 84.61538461538461 0.0
542 76.92307692307692 0.0
543 76.92307692307692 0.0
544 80.76923076923077 0.0
545 73.07692307692308 0.0
546 76.92307692307692 0.0
547 65.38461538461539 0.0
548 76.92307692307692 0.0
549 69.23076923076923 0.0
550 80.76923076923077 0.0
551 73.07692307692308 0.0
552 76.92307692307692 0.0
553 73.07692307692308 0.0
554 76.92307692307692 0.0
555 92.3076923076923 0.0
556 88.46153846153847 0.0
557 88.46153846153847 0.0
558 76.92307692307692 0.0
559 69.23076923076923 0.0
560 61.53846153846154 0.0
561 53.84615384615385 0.0
562 69.23076923076923 0.0
563 76.92307692307692 0.0
564 84.61538461538461 0.0
565 80.76923076923077 0.0
566 76.92307692307692 0.0
567 84.61538461538461 0.0
568 69.23076923076923 0.0
569 92.3076923076923 0.0
570 84.61538461538461 0.0
571 84.61538461538461 0.0
572 84.61538461538461 0.0
573 61.53846153846154 0.0
574 80.76923076923077 0.0
575 76.92307692307692 0.0
576 84.61538461538461 0.0
577 73.07692307692308 0.0
578 69.23076923076923 0.0
579 92.3076923076923 0.0
580 69.23076923076923 0.0
581 69.23076923076923 0.0
582 61.53846153846154 0.0
583 76.92307692307692 0.0
584 69.23076923076923 0.0
585 61.53846153846154 0.0
586 53.84615384615385 0.0
587 65.38461538461539 0.0
588 57.69230769230769 0.0
589 76.92307692307692 0.0
590 80.76923076923077 0.0
591 65.38461538461539 0.0
592 76.92307692307692 0.0
593 88.46153846153847 0.0
594 88.46153846153847 0.0
595 80.76923076923077 0.0
596 80.76923076923077 0.0
597 73.07692307692308 0.0
598 73.07692307692308 0.0
599 73.07692307692308 0.0
600 80.76923076923077 0.0
601 84.61538461538461 0.0
602 76.92307692307692 0.0
603 84.61538461538461 0.0
604 76.92307692307692 0.0
605 73.07692307692308 0.0
606 73.07692307692308 0.0
607 69.23076923076923 0.0
608 84.61538461538461 0.0
609 69.23076923076923 0.0
610 76.92307692307692 0.0
611 69.23076923076923 0.0
612 84.61538461538461 0.0
613 53.84615384615385 0.0
614 65.38461538461539 0.0
615 73.07692307692308 0.0
616 76.92307692307692 0.0
617 84.61538461538461 0.0
618 100.0 0.0
619 92.3076923076923 0.0
620 100.0 0.0
621 92.3076923076923 0.0
622 92.3076923076923 0.0
623 92.3076923076923 0.0
624 92.3076923076923 0.0
625 100.0 0.0
626 92.3076923076923 0.0
627 84.61538461538461 0.0
628 84.61538461538461 0.0
629 88.46153846153847 0.0
630 76.92307692307692 0.0
631 84.61538461538461 0.0
632 84.61538461538461 0.0
633 88.46153846153847 0.0
634 76.92307692307692 0.0
635 92.3076923076923 0.0
636 65.38461538461539 0.0
637 76.92307692307692 0.0
638 61.53846153846154 0.0
639 69.23076923076923 0.0
640 76.92307692307692 0.0
641 84.61538461538461 0.0
642 73.07692307692308 0.0
643 73.07692307692308 0.0
644 80.76923076923077 0.0
645 73.07692307692308 0.0
646 61.53846153846154 0.0
647 80.76923076923077 0.0
648 73.07692307692308 0.0
649 69.23076923076923 0.0
650 76.92307692307692 0.0
651 73.07692307692308 0.0
652 73.07692307692308 0.0
653 76.92307692307692 0.0
654 76.92307692307692 0.0
655 69.23076923076923 0.0
656 65.38461538461539 0.0
657 65.38461538461539 0.0
658 73.07692307692308 0.0
659 69.23076923076923 0.0
660 65.38461538461539 0.0
661 53.84615384615385 0.0
662 69.23076923076923 0.0
663 73.07692307692308 0.0
664 69.23076923076923 0.0
665 50.0 0.0
666 73.07692307692308 0.0
667 88.46153846153847 0.0
668 92.3076923076923 0.0
669 69.23076923076923 0.0
670 80.76923076923077 0.0
671 65.38461538461539 0.0
672 69.23076923076923 0.0
673 69.23076923076923 0.0
674 61.53846153846154 0.0
675 69.23076923076923 0.0
676 92.3076923076923 0.0
677 84.61538461538461 0.0
678 92.3076923076923 0.0
679 76.92307692307692 0.0
680 73.07692307692308 0.0
681 80.76923076923077 0.0
682 80.76923076923077 0.0
683 76.92307692307692 0.0
684 84.61538461538461 0.0
685 76.92307692307692 0.0
686 61.53846153846154 0.0
687 76.92307692307692 0.0
688 84.61538461538461 0.0
689 84.61538461538461 0.0
690 84.61538461538461 0.0
691 69.23076923076923 0.0
692 76.92307692307692 0.0
693 84.61538461538461 0.0
694 100.0 0.0
695 92.3076923076923 0.0
696 73.07692307692308 0.0
697 76.92307692307692 0.0
698 69.23076923076923 0.0
699 69.23076923076923 0.0
700 84.61538461538461 0.0
701 69.23076923076923 0.0
702 76.92307692307692 0.0
703 76.92307692307692 0.0
704 73.07692307692308 0.0
705 76.92307692307692 0.0
706 84.61538461538461 0.0
707 76.92307692307692 0.0
708 76.92307692307692 0.0
709 76.92307692307692 0.0
710 76.92307692307692 0.0
711 65.38461538461539 0.0
712 84.61538461538461 0.0
713 84.61538461538461 0.0
714 73.07692307692308 0.0
715 80.76923076923077 0.0
716 80.76923076923077 0.0
717 73.07692307692308 0.0
718 73.07692307692308 0.0
719 84.61538461538461 0.0
720 69.23076923076923 0.0
721 84.61538461538461 0.0
722 84.61538461538461 0.0
723 84.61538461538461 0.0
724 76.92307692307692 0.0
725 76.92307692307692 0.0
726 92.3076923076923 0.0
727 92.3076923076923 0.0
728 92.3076923076923 0.0
729 92.3076923076923 0.0
730 84.61538461538461 0.0
731 69.23076923076923 0.0
732 57.69230769230769 0.0
733 76.92307692307692 0.0
734 84.61538461538461 0.0
735 92.3076923076923 0.0
736 92.3076923076923 0.0
737 84.61538461538461 0.0
738 73.07692307692308 0.0
739 69.23076923076923 0.0
740 76.92307692307692 0.0
741 92.3076923076923 0.0
742 100.0 0.0
743 92.3076923076923 0.0
744 84.61538461538461 0.0
745 84.61538461538461 0.0
746 84.61538461538461 0.0
747 76.92307692307692 0.0
748 76.92307692307692 0.0
749 92.3076923076923 0.0
750 65.38461538461539 0.0
751 92.3076923076923 0.0
752 76.92307692307692 0.0
753 53.84615384615385 0.0
754 76.92307692307692 0.0
755 57.69230769230769 0.0
756 53.84615384615385 0.0
757 69.23076923076923 0.0
758 61.53846153846154 0.0
759 65.38461538461539 0.0
760 65.38461538461539 0.0
761 65.38461538461539 0.0
762 73.07692307692308 0.0
763 73.07692307692308 0.0
764 57.69230769230769 0.0
765 69.23076923076923 0.0
766 76.92307692307692 0.0
767 92.3076923076923 0.0
768 92.3076923076923 0.0
769 92.3076923076923 0.0
770 84.61538461538461 0.0
771 100.0 0.0
772 100.0 0.0
773 61.53846153846154 0.0
774 76.92307692307692 0.0
775 76.92307692307692 0.0
776 92.3076923076923 0.0
777 84.61538461538461 0.0
778 92.3076923076923 0.0
779 84.61538461538461 0.0
780 92.3076923076923 0.0
781 92.3076923076923 0.0
782 92.3076923076923 0.0
783 76.92307692307692 0.0
784 84.61538461538461 0.0
785 80.76923076923077 0.0
786 73.07692307692308 0.0
787 80.76923076923077 0.0
788 76.92307692307692 0.0
789 92.3076923076923 0.0
790 73.07692307692308 0.0
791 80.76923076923077 0.0
792 92.3076923076923 0.0
793 84.61538461538461 0.0
794 84.61538461538461 0.0
795 65.38461538461539 0.0
796 73.07692307692308 0.0
797 84.61538461538461 0.0
798 100.0 0.0
799 76.92307692307692 0.0
800 84.61538461538461 0.0
801 73.07692307692308 0.0
802 84.61538461538461 0.0
803 84.61538461538461 0.0
804 84.61538461538461 0.0
805 84.61538461538461 0.0
806 84.61538461538461 0.0
807 84.61538461538461 0.0
808 76.92307692307692 0.0
809 69.23076923076923 0.0
810 69.23076923076923 0.0
811 65.38461538461539 0.0
812 69.23076923076923 0.0
813 65.38461538461539 0.0
814 61.53846153846154 0.0
815 61.53846153846154 0.0
816 76.92307692307692 0.0
817 76.92307692307692 0.0
818 76.92307692307692 0.0
819 76.92307692307692 0.0
820 80.76923076923077 0.0
821 84.61538461538461 0.0
822 92.3076923076923 0.0
823 84.61538461538461 0.0
824 76.92307692307692 0.0
825 80.76923076923077 0.0
826 76.92307692307692 0.0
827 73.07692307692308 0.0
828 73.07692307692308 0.0
829 73.07692307692308 0.0
830 65.38461538461539 0.0
831 73.07692307692308 0.0
832 80.76923076923077 0.0
833 57.69230769230769 0.0
834 61.53846153846154 0.0
835 65.38461538461539 0.0
836 65.38461538461539 0.0
837 65.38461538461539 0.0
838 61.53846153846154 0.0
839 65.38461538461539 0.0
840 65.38461538461539 0.0
841 80.76923076923077 0.0
842 76.92307692307692 0.0
843 73.07692307692308 0.0
844 65.38461538461539 0.0
845 65.38461538461539 0.0
846 76.92307692307692 0.0
847 80.76923076923077 0.0
848 76.92307692307692 0.0
849 92.3076923076923 0.0
850 84.61538461538461 0.0
851 76.92307692307692 0.0
852 84.61538461538461 0.0
853 92.3076923076923 0.0
854 73.07692307692308 0.0
855 84.61538461538461 0.0
856 73.07692307692308 0.0
857 73.07692307692308 0.0
858 73.07692307692308 0.0
859 61.53846153846154 0.0
860 76.92307692307692 0.0
861 73.07692307692308 0.0
862 73.07692307692308 0.0
863 80.76923076923077 0.0
864 61.53846153846154 0.0
865 76.92307692307692 0.0
866 80.76923076923077 0.0
867 84.61538461538461 0.0
868 73.07692307692308 0.0
869 73.07692307692308 0.0
870 50.0 0.0
871 65.38461538461539 0.0
872 69.23076923076923 0.0
873 73.07692307692308 0.0
874 80.76923076923077 0.0
875 80.76923076923077 0.0
876 80.76923076923077 0.0
877 88.46153846153847 0.0
878 80.76923076923077 0.0
879 84.61538461538461 0.0
880 84.61538461538461 0.0
881 84.61538461538461 0.0
882 88.46153846153847 0.0
883 76.92307692307692 0.0
884 84.61538461538461 0.0
885 84.61538461538461 0.0
886 76.92307692307692 0.0
887 84.61538461538461 0.0
888 84.61538461538461 0.0
889 92.3076923076923 0.0
890 92.3076923076923 0.0
891 92.3076923076923 0.0
892 84.61538461538461 0.0
893 80.76923076923077 0.0
894 84.61538461538461 0.0
895 92.3076923076923 0.0
896 84.61538461538461 0.0
897 84.61538461538461 0.0
898 76.92307692307692 0.0
899 76.92307692307692 0.0
900 65.38461538461539 0.0
901 61.53846153846154 0.0
902 84.61538461538461 0.0
903 76.92307692307692 0.0
904 92.3076923076923 0.0
905 76.92307692307692 0.0
906 84.61538461538461 0.0
907 92.3076923076923 0.0
908 92.3076923076923 0.0
909 100.0 0.0
910 92.3076923076923 0.0
911 92.3076923076923 0.0
912 100.0 0.0
913 100.0 0.0
914 84.61538461538461 0.0
915 84.61538461538461 0.0
916 84.61538461538461 0.0
917 92.3076923076923 0.0
918 84.61538461538461 0.0
919 84.61538461538461 0.0
920 92.3076923076923 0.0
921 100.0 0.0
922 100.0 0.0
923 92.3076923076923 0.0
924 84.61538461538461 0.0
925 80.76923076923077 0.0
926 84.61538461538461 0.0
927 80.76923076923077 0.0
928 84.61538461538461 0.0
929 57.69230769230769 0.0
930 76.92307692307692 0.0
931 69.23076923076923 0.0
932 57.69230769230769 0.0
933 69.23076923076923 0.0
934 69.23076923076923 0.0
935 76.92307692307692 0.0
936 80.76923076923077 0.0
937 76.92307692307692 0.0
938 73.07692307692308 0.0
939 73.07692307692308 0.0
940 80.76923076923077 0.0
941 80.76923076923077 0.0
942 80.76923076923077 0.0
943 69.23076923076923 0.0
944 84.61538461538461 0.0
945 73.07692307692308 0.0
946 80.76923076923077 0.0
947 69.23076923076923 0.0
948 69.23076923076923 0.0
949 84.61538461538461 0.0
950 73.07692307692308 0.0
951 53.84615384615385 0.0
952 73.07692307692308 0.0
953 65.38461538461539 0.0
954 61.53846153846154 0.0
955 73.07692307692308 0.0
956 76.92307692307692 0.0
957 84.61538461538461 0.0
958 76.92307692307692 0.0
959 80.76923076923077 0.0
960 76.92307692307692 0.0
961 76.92307692307692 0.0
962 73.07692307692308 0.0
963 73.07692307692308 0.0
964 84.61538461538461 0.0
965 80.76923076923077 0.0
966 65.38461538461539 0.0
967 57.69230769230769 0.0
968 57.69230769230769 0.0
969 57.69230769230769 0.0
970 73.07692307692308 0.0
971 65.38461538461539 0.0
972 65.38461538461539 0.0
973 69.23076923076923 0.0
974 76.92307692307692 0.0
975 76.92307692307692 0.0
976 61.53846153846154 0.0
977 61.53846153846154 0.0
978 42.30769230769231 0.0
979 50.0 0.0
980 38.46153846153846 0.0
981 73.07692307692308 0.0
982 65.38461538461539 0.0
983 65.38461538461539 0.0
984 73.07692307692308 0.0
985 65.38461538461539 0.0
986 73.07692307692308 0.0
987 73.07692307692308 0.0
988 84.61538461538461 0.0
989 69.23076923076923 0.0
990 61.53846153846154 0.0
991 65.38461538461539 0.0
992 69.23076923076923 0.0
993 84.61538461538461 0.0
994 69.23076923076923 0.0
995 84.61538461538461 0.0
996 69.23076923076923 0.0
997 53.84615384615385 0.0
998 69.23076923076923 0.0
999 69.23076923076923 0.0
