#resid average_duration max_duration persistent_contacts
1 6.625 115 48
10 8.375 15 8
11 5.25 28 16
12 4.956521739130435 18 46
13 3.230769230769231 11 26
14 4.540983606557377 19 61
15 3.7 11 30
16 3.6222222222222222 10 45
17 3.9183673469387754 13 49
18 3.1818181818181817 10 33
19 3.8222222222222224 11 45
2 3.707317073170732 14 41
20 4.909090909090909 28 22
21 4.0 14 43
22 3.5833333333333335 11 72
23 8.0 28 7
24 4.127659574468085 17 47
25 3.268292682926829 11 41
26 3.9696969696969697 13 33
3 3.4324324324324325 9 37
4 4.290322580645161 21 62
5 3.3636363636363638 8 33
6 4.666666666666667 21 27
7 3.4693877551020407 11 49
8 10.26086956521739 115 23
9 4.76 18 50
#TOTAL_CONTACTS 2635 for 1000 frames
