#resid average_duration max_duration persistent_contacts
1 3.66 16 50
10 3.2816901408450705 13 71
11 3.5692307692307694 11 65
12 3.8679245283018866 14 53
13 3.4 10 50
14 3.557142857142857 14 70
15 3.901639344262295 14 61
16 4.204301075268817 12 93
17 3.8125 14 32
18 3.26 7 50
19 4.323076923076923 19 65
2 3.8214285714285716 16 56
20 3.8933333333333335 12 75
21 3.4925373134328357 9 67
22 4.271186440677966 14 59
23 3.8363636363636364 13 55
24 3.953125 16 64
25 3.9583333333333335 15 72
26 4.333333333333333 14 21
3 4.146341463414634 15 41
4 4.078431372549019 12 51
5 4.256410256410256 12 39
6 3.626865671641791 19 67
7 3.8461538461538463 15 65
8 3.94 9 50
9 3.775 8 40
#TOTAL_CONTACTS 3559 for 1000 frames
