#resid average_duration max_duration persistent_contacts
1 3.823529411764706 12 68
10 3.5625 12 16
11 3.84 11 50
12 3.9322033898305087 11 59
13 3.7183098591549295 16 71
14 3.9298245614035086 21 57
15 3.2444444444444445 11 45
16 3.6296296296296298 11 54
17 4.742857142857143 23 35
18 5.571428571428571 23 21
19 4.05 18 40
2 3.8260869565217392 12 69
20 3.75 11 64
21 4.357142857142857 13 56
22 4.081081081081081 12 74
23 4.378378378378378 14 37
24 4.138461538461539 16 65
25 0 0 0
26 3.4615384615384617 8 52
3 3.5517241379310347 8 29
4 3.5434782608695654 11 46
5 4.036363636363636 12 55
6 3.7045454545454546 11 44
7 3.5833333333333335 18 36
8 3.289855072463768 11 69
9 3.6666666666666665 12 60
#TOTAL_CONTACTS 3146 for 1000 frames
