#resid average_duration max_duration persistent_contacts
1 3.9642857142857144 11 56
10 4.64 17 50
11 3.35 8 20
12 3.8 14 20
13 4.066666666666666 11 15
14 4.0181818181818185 13 55
15 4.986111111111111 15 72
16 4.03030303030303 9 33
17 4.140625 15 64
18 3.5217391304347827 11 23
19 16.5625 132 16
2 4.545454545454546 9 33
20 3.683333333333333 12 60
21 3.59375 9 32
22 4.265625 17 64
23 3.7346938775510203 12 49
24 4.161290322580645 11 31
25 4.390243902439025 15 41
26 4.0 13 53
3 3.4923076923076923 10 65
4 3.945945945945946 15 37
5 2.8333333333333335 5 6
6 3.7419354838709675 15 62
7 4.369230769230769 14 65
8 4.211538461538462 14 52
9 10.5625 132 32
#TOTAL_CONTACTS 3008 for 1000 frames
