#resid average_duration max_duration persistent_contacts
1 3.4285714285714284 9 28
10 4.170212765957447 15 47
11 3.5652173913043477 10 23
12 5.0 40 45
13 3.590909090909091 14 66
14 3.4565217391304346 10 46
15 7.2 40 15
16 3.5660377358490565 16 53
17 3.784313725490196 8 51
18 4.071428571428571 15 56
19 4.115384615384615 17 52
2 0 0 0
20 3.4716981132075473 10 53
21 3.5952380952380953 9 42
22 3.484848484848485 10 66
23 3.6444444444444444 12 45
24 3.8214285714285716 10 28
25 3.870967741935484 11 62
26 3.6904761904761907 14 42
3 4.220588235294118 16 68
4 4.086956521739131 11 46
5 3.75 9 32
6 4.372549019607843 11 51
7 4.136363636363637 17 44
8 4.029411764705882 12 34
9 3.712328767123288 12 73
#TOTAL_CONTACTS 2874 for 1000 frames
