#resid average_duration max_duration persistent_contacts
1 4.484375 21 64
10 4.259740259740259 15 77
11 4.477611940298507 46 67
12 4.444444444444445 16 54
13 4.264705882352941 18 68
14 3.9 11 40
15 4.5 15 54
16 4.620689655172414 19 58
17 4.158536585365853 20 82
18 3.8493150684931505 14 73
19 4.409836065573771 46 61
2 3.892857142857143 15 56
20 4.035714285714286 17 28
21 3.8970588235294117 20 68
22 4.454545454545454 21 44
23 4.603174603174603 20 63
24 4.479166666666667 20 48
25 3.9206349206349205 19 63
26 3.75 12 24
3 4.2592592592592595 13 54
4 4.365079365079365 14 63
5 4.290909090909091 15 55
6 4.327868852459017 61 61
7 3.596774193548387 13 62
8 5.11864406779661 61 59
9 4.410714285714286 16 56
#TOTAL_CONTACTS 3984 for 1000 frames
