#resid average_duration max_duration persistent_contacts
1 3.78125 17 64
10 4.119402985074627 12 67
11 4.616666666666666 11 60
12 7.155172413793103 84 58
13 3.6666666666666665 15 57
14 3.719298245614035 9 57
15 3.8727272727272726 22 55
16 3.7758620689655173 22 58
17 4.235294117647059 17 68
18 5.405405405405405 84 74
19 4.354838709677419 12 62
2 3.95 17 60
20 3.9272727272727272 14 55
21 4.224137931034483 22 58
22 3.8 18 35
23 4.041666666666667 10 48
24 3.3947368421052633 9 76
25 3.789473684210526 8 19
26 2.642857142857143 5 14
3 3.5 11 62
4 5.1395348837209305 37 43
5 4.413333333333333 22 75
6 4.101449275362318 11 69
7 4.2592592592592595 18 27
8 3.775 15 80
9 4.8 14 5
#TOTAL_CONTACTS 3702 for 1000 frames
