#resid average_duration max_duration persistent_contacts
1 3.8852459016393444 8 61
10 3.7777777777777777 18 45
11 3.735294117647059 10 34
12 3.75 15 52
13 4.287671232876712 18 73
14 3.8421052631578947 10 38
15 3.9166666666666665 14 60
16 3.547169811320755 9 53
17 4.1923076923076925 15 52
18 4.055555555555555 11 36
19 4.359375 16 64
2 3.6097560975609757 9 41
20 3.6808510638297873 18 47
21 4.9411764705882355 17 34
22 3.9607843137254903 16 51
23 3.3902439024390243 11 41
24 3.6216216216216215 9 37
25 2.0 2 1
26 3.872340425531915 15 47
3 3.8793103448275863 13 58
4 3.925925925925926 15 54
5 3.9272727272727272 15 55
6 4.352941176470588 15 34
7 4.912280701754386 18 57
8 4.583333333333333 11 12
9 3.5849056603773586 9 53
#TOTAL_CONTACTS 3031 for 1000 frames
