#resid average_duration max_duration persistent_contacts
1 4.3560090702947845 25 441
10 4.338028169014085 22 426
11 4.374045801526718 18 393
12 4.354166666666667 24 432
13 4.335555555555556 25 450
14 4.158836689038031 26 447
15 4.030107526881721 17 465
16 4.044117647058823 26 408
17 4.485327313769751 28 443
18 4.286096256684492 17 374
19 4.435443037974683 24 395
2 4.5012406947890815 24 403
20 4.639257294429708 36 377
21 4.429530201342282 41 298
22 4.164490861618799 21 383
23 4.4104308390022675 25 441
24 4.343347639484978 18 466
25 4.171945701357466 17 442
26 4.347394540942928 22 403
3 4.08421052631579 21 380
4 4.370283018867925 26 424
5 4.448512585812357 41 437
6 4.3125 26 384
7 4.219321148825065 16 383
8 4.242937853107344 22 354
9 4.316708229426434 36 401
#TOTAL_CONTACTS 27853 for 10100 frames
