-71.5 7.865567e-06
-70.5 2.630315e-05
-69.5 1.082978e-04
-68.5 3.964276e-04
-67.5 1.310660e-03
-66.5 2.640883e-03
-65.5 4.453643e-03
-64.5 6.062873e-03
-63.5 7.173589e-03
-62.5 7.954820e-03
-61.5 8.418690e-03
-60.5 8.451803e-03
-59.5 8.488560e-03
-58.5 8.463127e-03
-57.5 8.410618e-03
-56.5 8.486012e-03
-55.5 8.581887e-03
-54.5 8.862465e-03
-53.5 8.604419e-03
-52.5 8.252067e-03
-51.5 8.545357e-03
-50.5 8.668870e-03
-49.5 8.453592e-03
-48.5 8.134821e-03
-47.5 8.028527e-03
-46.5 7.750264e-03
-45.5 7.704631e-03
-44.5 7.238888e-03
-43.5 7.280043e-03
-42.5 7.068628e-03
-41.5 7.077035e-03
-40.5 6.746922e-03
-39.5 6.613262e-03
-38.5 6.683298e-03
-37.5 6.639339e-03
-36.5 7.005977e-03
-35.5 6.989276e-03
-34.5 7.342633e-03
-33.5 6.947476e-03
-32.5 6.911865e-03
-31.5 7.168218e-03
-30.5 7.368351e-03
-29.5 7.406808e-03
-28.5 7.614554e-03
-27.5 7.506310e-03
-26.5 7.337865e-03
-25.5 6.975573e-03
-24.5 6.423289e-03
-23.5 5.501722e-03
-22.5 4.974888e-03
-21.5 4.525296e-03
-20.5 4.441309e-03
-19.5 5.381759e-03
-18.5 7.970788e-03
-17.5 1.179595e-02
-16.5 1.616274e-02
-15.5 1.957337e-02
-14.5 2.329386e-02
-13.5 2.495152e-02
-12.5 2.411501e-02
-11.5 2.031973e-02
-10.5 1.602296e-02
 -9.5 1.056618e-02
 -8.5 6.255975e-03
 -7.5 3.063678e-03
 -6.5 1.565483e-03
 -5.5 5.192961e-04
 -4.5 2.307394e-04
 -3.5 1.876880e-04
 -2.5 2.374078e-04
 -1.5 2.434002e-04
 -0.5 2.146793e-04
  0.5 1.092089e-04
  1.5 4.988689e-05
  2.5 1.593810e-05
  3.5 2.404443e-05
  4.5 4.238710e-05
  5.5 1.198620e-04
  6.5 5.243420e-04
  7.5 1.548245e-03
  8.5 3.745490e-03
  9.5 7.123856e-03
 10.5 1.134667e-02
 11.5 1.485990e-02
 12.5 1.761043e-02
 13.5 1.860879e-02
 14.5 1.666656e-02
 15.5 1.307963e-02
 16.5 9.876351e-03
 17.5 6.973334e-03
 18.5 4.570222e-03
 19.5 3.223641e-03
 20.5 2.850385e-03
 21.5 3.047496e-03
 22.5 3.443400e-03
 23.5 4.051518e-03
 24.5 4.607044e-03
 25.5 5.202086e-03
 26.5 5.890699e-03
 27.5 6.425405e-03
 28.5 7.101897e-03
 29.5 7.014357e-03
 30.5 6.831863e-03
 31.5 6.645762e-03
 32.5 6.649740e-03
 33.5 6.776893e-03
 34.5 7.006605e-03
 35.5 7.282908e-03
 36.5 7.181185e-03
 37.5 7.232706e-03
 38.5 7.141465e-03
 39.5 7.359835e-03
 40.5 7.577685e-03
 41.5 7.362952e-03
 42.5 7.506636e-03
 43.5 7.352475e-03
 44.5 7.467407e-03
 45.5 7.511934e-03
 46.5 7.328704e-03
 47.5 7.353780e-03
 48.5 7.920031e-03
 49.5 7.706490e-03
 50.5 7.407498e-03
 51.5 7.371115e-03
 52.5 7.525607e-03
 53.5 7.406616e-03
 54.5 7.332051e-03
 55.5 7.429039e-03
 56.5 7.208387e-03
 57.5 7.571542e-03
 58.5 7.498685e-03
 59.5 7.502626e-03
 60.5 7.977636e-03
 61.5 7.847706e-03
 62.5 7.839534e-03
 63.5 8.155902e-03
 64.5 7.838431e-03
 65.5 7.728846e-03
 66.5 6.770931e-03
 67.5 5.862886e-03
 68.5 3.895669e-03
 69.5 2.348151e-03
 70.5 1.081567e-03
 71.5 3.972171e-04
 72.5 1.127608e-04
 73.5 3.365173e-05
 74.5 3.498552e-06
 75.5 2.105727e-07
