z	dens_traj1_401-600	dens_traj1_601-800	dens_traj1_801-1000	dens_traj2_401-600	dens_traj2_601-800	dens_traj2_801-1000	dens_traj3_401-600	dens_traj3_601-800	dens_traj3_801-1000	dens_mean	se
-72.500000	0.000000	0.000000	0.010000	0.010000	0.010000	0.010000	0.010000	0.000000	0.010000	0.006667	0.001667
-71.500000	0.020000	0.010000	0.020000	0.030000	0.020000	0.020000	0.030000	0.010000	0.030000	0.021111	0.002606
-70.500000	0.070000	0.040000	0.060000	0.090000	0.050000	0.070000	0.080000	0.050000	0.080000	0.065556	0.005556
-69.500000	0.160000	0.110000	0.160000	0.190000	0.130000	0.180000	0.190000	0.140000	0.180000	0.160000	0.009428
-68.500000	0.310000	0.250000	0.320000	0.350000	0.270000	0.350000	0.370000	0.290000	0.340000	0.316667	0.013437
-67.500000	0.490000	0.440000	0.520000	0.540000	0.450000	0.560000	0.580000	0.490000	0.530000	0.511111	0.015850
-66.500000	0.680000	0.650000	0.720000	0.720000	0.620000	0.760000	0.770000	0.690000	0.730000	0.704444	0.016424
-65.500000	0.840000	0.820000	0.870000	0.860000	0.770000	0.890000	0.890000	0.850000	0.880000	0.852222	0.012886
-64.500000	0.930000	0.910000	0.950000	0.940000	0.880000	0.950000	0.950000	0.940000	0.960000	0.934444	0.008352
-63.500000	0.980000	0.970000	0.980000	0.980000	0.950000	0.990000	0.980000	0.980000	0.990000	0.977778	0.004006
-62.500000	0.990000	0.990000	1.000000	0.990000	0.990000	1.000000	1.000000	1.000000	1.000000	0.995556	0.001757
-61.500000	1.000000	1.000000	1.000000	1.000000	1.000000	1.000000	1.000000	1.000000	1.000000	1.000000	0.000000
-60.500000	1.000000	1.000000	1.000000	1.000000	1.000000	1.000000	1.000000	1.000000	1.000000	1.000000	0.000000
-59.500000	1.000000	1.000000	1.000000	1.000000	1.000000	1.000000	1.000000	1.000000	1.000000	1.000000	0.000000
-58.500000	1.000000	1.000000	1.000000	1.000000	1.000000	1.000000	1.000000	1.000000	1.000000	1.000000	0.000000
-57.500000	1.000000	1.000000	1.000000	1.000000	1.000000	1.000000	1.000000	1.000000	1.000000	1.000000	0.000000
-56.500000	1.000000	1.000000	1.000000	1.000000	1.000000	1.000000	1.000000	1.000000	1.000000	1.000000	0.000000
-55.500000	1.000000	1.000000	1.000000	1.000000	1.000000	1.000000	1.000000	1.000000	1.000000	1.000000	0.000000
-54.500000	1.000000	1.000000	1.000000	1.000000	1.000000	1.000000	1.000000	1.000000	1.000000	1.000000	0.000000
-53.500000	1.000000	1.000000	1.000000	1.000000	1.000000	1.000000	1.000000	1.000000	1.000000	1.000000	0.000000
-52.500000	1.000000	1.000000	1.000000	1.000000	1.000000	1.000000	1.000000	1.000000	1.000000	1.000000	0.000000
-51.500000	1.000000	1.000000	1.000000	1.000000	1.000000	1.000000	1.000000	1.000000	1.000000	1.000000	0.000000
-50.500000	1.000000	1.000000	1.000000	1.000000	1.000000	1.000000	1.000000	1.000000	1.000000	1.000000	0.000000
-49.500000	1.000000	1.000000	1.000000	1.000000	1.000000	1.000000	1.000000	1.000000	1.000000	1.000000	0.000000
-48.500000	1.000000	1.000000	1.000000	1.000000	1.000000	1.000000	1.000000	1.000000	1.000000	1.000000	0.000000
-47.500000	1.000000	1.000000	1.000000	1.000000	1.000000	1.000000	1.000000	1.000000	1.000000	1.000000	0.000000
-46.500000	1.000000	1.000000	1.000000	1.000000	1.000000	1.000000	1.000000	1.000000	1.000000	1.000000	0.000000
-45.500000	1.000000	1.000000	1.000000	1.000000	1.000000	1.000000	1.000000	1.000000	1.000000	1.000000	0.000000
-44.500000	1.000000	1.000000	1.000000	1.000000	1.000000	1.000000	1.000000	1.000000	1.000000	1.000000	0.000000
-43.500000	1.000000	1.000000	1.000000	1.000000	1.000000	1.000000	1.000000	1.000000	1.000000	1.000000	0.000000
-42.500000	1.000000	1.000000	1.000000	1.000000	1.000000	1.000000	1.000000	1.000000	1.000000	1.000000	0.000000
-41.500000	1.000000	1.000000	1.000000	1.000000	1.000000	1.000000	1.000000	1.000000	1.000000	1.000000	0.000000
-40.500000	1.000000	1.000000	1.000000	1.000000	1.000000	1.000000	1.000000	1.000000	1.000000	1.000000	0.000000
-39.500000	1.000000	1.000000	1.000000	1.000000	1.000000	1.000000	1.000000	1.000000	1.000000	1.000000	0.000000
-38.500000	1.000000	1.000000	1.000000	1.000000	1.000000	1.000000	1.000000	1.000000	1.000000	1.000000	0.000000
-37.500000	1.000000	1.000000	1.000000	1.000000	1.000000	1.000000	1.000000	1.000000	1.000000	1.000000	0.000000
-36.500000	1.000000	1.000000	1.000000	1.000000	1.000000	1.000000	1.000000	1.000000	1.000000	1.000000	0.000000
-35.500000	1.000000	1.000000	1.000000	1.000000	1.000000	1.000000	1.000000	1.000000	1.000000	1.000000	0.000000
-34.500000	1.000000	1.000000	1.000000	1.000000	1.000000	1.000000	1.000000	1.000000	1.000000	1.000000	0.000000
-33.500000	1.000000	1.000000	1.000000	1.000000	1.000000	1.000000	1.000000	1.000000	1.000000	1.000000	0.000000
-32.500000	1.000000	1.000000	1.000000	1.000000	1.000000	1.000000	1.000000	1.000000	1.000000	1.000000	0.000000
-31.500000	1.000000	0.990000	1.000000	1.000000	1.000000	1.000000	1.000000	1.000000	1.000000	0.998889	0.001111
-30.500000	1.000000	1.000000	1.000000	1.000000	1.000000	1.000000	1.000000	1.000000	1.000000	1.000000	0.000000
-29.500000	1.000000	1.000000	1.000000	1.000000	1.000000	1.000000	1.000000	1.000000	1.000000	1.000000	0.000000
-28.500000	0.990000	0.990000	0.990000	0.990000	0.990000	0.990000	0.990000	0.990000	0.990000	0.990000	0.000000
-27.500000	0.980000	0.980000	0.980000	0.980000	0.980000	0.980000	0.980000	0.980000	0.980000	0.980000	0.000000
-26.500000	0.960000	0.970000	0.960000	0.960000	0.960000	0.960000	0.960000	0.960000	0.960000	0.961111	0.001111
-25.500000	0.920000	0.920000	0.920000	0.920000	0.930000	0.920000	0.920000	0.920000	0.920000	0.921111	0.001111
-24.500000	0.870000	0.880000	0.860000	0.860000	0.870000	0.860000	0.860000	0.870000	0.870000	0.866667	0.002357
-23.500000	0.800000	0.810000	0.790000	0.790000	0.810000	0.790000	0.790000	0.800000	0.800000	0.797778	0.002778
-22.500000	0.720000	0.730000	0.710000	0.720000	0.730000	0.720000	0.710000	0.720000	0.720000	0.720000	0.002357
-21.500000	0.640000	0.650000	0.630000	0.640000	0.650000	0.640000	0.630000	0.640000	0.630000	0.638889	0.002606
-20.500000	0.570000	0.570000	0.560000	0.560000	0.570000	0.560000	0.550000	0.560000	0.560000	0.562222	0.002222
-19.500000	0.500000	0.510000	0.500000	0.500000	0.510000	0.500000	0.490000	0.500000	0.490000	0.500000	0.002357
-18.500000	0.450000	0.460000	0.450000	0.450000	0.450000	0.440000	0.440000	0.450000	0.440000	0.447778	0.002222
-17.500000	0.400000	0.400000	0.390000	0.390000	0.400000	0.390000	0.390000	0.390000	0.390000	0.393333	0.001667
-16.500000	0.320000	0.330000	0.320000	0.320000	0.330000	0.320000	0.320000	0.320000	0.320000	0.322222	0.001470
-15.500000	0.240000	0.250000	0.240000	0.230000	0.250000	0.240000	0.230000	0.240000	0.230000	0.238889	0.002606
-14.500000	0.160000	0.160000	0.160000	0.160000	0.170000	0.160000	0.150000	0.160000	0.150000	0.158889	0.002003
-13.500000	0.090000	0.100000	0.090000	0.090000	0.100000	0.090000	0.080000	0.090000	0.080000	0.090000	0.002357
-12.500000	0.040000	0.050000	0.040000	0.040000	0.050000	0.040000	0.040000	0.040000	0.040000	0.042222	0.001470
-11.500000	0.020000	0.020000	0.020000	0.020000	0.020000	0.020000	0.020000	0.020000	0.020000	0.020000	0.000000
-10.500000	0.010000	0.010000	0.010000	0.010000	0.010000	0.010000	0.010000	0.010000	0.010000	0.010000	0.000000
-9.500000	0.000000	0.000000	0.000000	0.000000	0.000000	0.000000	0.000000	0.000000	0.000000	0.000000	0.000000
-8.500000	0.000000	0.000000	0.000000	0.000000	0.000000	0.000000	0.000000	0.000000	0.000000	0.000000	0.000000
-7.500000	0.000000	0.000000	0.000000	0.000000	0.000000	0.000000	0.000000	0.000000	0.000000	0.000000	0.000000
-6.500000	0.000000	0.000000	0.000000	0.000000	0.000000	0.000000	0.000000	0.000000	0.000000	0.000000	0.000000
-5.500000	0.000000	0.000000	0.000000	0.000000	0.000000	0.000000	0.000000	0.000000	0.000000	0.000000	0.000000
-4.500000	0.000000	0.000000	0.000000	0.000000	0.000000	0.000000	0.000000	0.000000	0.000000	0.000000	0.000000
-3.500000	0.000000	0.000000	0.000000	0.000000	0.000000	0.000000	0.000000	0.000000	0.000000	0.000000	0.000000
-2.500000	0.000000	0.000000	0.000000	0.000000	0.000000	0.000000	0.000000	0.000000	0.000000	0.000000	0.000000
-1.500000	0.000000	0.000000	0.000000	0.000000	0.000000	0.000000	0.000000	0.000000	0.000000	0.000000	0.000000
-0.500000	0.000000	0.000000	0.000000	0.000000	0.000000	0.000000	0.000000	0.000000	0.000000	0.000000	0.000000
0.500000	0.000000	0.000000	0.000000	0.000000	0.000000	0.000000	0.000000	0.000000	0.000000	0.000000	0.000000
1.500000	0.000000	0.000000	0.000000	0.000000	0.000000	0.000000	0.000000	0.000000	0.000000	0.000000	0.000000
2.500000	0.000000	0.000000	0.000000	0.000000	0.000000	0.000000	0.000000	0.000000	0.000000	0.000000	0.000000
3.500000	0.000000	0.000000	0.000000	0.000000	0.000000	0.000000	0.000000	0.000000	0.000000	0.000000	0.000000
4.500000	0.000000	0.000000	0.000000	0.000000	0.000000	0.000000	0.000000	0.000000	0.000000	0.000000	0.000000
5.500000	0.000000	0.000000	0.000000	0.000000	0.000000	0.000000	0.000000	0.000000	0.000000	0.000000	0.000000
6.500000	0.000000	0.000000	0.000000	0.000000	0.000000	0.000000	0.000000	0.000000	0.000000	0.000000	0.000000
7.500000	0.000000	0.000000	0.000000	0.000000	0.000000	0.000000	0.000000	0.000000	0.000000	0.000000	0.000000
8.500000	0.000000	0.000000	0.000000	0.000000	0.000000	0.000000	0.000000	0.000000	0.000000	0.000000	0.000000
9.500000	0.000000	0.000000	0.000000	0.000000	0.000000	0.000000	0.000000	0.000000	0.000000	0.000000	0.000000
10.500000	0.010000	0.010000	0.010000	0.010000	0.010000	0.010000	0.010000	0.010000	0.010000	0.010000	0.000000
11.500000	0.020000	0.020000	0.020000	0.020000	0.020000	0.020000	0.020000	0.020000	0.020000	0.020000	0.000000
12.500000	0.050000	0.050000	0.040000	0.040000	0.050000	0.040000	0.040000	0.040000	0.040000	0.043333	0.001667
13.500000	0.090000	0.100000	0.090000	0.090000	0.090000	0.090000	0.090000	0.090000	0.090000	0.091111	0.001111
14.500000	0.160000	0.170000	0.160000	0.160000	0.160000	0.150000	0.150000	0.160000	0.160000	0.158889	0.002003
15.500000	0.240000	0.250000	0.240000	0.240000	0.250000	0.240000	0.230000	0.240000	0.240000	0.241111	0.002003
16.500000	0.320000	0.330000	0.320000	0.320000	0.330000	0.320000	0.310000	0.320000	0.320000	0.321111	0.002003
17.500000	0.390000	0.400000	0.390000	0.390000	0.400000	0.390000	0.380000	0.390000	0.390000	0.391111	0.002003
18.500000	0.450000	0.450000	0.450000	0.450000	0.460000	0.450000	0.440000	0.450000	0.450000	0.450000	0.001667
19.500000	0.510000	0.510000	0.500000	0.500000	0.510000	0.500000	0.490000	0.500000	0.500000	0.502222	0.002222
20.500000	0.570000	0.570000	0.560000	0.560000	0.570000	0.560000	0.550000	0.560000	0.560000	0.562222	0.002222
21.500000	0.640000	0.640000	0.630000	0.630000	0.640000	0.630000	0.630000	0.640000	0.630000	0.634444	0.001757
22.500000	0.720000	0.730000	0.710000	0.710000	0.730000	0.710000	0.710000	0.720000	0.710000	0.716667	0.002887
23.500000	0.800000	0.810000	0.790000	0.790000	0.810000	0.800000	0.790000	0.800000	0.790000	0.797778	0.002778
24.500000	0.870000	0.870000	0.860000	0.860000	0.880000	0.860000	0.860000	0.870000	0.870000	0.866667	0.002357
25.500000	0.920000	0.930000	0.920000	0.920000	0.930000	0.920000	0.920000	0.920000	0.920000	0.922222	0.001470
26.500000	0.960000	0.960000	0.960000	0.960000	0.960000	0.960000	0.960000	0.960000	0.960000	0.960000	0.000000
27.500000	0.980000	0.990000	0.980000	0.980000	0.980000	0.980000	0.980000	0.980000	0.980000	0.981111	0.001111
28.500000	0.990000	0.990000	0.990000	0.990000	0.990000	0.990000	0.990000	0.990000	0.990000	0.990000	0.000000
29.500000	1.000000	1.000000	1.000000	1.000000	1.000000	1.000000	1.000000	1.000000	1.000000	1.000000	0.000000
30.500000	1.000000	1.000000	1.000000	1.000000	1.000000	1.000000	1.000000	1.000000	1.000000	1.000000	0.000000
31.500000	1.000000	1.000000	1.000000	1.000000	1.000000	1.000000	1.000000	1.000000	1.000000	1.000000	0.000000
32.500000	1.000000	1.000000	1.000000	1.000000	1.000000	1.000000	1.000000	1.000000	1.000000	1.000000	0.000000
33.500000	1.000000	1.000000	1.000000	1.000000	1.000000	1.000000	1.000000	1.000000	1.000000	1.000000	0.000000
34.500000	1.000000	1.000000	1.000000	1.000000	1.000000	1.000000	1.000000	1.000000	1.000000	1.000000	0.000000
35.500000	1.000000	1.000000	1.000000	1.000000	1.000000	1.000000	1.000000	1.000000	1.000000	1.000000	0.000000
36.500000	1.000000	1.000000	1.000000	1.000000	1.000000	1.000000	1.000000	1.000000	1.000000	1.000000	0.000000
37.500000	1.000000	1.000000	1.000000	1.000000	1.000000	1.000000	1.000000	1.000000	1.000000	1.000000	0.000000
38.500000	1.000000	1.000000	1.000000	1.000000	1.000000	1.000000	1.000000	1.000000	1.000000	1.000000	0.000000
39.500000	1.000000	1.000000	1.000000	1.000000	1.000000	1.000000	1.000000	1.000000	1.000000	1.000000	0.000000
40.500000	1.000000	1.000000	1.000000	1.000000	1.000000	1.000000	1.000000	1.000000	1.000000	1.000000	0.000000
41.500000	1.000000	1.000000	1.000000	1.000000	1.000000	1.000000	1.000000	1.000000	1.000000	1.000000	0.000000
42.500000	1.000000	1.000000	1.000000	1.000000	1.000000	1.000000	1.000000	1.000000	1.000000	1.000000	0.000000
43.500000	1.000000	1.000000	1.000000	1.000000	1.000000	1.000000	1.000000	1.000000	1.000000	1.000000	0.000000
44.500000	1.000000	1.000000	1.000000	1.000000	1.000000	1.000000	1.000000	1.000000	1.000000	1.000000	0.000000
45.500000	1.000000	1.000000	1.000000	1.000000	1.000000	1.000000	1.000000	1.000000	1.000000	1.000000	0.000000
46.500000	1.000000	1.000000	1.000000	1.000000	1.000000	1.000000	1.000000	1.000000	1.000000	1.000000	0.000000
47.500000	1.000000	1.000000	1.000000	1.000000	1.000000	1.000000	1.000000	1.000000	1.000000	1.000000	0.000000
48.500000	1.000000	1.000000	1.000000	1.000000	1.000000	1.000000	1.000000	1.000000	1.000000	1.000000	0.000000
49.500000	1.000000	1.000000	1.000000	1.000000	1.000000	1.000000	1.000000	1.000000	1.000000	1.000000	0.000000
50.500000	1.000000	1.000000	1.000000	1.000000	1.000000	1.000000	1.000000	1.000000	1.000000	1.000000	0.000000
51.500000	1.000000	1.000000	1.000000	1.000000	1.000000	1.000000	1.000000	1.000000	1.000000	1.000000	0.000000
52.500000	1.000000	1.000000	1.000000	1.000000	1.000000	1.000000	1.000000	1.000000	1.000000	1.000000	0.000000
53.500000	1.000000	1.010000	1.000000	1.000000	1.000000	1.000000	1.000000	1.000000	1.000000	1.001111	0.001111
54.500000	1.000000	1.000000	1.000000	1.000000	1.000000	1.000000	1.000000	1.000000	1.000000	1.000000	0.000000
55.500000	1.000000	1.000000	1.000000	1.000000	1.000000	1.000000	1.000000	1.000000	1.000000	1.000000	0.000000
56.500000	1.000000	1.000000	1.000000	1.000000	1.000000	1.000000	1.000000	1.000000	1.000000	1.000000	0.000000
57.500000	1.000000	1.000000	1.000000	1.000000	1.000000	1.000000	1.000000	1.000000	1.000000	1.000000	0.000000
58.500000	1.000000	1.000000	1.000000	1.000000	1.000000	1.000000	1.000000	1.000000	1.000000	1.000000	0.000000
59.500000	1.000000	1.000000	1.000000	1.000000	1.000000	1.000000	1.000000	1.000000	1.000000	1.000000	0.000000
60.500000	1.000000	1.000000	1.000000	1.000000	1.000000	1.000000	1.000000	1.000000	1.000000	1.000000	0.000000
61.500000	1.000000	1.000000	1.000000	1.000000	1.000000	1.000000	1.000000	1.000000	1.000000	1.000000	0.000000
62.500000	1.000000	1.000000	1.000000	1.000000	0.990000	1.000000	1.000000	1.000000	1.000000	0.998889	0.001111
63.500000	0.990000	0.990000	1.000000	0.990000	0.980000	1.000000	1.000000	0.990000	1.000000	0.993333	0.002357
64.500000	0.970000	0.960000	0.980000	0.970000	0.950000	0.980000	0.980000	0.980000	0.990000	0.973333	0.004082
65.500000	0.920000	0.910000	0.930000	0.930000	0.870000	0.950000	0.950000	0.930000	0.960000	0.927778	0.008941
66.500000	0.820000	0.800000	0.850000	0.840000	0.750000	0.870000	0.880000	0.830000	0.860000	0.833333	0.013333
67.500000	0.660000	0.620000	0.700000	0.690000	0.600000	0.730000	0.750000	0.670000	0.700000	0.680000	0.016159
68.500000	0.470000	0.410000	0.490000	0.510000	0.420000	0.530000	0.550000	0.460000	0.500000	0.482222	0.015704
69.500000	0.290000	0.230000	0.290000	0.330000	0.250000	0.320000	0.340000	0.270000	0.310000	0.292222	0.012335
70.500000	0.150000	0.100000	0.150000	0.180000	0.120000	0.160000	0.180000	0.130000	0.160000	0.147778	0.008941
71.500000	0.060000	0.030000	0.050000	0.080000	0.040000	0.060000	0.070000	0.040000	0.070000	0.055556	0.005556
72.500000	0.020000	0.010000	0.020000	0.030000	0.020000	0.020000	0.020000	0.010000	0.020000	0.018889	0.002003
73.500000	0.000000	0.000000	0.010000	0.010000	0.000000	0.000000	0.010000	0.000000	0.000000	0.003333	0.001667
