#frame monomers_% popc_isolated_%
0 84.61538461538461 0.0
1 84.61538461538461 0.0
2 84.61538461538461 0.0
3 73.07692307692308 0.0
4 53.84615384615385 0.0
5 53.84615384615385 0.0
6 76.92307692307692 0.0
7 76.92307692307692 0.0
8 76.92307692307692 0.0
9 84.61538461538461 0.0
10 84.61538461538461 0.0
11 73.07692307692308 0.0
12 76.92307692307692 0.0
13 61.53846153846154 0.0
14 84.61538461538461 0.0
15 80.76923076923077 0.0
16 80.76923076923077 0.0
17 80.76923076923077 0.0
18 88.46153846153847 0.0
19 84.61538461538461 0.0
20 69.23076923076923 0.0
21 84.61538461538461 0.0
22 80.76923076923077 0.0
23 73.07692307692308 0.0
24 80.76923076923077 0.0
25 65.38461538461539 0.0
26 76.92307692307692 0.0
27 76.92307692307692 0.0
28 84.61538461538461 0.0
29 84.61538461538461 0.0
30 76.92307692307692 0.0
31 73.07692307692308 0.0
32 65.38461538461539 0.0
33 80.76923076923077 0.0
34 80.76923076923077 0.0
35 88.46153846153847 0.0
36 100.0 0.0
37 92.3076923076923 0.0
38 100.0 0.0
39 84.61538461538461 0.0
40 84.61538461538461 0.0
41 69.23076923076923 0.0
42 76.92307692307692 0.0
43 76.92307692307692 0.0
44 69.23076923076923 0.0
45 76.92307692307692 0.0
46 76.92307692307692 0.0
47 84.61538461538461 0.0
48 84.61538461538461 0.0
49 84.61538461538461 0.0
50 84.61538461538461 0.0
51 69.23076923076923 0.0
52 73.07692307692308 0.0
53 65.38461538461539 0.0
54 76.92307692307692 0.0
55 65.38461538461539 0.0
56 73.07692307692308 0.0
57 76.92307692307692 0.0
58 61.53846153846154 0.0
59 57.69230769230769 0.0
60 57.69230769230769 0.0
61 57.69230769230769 0.0
62 73.07692307692308 0.0
63 42.30769230769231 0.0
64 61.53846153846154 0.0
65 76.92307692307692 0.0
66 69.23076923076923 0.0
67 69.23076923076923 0.0
68 92.3076923076923 0.0
69 84.61538461538461 0.0
70 84.61538461538461 0.0
71 84.61538461538461 0.0
72 69.23076923076923 0.0
73 84.61538461538461 0.0
74 76.92307692307692 0.0
75 84.61538461538461 0.0
76 65.38461538461539 0.0
77 76.92307692307692 0.0
78 65.38461538461539 0.0
79 84.61538461538461 0.0
80 92.3076923076923 0.0
81 92.3076923076923 0.0
82 76.92307692307692 0.0
83 84.61538461538461 0.0
84 76.92307692307692 0.0
85 84.61538461538461 0.0
86 73.07692307692308 0.0
87 65.38461538461539 0.0
88 80.76923076923077 0.0
89 76.92307692307692 0.0
90 61.53846153846154 0.0
91 69.23076923076923 0.0
92 84.61538461538461 0.0
93 76.92307692307692 0.0
94 84.61538461538461 0.0
95 84.61538461538461 0.0
96 76.92307692307692 0.0
97 92.3076923076923 0.0
98 92.3076923076923 0.0
99 84.61538461538461 0.0
100 92.3076923076923 0.0
101 92.3076923076923 0.0
102 84.61538461538461 0.0
103 92.3076923076923 0.0
104 73.07692307692308 0.0
105 84.61538461538461 0.0
106 84.61538461538461 0.0
107 84.61538461538461 0.0
108 69.23076923076923 0.0
109 76.92307692307692 0.0
110 92.3076923076923 0.0
111 100.0 0.0
112 76.92307692307692 0.0
113 84.61538461538461 0.0
114 84.61538461538461 0.0
115 92.3076923076923 0.0
116 84.61538461538461 0.0
117 76.92307692307692 0.0
118 84.61538461538461 0.0
119 92.3076923076923 0.0
120 84.61538461538461 0.0
121 92.3076923076923 0.0
122 84.61538461538461 0.0
123 84.61538461538461 0.0
124 92.3076923076923 0.0
125 84.61538461538461 0.0
126 92.3076923076923 0.0
127 92.3076923076923 0.0
128 100.0 0.0
129 84.61538461538461 0.0
130 92.3076923076923 0.0
131 92.3076923076923 0.0
132 92.3076923076923 0.0
133 92.3076923076923 0.0
134 92.3076923076923 0.0
135 76.92307692307692 0.0
136 92.3076923076923 0.0
137 92.3076923076923 0.0
138 84.61538461538461 0.0
139 92.3076923076923 0.0
140 92.3076923076923 0.0
141 84.61538461538461 0.0
142 76.92307692307692 0.0
143 76.92307692307692 0.0
144 69.23076923076923 0.0
145 61.53846153846154 0.0
146 76.92307692307692 0.0
147 80.76923076923077 0.0
148 80.76923076923077 0.0
149 76.92307692307692 0.0
150 80.76923076923077 0.0
151 80.76923076923077 0.0
152 73.07692307692308 0.0
153 84.61538461538461 0.0
154 84.61538461538461 0.0
155 92.3076923076923 0.0
156 100.0 0.0
157 88.46153846153847 0.0
158 100.0 0.0
159 100.0 0.0
160 92.3076923076923 0.0
161 100.0 0.0
162 92.3076923076923 0.0
163 100.0 0.0
164 84.61538461538461 0.0
165 92.3076923076923 0.0
166 92.3076923076923 0.0
167 76.92307692307692 0.0
168 76.92307692307692 0.0
169 69.23076923076923 0.0
170 69.23076923076923 0.0
171 69.23076923076923 0.0
172 65.38461538461539 0.0
173 65.38461538461539 0.0
174 65.38461538461539 0.0
175 76.92307692307692 0.0
176 76.92307692307692 0.0
177 76.92307692307692 0.0
178 84.61538461538461 0.0
179 92.3076923076923 0.0
180 92.3076923076923 0.0
181 100.0 0.0
182 84.61538461538461 0.0
183 100.0 0.0
184 100.0 0.0
185 88.46153846153847 0.0
186 92.3076923076923 0.0
187 76.92307692307692 0.0
188 76.92307692307692 0.0
189 76.92307692307692 0.0
190 76.92307692307692 0.0
191 65.38461538461539 0.0
192 69.23076923076923 0.0
193 73.07692307692308 0.0
194 76.92307692307692 0.0
195 73.07692307692308 0.0
196 84.61538461538461 0.0
197 88.46153846153847 0.0
198 88.46153846153847 0.0
199 84.61538461538461 0.0
200 76.92307692307692 0.0
201 76.92307692307692 0.0
202 84.61538461538461 0.0
203 76.92307692307692 0.0
204 100.0 0.0
205 92.3076923076923 0.0
206 73.07692307692308 0.0
207 65.38461538461539 0.0
208 73.07692307692308 0.0
209 80.76923076923077 0.0
210 73.07692307692308 0.0
211 76.92307692307692 0.0
212 73.07692307692308 0.0
213 88.46153846153847 0.0
214 92.3076923076923 0.0
215 84.61538461538461 0.0
216 100.0 0.0
217 92.3076923076923 0.0
218 92.3076923076923 0.0
219 92.3076923076923 0.0
220 92.3076923076923 0.0
221 100.0 0.0
222 100.0 0.0
223 92.3076923076923 0.0
224 100.0 0.0
225 92.3076923076923 0.0
226 92.3076923076923 0.0
227 92.3076923076923 0.0
228 92.3076923076923 0.0
229 92.3076923076923 0.0
230 92.3076923076923 0.0
231 65.38461538461539 0.0
232 73.07692307692308 0.0
233 65.38461538461539 0.0
234 76.92307692307692 0.0
235 84.61538461538461 0.0
236 76.92307692307692 0.0
237 76.92307692307692 0.0
238 84.61538461538461 0.0
239 69.23076923076923 0.0
240 84.61538461538461 0.0
241 84.61538461538461 0.0
242 92.3076923076923 0.0
243 100.0 0.0
244 84.61538461538461 0.0
245 84.61538461538461 0.0
246 84.61538461538461 0.0
247 92.3076923076923 0.0
248 92.3076923076923 0.0
249 92.3076923076923 0.0
250 88.46153846153847 0.0
251 84.61538461538461 0.0
252 76.92307692307692 0.0
253 92.3076923076923 0.0
254 84.61538461538461 0.0
255 92.3076923076923 0.0
256 84.61538461538461 0.0
257 80.76923076923077 0.0
258 84.61538461538461 0.0
259 80.76923076923077 0.0
260 84.61538461538461 0.0
261 76.92307692307692 0.0
262 76.92307692307692 0.0
263 76.92307692307692 0.0
264 84.61538461538461 0.0
265 92.3076923076923 0.0
266 80.76923076923077 0.0
267 92.3076923076923 0.0
268 84.61538461538461 0.0
269 76.92307692307692 0.0
270 76.92307692307692 0.0
271 84.61538461538461 0.0
272 84.61538461538461 0.0
273 92.3076923076923 0.0
274 92.3076923076923 0.0
275 84.61538461538461 0.0
276 84.61538461538461 0.0
277 76.92307692307692 0.0
278 80.76923076923077 0.0
279 92.3076923076923 0.0
280 84.61538461538461 0.0
281 92.3076923076923 0.0
282 100.0 0.0
283 92.3076923076923 0.0
284 76.92307692307692 0.0
285 84.61538461538461 0.0
286 92.3076923076923 0.0
287 84.61538461538461 0.0
288 76.92307692307692 0.0
289 73.07692307692308 0.0
290 84.61538461538461 0.0
291 76.92307692307692 0.0
292 76.92307692307692 0.0
293 84.61538461538461 0.0
294 84.61538461538461 0.0
295 92.3076923076923 0.0
296 92.3076923076923 0.0
297 92.3076923076923 0.0
298 84.61538461538461 0.0
299 84.61538461538461 0.0
300 76.92307692307692 0.0
301 65.38461538461539 0.0
302 76.92307692307692 0.0
303 65.38461538461539 0.0
304 65.38461538461539 0.0
305 73.07692307692308 0.0
306 76.92307692307692 0.0
307 73.07692307692308 0.0
308 76.92307692307692 0.0
309 65.38461538461539 0.0
310 84.61538461538461 0.0
311 69.23076923076923 0.0
312 73.07692307692308 0.0
313 84.61538461538461 0.0
314 80.76923076923077 0.0
315 73.07692307692308 0.0
316 61.53846153846154 0.0
317 69.23076923076923 0.0
318 73.07692307692308 0.0
319 73.07692307692308 0.0
320 84.61538461538461 0.0
321 92.3076923076923 0.0
322 76.92307692307692 0.0
323 76.92307692307692 0.0
324 84.61538461538461 0.0
325 69.23076923076923 0.0
326 61.53846153846154 0.0
327 65.38461538461539 0.0
328 65.38461538461539 0.0
329 65.38461538461539 0.0
330 73.07692307692308 0.0
331 69.23076923076923 0.0
332 76.92307692307692 0.0
333 76.92307692307692 0.0
334 84.61538461538461 0.0
335 76.92307692307692 0.0
336 76.92307692307692 0.0
337 69.23076923076923 0.0
338 84.61538461538461 0.0
339 73.07692307692308 0.0
340 69.23076923076923 0.0
341 76.92307692307692 0.0
342 69.23076923076923 0.0
343 76.92307692307692 0.0
344 69.23076923076923 0.0
345 76.92307692307692 0.0
346 69.23076923076923 0.0
347 69.23076923076923 0.0
348 76.92307692307692 0.0
349 76.92307692307692 0.0
350 84.61538461538461 0.0
351 92.3076923076923 0.0
352 84.61538461538461 0.0
353 100.0 0.0
354 100.0 0.0
355 100.0 0.0
356 92.3076923076923 0.0
357 76.92307692307692 0.0
358 73.07692307692308 0.0
359 84.61538461538461 0.0
360 69.23076923076923 0.0
361 73.07692307692308 0.0
362 76.92307692307692 0.0
363 84.61538461538461 0.0
364 100.0 0.0
365 92.3076923076923 0.0
366 92.3076923076923 0.0
367 84.61538461538461 0.0
368 76.92307692307692 0.0
369 61.53846153846154 0.0
370 65.38461538461539 0.0
371 69.23076923076923 0.0
372 65.38461538461539 0.0
373 57.69230769230769 0.0
374 76.92307692307692 0.0
375 76.92307692307692 0.0
376 84.61538461538461 0.0
377 76.92307692307692 0.0
378 92.3076923076923 0.0
379 76.92307692307692 0.0
380 76.92307692307692 0.0
381 76.92307692307692 0.0
382 73.07692307692308 0.0
383 80.76923076923077 0.0
384 80.76923076923077 0.0
385 69.23076923076923 0.0
386 92.3076923076923 0.0
387 84.61538461538461 0.0
388 76.92307692307692 0.0
389 73.07692307692308 0.0
390 84.61538461538461 0.0
391 92.3076923076923 0.0
392 92.3076923076923 0.0
393 100.0 0.0
394 84.61538461538461 0.0
395 92.3076923076923 0.0
396 92.3076923076923 0.0
397 73.07692307692308 0.0
398 84.61538461538461 0.0
399 84.61538461538461 0.0
400 76.92307692307692 0.0
401 92.3076923076923 0.0
402 84.61538461538461 0.0
403 84.61538461538461 0.0
404 84.61538461538461 0.0
405 84.61538461538461 0.0
406 84.61538461538461 0.0
407 76.92307692307692 0.0
408 92.3076923076923 0.0
409 84.61538461538461 0.0
410 92.3076923076923 0.0
411 84.61538461538461 0.0
412 76.92307692307692 0.0
413 92.3076923076923 0.0
414 84.61538461538461 0.0
415 84.61538461538461 0.0
416 76.92307692307692 0.0
417 84.61538461538461 0.0
418 100.0 0.0
419 84.61538461538461 0.0
420 100.0 0.0
421 92.3076923076923 0.0
422 84.61538461538461 0.0
423 76.92307692307692 0.0
424 76.92307692307692 0.0
425 84.61538461538461 0.0
426 84.61538461538461 0.0
427 92.3076923076923 0.0
428 76.92307692307692 0.0
429 80.76923076923077 0.0
430 76.92307692307692 0.0
431 84.61538461538461 0.0
432 84.61538461538461 0.0
433 73.07692307692308 0.0
434 84.61538461538461 0.0
435 84.61538461538461 0.0
436 84.61538461538461 0.0
437 76.92307692307692 0.0
438 92.3076923076923 0.0
439 92.3076923076923 0.0
440 76.92307692307692 0.0
441 76.92307692307692 0.0
442 84.61538461538461 0.0
443 76.92307692307692 0.0
444 76.92307692307692 0.0
445 76.92307692307692 0.0
446 80.76923076923077 0.0
447 84.61538461538461 0.0
448 80.76923076923077 0.0
449 84.61538461538461 0.0
450 69.23076923076923 0.0
451 92.3076923076923 0.0
452 84.61538461538461 0.0
453 80.76923076923077 0.0
454 84.61538461538461 0.0
455 76.92307692307692 0.0
456 92.3076923076923 0.0
457 92.3076923076923 0.0
458 92.3076923076923 0.0
459 80.76923076923077 0.0
460 84.61538461538461 0.0
461 84.61538461538461 0.0
462 92.3076923076923 0.0
463 84.61538461538461 0.0
464 92.3076923076923 0.0
465 84.61538461538461 0.0
466 92.3076923076923 0.0
467 84.61538461538461 0.0
468 76.92307692307692 0.0
469 92.3076923076923 0.0
470 92.3076923076923 0.0
471 84.61538461538461 0.0
472 76.92307692307692 0.0
473 84.61538461538461 0.0
474 84.61538461538461 0.0
475 76.92307692307692 0.0
476 84.61538461538461 0.0
477 84.61538461538461 0.0
478 76.92307692307692 0.0
479 76.92307692307692 0.0
480 76.92307692307692 0.0
481 69.23076923076923 0.0
482 69.23076923076923 0.0
483 84.61538461538461 0.0
484 76.92307692307692 0.0
485 84.61538461538461 0.0
486 84.61538461538461 0.0
487 92.3076923076923 0.0
488 92.3076923076923 0.0
489 84.61538461538461 0.0
490 84.61538461538461 0.0
491 69.23076923076923 0.0
492 76.92307692307692 0.0
493 84.61538461538461 0.0
494 76.92307692307692 0.0
495 92.3076923076923 0.0
496 84.61538461538461 0.0
497 84.61538461538461 0.0
498 92.3076923076923 0.0
499 92.3076923076923 0.0
500 76.92307692307692 0.0
501 92.3076923076923 0.0
502 92.3076923076923 0.0
503 92.3076923076923 0.0
504 88.46153846153847 0.0
505 92.3076923076923 0.0
506 84.61538461538461 0.0
507 69.23076923076923 0.0
508 92.3076923076923 0.0
509 76.92307692307692 0.0
510 76.92307692307692 0.0
511 69.23076923076923 0.0
512 84.61538461538461 0.0
513 100.0 0.0
514 100.0 0.0
515 92.3076923076923 0.0
516 92.3076923076923 0.0
517 92.3076923076923 0.0
518 100.0 0.0
519 84.61538461538461 0.0
520 76.92307692307692 0.0
521 76.92307692307692 0.0
522 92.3076923076923 0.0
523 84.61538461538461 0.0
524 80.76923076923077 0.0
525 84.61538461538461 0.0
526 76.92307692307692 0.0
527 92.3076923076923 0.0
528 84.61538461538461 0.0
529 84.61538461538461 0.0
530 92.3076923076923 0.0
531 92.3076923076923 0.0
532 84.61538461538461 0.0
533 92.3076923076923 0.0
534 92.3076923076923 0.0
535 100.0 0.0
536 100.0 0.0
537 100.0 0.0
538 92.3076923076923 0.0
539 100.0 0.0
540 100.0 0.0
541 100.0 0.0
542 100.0 0.0
543 100.0 0.0
544 92.3076923076923 0.0
545 100.0 0.0
546 92.3076923076923 0.0
547 100.0 0.0
548 100.0 0.0
549 84.61538461538461 0.0
550 92.3076923076923 0.0
551 100.0 0.0
552 92.3076923076923 0.0
553 100.0 0.0
554 84.61538461538461 0.0
555 76.92307692307692 0.0
556 92.3076923076923 0.0
557 100.0 0.0
558 84.61538461538461 0.0
559 100.0 0.0
560 100.0 0.0
561 88.46153846153847 0.0
562 92.3076923076923 0.0
563 84.61538461538461 0.0
564 92.3076923076923 0.0
565 92.3076923076923 0.0
566 76.92307692307692 0.0
567 76.92307692307692 0.0
568 92.3076923076923 0.0
569 69.23076923076923 0.0
570 84.61538461538461 0.0
571 76.92307692307692 0.0
572 69.23076923076923 0.0
573 73.07692307692308 0.0
574 65.38461538461539 0.0
575 76.92307692307692 0.0
576 53.84615384615385 0.0
577 50.0 0.0
578 53.84615384615385 0.0
579 76.92307692307692 0.0
580 76.92307692307692 0.0
581 76.92307692307692 0.0
582 69.23076923076923 0.0
583 69.23076923076923 0.0
584 69.23076923076923 0.0
585 84.61538461538461 0.0
586 80.76923076923077 0.0
587 69.23076923076923 0.0
588 76.92307692307692 0.0
589 76.92307692307692 0.0
590 73.07692307692308 0.0
591 73.07692307692308 0.0
592 61.53846153846154 0.0
593 61.53846153846154 0.0
594 69.23076923076923 0.0
595 69.23076923076923 0.0
596 84.61538461538461 0.0
597 84.61538461538461 0.0
598 76.92307692307692 0.0
599 76.92307692307692 0.0
600 69.23076923076923 0.0
601 92.3076923076923 0.0
602 76.92307692307692 0.0
603 84.61538461538461 0.0
604 88.46153846153847 0.0
605 92.3076923076923 0.0
606 84.61538461538461 0.0
607 76.92307692307692 0.0
608 88.46153846153847 0.0
609 92.3076923076923 0.0
610 84.61538461538461 0.0
611 92.3076923076923 0.0
612 100.0 0.0
613 100.0 0.0
614 84.61538461538461 0.0
615 84.61538461538461 0.0
616 92.3076923076923 0.0
617 88.46153846153847 0.0
618 84.61538461538461 0.0
619 80.76923076923077 0.0
620 84.61538461538461 0.0
621 84.61538461538461 0.0
622 73.07692307692308 0.0
623 84.61538461538461 0.0
624 84.61538461538461 0.0
625 92.3076923076923 0.0
626 100.0 0.0
627 84.61538461538461 0.0
628 100.0 0.0
629 92.3076923076923 0.0
630 92.3076923076923 0.0
631 84.61538461538461 0.0
632 92.3076923076923 0.0
633 92.3076923076923 0.0
634 76.92307692307692 0.0
635 92.3076923076923 0.0
636 92.3076923076923 0.0
637 92.3076923076923 0.0
638 92.3076923076923 0.0
639 92.3076923076923 0.0
640 92.3076923076923 0.0
641 92.3076923076923 0.0
642 92.3076923076923 0.0
643 92.3076923076923 0.0
644 92.3076923076923 0.0
645 61.53846153846154 0.0
646 73.07692307692308 0.0
647 80.76923076923077 0.0
648 76.92307692307692 0.0
649 84.61538461538461 0.0
650 76.92307692307692 0.0
651 84.61538461538461 0.0
652 76.92307692307692 0.0
653 84.61538461538461 0.0
654 76.92307692307692 0.0
655 84.61538461538461 0.0
656 92.3076923076923 0.0
657 76.92307692307692 0.0
658 92.3076923076923 0.0
659 84.61538461538461 0.0
660 84.61538461538461 0.0
661 100.0 0.0
662 84.61538461538461 0.0
663 76.92307692307692 0.0
664 92.3076923076923 0.0
665 92.3076923076923 0.0
666 73.07692307692308 0.0
667 76.92307692307692 0.0
668 57.69230769230769 0.0
669 69.23076923076923 0.0
670 84.61538461538461 0.0
671 76.92307692307692 0.0
672 84.61538461538461 0.0
673 76.92307692307692 0.0
674 65.38461538461539 0.0
675 61.53846153846154 0.0
676 73.07692307692308 0.0
677 76.92307692307692 0.0
678 84.61538461538461 0.0
679 84.61538461538461 0.0
680 84.61538461538461 0.0
681 76.92307692307692 0.0
682 92.3076923076923 0.0
683 84.61538461538461 0.0
684 84.61538461538461 0.0
685 76.92307692307692 0.0
686 92.3076923076923 0.0
687 84.61538461538461 0.0
688 69.23076923076923 0.0
689 76.92307692307692 0.0
690 76.92307692307692 0.0
691 84.61538461538461 0.0
692 92.3076923076923 0.0
693 84.61538461538461 0.0
694 84.61538461538461 0.0
695 76.92307692307692 0.0
696 84.61538461538461 0.0
697 92.3076923076923 0.0
698 100.0 0.0
699 84.61538461538461 0.0
700 92.3076923076923 0.0
701 92.3076923076923 0.0
702 92.3076923076923 0.0
703 84.61538461538461 0.0
704 84.61538461538461 0.0
705 84.61538461538461 0.0
706 100.0 0.0
707 100.0 0.0
708 100.0 0.0
709 92.3076923076923 0.0
710 92.3076923076923 0.0
711 84.61538461538461 0.0
712 100.0 0.0
713 84.61538461538461 0.0
714 92.3076923076923 0.0
715 92.3076923076923 0.0
716 100.0 0.0
717 92.3076923076923 0.0
718 92.3076923076923 0.0
719 100.0 0.0
720 100.0 0.0
721 100.0 0.0
722 92.3076923076923 0.0
723 92.3076923076923 0.0
724 92.3076923076923 0.0
725 92.3076923076923 0.0
726 100.0 0.0
727 92.3076923076923 0.0
728 92.3076923076923 0.0
729 84.61538461538461 0.0
730 92.3076923076923 0.0
731 92.3076923076923 0.0
732 69.23076923076923 0.0
733 84.61538461538461 0.0
734 84.61538461538461 0.0
735 92.3076923076923 0.0
736 76.92307692307692 0.0
737 76.92307692307692 0.0
738 84.61538461538461 0.0
739 84.61538461538461 0.0
740 76.92307692307692 0.0
741 73.07692307692308 0.0
742 84.61538461538461 0.0
743 84.61538461538461 0.0
744 76.92307692307692 0.0
745 69.23076923076923 0.0
746 84.61538461538461 0.0
747 92.3076923076923 0.0
748 100.0 0.0
749 76.92307692307692 0.0
750 50.0 0.0
751 84.61538461538461 0.0
752 76.92307692307692 0.0
753 100.0 0.0
754 84.61538461538461 0.0
755 84.61538461538461 0.0
756 84.61538461538461 0.0
757 92.3076923076923 0.0
758 100.0 0.0
759 100.0 0.0
760 84.61538461538461 0.0
761 73.07692307692308 0.0
762 76.92307692307692 0.0
763 84.61538461538461 0.0
764 92.3076923076923 0.0
765 84.61538461538461 0.0
766 80.76923076923077 0.0
767 80.76923076923077 0.0
768 76.92307692307692 0.0
769 76.92307692307692 0.0
770 76.92307692307692 0.0
771 69.23076923076923 0.0
772 69.23076923076923 0.0
773 76.92307692307692 0.0
774 84.61538461538461 0.0
775 69.23076923076923 0.0
776 50.0 0.0
777 73.07692307692308 0.0
778 84.61538461538461 0.0
779 84.61538461538461 0.0
780 88.46153846153847 0.0
781 84.61538461538461 0.0
782 80.76923076923077 0.0
783 92.3076923076923 0.0
784 88.46153846153847 0.0
785 76.92307692307692 0.0
786 69.23076923076923 0.0
787 65.38461538461539 0.0
788 84.61538461538461 0.0
789 76.92307692307692 0.0
790 84.61538461538461 0.0
791 61.53846153846154 0.0
792 69.23076923076923 0.0
793 76.92307692307692 0.0
794 84.61538461538461 0.0
795 84.61538461538461 0.0
796 84.61538461538461 0.0
797 92.3076923076923 0.0
798 92.3076923076923 0.0
799 69.23076923076923 0.0
800 69.23076923076923 0.0
801 61.53846153846154 0.0
802 76.92307692307692 0.0
803 84.61538461538461 0.0
804 69.23076923076923 0.0
805 84.61538461538461 0.0
806 92.3076923076923 0.0
807 84.61538461538461 0.0
808 100.0 0.0
809 92.3076923076923 0.0
810 92.3076923076923 0.0
811 69.23076923076923 0.0
812 92.3076923076923 0.0
813 92.3076923076923 0.0
814 100.0 0.0
815 92.3076923076923 0.0
816 84.61538461538461 0.0
817 92.3076923076923 0.0
818 84.61538461538461 0.0
819 76.92307692307692 0.0
820 76.92307692307692 0.0
821 76.92307692307692 0.0
822 76.92307692307692 0.0
823 92.3076923076923 0.0
824 84.61538461538461 0.0
825 92.3076923076923 0.0
826 76.92307692307692 0.0
827 92.3076923076923 0.0
828 100.0 0.0
829 84.61538461538461 0.0
830 92.3076923076923 0.0
831 61.53846153846154 0.0
832 84.61538461538461 0.0
833 73.07692307692308 0.0
834 92.3076923076923 0.0
835 84.61538461538461 0.0
836 84.61538461538461 0.0
837 92.3076923076923 0.0
838 92.3076923076923 0.0
839 92.3076923076923 0.0
840 76.92307692307692 0.0
841 92.3076923076923 0.0
842 100.0 0.0
843 100.0 0.0
844 100.0 0.0
845 84.61538461538461 0.0
846 100.0 0.0
847 92.3076923076923 0.0
848 100.0 0.0
849 84.61538461538461 0.0
850 76.92307692307692 0.0
851 92.3076923076923 0.0
852 92.3076923076923 0.0
853 92.3076923076923 0.0
854 100.0 0.0
855 100.0 0.0
856 84.61538461538461 0.0
857 92.3076923076923 0.0
858 100.0 0.0
859 92.3076923076923 0.0
860 92.3076923076923 0.0
861 92.3076923076923 0.0
862 92.3076923076923 0.0
863 92.3076923076923 0.0
864 73.07692307692308 0.0
865 92.3076923076923 0.0
866 76.92307692307692 0.0
867 84.61538461538461 0.0
868 76.92307692307692 0.0
869 69.23076923076923 0.0
870 73.07692307692308 0.0
871 61.53846153846154 0.0
872 76.92307692307692 0.0
873 69.23076923076923 0.0
874 84.61538461538461 0.0
875 84.61538461538461 0.0
876 69.23076923076923 0.0
877 76.92307692307692 0.0
878 69.23076923076923 0.0
879 61.53846153846154 0.0
880 53.84615384615385 0.0
881 53.84615384615385 0.0
882 42.30769230769231 0.0
883 53.84615384615385 0.0
884 53.84615384615385 0.0
885 53.84615384615385 0.0
886 61.53846153846154 0.0
887 69.23076923076923 0.0
888 61.53846153846154 0.0
889 69.23076923076923 0.0
890 92.3076923076923 0.0
891 76.92307692307692 0.0
892 84.61538461538461 0.0
893 73.07692307692308 0.0
894 69.23076923076923 0.0
895 69.23076923076923 0.0
896 76.92307692307692 0.0
897 84.61538461538461 0.0
898 84.61538461538461 0.0
899 76.92307692307692 0.0
900 92.3076923076923 0.0
901 69.23076923076923 0.0
902 76.92307692307692 0.0
903 76.92307692307692 0.0
904 76.92307692307692 0.0
905 84.61538461538461 0.0
906 76.92307692307692 0.0
907 69.23076923076923 0.0
908 76.92307692307692 0.0
909 84.61538461538461 0.0
910 69.23076923076923 0.0
911 65.38461538461539 0.0
912 61.53846153846154 0.0
913 57.69230769230769 0.0
914 69.23076923076923 0.0
915 65.38461538461539 0.0
916 76.92307692307692 0.0
917 73.07692307692308 0.0
918 84.61538461538461 0.0
919 92.3076923076923 0.0
920 69.23076923076923 0.0
921 76.92307692307692 0.0
922 76.92307692307692 0.0
923 76.92307692307692 0.0
924 76.92307692307692 0.0
925 92.3076923076923 0.0
926 92.3076923076923 0.0
927 80.76923076923077 0.0
928 80.76923076923077 0.0
929 69.23076923076923 0.0
930 76.92307692307692 0.0
931 80.76923076923077 0.0
932 92.3076923076923 0.0
933 92.3076923076923 0.0
934 73.07692307692308 0.0
935 76.92307692307692 0.0
936 73.07692307692308 0.0
937 92.3076923076923 0.0
938 92.3076923076923 0.0
939 69.23076923076923 0.0
940 61.53846153846154 0.0
941 69.23076923076923 0.0
942 76.92307692307692 0.0
943 76.92307692307692 0.0
944 84.61538461538461 0.0
945 84.61538461538461 0.0
946 76.92307692307692 0.0
947 61.53846153846154 0.0
948 92.3076923076923 0.0
949 100.0 0.0
950 92.3076923076923 0.0
951 84.61538461538461 0.0
952 73.07692307692308 0.0
953 84.61538461538461 0.0
954 69.23076923076923 0.0
955 84.61538461538461 0.0
956 84.61538461538461 0.0
957 84.61538461538461 0.0
958 84.61538461538461 0.0
959 80.76923076923077 0.0
960 80.76923076923077 0.0
961 80.76923076923077 0.0
962 73.07692307692308 0.0
963 73.07692307692308 0.0
964 65.38461538461539 0.0
965 84.61538461538461 0.0
966 84.61538461538461 0.0
967 73.07692307692308 0.0
968 73.07692307692308 0.0
969 69.23076923076923 0.0
970 76.92307692307692 0.0
971 65.38461538461539 0.0
972 73.07692307692308 0.0
973 92.3076923076923 0.0
974 92.3076923076923 0.0
975 88.46153846153847 0.0
976 84.61538461538461 0.0
977 92.3076923076923 0.0
978 76.92307692307692 0.0
979 100.0 0.0
980 92.3076923076923 0.0
981 92.3076923076923 0.0
982 92.3076923076923 0.0
983 92.3076923076923 0.0
984 80.76923076923077 0.0
985 88.46153846153847 0.0
986 88.46153846153847 0.0
987 88.46153846153847 0.0
988 84.61538461538461 0.0
989 84.61538461538461 0.0
990 76.92307692307692 0.0
991 80.76923076923077 0.0
992 80.76923076923077 0.0
993 84.61538461538461 0.0
994 92.3076923076923 0.0
995 80.76923076923077 0.0
996 92.3076923076923 0.0
997 69.23076923076923 0.0
998 84.61538461538461 0.0
999 84.61538461538461 0.0
