#frame monomers_% popc_isolated_%
0 84.61538461538461 0.0
1 92.3076923076923 0.0
2 92.3076923076923 0.0
3 84.61538461538461 0.0
4 76.92307692307692 0.0
5 84.61538461538461 0.0
6 76.92307692307692 0.0
7 84.61538461538461 0.0
8 84.61538461538461 0.0
9 76.92307692307692 0.0
10 65.38461538461539 0.0
11 69.23076923076923 0.0
12 69.23076923076923 0.0
13 69.23076923076923 0.0
14 73.07692307692308 0.0
15 76.92307692307692 0.0
16 69.23076923076923 0.0
17 84.61538461538461 0.0
18 76.92307692307692 0.0
19 69.23076923076923 0.0
20 92.3076923076923 0.0
21 76.92307692307692 0.0
22 84.61538461538461 0.0
23 84.61538461538461 0.0
24 76.92307692307692 0.0
25 100.0 0.0
26 92.3076923076923 0.0
27 76.92307692307692 0.0
28 84.61538461538461 0.0
29 84.61538461538461 0.0
30 84.61538461538461 0.0
31 76.92307692307692 0.0
32 76.92307692307692 0.0
33 76.92307692307692 0.0
34 84.61538461538461 0.0
35 84.61538461538461 0.0
36 73.07692307692308 0.0
37 80.76923076923077 0.0
38 76.92307692307692 0.0
39 80.76923076923077 0.0
40 61.53846153846154 0.0
41 65.38461538461539 0.0
42 76.92307692307692 0.0
43 100.0 0.0
44 92.3076923076923 0.0
45 76.92307692307692 0.0
46 84.61538461538461 0.0
47 100.0 0.0
48 84.61538461538461 0.0
49 92.3076923076923 0.0
50 84.61538461538461 0.0
51 76.92307692307692 0.0
52 84.61538461538461 0.0
53 73.07692307692308 0.0
54 84.61538461538461 0.0
55 84.61538461538461 0.0
56 92.3076923076923 0.0
57 88.46153846153847 0.0
58 88.46153846153847 0.0
59 88.46153846153847 0.0
60 80.76923076923077 0.0
61 100.0 0.0
62 92.3076923076923 0.0
63 84.61538461538461 0.0
64 100.0 0.0
65 100.0 0.0
66 100.0 0.0
67 100.0 0.0
68 100.0 0.0
69 84.61538461538461 0.0
70 100.0 0.0
71 92.3076923076923 0.0
72 92.3076923076923 0.0
73 100.0 0.0
74 100.0 0.0
75 100.0 0.0
76 84.61538461538461 0.0
77 92.3076923076923 0.0
78 92.3076923076923 0.0
79 100.0 0.0
80 92.3076923076923 0.0
81 92.3076923076923 0.0
82 92.3076923076923 0.0
83 100.0 0.0
84 84.61538461538461 0.0
85 84.61538461538461 0.0
86 92.3076923076923 0.0
87 100.0 0.0
88 84.61538461538461 0.0
89 84.61538461538461 0.0
90 100.0 0.0
91 92.3076923076923 0.0
92 76.92307692307692 0.0
93 92.3076923076923 0.0
94 76.92307692307692 0.0
95 76.92307692307692 0.0
96 76.92307692307692 0.0
97 100.0 0.0
98 92.3076923076923 0.0
99 84.61538461538461 0.0
100 84.61538461538461 0.0
101 61.53846153846154 0.0
102 84.61538461538461 0.0
103 88.46153846153847 0.0
104 69.23076923076923 0.0
105 80.76923076923077 0.0
106 73.07692307692308 0.0
107 73.07692307692308 0.0
108 69.23076923076923 0.0
109 92.3076923076923 0.0
110 100.0 0.0
111 84.61538461538461 0.0
112 76.92307692307692 0.0
113 84.61538461538461 0.0
114 65.38461538461539 0.0
115 76.92307692307692 0.0
116 69.23076923076923 0.0
117 73.07692307692308 0.0
118 76.92307692307692 0.0
119 80.76923076923077 0.0
120 69.23076923076923 0.0
121 76.92307692307692 0.0
122 69.23076923076923 0.0
123 69.23076923076923 0.0
124 57.69230769230769 0.0
125 53.84615384615385 0.0
126 61.53846153846154 0.0
127 69.23076923076923 0.0
128 53.84615384615385 0.0
129 65.38461538461539 0.0
130 73.07692307692308 0.0
131 76.92307692307692 0.0
132 92.3076923076923 0.0
133 69.23076923076923 0.0
134 69.23076923076923 0.0
135 76.92307692307692 0.0
136 50.0 0.0
137 69.23076923076923 0.0
138 73.07692307692308 0.0
139 92.3076923076923 0.0
140 84.61538461538461 0.0
141 84.61538461538461 0.0
142 84.61538461538461 0.0
143 92.3076923076923 0.0
144 61.53846153846154 0.0
145 76.92307692307692 0.0
146 84.61538461538461 0.0
147 100.0 0.0
148 84.61538461538461 0.0
149 84.61538461538461 0.0
150 84.61538461538461 0.0
151 73.07692307692308 0.0
152 92.3076923076923 0.0
153 76.92307692307692 0.0
154 84.61538461538461 0.0
155 76.92307692307692 0.0
156 80.76923076923077 0.0
157 61.53846153846154 0.0
158 84.61538461538461 0.0
159 80.76923076923077 0.0
160 84.61538461538461 0.0
161 69.23076923076923 0.0
162 76.92307692307692 0.0
163 84.61538461538461 0.0
164 73.07692307692308 0.0
165 65.38461538461539 0.0
166 76.92307692307692 0.0
167 65.38461538461539 0.0
168 92.3076923076923 0.0
169 76.92307692307692 0.0
170 92.3076923076923 0.0
171 100.0 0.0
172 100.0 0.0
173 100.0 0.0
174 92.3076923076923 0.0
175 92.3076923076923 0.0
176 76.92307692307692 0.0
177 84.61538461538461 0.0
178 84.61538461538461 0.0
179 84.61538461538461 0.0
180 92.3076923076923 0.0
181 92.3076923076923 0.0
182 92.3076923076923 0.0
183 92.3076923076923 0.0
184 80.76923076923077 0.0
185 80.76923076923077 0.0
186 92.3076923076923 0.0
187 80.76923076923077 0.0
188 76.92307692307692 0.0
189 65.38461538461539 0.0
190 76.92307692307692 0.0
191 80.76923076923077 0.0
192 84.61538461538461 0.0
193 92.3076923076923 0.0
194 92.3076923076923 0.0
195 76.92307692307692 0.0
196 84.61538461538461 0.0
197 76.92307692307692 0.0
198 84.61538461538461 0.0
199 76.92307692307692 0.0
200 92.3076923076923 0.0
201 76.92307692307692 0.0
202 84.61538461538461 0.0
203 76.92307692307692 0.0
204 84.61538461538461 0.0
205 100.0 0.0
206 76.92307692307692 0.0
207 92.3076923076923 0.0
208 92.3076923076923 0.0
209 88.46153846153847 0.0
210 84.61538461538461 0.0
211 92.3076923076923 0.0
212 76.92307692307692 0.0
213 69.23076923076923 0.0
214 76.92307692307692 0.0
215 84.61538461538461 0.0
216 76.92307692307692 0.0
217 84.61538461538461 0.0
218 84.61538461538461 0.0
219 92.3076923076923 0.0
220 92.3076923076923 0.0
221 61.53846153846154 0.0
222 69.23076923076923 0.0
223 69.23076923076923 0.0
224 76.92307692307692 0.0
225 69.23076923076923 0.0
226 84.61538461538461 0.0
227 61.53846153846154 0.0
228 57.69230769230769 0.0
229 80.76923076923077 0.0
230 76.92307692307692 0.0
231 69.23076923076923 0.0
232 76.92307692307692 0.0
233 84.61538461538461 0.0
234 84.61538461538461 0.0
235 84.61538461538461 0.0
236 73.07692307692308 0.0
237 76.92307692307692 0.0
238 65.38461538461539 0.0
239 76.92307692307692 0.0
240 76.92307692307692 0.0
241 61.53846153846154 0.0
242 57.69230769230769 0.0
243 65.38461538461539 0.0
244 61.53846153846154 0.0
245 80.76923076923077 0.0
246 76.92307692307692 0.0
247 73.07692307692308 0.0
248 80.76923076923077 0.0
249 80.76923076923077 0.0
250 73.07692307692308 0.0
251 69.23076923076923 0.0
252 76.92307692307692 0.0
253 73.07692307692308 0.0
254 84.61538461538461 0.0
255 76.92307692307692 0.0
256 84.61538461538461 0.0
257 76.92307692307692 0.0
258 69.23076923076923 0.0
259 80.76923076923077 0.0
260 76.92307692307692 0.0
261 80.76923076923077 0.0
262 69.23076923076923 0.0
263 76.92307692307692 0.0
264 69.23076923076923 0.0
265 84.61538461538461 0.0
266 69.23076923076923 0.0
267 92.3076923076923 0.0
268 84.61538461538461 0.0
269 84.61538461538461 0.0
270 76.92307692307692 0.0
271 92.3076923076923 0.0
272 76.92307692307692 0.0
273 76.92307692307692 0.0
274 92.3076923076923 0.0
275 84.61538461538461 0.0
276 76.92307692307692 0.0
277 69.23076923076923 0.0
278 76.92307692307692 0.0
279 61.53846153846154 0.0
280 76.92307692307692 0.0
281 100.0 0.0
282 84.61538461538461 0.0
283 76.92307692307692 0.0
284 88.46153846153847 0.0
285 76.92307692307692 0.0
286 84.61538461538461 0.0
287 61.53846153846154 0.0
288 57.69230769230769 0.0
289 76.92307692307692 0.0
290 65.38461538461539 0.0
291 57.69230769230769 0.0
292 76.92307692307692 0.0
293 92.3076923076923 0.0
294 92.3076923076923 0.0
295 84.61538461538461 0.0
296 76.92307692307692 0.0
297 100.0 0.0
298 92.3076923076923 0.0
299 100.0 0.0
300 92.3076923076923 0.0
301 84.61538461538461 0.0
302 84.61538461538461 0.0
303 80.76923076923077 0.0
304 84.61538461538461 0.0
305 92.3076923076923 0.0
306 92.3076923076923 0.0
307 100.0 0.0
308 92.3076923076923 0.0
309 92.3076923076923 0.0
310 84.61538461538461 0.0
311 100.0 0.0
312 92.3076923076923 0.0
313 76.92307692307692 0.0
314 76.92307692307692 0.0
315 65.38461538461539 0.0
316 84.61538461538461 0.0
317 76.92307692307692 0.0
318 69.23076923076923 0.0
319 61.53846153846154 0.0
320 76.92307692307692 0.0
321 69.23076923076923 0.0
322 69.23076923076923 0.0
323 69.23076923076923 0.0
324 80.76923076923077 0.0
325 73.07692307692308 0.0
326 80.76923076923077 0.0
327 80.76923076923077 0.0
328 92.3076923076923 0.0
329 69.23076923076923 0.0
330 88.46153846153847 0.0
331 73.07692307692308 0.0
332 57.69230769230769 0.0
333 76.92307692307692 0.0
334 76.92307692307692 0.0
335 73.07692307692308 0.0
336 88.46153846153847 0.0
337 88.46153846153847 0.0
338 84.61538461538461 0.0
339 80.76923076923077 0.0
340 92.3076923076923 0.0
341 76.92307692307692 0.0
342 76.92307692307692 0.0
343 69.23076923076923 0.0
344 76.92307692307692 0.0
345 61.53846153846154 0.0
346 53.84615384615385 0.0
347 84.61538461538461 0.0
348 69.23076923076923 0.0
349 76.92307692307692 0.0
350 92.3076923076923 0.0
351 84.61538461538461 0.0
352 92.3076923076923 0.0
353 88.46153846153847 0.0
354 92.3076923076923 0.0
355 92.3076923076923 0.0
356 84.61538461538461 0.0
357 100.0 0.0
358 92.3076923076923 0.0
359 92.3076923076923 0.0
360 100.0 0.0
361 92.3076923076923 0.0
362 100.0 0.0
363 92.3076923076923 0.0
364 92.3076923076923 0.0
365 92.3076923076923 0.0
366 92.3076923076923 0.0
367 92.3076923076923 0.0
368 84.61538461538461 0.0
369 92.3076923076923 0.0
370 76.92307692307692 0.0
371 88.46153846153847 0.0
372 88.46153846153847 0.0
373 92.3076923076923 0.0
374 80.76923076923077 0.0
375 92.3076923076923 0.0
376 92.3076923076923 0.0
377 84.61538461538461 0.0
378 92.3076923076923 0.0
379 100.0 0.0
380 84.61538461538461 0.0
381 84.61538461538461 0.0
382 84.61538461538461 0.0
383 92.3076923076923 0.0
384 92.3076923076923 0.0
385 84.61538461538461 0.0
386 73.07692307692308 0.0
387 76.92307692307692 0.0
388 73.07692307692308 0.0
389 84.61538461538461 0.0
390 80.76923076923077 0.0
391 80.76923076923077 0.0
392 80.76923076923077 0.0
393 80.76923076923077 0.0
394 76.92307692307692 0.0
395 92.3076923076923 0.0
396 88.46153846153847 0.0
397 80.76923076923077 0.0
398 73.07692307692308 0.0
399 80.76923076923077 0.0
400 80.76923076923077 0.0
401 84.61538461538461 0.0
402 73.07692307692308 0.0
403 76.92307692307692 0.0
404 73.07692307692308 0.0
405 69.23076923076923 0.0
406 76.92307692307692 0.0
407 76.92307692307692 0.0
408 88.46153846153847 0.0
409 84.61538461538461 0.0
410 76.92307692307692 0.0
411 76.92307692307692 0.0
412 84.61538461538461 0.0
413 84.61538461538461 0.0
414 76.92307692307692 0.0
415 80.76923076923077 0.0
416 73.07692307692308 0.0
417 76.92307692307692 0.0
418 76.92307692307692 0.0
419 76.92307692307692 0.0
420 69.23076923076923 0.0
421 84.61538461538461 0.0
422 92.3076923076923 0.0
423 69.23076923076923 0.0
424 76.92307692307692 0.0
425 100.0 0.0
426 88.46153846153847 0.0
427 84.61538461538461 0.0
428 80.76923076923077 0.0
429 76.92307692307692 0.0
430 92.3076923076923 0.0
431 100.0 0.0
432 84.61538461538461 0.0
433 92.3076923076923 0.0
434 92.3076923076923 0.0
435 84.61538461538461 0.0
436 100.0 0.0
437 100.0 0.0
438 92.3076923076923 0.0
439 92.3076923076923 0.0
440 100.0 0.0
441 84.61538461538461 0.0
442 84.61538461538461 0.0
443 92.3076923076923 0.0
444 84.61538461538461 0.0
445 84.61538461538461 0.0
446 73.07692307692308 0.0
447 76.92307692307692 0.0
448 65.38461538461539 0.0
449 76.92307692307692 0.0
450 84.61538461538461 0.0
451 92.3076923076923 0.0
452 100.0 0.0
453 84.61538461538461 0.0
454 92.3076923076923 0.0
455 76.92307692307692 0.0
456 76.92307692307692 0.0
457 61.53846153846154 0.0
458 61.53846153846154 0.0
459 73.07692307692308 0.0
460 84.61538461538461 0.0
461 69.23076923076923 0.0
462 61.53846153846154 0.0
463 65.38461538461539 0.0
464 73.07692307692308 0.0
465 76.92307692307692 0.0
466 84.61538461538461 0.0
467 73.07692307692308 0.0
468 65.38461538461539 0.0
469 69.23076923076923 0.0
470 76.92307692307692 0.0
471 76.92307692307692 0.0
472 92.3076923076923 0.0
473 69.23076923076923 0.0
474 69.23076923076923 0.0
475 65.38461538461539 0.0
476 69.23076923076923 0.0
477 76.92307692307692 0.0
478 92.3076923076923 0.0
479 69.23076923076923 0.0
480 76.92307692307692 0.0
481 84.61538461538461 0.0
482 80.76923076923077 0.0
483 80.76923076923077 0.0
484 88.46153846153847 0.0
485 80.76923076923077 0.0
486 80.76923076923077 0.0
487 57.69230769230769 0.0
488 61.53846153846154 0.0
489 76.92307692307692 0.0
490 73.07692307692308 0.0
491 76.92307692307692 0.0
492 76.92307692307692 0.0
493 73.07692307692308 0.0
494 65.38461538461539 0.0
495 84.61538461538461 0.0
496 92.3076923076923 0.0
497 73.07692307692308 0.0
498 80.76923076923077 0.0
499 73.07692307692308 0.0
500 88.46153846153847 0.0
501 69.23076923076923 0.0
502 73.07692307692308 0.0
503 76.92307692307692 0.0
504 73.07692307692308 0.0
505 76.92307692307692 0.0
506 76.92307692307692 0.0
507 76.92307692307692 0.0
508 76.92307692307692 0.0
509 84.61538461538461 0.0
510 84.61538461538461 0.0
511 100.0 0.0
512 65.38461538461539 0.0
513 61.53846153846154 0.0
514 76.92307692307692 0.0
515 69.23076923076923 0.0
516 61.53846153846154 0.0
517 76.92307692307692 0.0
518 92.3076923076923 0.0
519 84.61538461538461 0.0
520 84.61538461538461 0.0
521 84.61538461538461 0.0
522 92.3076923076923 0.0
523 100.0 0.0
524 100.0 0.0
525 92.3076923076923 0.0
526 84.61538461538461 0.0
527 84.61538461538461 0.0
528 84.61538461538461 0.0
529 92.3076923076923 0.0
530 84.61538461538461 0.0
531 76.92307692307692 0.0
532 73.07692307692308 0.0
533 53.84615384615385 0.0
534 57.69230769230769 0.0
535 69.23076923076923 0.0
536 69.23076923076923 0.0
537 80.76923076923077 0.0
538 92.3076923076923 0.0
539 73.07692307692308 0.0
540 73.07692307692308 0.0
541 76.92307692307692 0.0
542 73.07692307692308 0.0
543 65.38461538461539 0.0
544 73.07692307692308 0.0
545 69.23076923076923 0.0
546 61.53846153846154 0.0
547 76.92307692307692 0.0
548 76.92307692307692 0.0
549 69.23076923076923 0.0
550 80.76923076923077 0.0
551 80.76923076923077 0.0
552 80.76923076923077 0.0
553 92.3076923076923 0.0
554 84.61538461538461 0.0
555 80.76923076923077 0.0
556 76.92307692307692 0.0
557 80.76923076923077 0.0
558 84.61538461538461 0.0
559 84.61538461538461 0.0
560 73.07692307692308 0.0
561 84.61538461538461 0.0
562 84.61538461538461 0.0
563 84.61538461538461 0.0
564 84.61538461538461 0.0
565 100.0 0.0
566 92.3076923076923 0.0
567 84.61538461538461 0.0
568 92.3076923076923 0.0
569 92.3076923076923 0.0
570 92.3076923076923 0.0
571 92.3076923076923 0.0
572 92.3076923076923 0.0
573 100.0 0.0
574 84.61538461538461 0.0
575 88.46153846153847 0.0
576 88.46153846153847 0.0
577 84.61538461538461 0.0
578 84.61538461538461 0.0
579 76.92307692307692 0.0
580 65.38461538461539 0.0
581 92.3076923076923 0.0
582 73.07692307692308 0.0
583 84.61538461538461 0.0
584 92.3076923076923 0.0
585 100.0 0.0
586 100.0 0.0
587 92.3076923076923 0.0
588 84.61538461538461 0.0
589 92.3076923076923 0.0
590 92.3076923076923 0.0
591 92.3076923076923 0.0
592 100.0 0.0
593 76.92307692307692 0.0
594 69.23076923076923 0.0
595 76.92307692307692 0.0
596 69.23076923076923 0.0
597 84.61538461538461 0.0
598 69.23076923076923 0.0
599 76.92307692307692 0.0
600 76.92307692307692 0.0
601 69.23076923076923 0.0
602 69.23076923076923 0.0
603 61.53846153846154 0.0
604 76.92307692307692 0.0
605 76.92307692307692 0.0
606 76.92307692307692 0.0
607 92.3076923076923 0.0
608 100.0 0.0
609 84.61538461538461 0.0
610 100.0 0.0
611 100.0 0.0
612 92.3076923076923 0.0
613 84.61538461538461 0.0
614 84.61538461538461 0.0
615 92.3076923076923 0.0
616 92.3076923076923 0.0
617 92.3076923076923 0.0
618 100.0 0.0
619 92.3076923076923 0.0
620 84.61538461538461 0.0
621 92.3076923076923 0.0
622 92.3076923076923 0.0
623 76.92307692307692 0.0
624 84.61538461538461 0.0
625 80.76923076923077 0.0
626 84.61538461538461 0.0
627 76.92307692307692 0.0
628 69.23076923076923 0.0
629 80.76923076923077 0.0
630 76.92307692307692 0.0
631 69.23076923076923 0.0
632 76.92307692307692 0.0
633 84.61538461538461 0.0
634 69.23076923076923 0.0
635 84.61538461538461 0.0
636 76.92307692307692 0.0
637 84.61538461538461 0.0
638 76.92307692307692 0.0
639 76.92307692307692 0.0
640 73.07692307692308 0.0
641 69.23076923076923 0.0
642 76.92307692307692 0.0
643 73.07692307692308 0.0
644 76.92307692307692 0.0
645 84.61538461538461 0.0
646 76.92307692307692 0.0
647 84.61538461538461 0.0
648 84.61538461538461 0.0
649 76.92307692307692 0.0
650 84.61538461538461 0.0
651 88.46153846153847 0.0
652 73.07692307692308 0.0
653 73.07692307692308 0.0
654 61.53846153846154 0.0
655 50.0 0.0
656 69.23076923076923 0.0
657 65.38461538461539 0.0
658 84.61538461538461 0.0
659 84.61538461538461 0.0
660 80.76923076923077 0.0
661 80.76923076923077 0.0
662 65.38461538461539 0.0
663 73.07692307692308 0.0
664 73.07692307692308 0.0
665 80.76923076923077 0.0
666 88.46153846153847 0.0
667 88.46153846153847 0.0
668 80.76923076923077 0.0
669 76.92307692307692 0.0
670 61.53846153846154 0.0
671 76.92307692307692 0.0
672 65.38461538461539 0.0
673 57.69230769230769 0.0
674 76.92307692307692 0.0
675 73.07692307692308 0.0
676 53.84615384615385 0.0
677 76.92307692307692 0.0
678 76.92307692307692 0.0
679 76.92307692307692 0.0
680 76.92307692307692 0.0
681 61.53846153846154 0.0
682 69.23076923076923 0.0
683 76.92307692307692 0.0
684 69.23076923076923 0.0
685 69.23076923076923 0.0
686 76.92307692307692 0.0
687 76.92307692307692 0.0
688 76.92307692307692 0.0
689 65.38461538461539 0.0
690 73.07692307692308 0.0
691 61.53846153846154 0.0
692 76.92307692307692 0.0
693 76.92307692307692 0.0
694 76.92307692307692 0.0
695 84.61538461538461 0.0
696 92.3076923076923 0.0
697 92.3076923076923 0.0
698 69.23076923076923 0.0
699 84.61538461538461 0.0
700 73.07692307692308 0.0
701 69.23076923076923 0.0
702 84.61538461538461 0.0
703 69.23076923076923 0.0
704 73.07692307692308 0.0
705 92.3076923076923 0.0
706 92.3076923076923 0.0
707 100.0 0.0
708 100.0 0.0
709 76.92307692307692 0.0
710 76.92307692307692 0.0
711 61.53846153846154 0.0
712 84.61538461538461 0.0
713 50.0 0.0
714 69.23076923076923 0.0
715 84.61538461538461 0.0
716 76.92307692307692 0.0
717 84.61538461538461 0.0
718 61.53846153846154 0.0
719 69.23076923076923 0.0
720 76.92307692307692 0.0
721 69.23076923076923 0.0
722 84.61538461538461 0.0
723 84.61538461538461 0.0
724 76.92307692307692 0.0
725 76.92307692307692 0.0
726 61.53846153846154 0.0
727 76.92307692307692 0.0
728 53.84615384615385 0.0
729 61.53846153846154 0.0
730 76.92307692307692 0.0
731 73.07692307692308 0.0
732 92.3076923076923 0.0
733 92.3076923076923 0.0
734 92.3076923076923 0.0
735 100.0 0.0
736 100.0 0.0
737 100.0 0.0
738 100.0 0.0
739 84.61538461538461 0.0
740 76.92307692307692 0.0
741 84.61538461538461 0.0
742 80.76923076923077 0.0
743 92.3076923076923 0.0
744 84.61538461538461 0.0
745 84.61538461538461 0.0
746 84.61538461538461 0.0
747 73.07692307692308 0.0
748 73.07692307692308 0.0
749 76.92307692307692 0.0
750 69.23076923076923 0.0
751 76.92307692307692 0.0
752 69.23076923076923 0.0
753 76.92307692307692 0.0
754 84.61538461538461 0.0
755 92.3076923076923 0.0
756 80.76923076923077 0.0
757 84.61538461538461 0.0
758 76.92307692307692 0.0
759 76.92307692307692 0.0
760 84.61538461538461 0.0
761 84.61538461538461 0.0
762 84.61538461538461 0.0
763 84.61538461538461 0.0
764 84.61538461538461 0.0
765 92.3076923076923 0.0
766 76.92307692307692 0.0
767 92.3076923076923 0.0
768 100.0 0.0
769 100.0 0.0
770 100.0 0.0
771 100.0 0.0
772 92.3076923076923 0.0
773 92.3076923076923 0.0
774 84.61538461538461 0.0
775 92.3076923076923 0.0
776 92.3076923076923 0.0
777 92.3076923076923 0.0
778 92.3076923076923 0.0
779 69.23076923076923 0.0
780 73.07692307692308 0.0
781 100.0 0.0
782 92.3076923076923 0.0
783 100.0 0.0
784 92.3076923076923 0.0
785 84.61538461538461 0.0
786 92.3076923076923 0.0
787 65.38461538461539 0.0
788 65.38461538461539 0.0
789 80.76923076923077 0.0
790 69.23076923076923 0.0
791 65.38461538461539 0.0
792 69.23076923076923 0.0
793 84.61538461538461 0.0
794 69.23076923076923 0.0
795 61.53846153846154 0.0
796 69.23076923076923 0.0
797 84.61538461538461 0.0
798 69.23076923076923 0.0
799 69.23076923076923 0.0
800 73.07692307692308 0.0
801 61.53846153846154 0.0
802 65.38461538461539 0.0
803 76.92307692307692 0.0
804 69.23076923076923 0.0
805 84.61538461538461 0.0
806 84.61538461538461 0.0
807 84.61538461538461 0.0
808 84.61538461538461 0.0
809 92.3076923076923 0.0
810 100.0 0.0
811 84.61538461538461 0.0
812 92.3076923076923 0.0
813 100.0 0.0
814 100.0 0.0
815 92.3076923076923 0.0
816 92.3076923076923 0.0
817 92.3076923076923 0.0
818 92.3076923076923 0.0
819 100.0 0.0
820 100.0 0.0
821 92.3076923076923 0.0
822 76.92307692307692 0.0
823 76.92307692307692 0.0
824 69.23076923076923 0.0
825 76.92307692307692 0.0
826 84.61538461538461 0.0
827 76.92307692307692 0.0
828 84.61538461538461 0.0
829 76.92307692307692 0.0
830 76.92307692307692 0.0
831 69.23076923076923 0.0
832 76.92307692307692 0.0
833 57.69230769230769 0.0
834 57.69230769230769 0.0
835 57.69230769230769 0.0
836 69.23076923076923 0.0
837 65.38461538461539 0.0
838 73.07692307692308 0.0
839 65.38461538461539 0.0
840 65.38461538461539 0.0
841 57.69230769230769 0.0
842 76.92307692307692 0.0
843 76.92307692307692 0.0
844 76.92307692307692 0.0
845 84.61538461538461 0.0
846 84.61538461538461 0.0
847 84.61538461538461 0.0
848 76.92307692307692 0.0
849 76.92307692307692 0.0
850 57.69230769230769 0.0
851 65.38461538461539 0.0
852 69.23076923076923 0.0
853 69.23076923076923 0.0
854 61.53846153846154 0.0
855 76.92307692307692 0.0
856 84.61538461538461 0.0
857 69.23076923076923 0.0
858 76.92307692307692 0.0
859 84.61538461538461 0.0
860 84.61538461538461 0.0
861 84.61538461538461 0.0
862 84.61538461538461 0.0
863 84.61538461538461 0.0
864 92.3076923076923 0.0
865 92.3076923076923 0.0
866 76.92307692307692 0.0
867 69.23076923076923 0.0
868 84.61538461538461 0.0
869 84.61538461538461 0.0
870 84.61538461538461 0.0
871 84.61538461538461 0.0
872 100.0 0.0
873 88.46153846153847 0.0
874 84.61538461538461 0.0
875 80.76923076923077 0.0
876 92.3076923076923 0.0
877 100.0 0.0
878 84.61538461538461 0.0
879 76.92307692307692 0.0
880 69.23076923076923 0.0
881 76.92307692307692 0.0
882 92.3076923076923 0.0
883 76.92307692307692 0.0
884 92.3076923076923 0.0
885 92.3076923076923 0.0
886 84.61538461538461 0.0
887 92.3076923076923 0.0
888 92.3076923076923 0.0
889 100.0 0.0
890 100.0 0.0
891 100.0 0.0
892 100.0 0.0
893 84.61538461538461 0.0
894 84.61538461538461 0.0
895 84.61538461538461 0.0
896 84.61538461538461 0.0
897 84.61538461538461 0.0
898 69.23076923076923 0.0
899 73.07692307692308 0.0
900 76.92307692307692 0.0
901 69.23076923076923 0.0
902 61.53846153846154 0.0
903 76.92307692307692 0.0
904 84.61538461538461 0.0
905 61.53846153846154 0.0
906 69.23076923076923 0.0
907 84.61538461538461 0.0
908 92.3076923076923 0.0
909 73.07692307692308 0.0
910 84.61538461538461 0.0
911 92.3076923076923 0.0
912 92.3076923076923 0.0
913 100.0 0.0
914 92.3076923076923 0.0
915 80.76923076923077 0.0
916 92.3076923076923 0.0
917 84.61538461538461 0.0
918 92.3076923076923 0.0
919 76.92307692307692 0.0
920 69.23076923076923 0.0
921 76.92307692307692 0.0
922 69.23076923076923 0.0
923 61.53846153846154 0.0
924 61.53846153846154 0.0
925 76.92307692307692 0.0
926 76.92307692307692 0.0
927 92.3076923076923 0.0
928 73.07692307692308 0.0
929 65.38461538461539 0.0
930 73.07692307692308 0.0
931 73.07692307692308 0.0
932 76.92307692307692 0.0
933 76.92307692307692 0.0
934 84.61538461538461 0.0
935 84.61538461538461 0.0
936 61.53846153846154 0.0
937 65.38461538461539 0.0
938 76.92307692307692 0.0
939 84.61538461538461 0.0
940 84.61538461538461 0.0
941 92.3076923076923 0.0
942 92.3076923076923 0.0
943 84.61538461538461 0.0
944 92.3076923076923 0.0
945 84.61538461538461 0.0
946 73.07692307692308 0.0
947 76.92307692307692 0.0
948 76.92307692307692 0.0
949 76.92307692307692 0.0
950 73.07692307692308 0.0
951 69.23076923076923 0.0
952 76.92307692307692 0.0
953 73.07692307692308 0.0
954 88.46153846153847 0.0
955 88.46153846153847 0.0
956 92.3076923076923 0.0
957 76.92307692307692 0.0
958 100.0 0.0
959 76.92307692307692 0.0
960 92.3076923076923 0.0
961 84.61538461538461 0.0
962 76.92307692307692 0.0
963 80.76923076923077 0.0
964 80.76923076923077 0.0
965 76.92307692307692 0.0
966 92.3076923076923 0.0
967 88.46153846153847 0.0
968 100.0 0.0
969 100.0 0.0
970 76.92307692307692 0.0
971 76.92307692307692 0.0
972 73.07692307692308 0.0
973 76.92307692307692 0.0
974 73.07692307692308 0.0
975 73.07692307692308 0.0
976 80.76923076923077 0.0
977 92.3076923076923 0.0
978 76.92307692307692 0.0
979 92.3076923076923 0.0
980 84.61538461538461 0.0
981 65.38461538461539 0.0
982 76.92307692307692 0.0
983 69.23076923076923 0.0
984 69.23076923076923 0.0
985 65.38461538461539 0.0
986 76.92307692307692 0.0
987 76.92307692307692 0.0
988 76.92307692307692 0.0
989 84.61538461538461 0.0
990 84.61538461538461 0.0
991 76.92307692307692 0.0
992 80.76923076923077 0.0
993 73.07692307692308 0.0
994 84.61538461538461 0.0
995 69.23076923076923 0.0
996 84.61538461538461 0.0
997 84.61538461538461 0.0
998 92.3076923076923 0.0
999 88.46153846153847 0.0
