#frame monomers_% popc_isolated_%
0 69.23076923076923 0.0
1 69.23076923076923 0.0
2 80.76923076923077 0.0
3 69.23076923076923 0.0
4 57.69230769230769 0.0
5 84.61538461538461 0.0
6 84.61538461538461 0.0
7 84.61538461538461 0.0
8 84.61538461538461 0.0
9 92.3076923076923 0.0
10 84.61538461538461 0.0
11 84.61538461538461 0.0
12 76.92307692307692 0.0
13 76.92307692307692 0.0
14 76.92307692307692 0.0
15 76.92307692307692 0.0
16 100.0 0.0
17 92.3076923076923 0.0
18 84.61538461538461 0.0
19 61.53846153846154 0.0
20 84.61538461538461 0.0
21 84.61538461538461 0.0
22 100.0 0.0
23 92.3076923076923 0.0
24 84.61538461538461 0.0
25 92.3076923076923 0.0
26 92.3076923076923 0.0
27 80.76923076923077 0.0
28 92.3076923076923 0.0
29 92.3076923076923 0.0
30 92.3076923076923 0.0
31 100.0 0.0
32 92.3076923076923 0.0
33 92.3076923076923 0.0
34 100.0 0.0
35 92.3076923076923 0.0
36 92.3076923076923 0.0
37 92.3076923076923 0.0
38 69.23076923076923 0.0
39 76.92307692307692 0.0
40 92.3076923076923 0.0
41 92.3076923076923 0.0
42 84.61538461538461 0.0
43 76.92307692307692 0.0
44 84.61538461538461 0.0
45 92.3076923076923 0.0
46 100.0 0.0
47 84.61538461538461 0.0
48 84.61538461538461 0.0
49 84.61538461538461 0.0
50 76.92307692307692 0.0
51 84.61538461538461 0.0
52 84.61538461538461 0.0
53 84.61538461538461 0.0
54 84.61538461538461 0.0
55 92.3076923076923 0.0
56 92.3076923076923 0.0
57 76.92307692307692 0.0
58 73.07692307692308 0.0
59 92.3076923076923 0.0
60 76.92307692307692 0.0
61 84.61538461538461 0.0
62 76.92307692307692 0.0
63 69.23076923076923 0.0
64 65.38461538461539 0.0
65 69.23076923076923 0.0
66 53.84615384615385 0.0
67 65.38461538461539 0.0
68 65.38461538461539 0.0
69 61.53846153846154 0.0
70 61.53846153846154 0.0
71 53.84615384615385 0.0
72 57.69230769230769 0.0
73 50.0 0.0
74 80.76923076923077 0.0
75 80.76923076923077 0.0
76 76.92307692307692 0.0
77 76.92307692307692 0.0
78 84.61538461538461 0.0
79 84.61538461538461 0.0
80 76.92307692307692 0.0
81 84.61538461538461 0.0
82 92.3076923076923 0.0
83 76.92307692307692 0.0
84 92.3076923076923 0.0
85 84.61538461538461 0.0
86 76.92307692307692 0.0
87 76.92307692307692 0.0
88 84.61538461538461 0.0
89 100.0 0.0
90 84.61538461538461 0.0
91 76.92307692307692 0.0
92 92.3076923076923 0.0
93 76.92307692307692 0.0
94 92.3076923076923 0.0
95 92.3076923076923 0.0
96 84.61538461538461 0.0
97 92.3076923076923 0.0
98 100.0 0.0
99 92.3076923076923 0.0
100 100.0 0.0
101 76.92307692307692 0.0
102 92.3076923076923 0.0
103 92.3076923076923 0.0
104 61.53846153846154 0.0
105 76.92307692307692 0.0
106 69.23076923076923 0.0
107 84.61538461538461 0.0
108 92.3076923076923 0.0
109 84.61538461538461 0.0
110 84.61538461538461 0.0
111 53.84615384615385 0.0
112 69.23076923076923 0.0
113 53.84615384615385 0.0
114 69.23076923076923 0.0
115 76.92307692307692 0.0
116 76.92307692307692 0.0
117 84.61538461538461 0.0
118 84.61538461538461 0.0
119 88.46153846153847 0.0
120 73.07692307692308 0.0
121 69.23076923076923 0.0
122 69.23076923076923 0.0
123 65.38461538461539 0.0
124 65.38461538461539 0.0
125 61.53846153846154 0.0
126 76.92307692307692 0.0
127 69.23076923076923 0.0
128 53.84615384615385 0.0
129 57.69230769230769 0.0
130 61.53846153846154 0.0
131 76.92307692307692 0.0
132 76.92307692307692 0.0
133 69.23076923076923 0.0
134 69.23076923076923 0.0
135 73.07692307692308 0.0
136 92.3076923076923 0.0
137 69.23076923076923 0.0
138 76.92307692307692 0.0
139 76.92307692307692 0.0
140 92.3076923076923 0.0
141 100.0 0.0
142 76.92307692307692 0.0
143 76.92307692307692 0.0
144 69.23076923076923 0.0
145 76.92307692307692 0.0
146 88.46153846153847 0.0
147 73.07692307692308 0.0
148 73.07692307692308 0.0
149 80.76923076923077 0.0
150 84.61538461538461 0.0
151 84.61538461538461 0.0
152 84.61538461538461 0.0
153 100.0 0.0
154 84.61538461538461 0.0
155 84.61538461538461 0.0
156 84.61538461538461 0.0
157 76.92307692307692 0.0
158 76.92307692307692 0.0
159 92.3076923076923 0.0
160 76.92307692307692 0.0
161 84.61538461538461 0.0
162 84.61538461538461 0.0
163 92.3076923076923 0.0
164 84.61538461538461 0.0
165 84.61538461538461 0.0
166 92.3076923076923 0.0
167 92.3076923076923 0.0
168 76.92307692307692 0.0
169 76.92307692307692 0.0
170 92.3076923076923 0.0
171 76.92307692307692 0.0
172 88.46153846153847 0.0
173 84.61538461538461 0.0
174 80.76923076923077 0.0
175 69.23076923076923 0.0
176 73.07692307692308 0.0
177 73.07692307692308 0.0
178 76.92307692307692 0.0
179 69.23076923076923 0.0
180 76.92307692307692 0.0
181 65.38461538461539 0.0
182 80.76923076923077 0.0
183 69.23076923076923 0.0
184 69.23076923076923 0.0
185 57.69230769230769 0.0
186 53.84615384615385 0.0
187 69.23076923076923 0.0
188 73.07692307692308 0.0
189 84.61538461538461 0.0
190 65.38461538461539 0.0
191 69.23076923076923 0.0
192 69.23076923076923 0.0
193 73.07692307692308 0.0
194 84.61538461538461 0.0
195 76.92307692307692 0.0
196 76.92307692307692 0.0
197 92.3076923076923 0.0
198 92.3076923076923 0.0
199 92.3076923076923 0.0
200 92.3076923076923 0.0
201 84.61538461538461 0.0
202 92.3076923076923 0.0
203 92.3076923076923 0.0
204 100.0 0.0
205 100.0 0.0
206 100.0 0.0
207 100.0 0.0
208 92.3076923076923 0.0
209 100.0 0.0
210 100.0 0.0
211 84.61538461538461 0.0
212 80.76923076923077 0.0
213 84.61538461538461 0.0
214 92.3076923076923 0.0
215 100.0 0.0
216 92.3076923076923 0.0
217 84.61538461538461 0.0
218 84.61538461538461 0.0
219 92.3076923076923 0.0
220 92.3076923076923 0.0
221 84.61538461538461 0.0
222 88.46153846153847 0.0
223 92.3076923076923 0.0
224 92.3076923076923 0.0
225 100.0 0.0
226 92.3076923076923 0.0
227 84.61538461538461 0.0
228 100.0 0.0
229 84.61538461538461 0.0
230 73.07692307692308 0.0
231 73.07692307692308 0.0
232 76.92307692307692 0.0
233 73.07692307692308 0.0
234 69.23076923076923 0.0
235 76.92307692307692 0.0
236 80.76923076923077 0.0
237 76.92307692307692 0.0
238 80.76923076923077 0.0
239 88.46153846153847 0.0
240 84.61538461538461 0.0
241 92.3076923076923 0.0
242 84.61538461538461 0.0
243 69.23076923076923 0.0
244 76.92307692307692 0.0
245 76.92307692307692 0.0
246 73.07692307692308 0.0
247 61.53846153846154 0.0
248 69.23076923076923 0.0
249 69.23076923076923 0.0
250 84.61538461538461 0.0
251 80.76923076923077 0.0
252 73.07692307692308 0.0
253 76.92307692307692 0.0
254 76.92307692307692 0.0
255 76.92307692307692 0.0
256 76.92307692307692 0.0
257 69.23076923076923 0.0
258 76.92307692307692 0.0
259 92.3076923076923 0.0
260 84.61538461538461 0.0
261 80.76923076923077 0.0
262 84.61538461538461 0.0
263 84.61538461538461 0.0
264 84.61538461538461 0.0
265 84.61538461538461 0.0
266 73.07692307692308 0.0
267 84.61538461538461 0.0
268 76.92307692307692 0.0
269 76.92307692307692 0.0
270 65.38461538461539 0.0
271 69.23076923076923 0.0
272 65.38461538461539 0.0
273 57.69230769230769 0.0
274 69.23076923076923 0.0
275 61.53846153846154 0.0
276 73.07692307692308 0.0
277 69.23076923076923 0.0
278 61.53846153846154 0.0
279 53.84615384615385 0.0
280 76.92307692307692 0.0
281 69.23076923076923 0.0
282 65.38461538461539 0.0
283 84.61538461538461 0.0
284 69.23076923076923 0.0
285 84.61538461538461 0.0
286 92.3076923076923 0.0
287 84.61538461538461 0.0
288 84.61538461538461 0.0
289 92.3076923076923 0.0
290 88.46153846153847 0.0
291 84.61538461538461 0.0
292 84.61538461538461 0.0
293 76.92307692307692 0.0
294 73.07692307692308 0.0
295 69.23076923076923 0.0
296 53.84615384615385 0.0
297 57.69230769230769 0.0
298 76.92307692307692 0.0
299 76.92307692307692 0.0
300 92.3076923076923 0.0
301 92.3076923076923 0.0
302 100.0 0.0
303 73.07692307692308 0.0
304 92.3076923076923 0.0
305 92.3076923076923 0.0
306 92.3076923076923 0.0
307 88.46153846153847 0.0
308 80.76923076923077 0.0
309 61.53846153846154 0.0
310 69.23076923076923 0.0
311 80.76923076923077 0.0
312 73.07692307692308 0.0
313 73.07692307692308 0.0
314 84.61538461538461 0.0
315 76.92307692307692 0.0
316 84.61538461538461 0.0
317 92.3076923076923 0.0
318 88.46153846153847 0.0
319 84.61538461538461 0.0
320 92.3076923076923 0.0
321 92.3076923076923 0.0
322 84.61538461538461 0.0
323 84.61538461538461 0.0
324 84.61538461538461 0.0
325 69.23076923076923 0.0
326 76.92307692307692 0.0
327 76.92307692307692 0.0
328 69.23076923076923 0.0
329 76.92307692307692 0.0
330 92.3076923076923 0.0
331 84.61538461538461 0.0
332 76.92307692307692 0.0
333 80.76923076923077 0.0
334 88.46153846153847 0.0
335 80.76923076923077 0.0
336 84.61538461538461 0.0
337 73.07692307692308 0.0
338 84.61538461538461 0.0
339 92.3076923076923 0.0
340 84.61538461538461 0.0
341 84.61538461538461 0.0
342 73.07692307692308 0.0
343 57.69230769230769 0.0
344 76.92307692307692 0.0
345 84.61538461538461 0.0
346 84.61538461538461 0.0
347 76.92307692307692 0.0
348 76.92307692307692 0.0
349 73.07692307692308 0.0
350 76.92307692307692 0.0
351 84.61538461538461 0.0
352 84.61538461538461 0.0
353 76.92307692307692 0.0
354 80.76923076923077 0.0
355 65.38461538461539 0.0
356 57.69230769230769 0.0
357 69.23076923076923 0.0
358 84.61538461538461 0.0
359 84.61538461538461 0.0
360 84.61538461538461 0.0
361 76.92307692307692 0.0
362 84.61538461538461 0.0
363 84.61538461538461 0.0
364 84.61538461538461 0.0
365 92.3076923076923 0.0
366 80.76923076923077 0.0
367 69.23076923076923 0.0
368 50.0 0.0
369 50.0 0.0
370 84.61538461538461 0.0
371 84.61538461538461 0.0
372 84.61538461538461 0.0
373 92.3076923076923 0.0
374 92.3076923076923 0.0
375 76.92307692307692 0.0
376 100.0 0.0
377 100.0 0.0
378 92.3076923076923 0.0
379 100.0 0.0
380 92.3076923076923 0.0
381 100.0 0.0
382 100.0 0.0
383 100.0 0.0
384 76.92307692307692 0.0
385 84.61538461538461 0.0
386 84.61538461538461 0.0
387 92.3076923076923 0.0
388 76.92307692307692 0.0
389 92.3076923076923 0.0
390 84.61538461538461 0.0
391 84.61538461538461 0.0
392 76.92307692307692 0.0
393 84.61538461538461 0.0
394 80.76923076923077 0.0
395 76.92307692307692 0.0
396 84.61538461538461 0.0
397 84.61538461538461 0.0
398 84.61538461538461 0.0
399 69.23076923076923 0.0
400 76.92307692307692 0.0
401 84.61538461538461 0.0
402 92.3076923076923 0.0
403 69.23076923076923 0.0
404 76.92307692307692 0.0
405 61.53846153846154 0.0
406 69.23076923076923 0.0
407 69.23076923076923 0.0
408 61.53846153846154 0.0
409 84.61538461538461 0.0
410 92.3076923076923 0.0
411 84.61538461538461 0.0
412 76.92307692307692 0.0
413 76.92307692307692 0.0
414 61.53846153846154 0.0
415 69.23076923076923 0.0
416 84.61538461538461 0.0
417 61.53846153846154 0.0
418 84.61538461538461 0.0
419 76.92307692307692 0.0
420 80.76923076923077 0.0
421 100.0 0.0
422 92.3076923076923 0.0
423 76.92307692307692 0.0
424 80.76923076923077 0.0
425 100.0 0.0
426 69.23076923076923 0.0
427 92.3076923076923 0.0
428 76.92307692307692 0.0
429 92.3076923076923 0.0
430 84.61538461538461 0.0
431 92.3076923076923 0.0
432 76.92307692307692 0.0
433 76.92307692307692 0.0
434 84.61538461538461 0.0
435 92.3076923076923 0.0
436 92.3076923076923 0.0
437 84.61538461538461 0.0
438 76.92307692307692 0.0
439 84.61538461538461 0.0
440 92.3076923076923 0.0
441 92.3076923076923 0.0
442 84.61538461538461 0.0
443 84.61538461538461 0.0
444 69.23076923076923 0.0
445 76.92307692307692 0.0
446 73.07692307692308 0.0
447 65.38461538461539 0.0
448 76.92307692307692 0.0
449 92.3076923076923 0.0
450 84.61538461538461 0.0
451 92.3076923076923 0.0
452 84.61538461538461 0.0
453 80.76923076923077 0.0
454 84.61538461538461 0.0
455 80.76923076923077 0.0
456 80.76923076923077 0.0
457 80.76923076923077 0.0
458 84.61538461538461 0.0
459 76.92307692307692 0.0
460 80.76923076923077 0.0
461 88.46153846153847 0.0
462 88.46153846153847 0.0
463 84.61538461538461 0.0
464 76.92307692307692 0.0
465 61.53846153846154 0.0
466 69.23076923076923 0.0
467 76.92307692307692 0.0
468 57.69230769230769 0.0
469 61.53846153846154 0.0
470 65.38461538461539 0.0
471 69.23076923076923 0.0
472 65.38461538461539 0.0
473 76.92307692307692 0.0
474 76.92307692307692 0.0
475 84.61538461538461 0.0
476 92.3076923076923 0.0
477 80.76923076923077 0.0
478 65.38461538461539 0.0
479 73.07692307692308 0.0
480 76.92307692307692 0.0
481 84.61538461538461 0.0
482 76.92307692307692 0.0
483 76.92307692307692 0.0
484 92.3076923076923 0.0
485 92.3076923076923 0.0
486 84.61538461538461 0.0
487 76.92307692307692 0.0
488 80.76923076923077 0.0
489 76.92307692307692 0.0
490 84.61538461538461 0.0
491 84.61538461538461 0.0
492 76.92307692307692 0.0
493 88.46153846153847 0.0
494 84.61538461538461 0.0
495 92.3076923076923 0.0
496 92.3076923076923 0.0
497 100.0 0.0
498 92.3076923076923 0.0
499 84.61538461538461 0.0
500 84.61538461538461 0.0
501 76.92307692307692 0.0
502 84.61538461538461 0.0
503 100.0 0.0
504 76.92307692307692 0.0
505 76.92307692307692 0.0
506 76.92307692307692 0.0
507 76.92307692307692 0.0
508 84.61538461538461 0.0
509 84.61538461538461 0.0
510 92.3076923076923 0.0
511 84.61538461538461 0.0
512 92.3076923076923 0.0
513 84.61538461538461 0.0
514 84.61538461538461 0.0
515 84.61538461538461 0.0
516 92.3076923076923 0.0
517 84.61538461538461 0.0
518 84.61538461538461 0.0
519 76.92307692307692 0.0
520 69.23076923076923 0.0
521 76.92307692307692 0.0
522 84.61538461538461 0.0
523 76.92307692307692 0.0
524 84.61538461538461 0.0
525 76.92307692307692 0.0
526 69.23076923076923 0.0
527 73.07692307692308 0.0
528 76.92307692307692 0.0
529 92.3076923076923 0.0
530 84.61538461538461 0.0
531 92.3076923076923 0.0
532 84.61538461538461 0.0
533 92.3076923076923 0.0
534 92.3076923076923 0.0
535 76.92307692307692 0.0
536 76.92307692307692 0.0
537 92.3076923076923 0.0
538 92.3076923076923 0.0
539 92.3076923076923 0.0
540 92.3076923076923 0.0
541 92.3076923076923 0.0
542 84.61538461538461 0.0
543 92.3076923076923 0.0
544 100.0 0.0
545 100.0 0.0
546 92.3076923076923 0.0
547 100.0 0.0
548 100.0 0.0
549 92.3076923076923 0.0
550 92.3076923076923 0.0
551 92.3076923076923 0.0
552 84.61538461538461 0.0
553 92.3076923076923 0.0
554 69.23076923076923 0.0
555 92.3076923076923 0.0
556 84.61538461538461 0.0
557 76.92307692307692 0.0
558 76.92307692307692 0.0
559 73.07692307692308 0.0
560 84.61538461538461 0.0
561 92.3076923076923 0.0
562 92.3076923076923 0.0
563 92.3076923076923 0.0
564 80.76923076923077 0.0
565 84.61538461538461 0.0
566 84.61538461538461 0.0
567 84.61538461538461 0.0
568 92.3076923076923 0.0
569 84.61538461538461 0.0
570 92.3076923076923 0.0
571 76.92307692307692 0.0
572 84.61538461538461 0.0
573 61.53846153846154 0.0
574 65.38461538461539 0.0
575 61.53846153846154 0.0
576 61.53846153846154 0.0
577 65.38461538461539 0.0
578 69.23076923076923 0.0
579 69.23076923076923 0.0
580 69.23076923076923 0.0
581 84.61538461538461 0.0
582 76.92307692307692 0.0
583 76.92307692307692 0.0
584 65.38461538461539 0.0
585 73.07692307692308 0.0
586 73.07692307692308 0.0
587 73.07692307692308 0.0
588 92.3076923076923 0.0
589 76.92307692307692 0.0
590 69.23076923076923 0.0
591 76.92307692307692 0.0
592 76.92307692307692 0.0
593 76.92307692307692 0.0
594 92.3076923076923 0.0
595 69.23076923076923 0.0
596 84.61538461538461 0.0
597 76.92307692307692 0.0
598 76.92307692307692 0.0
599 69.23076923076923 0.0
600 84.61538461538461 0.0
601 84.61538461538461 0.0
602 80.76923076923077 0.0
603 69.23076923076923 0.0
604 73.07692307692308 0.0
605 69.23076923076923 0.0
606 84.61538461538461 0.0
607 76.92307692307692 0.0
608 76.92307692307692 0.0
609 69.23076923076923 0.0
610 84.61538461538461 0.0
611 84.61538461538461 0.0
612 73.07692307692308 0.0
613 76.92307692307692 0.0
614 88.46153846153847 0.0
615 84.61538461538461 0.0
616 80.76923076923077 0.0
617 80.76923076923077 0.0
618 73.07692307692308 0.0
619 80.76923076923077 0.0
620 84.61538461538461 0.0
621 73.07692307692308 0.0
622 80.76923076923077 0.0
623 88.46153846153847 0.0
624 61.53846153846154 0.0
625 84.61538461538461 0.0
626 76.92307692307692 0.0
627 84.61538461538461 0.0
628 69.23076923076923 0.0
629 73.07692307692308 0.0
630 76.92307692307692 0.0
631 76.92307692307692 0.0
632 92.3076923076923 0.0
633 92.3076923076923 0.0
634 76.92307692307692 0.0
635 84.61538461538461 0.0
636 61.53846153846154 0.0
637 84.61538461538461 0.0
638 69.23076923076923 0.0
639 61.53846153846154 0.0
640 46.15384615384615 0.0
641 69.23076923076923 0.0
642 53.84615384615385 0.0
643 53.84615384615385 0.0
644 65.38461538461539 0.0
645 73.07692307692308 0.0
646 61.53846153846154 0.0
647 50.0 0.0
648 57.69230769230769 0.0
649 46.15384615384615 0.0
650 57.69230769230769 0.0
651 73.07692307692308 0.0
652 73.07692307692308 0.0
653 65.38461538461539 0.0
654 76.92307692307692 0.0
655 92.3076923076923 0.0
656 69.23076923076923 0.0
657 84.61538461538461 0.0
658 92.3076923076923 0.0
659 76.92307692307692 0.0
660 76.92307692307692 0.0
661 76.92307692307692 0.0
662 76.92307692307692 0.0
663 76.92307692307692 0.0
664 76.92307692307692 0.0
665 92.3076923076923 0.0
666 92.3076923076923 0.0
667 69.23076923076923 0.0
668 84.61538461538461 0.0
669 76.92307692307692 0.0
670 76.92307692307692 0.0
671 76.92307692307692 0.0
672 76.92307692307692 0.0
673 84.61538461538461 0.0
674 84.61538461538461 0.0
675 69.23076923076923 0.0
676 84.61538461538461 0.0
677 92.3076923076923 0.0
678 88.46153846153847 0.0
679 73.07692307692308 0.0
680 84.61538461538461 0.0
681 80.76923076923077 0.0
682 65.38461538461539 0.0
683 69.23076923076923 0.0
684 76.92307692307692 0.0
685 84.61538461538461 0.0
686 84.61538461538461 0.0
687 65.38461538461539 0.0
688 76.92307692307692 0.0
689 80.76923076923077 0.0
690 76.92307692307692 0.0
691 76.92307692307692 0.0
692 92.3076923076923 0.0
693 92.3076923076923 0.0
694 92.3076923076923 0.0
695 92.3076923076923 0.0
696 92.3076923076923 0.0
697 80.76923076923077 0.0
698 76.92307692307692 0.0
699 69.23076923076923 0.0
700 73.07692307692308 0.0
701 76.92307692307692 0.0
702 92.3076923076923 0.0
703 84.61538461538461 0.0
704 65.38461538461539 0.0
705 57.69230769230769 0.0
706 73.07692307692308 0.0
707 73.07692307692308 0.0
708 80.76923076923077 0.0
709 76.92307692307692 0.0
710 69.23076923076923 0.0
711 57.69230769230769 0.0
712 73.07692307692308 0.0
713 73.07692307692308 0.0
714 80.76923076923077 0.0
715 80.76923076923077 0.0
716 73.07692307692308 0.0
717 65.38461538461539 0.0
718 73.07692307692308 0.0
719 73.07692307692308 0.0
720 80.76923076923077 0.0
721 73.07692307692308 0.0
722 80.76923076923077 0.0
723 84.61538461538461 0.0
724 80.76923076923077 0.0
725 80.76923076923077 0.0
726 92.3076923076923 0.0
727 76.92307692307692 0.0
728 92.3076923076923 0.0
729 76.92307692307692 0.0
730 69.23076923076923 0.0
731 69.23076923076923 0.0
732 61.53846153846154 0.0
733 84.61538461538461 0.0
734 69.23076923076923 0.0
735 84.61538461538461 0.0
736 80.76923076923077 0.0
737 92.3076923076923 0.0
738 92.3076923076923 0.0
739 92.3076923076923 0.0
740 80.76923076923077 0.0
741 92.3076923076923 0.0
742 92.3076923076923 0.0
743 76.92307692307692 0.0
744 73.07692307692308 0.0
745 61.53846153846154 0.0
746 76.92307692307692 0.0
747 76.92307692307692 0.0
748 69.23076923076923 0.0
749 69.23076923076923 0.0
750 69.23076923076923 0.0
751 69.23076923076923 0.0
752 76.92307692307692 0.0
753 69.23076923076923 0.0
754 84.61538461538461 0.0
755 76.92307692307692 0.0
756 92.3076923076923 0.0
757 84.61538461538461 0.0
758 92.3076923076923 0.0
759 92.3076923076923 0.0
760 92.3076923076923 0.0
761 88.46153846153847 0.0
762 92.3076923076923 0.0
763 76.92307692307692 0.0
764 76.92307692307692 0.0
765 65.38461538461539 0.0
766 84.61538461538461 0.0
767 84.61538461538461 0.0
768 84.61538461538461 0.0
769 92.3076923076923 0.0
770 76.92307692307692 0.0
771 76.92307692307692 0.0
772 61.53846153846154 0.0
773 65.38461538461539 0.0
774 76.92307692307692 0.0
775 92.3076923076923 0.0
776 76.92307692307692 0.0
777 76.92307692307692 0.0
778 92.3076923076923 0.0
779 84.61538461538461 0.0
780 92.3076923076923 0.0
781 92.3076923076923 0.0
782 84.61538461538461 0.0
783 76.92307692307692 0.0
784 92.3076923076923 0.0
785 69.23076923076923 0.0
786 69.23076923076923 0.0
787 84.61538461538461 0.0
788 84.61538461538461 0.0
789 92.3076923076923 0.0
790 84.61538461538461 0.0
791 76.92307692307692 0.0
792 76.92307692307692 0.0
793 92.3076923076923 0.0
794 76.92307692307692 0.0
795 84.61538461538461 0.0
796 100.0 0.0
797 84.61538461538461 0.0
798 84.61538461538461 0.0
799 84.61538461538461 0.0
800 80.76923076923077 0.0
801 84.61538461538461 0.0
802 76.92307692307692 0.0
803 84.61538461538461 0.0
804 76.92307692307692 0.0
805 80.76923076923077 0.0
806 92.3076923076923 0.0
807 84.61538461538461 0.0
808 92.3076923076923 0.0
809 76.92307692307692 0.0
810 76.92307692307692 0.0
811 84.61538461538461 0.0
812 92.3076923076923 0.0
813 80.76923076923077 0.0
814 57.69230769230769 0.0
815 61.53846153846154 0.0
816 80.76923076923077 0.0
817 65.38461538461539 0.0
818 69.23076923076923 0.0
819 65.38461538461539 0.0
820 76.92307692307692 0.0
821 65.38461538461539 0.0
822 100.0 0.0
823 88.46153846153847 0.0
824 84.61538461538461 0.0
825 69.23076923076923 0.0
826 73.07692307692308 0.0
827 76.92307692307692 0.0
828 73.07692307692308 0.0
829 84.61538461538461 0.0
830 80.76923076923077 0.0
831 88.46153846153847 0.0
832 92.3076923076923 0.0
833 65.38461538461539 0.0
834 84.61538461538461 0.0
835 84.61538461538461 0.0
836 84.61538461538461 0.0
837 84.61538461538461 0.0
838 84.61538461538461 0.0
839 76.92307692307692 0.0
840 76.92307692307692 0.0
841 92.3076923076923 0.0
842 100.0 0.0
843 92.3076923076923 0.0
844 84.61538461538461 0.0
845 84.61538461538461 0.0
846 92.3076923076923 0.0
847 92.3076923076923 0.0
848 92.3076923076923 0.0
849 84.61538461538461 0.0
850 84.61538461538461 0.0
851 92.3076923076923 0.0
852 92.3076923076923 0.0
853 73.07692307692308 0.0
854 84.61538461538461 0.0
855 84.61538461538461 0.0
856 88.46153846153847 0.0
857 100.0 0.0
858 76.92307692307692 0.0
859 100.0 0.0
860 84.61538461538461 0.0
861 76.92307692307692 0.0
862 76.92307692307692 0.0
863 76.92307692307692 0.0
864 69.23076923076923 0.0
865 73.07692307692308 0.0
866 69.23076923076923 0.0
867 88.46153846153847 0.0
868 84.61538461538461 0.0
869 57.69230769230769 0.0
870 76.92307692307692 0.0
871 76.92307692307692 0.0
872 65.38461538461539 0.0
873 57.69230769230769 0.0
874 80.76923076923077 0.0
875 73.07692307692308 0.0
876 80.76923076923077 0.0
877 80.76923076923077 0.0
878 84.61538461538461 0.0
879 92.3076923076923 0.0
880 84.61538461538461 0.0
881 84.61538461538461 0.0
882 100.0 0.0
883 88.46153846153847 0.0
884 88.46153846153847 0.0
885 88.46153846153847 0.0
886 76.92307692307692 0.0
887 84.61538461538461 0.0
888 73.07692307692308 0.0
889 84.61538461538461 0.0
890 92.3076923076923 0.0
891 92.3076923076923 0.0
892 76.92307692307692 0.0
893 92.3076923076923 0.0
894 88.46153846153847 0.0
895 92.3076923076923 0.0
896 84.61538461538461 0.0
897 73.07692307692308 0.0
898 61.53846153846154 0.0
899 84.61538461538461 0.0
900 69.23076923076923 0.0
901 69.23076923076923 0.0
902 92.3076923076923 0.0
903 80.76923076923077 0.0
904 92.3076923076923 0.0
905 100.0 0.0
906 92.3076923076923 0.0
907 84.61538461538461 0.0
908 76.92307692307692 0.0
909 84.61538461538461 0.0
910 92.3076923076923 0.0
911 100.0 0.0
912 100.0 0.0
913 100.0 0.0
914 100.0 0.0
915 100.0 0.0
916 92.3076923076923 0.0
917 76.92307692307692 0.0
918 76.92307692307692 0.0
919 76.92307692307692 0.0
920 69.23076923076923 0.0
921 69.23076923076923 0.0
922 76.92307692307692 0.0
923 76.92307692307692 0.0
924 84.61538461538461 0.0
925 65.38461538461539 0.0
926 73.07692307692308 0.0
927 76.92307692307692 0.0
928 69.23076923076923 0.0
929 73.07692307692308 0.0
930 76.92307692307692 0.0
931 76.92307692307692 0.0
932 69.23076923076923 0.0
933 73.07692307692308 0.0
934 92.3076923076923 0.0
935 92.3076923076923 0.0
936 76.92307692307692 0.0
937 76.92307692307692 0.0
938 61.53846153846154 0.0
939 69.23076923076923 0.0
940 61.53846153846154 0.0
941 57.69230769230769 0.0
942 50.0 0.0
943 65.38461538461539 0.0
944 65.38461538461539 0.0
945 76.92307692307692 0.0
946 65.38461538461539 0.0
947 76.92307692307692 0.0
948 76.92307692307692 0.0
949 76.92307692307692 0.0
950 80.76923076923077 0.0
951 65.38461538461539 0.0
952 84.61538461538461 0.0
953 76.92307692307692 0.0
954 92.3076923076923 0.0
955 92.3076923076923 0.0
956 92.3076923076923 0.0
957 76.92307692307692 0.0
958 76.92307692307692 0.0
959 84.61538461538461 0.0
960 84.61538461538461 0.0
961 92.3076923076923 0.0
962 92.3076923076923 0.0
963 80.76923076923077 0.0
964 80.76923076923077 0.0
965 84.61538461538461 0.0
966 88.46153846153847 0.0
967 84.61538461538461 0.0
968 84.61538461538461 0.0
969 73.07692307692308 0.0
970 69.23076923076923 0.0
971 69.23076923076923 0.0
972 76.92307692307692 0.0
973 84.61538461538461 0.0
974 84.61538461538461 0.0
975 69.23076923076923 0.0
976 76.92307692307692 0.0
977 80.76923076923077 0.0
978 88.46153846153847 0.0
979 84.61538461538461 0.0
980 92.3076923076923 0.0
981 92.3076923076923 0.0
982 88.46153846153847 0.0
983 88.46153846153847 0.0
984 88.46153846153847 0.0
985 80.76923076923077 0.0
986 69.23076923076923 0.0
987 73.07692307692308 0.0
988 76.92307692307692 0.0
989 80.76923076923077 0.0
990 76.92307692307692 0.0
991 73.07692307692308 0.0
992 73.07692307692308 0.0
993 84.61538461538461 0.0
994 84.61538461538461 0.0
995 84.61538461538461 0.0
996 84.61538461538461 0.0
997 100.0 0.0
998 73.07692307692308 0.0
999 84.61538461538461 0.0
