#resid average_duration max_duration persistent_contacts
1 3.5135135135135136 8 37
10 3.9411764705882355 16 34
11 3.0384615384615383 6 26
12 4.222222222222222 13 18
13 3.689655172413793 13 29
14 3.8285714285714287 8 35
15 3.4468085106382977 9 47
16 3.978723404255319 12 47
17 2.935483870967742 9 31
18 3.85 30 40
19 3.5272727272727273 11 55
2 3.642857142857143 9 42
20 3.207547169811321 15 53
21 3.875 11 48
22 3.8260869565217392 12 46
23 3.074074074074074 8 27
24 3.59375 9 32
25 4.0 16 57
26 3.1923076923076925 10 26
3 3.977777777777778 12 45
4 3.8 10 30
5 3.96875 16 32
6 3.111111111111111 9 27
7 3.41025641025641 12 39
8 3.6470588235294117 11 34
9 3.558139534883721 30 43
#TOTAL_CONTACTS 2364 for 1000 frames
