#resid average_duration max_duration persistent_contacts
1 8.056485355648535 112 956
10 8.287179487179488 144 975
11 8.70862470862471 144 858
12 8.28169014084507 81 781
13 8.204379562043796 112 822
14 8.161007667031763 101 913
15 8.710382513661202 83 915
16 7.466731898238748 95 1022
17 7.8217592592592595 125 864
18 10.256211180124224 135 644
19 8.1849234393404 100 849
2 8.410714285714286 101 896
20 8.66855845629966 87 881
21 8.668176670441676 97 883
22 8.121319199057716 112 849
23 8.01388888888889 101 936
24 7.5455543358946215 144 911
25 7.8307692307692305 100 845
26 7.735802469135803 112 810
3 8.6 135 995
4 8.516684607104413 101 929
5 8.02425578831312 84 907
6 8.685031185031185 98 962
7 7.019715224534502 144 913
8 8.650224215246636 88 669
9 7.970731707317073 87 1025
#TOTAL_CONTACTS 102742 for 10100 frames
