#resid average_duration max_duration persistent_contacts
1 5.759825327510917 108 229
10 4.174545454545455 97 275
11 5.589147286821706 57 129
12 5.427385892116183 53 241
13 4.707482993197279 62 147
14 8.460869565217392 127 230
15 7.611111111111111 177 216
16 3.9363636363636365 57 330
17 6.3039647577092515 127 227
18 7.671568627450981 150 204
19 6.5814814814814815 177 270
2 8.268382352941176 131 272
20 4.182509505703422 73 263
21 4.256505576208179 40 269
22 6.0717131474103585 85 251
23 4.33852140077821 97 257
24 4.156583629893238 17 281
25 8.059701492537313 114 268
26 8.445833333333333 205 240
3 3.792284866468843 17 337
4 4.4684014869888475 74 269
5 4.985915492957746 81 284
6 5.76 62 200
7 5.730769230769231 205 260
8 5.3120567375886525 54 282
9 4.614925373134328 60 335
#TOTAL_CONTACTS 21585 for 10100 frames
