#frame monomers_% popc_isolated_%
0 46.15384615384615 0.0
1 38.46153846153846 0.0
2 46.15384615384615 0.0
3 50.0 0.0
4 61.53846153846154 0.0
5 61.53846153846154 0.0
6 61.53846153846154 0.0
7 61.53846153846154 0.0
8 46.15384615384615 0.0
9 46.15384615384615 0.0
10 57.69230769230769 0.0
11 53.84615384615385 0.0
12 46.15384615384615 0.0
13 50.0 0.0
14 34.61538461538461 0.0
15 57.69230769230769 0.0
16 38.46153846153846 0.0
17 46.15384615384615 0.0
18 34.61538461538461 0.0
19 53.84615384615385 0.0
20 53.84615384615385 0.0
21 50.0 0.0
22 46.15384615384615 0.0
23 50.0 0.0
24 46.15384615384615 0.0
25 38.46153846153846 0.0
26 30.76923076923077 0.0
27 38.46153846153846 0.0
28 38.46153846153846 0.0
29 30.76923076923077 0.0
30 23.076923076923077 0.0
31 30.76923076923077 0.0
32 23.076923076923077 0.0
33 34.61538461538461 0.0
34 34.61538461538461 0.0
35 19.23076923076923 0.0
36 26.923076923076923 0.0
37 34.61538461538461 0.0
38 34.61538461538461 0.0
39 50.0 0.0
40 42.30769230769231 0.0
41 38.46153846153846 0.0
42 42.30769230769231 0.0
43 42.30769230769231 0.0
44 34.61538461538461 0.0
45 38.46153846153846 0.0
46 38.46153846153846 0.0
47 42.30769230769231 0.0
48 46.15384615384615 0.0
49 38.46153846153846 0.0
50 42.30769230769231 0.0
51 30.76923076923077 0.0
52 50.0 0.0
53 38.46153846153846 0.0
54 34.61538461538461 0.0
55 38.46153846153846 0.0
56 38.46153846153846 0.0
57 46.15384615384615 0.0
58 42.30769230769231 0.0
59 34.61538461538461 0.0
60 46.15384615384615 0.0
61 34.61538461538461 0.0
62 50.0 0.0
63 34.61538461538461 0.0
64 38.46153846153846 0.0
65 50.0 0.0
66 50.0 0.0
67 50.0 0.0
68 57.69230769230769 0.0
69 42.30769230769231 0.0
70 50.0 0.0
71 46.15384615384615 0.0
72 50.0 0.0
73 46.15384615384615 0.0
74 42.30769230769231 0.0
75 50.0 0.0
76 42.30769230769231 0.0
77 42.30769230769231 0.0
78 53.84615384615385 0.0
79 38.46153846153846 0.0
80 46.15384615384615 0.0
81 53.84615384615385 0.0
82 46.15384615384615 0.0
83 53.84615384615385 0.0
84 42.30769230769231 0.0
85 42.30769230769231 0.0
86 34.61538461538461 0.0
87 34.61538461538461 0.0
88 42.30769230769231 0.0
89 34.61538461538461 0.0
90 34.61538461538461 0.0
91 34.61538461538461 0.0
92 42.30769230769231 0.0
93 30.76923076923077 0.0
94 42.30769230769231 0.0
95 34.61538461538461 0.0
96 42.30769230769231 0.0
97 53.84615384615385 0.0
98 30.76923076923077 0.0
99 38.46153846153846 0.0
100 30.76923076923077 0.0
101 42.30769230769231 0.0
102 34.61538461538461 0.0
103 42.30769230769231 0.0
104 46.15384615384615 0.0
105 42.30769230769231 0.0
106 46.15384615384615 0.0
107 42.30769230769231 0.0
108 46.15384615384615 0.0
109 46.15384615384615 0.0
110 42.30769230769231 0.0
111 42.30769230769231 0.0
112 46.15384615384615 0.0
113 46.15384615384615 0.0
114 46.15384615384615 0.0
115 38.46153846153846 0.0
116 42.30769230769231 0.0
117 50.0 0.0
118 38.46153846153846 0.0
119 38.46153846153846 0.0
120 46.15384615384615 0.0
121 38.46153846153846 0.0
122 42.30769230769231 0.0
123 30.76923076923077 0.0
124 50.0 0.0
125 30.76923076923077 0.0
126 50.0 0.0
127 42.30769230769231 0.0
128 50.0 0.0
129 38.46153846153846 0.0
130 53.84615384615385 0.0
131 42.30769230769231 0.0
132 38.46153846153846 0.0
133 34.61538461538461 0.0
134 34.61538461538461 0.0
135 34.61538461538461 0.0
136 26.923076923076923 0.0
137 30.76923076923077 0.0
138 23.076923076923077 0.0
139 42.30769230769231 0.0
140 30.76923076923077 0.0
141 46.15384615384615 0.0
142 46.15384615384615 0.0
143 38.46153846153846 0.0
144 38.46153846153846 0.0
145 34.61538461538461 0.0
146 46.15384615384615 0.0
147 42.30769230769231 0.0
148 38.46153846153846 0.0
149 50.0 0.0
150 53.84615384615385 0.0
151 46.15384615384615 0.0
152 38.46153846153846 0.0
153 53.84615384615385 0.0
154 53.84615384615385 0.0
155 61.53846153846154 0.0
156 53.84615384615385 0.0
157 53.84615384615385 0.0
158 50.0 0.0
159 46.15384615384615 0.0
160 38.46153846153846 0.0
161 38.46153846153846 0.0
162 42.30769230769231 0.0
163 42.30769230769231 0.0
164 53.84615384615385 0.0
165 42.30769230769231 0.0
166 53.84615384615385 0.0
167 38.46153846153846 0.0
168 65.38461538461539 0.0
169 61.53846153846154 0.0
170 50.0 0.0
171 50.0 0.0
172 53.84615384615385 0.0
173 46.15384615384615 0.0
174 53.84615384615385 0.0
175 46.15384615384615 0.0
176 50.0 0.0
177 50.0 0.0
178 57.69230769230769 0.0
179 57.69230769230769 0.0
180 50.0 0.0
181 65.38461538461539 0.0
182 57.69230769230769 0.0
183 73.07692307692308 0.0
184 61.53846153846154 0.0
185 61.53846153846154 0.0
186 53.84615384615385 0.0
187 53.84615384615385 0.0
188 57.69230769230769 0.0
189 57.69230769230769 0.0
190 61.53846153846154 0.0
191 42.30769230769231 0.0
192 46.15384615384615 0.0
193 57.69230769230769 0.0
194 50.0 0.0
195 61.53846153846154 0.0
196 57.69230769230769 0.0
197 57.69230769230769 0.0
198 46.15384615384615 0.0
199 50.0 0.0
200 53.84615384615385 0.0
201 53.84615384615385 0.0
202 53.84615384615385 0.0
203 65.38461538461539 0.0
204 65.38461538461539 0.0
205 73.07692307692308 0.0
206 50.0 0.0
207 61.53846153846154 0.0
208 61.53846153846154 0.0
209 57.69230769230769 0.0
210 61.53846153846154 0.0
211 61.53846153846154 0.0
212 61.53846153846154 0.0
213 57.69230769230769 0.0
214 50.0 0.0
215 50.0 0.0
216 65.38461538461539 0.0
217 65.38461538461539 0.0
218 50.0 0.0
219 38.46153846153846 0.0
220 38.46153846153846 0.0
221 50.0 0.0
222 46.15384615384615 0.0
223 50.0 0.0
224 53.84615384615385 0.0
225 42.30769230769231 1.5625
226 50.0 0.0
227 53.84615384615385 0.0
228 50.0 0.0
229 34.61538461538461 0.0
230 42.30769230769231 1.5625
231 46.15384615384615 0.0
232 46.15384615384615 0.0
233 50.0 0.0
234 46.15384615384615 0.0
235 46.15384615384615 1.5625
236 53.84615384615385 0.0
237 50.0 0.0
238 50.0 0.0
239 42.30769230769231 0.0
240 65.38461538461539 0.0
241 53.84615384615385 0.0
242 57.69230769230769 0.0
243 53.84615384615385 0.0
244 50.0 0.0
245 38.46153846153846 0.0
246 50.0 0.0
247 50.0 0.0
248 42.30769230769231 0.0
249 34.61538461538461 0.0
250 34.61538461538461 0.0
251 46.15384615384615 0.0
252 42.30769230769231 0.0
253 38.46153846153846 0.0
254 38.46153846153846 0.0
255 38.46153846153846 0.0
256 57.69230769230769 0.0
257 42.30769230769231 0.0
258 46.15384615384615 0.0
259 42.30769230769231 0.0
260 50.0 0.0
261 53.84615384615385 0.0
262 57.69230769230769 0.0
263 61.53846153846154 0.0
264 42.30769230769231 0.0
265 46.15384615384615 0.0
266 38.46153846153846 0.0
267 42.30769230769231 0.0
268 46.15384615384615 0.0
269 50.0 0.0
270 46.15384615384615 0.0
271 46.15384615384615 0.0
272 42.30769230769231 0.0
273 34.61538461538461 0.0
274 42.30769230769231 0.0
275 38.46153846153846 0.0
276 53.84615384615385 0.0
277 34.61538461538461 0.0
278 38.46153846153846 0.0
279 34.61538461538461 0.0
280 50.0 0.0
281 42.30769230769231 0.0
282 38.46153846153846 0.0
283 34.61538461538461 0.0
284 42.30769230769231 0.0
285 50.0 0.0
286 34.61538461538461 0.0
287 34.61538461538461 0.0
288 42.30769230769231 0.0
289 50.0 0.0
290 42.30769230769231 0.0
291 46.15384615384615 0.0
292 46.15384615384615 0.0
293 50.0 0.0
294 61.53846153846154 0.0
295 42.30769230769231 0.0
296 46.15384615384615 0.0
297 50.0 0.0
298 53.84615384615385 0.0
299 30.76923076923077 0.0
300 34.61538461538461 0.0
301 42.30769230769231 0.0
302 30.76923076923077 0.0
303 46.15384615384615 0.0
304 38.46153846153846 0.0
305 42.30769230769231 0.0
306 42.30769230769231 0.0
307 50.0 0.0
308 38.46153846153846 0.0
309 50.0 0.0
310 50.0 0.0
311 61.53846153846154 0.0
312 50.0 0.0
313 50.0 0.0
314 53.84615384615385 0.0
315 46.15384615384615 0.0
316 57.69230769230769 0.0
317 42.30769230769231 0.0
318 38.46153846153846 0.0
319 42.30769230769231 0.0
320 57.69230769230769 0.0
321 53.84615384615385 0.0
322 46.15384615384615 0.0
323 46.15384615384615 0.0
324 50.0 0.0
325 57.69230769230769 0.0
326 50.0 0.0
327 50.0 0.0
328 42.30769230769231 0.0
329 57.69230769230769 0.0
330 42.30769230769231 0.0
331 46.15384615384615 0.0
332 42.30769230769231 0.0
333 53.84615384615385 0.0
334 61.53846153846154 0.0
335 42.30769230769231 0.0
336 57.69230769230769 0.0
337 57.69230769230769 0.0
338 50.0 0.0
339 57.69230769230769 0.0
340 57.69230769230769 0.0
341 46.15384615384615 0.0
342 42.30769230769231 0.0
343 61.53846153846154 0.0
344 57.69230769230769 0.0
345 57.69230769230769 0.0
346 53.84615384615385 0.0
347 42.30769230769231 0.0
348 46.15384615384615 0.0
349 46.15384615384615 0.0
350 57.69230769230769 0.0
351 53.84615384615385 0.0
352 61.53846153846154 0.0
353 61.53846153846154 0.0
354 69.23076923076923 0.0
355 42.30769230769231 0.0
356 46.15384615384615 0.0
357 61.53846153846154 0.0
358 42.30769230769231 0.0
359 50.0 0.0
360 53.84615384615385 0.0
361 38.46153846153846 0.0
362 50.0 0.0
363 46.15384615384615 0.0
364 57.69230769230769 0.0
365 53.84615384615385 0.0
366 46.15384615384615 0.0
367 46.15384615384615 0.0
368 38.46153846153846 0.0
369 50.0 0.0
370 50.0 0.0
371 38.46153846153846 0.0
372 53.84615384615385 0.0
373 46.15384615384615 1.5625
374 57.69230769230769 0.0
375 50.0 0.0
376 42.30769230769231 0.0
377 61.53846153846154 0.0
378 57.69230769230769 0.0
379 42.30769230769231 0.0
380 46.15384615384615 0.0
381 50.0 0.0
382 53.84615384615385 0.0
383 73.07692307692308 0.0
384 50.0 0.0
385 57.69230769230769 0.0
386 34.61538461538461 0.0
387 38.46153846153846 0.0
388 38.46153846153846 0.0
389 50.0 0.0
390 53.84615384615385 0.0
391 38.46153846153846 0.0
392 53.84615384615385 0.0
393 23.076923076923077 0.0
394 34.61538461538461 0.0
395 53.84615384615385 0.0
396 46.15384615384615 0.0
397 50.0 0.0
398 46.15384615384615 0.0
399 30.76923076923077 0.0
400 30.76923076923077 0.0
401 46.15384615384615 0.0
402 38.46153846153846 0.0
403 38.46153846153846 0.0
404 26.923076923076923 0.0
405 26.923076923076923 0.0
406 23.076923076923077 0.0
407 42.30769230769231 0.0
408 50.0 0.0
409 50.0 0.0
410 30.76923076923077 0.0
411 34.61538461538461 0.0
412 46.15384615384615 0.0
413 53.84615384615385 1.5625
414 53.84615384615385 0.0
415 34.61538461538461 0.0
416 30.76923076923077 0.0
417 38.46153846153846 0.0
418 30.76923076923077 0.0
419 46.15384615384615 0.0
420 38.46153846153846 0.0
421 53.84615384615385 0.0
422 53.84615384615385 0.0
423 50.0 0.0
424 57.69230769230769 0.0
425 61.53846153846154 0.0
426 34.61538461538461 1.5625
427 34.61538461538461 0.0
428 34.61538461538461 0.0
429 38.46153846153846 1.5625
430 42.30769230769231 1.5625
431 53.84615384615385 1.5625
432 34.61538461538461 0.0
433 34.61538461538461 0.0
434 38.46153846153846 1.5625
435 38.46153846153846 3.125
436 26.923076923076923 3.125
437 46.15384615384615 3.125
438 46.15384615384615 0.0
439 38.46153846153846 0.0
440 46.15384615384615 1.5625
441 38.46153846153846 0.0
442 42.30769230769231 0.0
443 30.76923076923077 0.0
444 42.30769230769231 1.5625
445 46.15384615384615 0.0
446 42.30769230769231 0.0
447 34.61538461538461 0.0
448 38.46153846153846 0.0
449 50.0 0.0
450 42.30769230769231 0.0
451 50.0 0.0
452 38.46153846153846 0.0
453 42.30769230769231 0.0
454 42.30769230769231 0.0
455 53.84615384615385 0.0
456 50.0 0.0
457 50.0 0.0
458 42.30769230769231 0.0
459 50.0 0.0
460 46.15384615384615 0.0
461 46.15384615384615 0.0
462 34.61538461538461 0.0
463 42.30769230769231 0.0
464 65.38461538461539 0.0
465 61.53846153846154 0.0
466 69.23076923076923 0.0
467 61.53846153846154 0.0
468 57.69230769230769 0.0
469 65.38461538461539 0.0
470 65.38461538461539 0.0
471 65.38461538461539 0.0
472 57.69230769230769 1.5625
473 57.69230769230769 0.0
474 42.30769230769231 1.5625
475 53.84615384615385 0.0
476 46.15384615384615 0.0
477 65.38461538461539 0.0
478 65.38461538461539 1.5625
479 73.07692307692308 0.0
480 65.38461538461539 0.0
481 73.07692307692308 1.5625
482 57.69230769230769 0.0
483 50.0 0.0
484 46.15384615384615 0.0
485 53.84615384615385 0.0
486 50.0 0.0
487 65.38461538461539 0.0
488 57.69230769230769 0.0
489 53.84615384615385 0.0
490 53.84615384615385 0.0
491 50.0 0.0
492 46.15384615384615 0.0
493 38.46153846153846 0.0
494 57.69230769230769 0.0
495 38.46153846153846 0.0
496 50.0 0.0
497 65.38461538461539 0.0
498 50.0 0.0
499 50.0 0.0
500 42.30769230769231 0.0
501 57.69230769230769 0.0
502 50.0 0.0
503 50.0 0.0
504 46.15384615384615 0.0
505 50.0 0.0
506 46.15384615384615 0.0
507 46.15384615384615 0.0
508 46.15384615384615 0.0
509 42.30769230769231 0.0
510 53.84615384615385 0.0
511 53.84615384615385 0.0
512 53.84615384615385 0.0
513 42.30769230769231 0.0
514 57.69230769230769 0.0
515 50.0 0.0
516 53.84615384615385 0.0
517 57.69230769230769 0.0
518 53.84615384615385 0.0
519 57.69230769230769 0.0
520 50.0 0.0
521 50.0 1.5625
522 53.84615384615385 1.5625
523 42.30769230769231 1.5625
524 42.30769230769231 0.0
525 46.15384615384615 1.5625
526 46.15384615384615 1.5625
527 46.15384615384615 1.5625
528 42.30769230769231 1.5625
529 50.0 0.0
530 50.0 0.0
531 42.30769230769231 0.0
532 50.0 0.0
533 50.0 0.0
534 50.0 0.0
535 57.69230769230769 0.0
536 42.30769230769231 0.0
537 46.15384615384615 0.0
538 38.46153846153846 0.0
539 46.15384615384615 0.0
540 53.84615384615385 0.0
541 46.15384615384615 0.0
542 50.0 0.0
543 65.38461538461539 0.0
544 57.69230769230769 0.0
545 50.0 0.0
546 73.07692307692308 0.0
547 53.84615384615385 0.0
548 61.53846153846154 0.0
549 65.38461538461539 0.0
550 53.84615384615385 0.0
551 65.38461538461539 0.0
552 61.53846153846154 0.0
553 50.0 0.0
554 38.46153846153846 0.0
555 38.46153846153846 0.0
556 42.30769230769231 0.0
557 46.15384615384615 0.0
558 50.0 0.0
559 53.84615384615385 0.0
560 42.30769230769231 0.0
561 53.84615384615385 0.0
562 34.61538461538461 0.0
563 38.46153846153846 0.0
564 38.46153846153846 0.0
565 30.76923076923077 0.0
566 42.30769230769231 0.0
567 34.61538461538461 0.0
568 50.0 0.0
569 53.84615384615385 0.0
570 42.30769230769231 0.0
571 38.46153846153846 0.0
572 42.30769230769231 0.0
573 53.84615384615385 0.0
574 38.46153846153846 0.0
575 42.30769230769231 0.0
576 46.15384615384615 1.5625
577 57.69230769230769 1.5625
578 50.0 1.5625
579 42.30769230769231 0.0
580 57.69230769230769 0.0
581 50.0 0.0
582 50.0 0.0
583 65.38461538461539 0.0
584 61.53846153846154 0.0
585 50.0 0.0
586 53.84615384615385 0.0
587 50.0 0.0
588 69.23076923076923 0.0
589 53.84615384615385 0.0
590 53.84615384615385 0.0
591 42.30769230769231 0.0
592 34.61538461538461 0.0
593 50.0 0.0
594 50.0 0.0
595 57.69230769230769 0.0
596 50.0 0.0
597 50.0 0.0
598 61.53846153846154 0.0
599 50.0 0.0
600 42.30769230769231 0.0
601 53.84615384615385 0.0
602 38.46153846153846 0.0
603 30.76923076923077 0.0
604 38.46153846153846 0.0
605 46.15384615384615 0.0
606 53.84615384615385 0.0
607 53.84615384615385 0.0
608 38.46153846153846 0.0
609 50.0 0.0
610 61.53846153846154 0.0
611 34.61538461538461 0.0
612 30.76923076923077 0.0
613 50.0 0.0
614 57.69230769230769 0.0
615 30.76923076923077 0.0
616 34.61538461538461 0.0
617 42.30769230769231 0.0
618 38.46153846153846 0.0
619 42.30769230769231 0.0
620 42.30769230769231 0.0
621 34.61538461538461 0.0
622 38.46153846153846 0.0
623 46.15384615384615 0.0
624 42.30769230769231 0.0
625 30.76923076923077 0.0
626 38.46153846153846 0.0
627 34.61538461538461 0.0
628 42.30769230769231 0.0
629 42.30769230769231 0.0
630 46.15384615384615 0.0
631 46.15384615384615 0.0
632 42.30769230769231 0.0
633 46.15384615384615 0.0
634 30.76923076923077 0.0
635 46.15384615384615 0.0
636 46.15384615384615 0.0
637 46.15384615384615 0.0
638 34.61538461538461 0.0
639 38.46153846153846 0.0
640 42.30769230769231 0.0
641 38.46153846153846 0.0
642 61.53846153846154 0.0
643 50.0 0.0
644 42.30769230769231 0.0
645 46.15384615384615 0.0
646 42.30769230769231 0.0
647 34.61538461538461 0.0
648 42.30769230769231 0.0
649 38.46153846153846 0.0
650 30.76923076923077 0.0
651 53.84615384615385 0.0
652 50.0 0.0
653 46.15384615384615 0.0
654 38.46153846153846 0.0
655 34.61538461538461 0.0
656 38.46153846153846 0.0
657 46.15384615384615 0.0
658 50.0 0.0
659 50.0 0.0
660 50.0 0.0
661 42.30769230769231 0.0
662 42.30769230769231 0.0
663 34.61538461538461 0.0
664 46.15384615384615 0.0
665 46.15384615384615 0.0
666 53.84615384615385 0.0
667 38.46153846153846 0.0
668 50.0 0.0
669 46.15384615384615 0.0
670 42.30769230769231 0.0
671 38.46153846153846 0.0
672 30.76923076923077 0.0
673 50.0 0.0
674 53.84615384615385 0.0
675 42.30769230769231 0.0
676 38.46153846153846 0.0
677 50.0 0.0
678 42.30769230769231 0.0
679 69.23076923076923 0.0
680 65.38461538461539 0.0
681 50.0 0.0
682 61.53846153846154 0.0
683 50.0 0.0
684 57.69230769230769 0.0
685 65.38461538461539 0.0
686 57.69230769230769 0.0
687 50.0 0.0
688 53.84615384615385 0.0
689 57.69230769230769 0.0
690 50.0 0.0
691 53.84615384615385 0.0
692 61.53846153846154 0.0
693 46.15384615384615 0.0
694 38.46153846153846 0.0
695 53.84615384615385 0.0
696 46.15384615384615 0.0
697 57.69230769230769 0.0
698 46.15384615384615 0.0
699 65.38461538461539 0.0
700 38.46153846153846 0.0
701 53.84615384615385 0.0
702 53.84615384615385 0.0
703 61.53846153846154 0.0
704 61.53846153846154 0.0
705 46.15384615384615 0.0
706 50.0 0.0
707 53.84615384615385 0.0
708 57.69230769230769 0.0
709 53.84615384615385 0.0
710 46.15384615384615 0.0
711 50.0 0.0
712 50.0 0.0
713 53.84615384615385 0.0
714 53.84615384615385 0.0
715 57.69230769230769 0.0
716 61.53846153846154 0.0
717 57.69230769230769 0.0
718 42.30769230769231 0.0
719 53.84615384615385 0.0
720 38.46153846153846 0.0
721 46.15384615384615 0.0
722 57.69230769230769 0.0
723 53.84615384615385 0.0
724 53.84615384615385 0.0
725 53.84615384615385 0.0
726 53.84615384615385 0.0
727 46.15384615384615 0.0
728 46.15384615384615 0.0
729 57.69230769230769 0.0
730 57.69230769230769 0.0
731 57.69230769230769 0.0
732 50.0 0.0
733 53.84615384615385 0.0
734 53.84615384615385 0.0
735 50.0 0.0
736 65.38461538461539 0.0
737 57.69230769230769 0.0
738 57.69230769230769 0.0
739 57.69230769230769 0.0
740 53.84615384615385 0.0
741 61.53846153846154 0.0
742 46.15384615384615 0.0
743 42.30769230769231 0.0
744 42.30769230769231 0.0
745 50.0 0.0
746 34.61538461538461 0.0
747 38.46153846153846 0.0
748 38.46153846153846 0.0
749 30.76923076923077 0.0
750 46.15384615384615 0.0
751 46.15384615384615 0.0
752 46.15384615384615 0.0
753 42.30769230769231 0.0
754 46.15384615384615 0.0
755 38.46153846153846 0.0
756 50.0 0.0
757 34.61538461538461 0.0
758 53.84615384615385 0.0
759 42.30769230769231 0.0
760 46.15384615384615 0.0
761 50.0 0.0
762 50.0 0.0
763 53.84615384615385 0.0
764 46.15384615384615 0.0
765 53.84615384615385 0.0
766 57.69230769230769 0.0
767 42.30769230769231 0.0
768 42.30769230769231 0.0
769 34.61538461538461 0.0
770 50.0 0.0
771 53.84615384615385 0.0
772 46.15384615384615 0.0
773 34.61538461538461 0.0
774 46.15384615384615 0.0
775 42.30769230769231 0.0
776 30.76923076923077 0.0
777 76.92307692307692 0.0
778 34.61538461538461 0.0
779 46.15384615384615 0.0
780 46.15384615384615 0.0
781 34.61538461538461 0.0
782 34.61538461538461 0.0
783 38.46153846153846 0.0
784 42.30769230769231 0.0
785 42.30769230769231 0.0
786 46.15384615384615 0.0
787 50.0 0.0
788 50.0 0.0
789 42.30769230769231 0.0
790 38.46153846153846 0.0
791 34.61538461538461 0.0
792 42.30769230769231 0.0
793 57.69230769230769 0.0
794 38.46153846153846 0.0
795 46.15384615384615 0.0
796 50.0 0.0
797 57.69230769230769 0.0
798 53.84615384615385 0.0
799 53.84615384615385 0.0
800 38.46153846153846 0.0
801 50.0 0.0
802 42.30769230769231 0.0
803 42.30769230769231 0.0
804 46.15384615384615 0.0
805 42.30769230769231 0.0
806 46.15384615384615 0.0
807 50.0 0.0
808 46.15384615384615 0.0
809 38.46153846153846 0.0
810 42.30769230769231 0.0
811 50.0 0.0
812 50.0 0.0
813 50.0 0.0
814 57.69230769230769 0.0
815 38.46153846153846 1.5625
816 42.30769230769231 1.5625
817 38.46153846153846 0.0
818 46.15384615384615 3.125
819 50.0 0.0
820 38.46153846153846 1.5625
821 42.30769230769231 0.0
822 38.46153846153846 0.0
823 34.61538461538461 0.0
824 34.61538461538461 0.0
825 50.0 0.0
826 50.0 0.0
827 50.0 0.0
828 46.15384615384615 1.5625
829 38.46153846153846 0.0
830 42.30769230769231 0.0
831 46.15384615384615 0.0
832 42.30769230769231 0.0
833 42.30769230769231 0.0
834 34.61538461538461 0.0
835 42.30769230769231 0.0
836 42.30769230769231 0.0
837 42.30769230769231 0.0
838 42.30769230769231 0.0
839 42.30769230769231 0.0
840 46.15384615384615 0.0
841 53.84615384615385 0.0
842 42.30769230769231 0.0
843 53.84615384615385 0.0
844 38.46153846153846 0.0
845 46.15384615384615 1.5625
846 38.46153846153846 0.0
847 38.46153846153846 0.0
848 57.69230769230769 0.0
849 42.30769230769231 0.0
850 46.15384615384615 0.0
851 50.0 0.0
852 42.30769230769231 0.0
853 42.30769230769231 0.0
854 38.46153846153846 0.0
855 50.0 0.0
856 42.30769230769231 0.0
857 53.84615384615385 0.0
858 46.15384615384615 0.0
859 42.30769230769231 0.0
860 50.0 0.0
861 42.30769230769231 0.0
862 38.46153846153846 0.0
863 42.30769230769231 0.0
864 34.61538461538461 0.0
865 42.30769230769231 0.0
866 50.0 0.0
867 42.30769230769231 0.0
868 34.61538461538461 0.0
869 46.15384615384615 0.0
870 50.0 0.0
871 57.69230769230769 0.0
872 50.0 0.0
873 50.0 0.0
874 50.0 0.0
875 50.0 0.0
876 46.15384615384615 0.0
877 50.0 0.0
878 50.0 0.0
879 50.0 0.0
880 57.69230769230769 0.0
881 57.69230769230769 0.0
882 53.84615384615385 0.0
883 50.0 0.0
884 50.0 0.0
885 57.69230769230769 0.0
886 50.0 0.0
887 53.84615384615385 0.0
888 50.0 0.0
889 57.69230769230769 0.0
890 46.15384615384615 0.0
891 53.84615384615385 0.0
892 42.30769230769231 0.0
893 46.15384615384615 0.0
894 53.84615384615385 0.0
895 50.0 0.0
896 53.84615384615385 0.0
897 61.53846153846154 0.0
898 53.84615384615385 0.0
899 50.0 0.0
900 61.53846153846154 0.0
901 61.53846153846154 0.0
902 69.23076923076923 0.0
903 50.0 0.0
904 53.84615384615385 0.0
905 42.30769230769231 0.0
906 46.15384615384615 0.0
907 50.0 0.0
908 57.69230769230769 0.0
909 38.46153846153846 0.0
910 53.84615384615385 0.0
911 42.30769230769231 0.0
912 50.0 0.0
913 46.15384615384615 0.0
914 46.15384615384615 0.0
915 50.0 0.0
916 42.30769230769231 0.0
917 57.69230769230769 0.0
918 53.84615384615385 0.0
919 53.84615384615385 0.0
920 61.53846153846154 0.0
921 57.69230769230769 0.0
922 57.69230769230769 0.0
923 61.53846153846154 0.0
924 65.38461538461539 0.0
925 69.23076923076923 0.0
926 65.38461538461539 0.0
927 57.69230769230769 0.0
928 50.0 0.0
929 53.84615384615385 0.0
930 65.38461538461539 0.0
931 65.38461538461539 0.0
932 53.84615384615385 0.0
933 61.53846153846154 0.0
934 69.23076923076923 0.0
935 53.84615384615385 0.0
936 61.53846153846154 0.0
937 61.53846153846154 0.0
938 50.0 0.0
939 65.38461538461539 0.0
940 53.84615384615385 0.0
941 50.0 0.0
942 50.0 0.0
943 57.69230769230769 0.0
944 57.69230769230769 0.0
945 53.84615384615385 0.0
946 57.69230769230769 0.0
947 42.30769230769231 0.0
948 46.15384615384615 0.0
949 42.30769230769231 0.0
950 46.15384615384615 0.0
951 42.30769230769231 0.0
952 46.15384615384615 0.0
953 57.69230769230769 0.0
954 50.0 0.0
955 38.46153846153846 0.0
956 57.69230769230769 0.0
957 46.15384615384615 0.0
958 42.30769230769231 0.0
959 61.53846153846154 0.0
960 50.0 0.0
961 53.84615384615385 0.0
962 53.84615384615385 0.0
963 38.46153846153846 0.0
964 53.84615384615385 0.0
965 50.0 0.0
966 42.30769230769231 0.0
967 34.61538461538461 0.0
968 34.61538461538461 0.0
969 30.76923076923077 0.0
970 42.30769230769231 0.0
971 46.15384615384615 0.0
972 38.46153846153846 0.0
973 38.46153846153846 0.0
974 42.30769230769231 0.0
975 42.30769230769231 0.0
976 53.84615384615385 0.0
977 42.30769230769231 0.0
978 34.61538461538461 0.0
979 34.61538461538461 0.0
980 38.46153846153846 0.0
981 38.46153846153846 0.0
982 34.61538461538461 0.0
983 26.923076923076923 0.0
984 38.46153846153846 0.0
985 23.076923076923077 0.0
986 34.61538461538461 0.0
987 34.61538461538461 0.0
988 19.23076923076923 0.0
989 26.923076923076923 0.0
990 38.46153846153846 0.0
991 34.61538461538461 0.0
992 38.46153846153846 0.0
993 26.923076923076923 0.0
994 34.61538461538461 0.0
995 34.61538461538461 0.0
996 23.076923076923077 0.0
997 30.76923076923077 0.0
998 42.30769230769231 0.0
999 30.76923076923077 0.0
