#frame monomers_% popc_isolated_%
0 34.61538461538461 0.0
1 38.46153846153846 0.0
2 50.0 0.0
3 50.0 0.0
4 50.0 0.0
5 57.69230769230769 1.5625
6 50.0 1.5625
7 50.0 1.5625
8 46.15384615384615 1.5625
9 50.0 1.5625
10 50.0 1.5625
11 34.61538461538461 1.5625
12 50.0 1.5625
13 46.15384615384615 0.0
14 50.0 0.0
15 42.30769230769231 0.0
16 50.0 0.0
17 46.15384615384615 0.0
18 46.15384615384615 0.0
19 50.0 0.0
20 46.15384615384615 0.0
21 46.15384615384615 0.0
22 57.69230769230769 0.0
23 50.0 0.0
24 50.0 0.0
25 50.0 0.0
26 46.15384615384615 0.0
27 42.30769230769231 0.0
28 46.15384615384615 0.0
29 30.76923076923077 0.0
30 42.30769230769231 0.0
31 42.30769230769231 0.0
32 42.30769230769231 0.0
33 46.15384615384615 0.0
34 50.0 0.0
35 42.30769230769231 0.0
36 50.0 0.0
37 38.46153846153846 0.0
38 42.30769230769231 0.0
39 50.0 0.0
40 42.30769230769231 0.0
41 50.0 0.0
42 57.69230769230769 0.0
43 46.15384615384615 0.0
44 57.69230769230769 0.0
45 50.0 0.0
46 50.0 0.0
47 50.0 0.0
48 46.15384615384615 0.0
49 53.84615384615385 0.0
50 53.84615384615385 0.0
51 38.46153846153846 0.0
52 46.15384615384615 0.0
53 46.15384615384615 0.0
54 46.15384615384615 0.0
55 42.30769230769231 0.0
56 46.15384615384615 0.0
57 46.15384615384615 0.0
58 50.0 0.0
59 50.0 0.0
60 42.30769230769231 0.0
61 42.30769230769231 0.0
62 46.15384615384615 0.0
63 42.30769230769231 0.0
64 42.30769230769231 0.0
65 42.30769230769231 0.0
66 46.15384615384615 0.0
67 50.0 0.0
68 38.46153846153846 0.0
69 38.46153846153846 0.0
70 38.46153846153846 0.0
71 38.46153846153846 0.0
72 42.30769230769231 0.0
73 50.0 0.0
74 50.0 0.0
75 42.30769230769231 0.0
76 46.15384615384615 0.0
77 34.61538461538461 0.0
78 42.30769230769231 0.0
79 50.0 0.0
80 50.0 0.0
81 50.0 0.0
82 50.0 0.0
83 53.84615384615385 0.0
84 46.15384615384615 0.0
85 42.30769230769231 0.0
86 38.46153846153846 0.0
87 50.0 0.0
88 38.46153846153846 0.0
89 38.46153846153846 0.0
90 26.923076923076923 0.0
91 34.61538461538461 0.0
92 30.76923076923077 0.0
93 34.61538461538461 0.0
94 34.61538461538461 0.0
95 34.61538461538461 0.0
96 34.61538461538461 0.0
97 34.61538461538461 0.0
98 38.46153846153846 0.0
99 38.46153846153846 0.0
100 38.46153846153846 0.0
101 50.0 0.0
102 42.30769230769231 0.0
103 38.46153846153846 0.0
104 34.61538461538461 0.0
105 38.46153846153846 0.0
106 34.61538461538461 0.0
107 46.15384615384615 0.0
108 53.84615384615385 0.0
109 38.46153846153846 0.0
110 50.0 0.0
111 50.0 0.0
112 50.0 0.0
113 42.30769230769231 0.0
114 53.84615384615385 0.0
115 53.84615384615385 0.0
116 53.84615384615385 0.0
117 57.69230769230769 0.0
118 46.15384615384615 0.0
119 53.84615384615385 0.0
120 42.30769230769231 0.0
121 42.30769230769231 0.0
122 46.15384615384615 0.0
123 57.69230769230769 0.0
124 38.46153846153846 0.0
125 42.30769230769231 0.0
126 50.0 0.0
127 53.84615384615385 0.0
128 50.0 0.0
129 57.69230769230769 0.0
130 57.69230769230769 0.0
131 53.84615384615385 0.0
132 50.0 0.0
133 46.15384615384615 0.0
134 42.30769230769231 0.0
135 42.30769230769231 0.0
136 61.53846153846154 0.0
137 50.0 0.0
138 46.15384615384615 0.0
139 46.15384615384615 0.0
140 46.15384615384615 0.0
141 46.15384615384615 0.0
142 61.53846153846154 0.0
143 61.53846153846154 0.0
144 38.46153846153846 0.0
145 57.69230769230769 0.0
146 34.61538461538461 0.0
147 42.30769230769231 0.0
148 30.76923076923077 0.0
149 38.46153846153846 0.0
150 46.15384615384615 0.0
151 38.46153846153846 0.0
152 42.30769230769231 0.0
153 42.30769230769231 0.0
154 42.30769230769231 0.0
155 50.0 0.0
156 34.61538461538461 0.0
157 42.30769230769231 0.0
158 42.30769230769231 0.0
159 46.15384615384615 0.0
160 53.84615384615385 0.0
161 46.15384615384615 0.0
162 53.84615384615385 0.0
163 46.15384615384615 0.0
164 46.15384615384615 0.0
165 42.30769230769231 0.0
166 42.30769230769231 0.0
167 46.15384615384615 0.0
168 46.15384615384615 0.0
169 38.46153846153846 0.0
170 46.15384615384615 0.0
171 38.46153846153846 0.0
172 42.30769230769231 0.0
173 53.84615384615385 0.0
174 53.84615384615385 0.0
175 61.53846153846154 0.0
176 50.0 0.0
177 53.84615384615385 0.0
178 61.53846153846154 0.0
179 50.0 0.0
180 57.69230769230769 0.0
181 53.84615384615385 0.0
182 30.76923076923077 0.0
183 46.15384615384615 0.0
184 46.15384615384615 0.0
185 46.15384615384615 0.0
186 61.53846153846154 0.0
187 46.15384615384615 0.0
188 53.84615384615385 0.0
189 57.69230769230769 0.0
190 61.53846153846154 0.0
191 53.84615384615385 0.0
192 46.15384615384615 0.0
193 46.15384615384615 0.0
194 46.15384615384615 0.0
195 42.30769230769231 0.0
196 42.30769230769231 0.0
197 38.46153846153846 0.0
198 53.84615384615385 0.0
199 42.30769230769231 0.0
200 46.15384615384615 0.0
201 46.15384615384615 0.0
202 50.0 0.0
203 57.69230769230769 0.0
204 69.23076923076923 0.0
205 65.38461538461539 0.0
206 73.07692307692308 0.0
207 61.53846153846154 0.0
208 65.38461538461539 0.0
209 50.0 0.0
210 53.84615384615385 0.0
211 57.69230769230769 0.0
212 57.69230769230769 0.0
213 57.69230769230769 0.0
214 42.30769230769231 0.0
215 57.69230769230769 0.0
216 57.69230769230769 0.0
217 50.0 0.0
218 53.84615384615385 0.0
219 42.30769230769231 0.0
220 46.15384615384615 0.0
221 61.53846153846154 0.0
222 65.38461538461539 0.0
223 57.69230769230769 0.0
224 50.0 0.0
225 57.69230769230769 0.0
226 53.84615384615385 0.0
227 57.69230769230769 0.0
228 50.0 0.0
229 46.15384615384615 0.0
230 50.0 0.0
231 38.46153846153846 0.0
232 50.0 0.0
233 61.53846153846154 0.0
234 34.61538461538461 0.0
235 57.69230769230769 0.0
236 57.69230769230769 0.0
237 61.53846153846154 0.0
238 61.53846153846154 0.0
239 65.38461538461539 0.0
240 53.84615384615385 0.0
241 53.84615384615385 0.0
242 50.0 0.0
243 34.61538461538461 0.0
244 38.46153846153846 0.0
245 42.30769230769231 0.0
246 34.61538461538461 0.0
247 30.76923076923077 0.0
248 26.923076923076923 0.0
249 30.76923076923077 0.0
250 34.61538461538461 0.0
251 38.46153846153846 0.0
252 42.30769230769231 0.0
253 42.30769230769231 0.0
254 53.84615384615385 0.0
255 38.46153846153846 0.0
256 30.76923076923077 0.0
257 38.46153846153846 0.0
258 30.76923076923077 0.0
259 38.46153846153846 0.0
260 34.61538461538461 0.0
261 46.15384615384615 0.0
262 30.76923076923077 0.0
263 46.15384615384615 0.0
264 53.84615384615385 0.0
265 50.0 0.0
266 50.0 0.0
267 42.30769230769231 0.0
268 34.61538461538461 0.0
269 34.61538461538461 0.0
270 42.30769230769231 0.0
271 53.84615384615385 0.0
272 38.46153846153846 0.0
273 53.84615384615385 0.0
274 57.69230769230769 0.0
275 53.84615384615385 0.0
276 53.84615384615385 0.0
277 38.46153846153846 0.0
278 46.15384615384615 0.0
279 46.15384615384615 0.0
280 53.84615384615385 0.0
281 46.15384615384615 0.0
282 61.53846153846154 0.0
283 61.53846153846154 0.0
284 61.53846153846154 0.0
285 50.0 0.0
286 50.0 0.0
287 50.0 0.0
288 42.30769230769231 0.0
289 42.30769230769231 0.0
290 53.84615384615385 0.0
291 53.84615384615385 0.0
292 50.0 0.0
293 53.84615384615385 0.0
294 46.15384615384615 0.0
295 53.84615384615385 0.0
296 53.84615384615385 0.0
297 46.15384615384615 0.0
298 53.84615384615385 0.0
299 42.30769230769231 0.0
300 50.0 0.0
301 46.15384615384615 0.0
302 46.15384615384615 0.0
303 42.30769230769231 0.0
304 38.46153846153846 0.0
305 46.15384615384615 0.0
306 34.61538461538461 0.0
307 42.30769230769231 0.0
308 34.61538461538461 0.0
309 38.46153846153846 0.0
310 38.46153846153846 0.0
311 38.46153846153846 0.0
312 38.46153846153846 0.0
313 30.76923076923077 0.0
314 34.61538461538461 0.0
315 42.30769230769231 0.0
316 42.30769230769231 0.0
317 30.76923076923077 0.0
318 26.923076923076923 0.0
319 42.30769230769231 0.0
320 46.15384615384615 0.0
321 34.61538461538461 0.0
322 42.30769230769231 0.0
323 38.46153846153846 0.0
324 46.15384615384615 0.0
325 42.30769230769231 0.0
326 46.15384615384615 0.0
327 38.46153846153846 0.0
328 42.30769230769231 0.0
329 34.61538461538461 0.0
330 34.61538461538461 0.0
331 53.84615384615385 0.0
332 42.30769230769231 0.0
333 42.30769230769231 0.0
334 53.84615384615385 0.0
335 53.84615384615385 1.5625
336 50.0 0.0
337 46.15384615384615 0.0
338 46.15384615384615 0.0
339 38.46153846153846 0.0
340 26.923076923076923 0.0
341 50.0 0.0
342 38.46153846153846 0.0
343 38.46153846153846 0.0
344 34.61538461538461 0.0
345 38.46153846153846 0.0
346 46.15384615384615 0.0
347 46.15384615384615 0.0
348 30.76923076923077 0.0
349 42.30769230769231 0.0
350 38.46153846153846 0.0
351 34.61538461538461 0.0
352 46.15384615384615 0.0
353 46.15384615384615 0.0
354 53.84615384615385 0.0
355 46.15384615384615 0.0
356 38.46153846153846 0.0
357 53.84615384615385 0.0
358 34.61538461538461 0.0
359 30.76923076923077 0.0
360 42.30769230769231 0.0
361 42.30769230769231 0.0
362 46.15384615384615 0.0
363 42.30769230769231 0.0
364 50.0 0.0
365 50.0 0.0
366 46.15384615384615 0.0
367 46.15384615384615 0.0
368 34.61538461538461 0.0
369 34.61538461538461 0.0
370 23.076923076923077 0.0
371 46.15384615384615 0.0
372 42.30769230769231 0.0
373 34.61538461538461 0.0
374 34.61538461538461 0.0
375 46.15384615384615 0.0
376 38.46153846153846 0.0
377 38.46153846153846 0.0
378 46.15384615384615 0.0
379 34.61538461538461 0.0
380 30.76923076923077 0.0
381 46.15384615384615 0.0
382 38.46153846153846 0.0
383 34.61538461538461 0.0
384 42.30769230769231 0.0
385 50.0 0.0
386 30.76923076923077 0.0
387 38.46153846153846 0.0
388 53.84615384615385 0.0
389 42.30769230769231 0.0
390 38.46153846153846 0.0
391 38.46153846153846 0.0
392 26.923076923076923 0.0
393 30.76923076923077 0.0
394 34.61538461538461 0.0
395 53.84615384615385 0.0
396 30.76923076923077 0.0
397 53.84615384615385 0.0
398 38.46153846153846 0.0
399 30.76923076923077 0.0
400 61.53846153846154 0.0
401 50.0 0.0
402 38.46153846153846 0.0
403 53.84615384615385 0.0
404 42.30769230769231 0.0
405 42.30769230769231 0.0
406 53.84615384615385 0.0
407 34.61538461538461 0.0
408 46.15384615384615 0.0
409 50.0 0.0
410 38.46153846153846 0.0
411 42.30769230769231 0.0
412 46.15384615384615 0.0
413 53.84615384615385 0.0
414 34.61538461538461 0.0
415 53.84615384615385 0.0
416 53.84615384615385 0.0
417 42.30769230769231 0.0
418 46.15384615384615 0.0
419 61.53846153846154 0.0
420 53.84615384615385 0.0
421 61.53846153846154 0.0
422 61.53846153846154 0.0
423 46.15384615384615 0.0
424 50.0 0.0
425 53.84615384615385 0.0
426 69.23076923076923 0.0
427 61.53846153846154 0.0
428 50.0 0.0
429 46.15384615384615 0.0
430 57.69230769230769 0.0
431 61.53846153846154 0.0
432 53.84615384615385 0.0
433 61.53846153846154 0.0
434 57.69230769230769 0.0
435 38.46153846153846 0.0
436 53.84615384615385 0.0
437 46.15384615384615 0.0
438 61.53846153846154 0.0
439 57.69230769230769 0.0
440 57.69230769230769 0.0
441 53.84615384615385 0.0
442 53.84615384615385 0.0
443 65.38461538461539 0.0
444 57.69230769230769 0.0
445 65.38461538461539 0.0
446 50.0 0.0
447 53.84615384615385 0.0
448 50.0 0.0
449 38.46153846153846 0.0
450 42.30769230769231 0.0
451 46.15384615384615 0.0
452 42.30769230769231 0.0
453 46.15384615384615 0.0
454 57.69230769230769 0.0
455 50.0 0.0
456 50.0 0.0
457 50.0 0.0
458 65.38461538461539 0.0
459 57.69230769230769 0.0
460 53.84615384615385 0.0
461 46.15384615384615 0.0
462 57.69230769230769 0.0
463 42.30769230769231 0.0
464 50.0 0.0
465 57.69230769230769 0.0
466 53.84615384615385 0.0
467 65.38461538461539 0.0
468 57.69230769230769 0.0
469 46.15384615384615 0.0
470 53.84615384615385 0.0
471 42.30769230769231 0.0
472 42.30769230769231 0.0
473 46.15384615384615 0.0
474 50.0 0.0
475 61.53846153846154 0.0
476 57.69230769230769 0.0
477 50.0 0.0
478 61.53846153846154 0.0
479 53.84615384615385 0.0
480 46.15384615384615 0.0
481 42.30769230769231 0.0
482 46.15384615384615 0.0
483 69.23076923076923 0.0
484 57.69230769230769 0.0
485 53.84615384615385 0.0
486 53.84615384615385 0.0
487 69.23076923076923 0.0
488 61.53846153846154 0.0
489 69.23076923076923 0.0
490 69.23076923076923 0.0
491 53.84615384615385 0.0
492 53.84615384615385 0.0
493 53.84615384615385 0.0
494 53.84615384615385 0.0
495 61.53846153846154 0.0
496 53.84615384615385 0.0
497 38.46153846153846 0.0
498 42.30769230769231 0.0
499 50.0 0.0
500 50.0 0.0
501 38.46153846153846 0.0
502 53.84615384615385 0.0
503 53.84615384615385 0.0
504 53.84615384615385 0.0
505 50.0 0.0
506 53.84615384615385 0.0
507 50.0 0.0
508 46.15384615384615 0.0
509 53.84615384615385 0.0
510 38.46153846153846 0.0
511 42.30769230769231 0.0
512 38.46153846153846 0.0
513 53.84615384615385 0.0
514 42.30769230769231 0.0
515 61.53846153846154 0.0
516 53.84615384615385 0.0
517 42.30769230769231 0.0
518 38.46153846153846 0.0
519 42.30769230769231 0.0
520 53.84615384615385 0.0
521 65.38461538461539 0.0
522 53.84615384615385 0.0
523 57.69230769230769 0.0
524 57.69230769230769 0.0
525 57.69230769230769 0.0
526 57.69230769230769 0.0
527 53.84615384615385 0.0
528 53.84615384615385 0.0
529 46.15384615384615 0.0
530 57.69230769230769 0.0
531 46.15384615384615 0.0
532 50.0 0.0
533 57.69230769230769 0.0
534 57.69230769230769 0.0
535 57.69230769230769 0.0
536 57.69230769230769 0.0
537 53.84615384615385 0.0
538 65.38461538461539 0.0
539 69.23076923076923 0.0
540 73.07692307692308 0.0
541 73.07692307692308 0.0
542 65.38461538461539 0.0
543 57.69230769230769 0.0
544 61.53846153846154 0.0
545 65.38461538461539 0.0
546 57.69230769230769 0.0
547 65.38461538461539 0.0
548 61.53846153846154 0.0
549 57.69230769230769 0.0
550 50.0 0.0
551 65.38461538461539 0.0
552 50.0 0.0
553 42.30769230769231 0.0
554 50.0 0.0
555 46.15384615384615 0.0
556 61.53846153846154 0.0
557 65.38461538461539 0.0
558 50.0 0.0
559 69.23076923076923 0.0
560 61.53846153846154 0.0
561 57.69230769230769 0.0
562 50.0 0.0
563 50.0 0.0
564 26.923076923076923 0.0
565 42.30769230769231 0.0
566 42.30769230769231 0.0
567 53.84615384615385 0.0
568 50.0 0.0
569 76.92307692307692 0.0
570 69.23076923076923 0.0
571 53.84615384615385 0.0
572 57.69230769230769 0.0
573 61.53846153846154 0.0
574 57.69230769230769 0.0
575 46.15384615384615 0.0
576 61.53846153846154 0.0
577 57.69230769230769 0.0
578 50.0 0.0
579 50.0 0.0
580 53.84615384615385 0.0
581 73.07692307692308 0.0
582 57.69230769230769 0.0
583 84.61538461538461 0.0
584 73.07692307692308 0.0
585 73.07692307692308 0.0
586 73.07692307692308 0.0
587 73.07692307692308 0.0
588 65.38461538461539 0.0
589 65.38461538461539 0.0
590 69.23076923076923 0.0
591 73.07692307692308 0.0
592 73.07692307692308 0.0
593 73.07692307692308 0.0
594 57.69230769230769 0.0
595 65.38461538461539 0.0
596 65.38461538461539 0.0
597 65.38461538461539 0.0
598 73.07692307692308 0.0
599 50.0 0.0
600 50.0 0.0
601 53.84615384615385 0.0
602 42.30769230769231 0.0
603 42.30769230769231 0.0
604 50.0 0.0
605 46.15384615384615 0.0
606 34.61538461538461 0.0
607 46.15384615384615 0.0
608 46.15384615384615 0.0
609 30.76923076923077 0.0
610 46.15384615384615 0.0
611 30.76923076923077 0.0
612 42.30769230769231 0.0
613 50.0 0.0
614 46.15384615384615 0.0
615 57.69230769230769 0.0
616 46.15384615384615 0.0
617 46.15384615384615 0.0
618 46.15384615384615 0.0
619 42.30769230769231 0.0
620 42.30769230769231 0.0
621 57.69230769230769 1.5625
622 34.61538461538461 0.0
623 42.30769230769231 0.0
624 53.84615384615385 0.0
625 46.15384615384615 0.0
626 46.15384615384615 0.0
627 46.15384615384615 0.0
628 61.53846153846154 0.0
629 46.15384615384615 0.0
630 38.46153846153846 0.0
631 61.53846153846154 0.0
632 46.15384615384615 0.0
633 42.30769230769231 0.0
634 42.30769230769231 0.0
635 46.15384615384615 0.0
636 38.46153846153846 0.0
637 46.15384615384615 0.0
638 42.30769230769231 0.0
639 38.46153846153846 0.0
640 42.30769230769231 0.0
641 46.15384615384615 0.0
642 46.15384615384615 0.0
643 42.30769230769231 0.0
644 46.15384615384615 0.0
645 38.46153846153846 0.0
646 50.0 0.0
647 46.15384615384615 0.0
648 61.53846153846154 0.0
649 53.84615384615385 0.0
650 57.69230769230769 0.0
651 53.84615384615385 0.0
652 46.15384615384615 0.0
653 57.69230769230769 0.0
654 42.30769230769231 0.0
655 38.46153846153846 0.0
656 42.30769230769231 0.0
657 53.84615384615385 0.0
658 50.0 0.0
659 42.30769230769231 0.0
660 50.0 0.0
661 42.30769230769231 1.5625
662 50.0 0.0
663 57.69230769230769 1.5625
664 65.38461538461539 0.0
665 57.69230769230769 0.0
666 57.69230769230769 0.0
667 53.84615384615385 0.0
668 46.15384615384615 0.0
669 53.84615384615385 0.0
670 53.84615384615385 1.5625
671 57.69230769230769 0.0
672 42.30769230769231 0.0
673 50.0 0.0
674 53.84615384615385 0.0
675 46.15384615384615 0.0
676 38.46153846153846 0.0
677 53.84615384615385 0.0
678 50.0 0.0
679 46.15384615384615 0.0
680 42.30769230769231 0.0
681 50.0 0.0
682 50.0 0.0
683 42.30769230769231 0.0
684 42.30769230769231 0.0
685 46.15384615384615 0.0
686 46.15384615384615 0.0
687 53.84615384615385 1.5625
688 42.30769230769231 0.0
689 46.15384615384615 0.0
690 57.69230769230769 0.0
691 46.15384615384615 0.0
692 50.0 1.5625
693 46.15384615384615 1.5625
694 38.46153846153846 1.5625
695 50.0 0.0
696 38.46153846153846 0.0
697 42.30769230769231 0.0
698 46.15384615384615 0.0
699 46.15384615384615 0.0
700 42.30769230769231 0.0
701 50.0 0.0
702 46.15384615384615 0.0
703 42.30769230769231 0.0
704 46.15384615384615 0.0
705 38.46153846153846 0.0
706 50.0 0.0
707 53.84615384615385 0.0
708 50.0 0.0
709 34.61538461538461 0.0
710 42.30769230769231 0.0
711 50.0 0.0
712 50.0 0.0
713 34.61538461538461 0.0
714 42.30769230769231 0.0
715 50.0 1.5625
716 42.30769230769231 0.0
717 38.46153846153846 0.0
718 42.30769230769231 0.0
719 46.15384615384615 0.0
720 38.46153846153846 1.5625
721 38.46153846153846 0.0
722 57.69230769230769 0.0
723 42.30769230769231 0.0
724 50.0 0.0
725 65.38461538461539 0.0
726 57.69230769230769 0.0
727 57.69230769230769 0.0
728 50.0 0.0
729 57.69230769230769 0.0
730 57.69230769230769 0.0
731 57.69230769230769 0.0
732 57.69230769230769 0.0
733 57.69230769230769 0.0
734 57.69230769230769 0.0
735 50.0 0.0
736 57.69230769230769 0.0
737 57.69230769230769 0.0
738 57.69230769230769 0.0
739 57.69230769230769 0.0
740 65.38461538461539 0.0
741 57.69230769230769 0.0
742 57.69230769230769 0.0
743 38.46153846153846 0.0
744 50.0 0.0
745 50.0 0.0
746 42.30769230769231 0.0
747 57.69230769230769 0.0
748 38.46153846153846 0.0
749 38.46153846153846 0.0
750 42.30769230769231 0.0
751 42.30769230769231 0.0
752 53.84615384615385 0.0
753 50.0 0.0
754 50.0 0.0
755 46.15384615384615 0.0
756 53.84615384615385 0.0
757 50.0 0.0
758 50.0 0.0
759 46.15384615384615 0.0
760 53.84615384615385 0.0
761 57.69230769230769 0.0
762 65.38461538461539 0.0
763 61.53846153846154 0.0
764 65.38461538461539 0.0
765 57.69230769230769 0.0
766 65.38461538461539 0.0
767 57.69230769230769 0.0
768 57.69230769230769 0.0
769 42.30769230769231 0.0
770 53.84615384615385 0.0
771 65.38461538461539 0.0
772 38.46153846153846 0.0
773 50.0 0.0
774 73.07692307692308 0.0
775 53.84615384615385 0.0
776 42.30769230769231 0.0
777 38.46153846153846 0.0
778 42.30769230769231 0.0
779 50.0 0.0
780 50.0 0.0
781 38.46153846153846 0.0
782 30.76923076923077 0.0
783 30.76923076923077 0.0
784 53.84615384615385 0.0
785 46.15384615384615 0.0
786 42.30769230769231 1.5625
787 34.61538461538461 0.0
788 38.46153846153846 0.0
789 46.15384615384615 0.0
790 38.46153846153846 0.0
791 46.15384615384615 0.0
792 42.30769230769231 0.0
793 50.0 0.0
794 50.0 0.0
795 50.0 0.0
796 53.84615384615385 0.0
797 42.30769230769231 0.0
798 50.0 0.0
799 61.53846153846154 0.0
800 46.15384615384615 0.0
801 50.0 0.0
802 53.84615384615385 0.0
803 50.0 0.0
804 53.84615384615385 0.0
805 57.69230769230769 0.0
806 61.53846153846154 0.0
807 53.84615384615385 1.5625
808 57.69230769230769 1.5625
809 53.84615384615385 1.5625
810 61.53846153846154 1.5625
811 53.84615384615385 1.5625
812 61.53846153846154 0.0
813 61.53846153846154 0.0
814 57.69230769230769 0.0
815 57.69230769230769 0.0
816 53.84615384615385 1.5625
817 53.84615384615385 1.5625
818 53.84615384615385 1.5625
819 57.69230769230769 0.0
820 53.84615384615385 0.0
821 46.15384615384615 0.0
822 53.84615384615385 0.0
823 61.53846153846154 0.0
824 53.84615384615385 1.5625
825 53.84615384615385 0.0
826 50.0 0.0
827 57.69230769230769 1.5625
828 46.15384615384615 1.5625
829 57.69230769230769 1.5625
830 61.53846153846154 1.5625
831 61.53846153846154 3.125
832 46.15384615384615 1.5625
833 57.69230769230769 1.5625
834 46.15384615384615 3.125
835 57.69230769230769 1.5625
836 50.0 1.5625
837 50.0 0.0
838 50.0 0.0
839 57.69230769230769 3.125
840 65.38461538461539 3.125
841 57.69230769230769 3.125
842 65.38461538461539 4.6875
843 61.53846153846154 1.5625
844 50.0 0.0
845 65.38461538461539 1.5625
846 50.0 1.5625
847 57.69230769230769 3.125
848 42.30769230769231 1.5625
849 53.84615384615385 1.5625
850 42.30769230769231 1.5625
851 73.07692307692308 3.125
852 57.69230769230769 3.125
853 61.53846153846154 1.5625
854 73.07692307692308 1.5625
855 73.07692307692308 1.5625
856 73.07692307692308 3.125
857 50.0 3.125
858 65.38461538461539 4.6875
859 65.38461538461539 3.125
860 57.69230769230769 3.125
861 57.69230769230769 1.5625
862 57.69230769230769 3.125
863 65.38461538461539 3.125
864 65.38461538461539 3.125
865 73.07692307692308 3.125
866 57.69230769230769 3.125
867 65.38461538461539 3.125
868 65.38461538461539 3.125
869 73.07692307692308 3.125
870 73.07692307692308 3.125
871 65.38461538461539 3.125
872 65.38461538461539 0.0
873 73.07692307692308 0.0
874 65.38461538461539 0.0
875 73.07692307692308 1.5625
876 73.07692307692308 0.0
877 73.07692307692308 0.0
878 65.38461538461539 1.5625
879 57.69230769230769 1.5625
880 73.07692307692308 0.0
881 80.76923076923077 0.0
882 80.76923076923077 0.0
883 53.84615384615385 0.0
884 53.84615384615385 1.5625
885 57.69230769230769 0.0
886 46.15384615384615 0.0
887 57.69230769230769 0.0
888 73.07692307692308 0.0
889 73.07692307692308 0.0
890 80.76923076923077 0.0
891 80.76923076923077 0.0
892 65.38461538461539 0.0
893 73.07692307692308 1.5625
894 69.23076923076923 0.0
895 61.53846153846154 0.0
896 73.07692307692308 0.0
897 73.07692307692308 0.0
898 73.07692307692308 0.0
899 65.38461538461539 0.0
900 57.69230769230769 0.0
901 61.53846153846154 0.0
902 50.0 1.5625
903 61.53846153846154 1.5625
904 57.69230769230769 1.5625
905 65.38461538461539 1.5625
906 46.15384615384615 1.5625
907 65.38461538461539 1.5625
908 50.0 0.0
909 61.53846153846154 0.0
910 61.53846153846154 0.0
911 65.38461538461539 1.5625
912 57.69230769230769 0.0
913 57.69230769230769 3.125
914 53.84615384615385 0.0
915 57.69230769230769 3.125
916 65.38461538461539 3.125
917 50.0 1.5625
918 50.0 1.5625
919 57.69230769230769 1.5625
920 53.84615384615385 0.0
921 73.07692307692308 0.0
922 57.69230769230769 1.5625
923 50.0 1.5625
924 57.69230769230769 1.5625
925 42.30769230769231 0.0
926 50.0 1.5625
927 69.23076923076923 1.5625
928 65.38461538461539 1.5625
929 53.84615384615385 1.5625
930 53.84615384615385 0.0
931 53.84615384615385 0.0
932 57.69230769230769 1.5625
933 53.84615384615385 0.0
934 53.84615384615385 0.0
935 61.53846153846154 0.0
936 53.84615384615385 1.5625
937 53.84615384615385 0.0
938 57.69230769230769 1.5625
939 53.84615384615385 0.0
940 53.84615384615385 0.0
941 61.53846153846154 1.5625
942 46.15384615384615 1.5625
943 53.84615384615385 3.125
944 46.15384615384615 0.0
945 61.53846153846154 1.5625
946 53.84615384615385 3.125
947 53.84615384615385 1.5625
948 53.84615384615385 0.0
949 53.84615384615385 0.0
950 53.84615384615385 3.125
951 65.38461538461539 1.5625
952 57.69230769230769 1.5625
953 53.84615384615385 3.125
954 53.84615384615385 0.0
955 61.53846153846154 1.5625
956 53.84615384615385 0.0
957 57.69230769230769 1.5625
958 50.0 0.0
959 53.84615384615385 1.5625
960 50.0 0.0
961 57.69230769230769 0.0
962 57.69230769230769 1.5625
963 53.84615384615385 0.0
964 65.38461538461539 0.0
965 50.0 0.0
966 50.0 0.0
967 69.23076923076923 0.0
968 57.69230769230769 0.0
969 57.69230769230769 0.0
970 53.84615384615385 0.0
971 69.23076923076923 0.0
972 53.84615384615385 0.0
973 50.0 1.5625
974 53.84615384615385 0.0
975 53.84615384615385 0.0
976 53.84615384615385 0.0
977 61.53846153846154 0.0
978 50.0 0.0
979 53.84615384615385 0.0
980 50.0 0.0
981 50.0 1.5625
982 53.84615384615385 0.0
983 50.0 0.0
984 46.15384615384615 0.0
985 57.69230769230769 0.0
986 46.15384615384615 0.0
987 50.0 0.0
988 42.30769230769231 0.0
989 46.15384615384615 0.0
990 38.46153846153846 0.0
991 50.0 0.0
992 61.53846153846154 0.0
993 53.84615384615385 0.0
994 61.53846153846154 1.5625
995 61.53846153846154 0.0
996 53.84615384615385 1.5625
997 57.69230769230769 0.0
998 57.69230769230769 0.0
999 53.84615384615385 0.0
