#frame monomers_% popc_isolated_%
0 26.923076923076923 0.0
1 26.923076923076923 0.0
2 23.076923076923077 0.0
3 23.076923076923077 0.0
4 23.076923076923077 0.0
5 23.076923076923077 0.0
6 26.923076923076923 0.0
7 23.076923076923077 0.0
8 23.076923076923077 0.0
9 26.923076923076923 0.0
10 34.61538461538461 0.0
11 23.076923076923077 0.0
12 23.076923076923077 0.0
13 23.076923076923077 0.0
14 42.30769230769231 0.0
15 34.61538461538461 0.0
16 34.61538461538461 0.0
17 38.46153846153846 0.0
18 34.61538461538461 0.0
19 38.46153846153846 0.0
20 34.61538461538461 0.0
21 30.76923076923077 0.0
22 38.46153846153846 0.0
23 46.15384615384615 0.0
24 34.61538461538461 0.0
25 46.15384615384615 0.0
26 38.46153846153846 0.0
27 30.76923076923077 0.0
28 50.0 0.0
29 42.30769230769231 0.0
30 50.0 0.0
31 46.15384615384615 0.0
32 38.46153846153846 0.0
33 38.46153846153846 0.0
34 42.30769230769231 0.0
35 30.76923076923077 0.0
36 38.46153846153846 0.0
37 38.46153846153846 0.0
38 34.61538461538461 0.0
39 38.46153846153846 0.0
40 38.46153846153846 0.0
41 38.46153846153846 0.0
42 38.46153846153846 0.0
43 30.76923076923077 0.0
44 26.923076923076923 0.0
45 34.61538461538461 0.0
46 38.46153846153846 0.0
47 38.46153846153846 0.0
48 38.46153846153846 0.0
49 46.15384615384615 0.0
50 26.923076923076923 0.0
51 38.46153846153846 0.0
52 38.46153846153846 0.0
53 38.46153846153846 0.0
54 38.46153846153846 0.0
55 38.46153846153846 0.0
56 38.46153846153846 0.0
57 38.46153846153846 0.0
58 38.46153846153846 0.0
59 30.76923076923077 0.0
60 30.76923076923077 0.0
61 30.76923076923077 0.0
62 30.76923076923077 0.0
63 34.61538461538461 0.0
64 30.76923076923077 0.0
65 38.46153846153846 0.0
66 38.46153846153846 0.0
67 38.46153846153846 0.0
68 38.46153846153846 0.0
69 26.923076923076923 0.0
70 38.46153846153846 0.0
71 30.76923076923077 0.0
72 30.76923076923077 0.0
73 30.76923076923077 0.0
74 30.76923076923077 0.0
75 30.76923076923077 0.0
76 23.076923076923077 0.0
77 26.923076923076923 0.0
78 30.76923076923077 0.0
79 38.46153846153846 0.0
80 19.23076923076923 0.0
81 23.076923076923077 0.0
82 26.923076923076923 0.0
83 19.23076923076923 0.0
84 26.923076923076923 0.0
85 23.076923076923077 0.0
86 34.61538461538461 0.0
87 38.46153846153846 0.0
88 30.76923076923077 0.0
89 46.15384615384615 0.0
90 50.0 0.0
91 42.30769230769231 0.0
92 46.15384615384615 0.0
93 46.15384615384615 0.0
94 42.30769230769231 0.0
95 42.30769230769231 0.0
96 42.30769230769231 0.0
97 38.46153846153846 0.0
98 34.61538461538461 0.0
99 34.61538461538461 0.0
100 38.46153846153846 0.0
101 42.30769230769231 0.0
102 42.30769230769231 0.0
103 30.76923076923077 0.0
104 34.61538461538461 0.0
105 34.61538461538461 0.0
106 30.76923076923077 0.0
107 30.76923076923077 0.0
108 38.46153846153846 0.0
109 42.30769230769231 0.0
110 42.30769230769231 0.0
111 34.61538461538461 0.0
112 38.46153846153846 0.0
113 42.30769230769231 0.0
114 42.30769230769231 0.0
115 42.30769230769231 0.0
116 42.30769230769231 0.0
117 38.46153846153846 0.0
118 34.61538461538461 0.0
119 38.46153846153846 0.0
120 42.30769230769231 0.0
121 38.46153846153846 0.0
122 38.46153846153846 0.0
123 38.46153846153846 0.0
124 38.46153846153846 0.0
125 46.15384615384615 0.0
126 34.61538461538461 0.0
127 38.46153846153846 0.0
128 34.61538461538461 0.0
129 42.30769230769231 0.0
130 38.46153846153846 0.0
131 23.076923076923077 0.0
132 34.61538461538461 0.0
133 34.61538461538461 0.0
134 38.46153846153846 0.0
135 30.76923076923077 0.0
136 42.30769230769231 0.0
137 50.0 0.0
138 38.46153846153846 0.0
139 46.15384615384615 0.0
140 53.84615384615385 0.0
141 53.84615384615385 0.0
142 42.30769230769231 0.0
143 50.0 0.0
144 42.30769230769231 0.0
145 42.30769230769231 0.0
146 38.46153846153846 0.0
147 38.46153846153846 0.0
148 42.30769230769231 0.0
149 42.30769230769231 0.0
150 53.84615384615385 0.0
151 30.76923076923077 0.0
152 30.76923076923077 0.0
153 53.84615384615385 0.0
154 42.30769230769231 0.0
155 34.61538461538461 0.0
156 38.46153846153846 0.0
157 38.46153846153846 0.0
158 30.76923076923077 0.0
159 38.46153846153846 0.0
160 38.46153846153846 0.0
161 53.84615384615385 0.0
162 46.15384615384615 0.0
163 38.46153846153846 0.0
164 38.46153846153846 0.0
165 34.61538461538461 0.0
166 30.76923076923077 0.0
167 34.61538461538461 0.0
168 34.61538461538461 0.0
169 38.46153846153846 0.0
170 42.30769230769231 0.0
171 50.0 0.0
172 46.15384615384615 0.0
173 42.30769230769231 0.0
174 42.30769230769231 0.0
175 34.61538461538461 0.0
176 38.46153846153846 0.0
177 34.61538461538461 0.0
178 42.30769230769231 0.0
179 38.46153846153846 0.0
180 38.46153846153846 0.0
181 46.15384615384615 0.0
182 42.30769230769231 0.0
183 42.30769230769231 0.0
184 42.30769230769231 0.0
185 42.30769230769231 0.0
186 42.30769230769231 0.0
187 42.30769230769231 0.0
188 38.46153846153846 0.0
189 38.46153846153846 0.0
190 46.15384615384615 0.0
191 38.46153846153846 0.0
192 46.15384615384615 0.0
193 42.30769230769231 0.0
194 38.46153846153846 0.0
195 46.15384615384615 0.0
196 34.61538461538461 0.0
197 38.46153846153846 0.0
198 38.46153846153846 0.0
199 34.61538461538461 0.0
200 38.46153846153846 0.0
201 38.46153846153846 0.0
202 30.76923076923077 0.0
203 30.76923076923077 0.0
204 38.46153846153846 0.0
205 30.76923076923077 0.0
206 38.46153846153846 0.0
207 30.76923076923077 0.0
208 23.076923076923077 0.0
209 46.15384615384615 0.0
210 38.46153846153846 0.0
211 46.15384615384615 0.0
212 34.61538461538461 0.0
213 42.30769230769231 0.0
214 53.84615384615385 0.0
215 34.61538461538461 0.0
216 42.30769230769231 0.0
217 34.61538461538461 0.0
218 42.30769230769231 0.0
219 38.46153846153846 0.0
220 38.46153846153846 0.0
221 46.15384615384615 0.0
222 30.76923076923077 0.0
223 30.76923076923077 0.0
224 30.76923076923077 0.0
225 26.923076923076923 0.0
226 30.76923076923077 0.0
227 30.76923076923077 0.0
228 38.46153846153846 0.0
229 34.61538461538461 0.0
230 38.46153846153846 0.0
231 38.46153846153846 0.0
232 38.46153846153846 0.0
233 30.76923076923077 0.0
234 42.30769230769231 0.0
235 46.15384615384615 0.0
236 42.30769230769231 0.0
237 42.30769230769231 0.0
238 38.46153846153846 0.0
239 42.30769230769231 0.0
240 46.15384615384615 0.0
241 38.46153846153846 0.0
242 30.76923076923077 0.0
243 42.30769230769231 0.0
244 38.46153846153846 0.0
245 42.30769230769231 0.0
246 46.15384615384615 0.0
247 42.30769230769231 0.0
248 42.30769230769231 0.0
249 30.76923076923077 0.0
250 30.76923076923077 0.0
251 34.61538461538461 0.0
252 26.923076923076923 0.0
253 26.923076923076923 0.0
254 34.61538461538461 0.0
255 34.61538461538461 0.0
256 30.76923076923077 0.0
257 30.76923076923077 0.0
258 38.46153846153846 0.0
259 38.46153846153846 0.0
260 30.76923076923077 0.0
261 34.61538461538461 0.0
262 30.76923076923077 0.0
263 30.76923076923077 0.0
264 30.76923076923077 0.0
265 34.61538461538461 0.0
266 30.76923076923077 0.0
267 30.76923076923077 0.0
268 38.46153846153846 0.0
269 34.61538461538461 0.0
270 38.46153846153846 0.0
271 30.76923076923077 0.0
272 34.61538461538461 0.0
273 30.76923076923077 0.0
274 30.76923076923077 0.0
275 30.76923076923077 0.0
276 34.61538461538461 0.0
277 30.76923076923077 0.0
278 30.76923076923077 0.0
279 30.76923076923077 0.0
280 30.76923076923077 0.0
281 34.61538461538461 0.0
282 30.76923076923077 0.0
283 38.46153846153846 0.0
284 30.76923076923077 0.0
285 30.76923076923077 0.0
286 38.46153846153846 0.0
287 30.76923076923077 0.0
288 30.76923076923077 0.0
289 30.76923076923077 0.0
290 34.61538461538461 0.0
291 34.61538461538461 0.0
292 30.76923076923077 0.0
293 42.30769230769231 0.0
294 30.76923076923077 0.0
295 30.76923076923077 0.0
296 34.61538461538461 0.0
297 42.30769230769231 0.0
298 46.15384615384615 0.0
299 50.0 0.0
300 46.15384615384615 0.0
301 30.76923076923077 0.0
302 46.15384615384615 0.0
303 38.46153846153846 0.0
304 42.30769230769231 0.0
305 38.46153846153846 0.0
306 38.46153846153846 0.0
307 38.46153846153846 0.0
308 46.15384615384615 0.0
309 38.46153846153846 0.0
310 42.30769230769231 0.0
311 30.76923076923077 0.0
312 38.46153846153846 0.0
313 30.76923076923077 0.0
314 38.46153846153846 0.0
315 30.76923076923077 0.0
316 38.46153846153846 0.0
317 42.30769230769231 0.0
318 26.923076923076923 0.0
319 30.76923076923077 0.0
320 30.76923076923077 0.0
321 34.61538461538461 0.0
322 34.61538461538461 0.0
323 46.15384615384615 0.0
324 38.46153846153846 0.0
325 34.61538461538461 0.0
326 42.30769230769231 0.0
327 34.61538461538461 0.0
328 34.61538461538461 0.0
329 42.30769230769231 0.0
330 34.61538461538461 0.0
331 30.76923076923077 0.0
332 23.076923076923077 0.0
333 34.61538461538461 0.0
334 34.61538461538461 0.0
335 38.46153846153846 0.0
336 38.46153846153846 0.0
337 34.61538461538461 0.0
338 38.46153846153846 0.0
339 38.46153846153846 0.0
340 38.46153846153846 0.0
341 34.61538461538461 0.0
342 38.46153846153846 0.0
343 42.30769230769231 0.0
344 34.61538461538461 0.0
345 34.61538461538461 0.0
346 30.76923076923077 0.0
347 34.61538461538461 0.0
348 30.76923076923077 0.0
349 30.76923076923077 0.0
350 30.76923076923077 0.0
351 26.923076923076923 0.0
352 34.61538461538461 0.0
353 38.46153846153846 0.0
354 38.46153846153846 0.0
355 34.61538461538461 0.0
356 34.61538461538461 0.0
357 42.30769230769231 0.0
358 34.61538461538461 0.0
359 38.46153846153846 0.0
360 46.15384615384615 0.0
361 34.61538461538461 0.0
362 30.76923076923077 0.0
363 30.76923076923077 0.0
364 30.76923076923077 0.0
365 30.76923076923077 0.0
366 38.46153846153846 0.0
367 38.46153846153846 0.0
368 30.76923076923077 0.0
369 42.30769230769231 0.0
370 42.30769230769231 0.0
371 38.46153846153846 0.0
372 42.30769230769231 0.0
373 42.30769230769231 0.0
374 34.61538461538461 0.0
375 38.46153846153846 0.0
376 38.46153846153846 0.0
377 46.15384615384615 0.0
378 42.30769230769231 0.0
379 42.30769230769231 0.0
380 53.84615384615385 0.0
381 53.84615384615385 0.0
382 53.84615384615385 0.0
383 53.84615384615385 0.0
384 57.69230769230769 0.0
385 50.0 0.0
386 50.0 0.0
387 50.0 0.0
388 57.69230769230769 0.0
389 50.0 0.0
390 57.69230769230769 0.0
391 46.15384615384615 0.0
392 65.38461538461539 0.0
393 57.69230769230769 0.0
394 57.69230769230769 0.0
395 53.84615384615385 0.0
396 69.23076923076923 0.0
397 53.84615384615385 0.0
398 46.15384615384615 0.0
399 57.69230769230769 0.0
400 38.46153846153846 0.0
401 53.84615384615385 0.0
402 50.0 0.0
403 50.0 0.0
404 38.46153846153846 0.0
405 38.46153846153846 0.0
406 38.46153846153846 0.0
407 42.30769230769231 0.0
408 38.46153846153846 0.0
409 57.69230769230769 0.0
410 50.0 0.0
411 42.30769230769231 0.0
412 42.30769230769231 0.0
413 42.30769230769231 0.0
414 30.76923076923077 0.0
415 34.61538461538461 0.0
416 42.30769230769231 0.0
417 34.61538461538461 0.0
418 42.30769230769231 0.0
419 57.69230769230769 0.0
420 38.46153846153846 0.0
421 30.76923076923077 0.0
422 42.30769230769231 0.0
423 46.15384615384615 0.0
424 46.15384615384615 0.0
425 42.30769230769231 0.0
426 46.15384615384615 0.0
427 34.61538461538461 0.0
428 38.46153846153846 0.0
429 26.923076923076923 0.0
430 42.30769230769231 0.0
431 46.15384615384615 0.0
432 26.923076923076923 0.0
433 26.923076923076923 0.0
434 38.46153846153846 0.0
435 30.76923076923077 0.0
436 30.76923076923077 0.0
437 30.76923076923077 0.0
438 30.76923076923077 0.0
439 23.076923076923077 0.0
440 30.76923076923077 0.0
441 38.46153846153846 0.0
442 30.76923076923077 0.0
443 30.76923076923077 0.0
444 30.76923076923077 0.0
445 30.76923076923077 0.0
446 30.76923076923077 0.0
447 38.46153846153846 0.0
448 23.076923076923077 0.0
449 23.076923076923077 0.0
450 30.76923076923077 0.0
451 38.46153846153846 0.0
452 42.30769230769231 0.0
453 38.46153846153846 0.0
454 42.30769230769231 0.0
455 46.15384615384615 0.0
456 23.076923076923077 0.0
457 30.76923076923077 0.0
458 38.46153846153846 0.0
459 23.076923076923077 0.0
460 42.30769230769231 0.0
461 26.923076923076923 0.0
462 38.46153846153846 0.0
463 38.46153846153846 0.0
464 34.61538461538461 0.0
465 30.76923076923077 0.0
466 34.61538461538461 0.0
467 38.46153846153846 0.0
468 34.61538461538461 0.0
469 34.61538461538461 0.0
470 38.46153846153846 0.0
471 34.61538461538461 0.0
472 34.61538461538461 0.0
473 30.76923076923077 0.0
474 38.46153846153846 0.0
475 34.61538461538461 0.0
476 34.61538461538461 0.0
477 42.30769230769231 0.0
478 26.923076923076923 0.0
479 26.923076923076923 0.0
480 42.30769230769231 0.0
481 30.76923076923077 0.0
482 30.76923076923077 0.0
483 26.923076923076923 0.0
484 26.923076923076923 0.0
485 30.76923076923077 0.0
486 38.46153846153846 0.0
487 19.23076923076923 0.0
488 26.923076923076923 0.0
489 26.923076923076923 0.0
490 26.923076923076923 0.0
491 38.46153846153846 0.0
492 23.076923076923077 0.0
493 30.76923076923077 0.0
494 26.923076923076923 0.0
495 19.23076923076923 0.0
496 34.61538461538461 0.0
497 26.923076923076923 0.0
498 34.61538461538461 0.0
499 26.923076923076923 0.0
500 30.76923076923077 0.0
501 30.76923076923077 0.0
502 34.61538461538461 0.0
503 30.76923076923077 0.0
504 26.923076923076923 0.0
505 23.076923076923077 0.0
506 23.076923076923077 0.0
507 30.76923076923077 0.0
508 23.076923076923077 0.0
509 34.61538461538461 0.0
510 23.076923076923077 0.0
511 30.76923076923077 0.0
512 30.76923076923077 0.0
513 19.23076923076923 0.0
514 26.923076923076923 0.0
515 34.61538461538461 0.0
516 26.923076923076923 0.0
517 38.46153846153846 0.0
518 34.61538461538461 0.0
519 26.923076923076923 0.0
520 23.076923076923077 0.0
521 23.076923076923077 0.0
522 26.923076923076923 0.0
523 26.923076923076923 0.0
524 26.923076923076923 0.0
525 26.923076923076923 0.0
526 26.923076923076923 0.0
527 26.923076923076923 0.0
528 26.923076923076923 0.0
529 26.923076923076923 0.0
530 26.923076923076923 0.0
531 23.076923076923077 0.0
532 26.923076923076923 0.0
533 42.30769230769231 0.0
534 34.61538461538461 0.0
535 26.923076923076923 0.0
536 30.76923076923077 0.0
537 30.76923076923077 0.0
538 34.61538461538461 0.0
539 23.076923076923077 0.0
540 30.76923076923077 0.0
541 30.76923076923077 0.0
542 30.76923076923077 0.0
543 34.61538461538461 0.0
544 26.923076923076923 0.0
545 34.61538461538461 0.0
546 26.923076923076923 0.0
547 26.923076923076923 0.0
548 30.76923076923077 0.0
549 30.76923076923077 0.0
550 26.923076923076923 0.0
551 11.538461538461538 0.0
552 19.23076923076923 0.0
553 19.23076923076923 0.0
554 15.384615384615385 0.0
555 26.923076923076923 0.0
556 23.076923076923077 0.0
557 23.076923076923077 0.0
558 23.076923076923077 0.0
559 23.076923076923077 0.0
560 19.23076923076923 0.0
561 23.076923076923077 0.0
562 30.76923076923077 0.0
563 26.923076923076923 0.0
564 23.076923076923077 0.0
565 30.76923076923077 0.0
566 23.076923076923077 0.0
567 23.076923076923077 0.0
568 30.76923076923077 0.0
569 30.76923076923077 0.0
570 26.923076923076923 0.0
571 23.076923076923077 0.0
572 19.23076923076923 0.0
573 23.076923076923077 0.0
574 23.076923076923077 0.0
575 26.923076923076923 0.0
576 30.76923076923077 0.0
577 30.76923076923077 0.0
578 30.76923076923077 0.0
579 30.76923076923077 0.0
580 30.76923076923077 0.0
581 30.76923076923077 0.0
582 30.76923076923077 0.0
583 42.30769230769231 0.0
584 42.30769230769231 0.0
585 38.46153846153846 0.0
586 38.46153846153846 0.0
587 26.923076923076923 0.0
588 38.46153846153846 0.0
589 26.923076923076923 0.0
590 38.46153846153846 0.0
591 30.76923076923077 0.0
592 26.923076923076923 0.0
593 26.923076923076923 0.0
594 30.76923076923077 0.0
595 30.76923076923077 0.0
596 23.076923076923077 0.0
597 30.76923076923077 0.0
598 26.923076923076923 0.0
599 30.76923076923077 0.0
600 23.076923076923077 0.0
601 23.076923076923077 0.0
602 23.076923076923077 0.0
603 30.76923076923077 0.0
604 26.923076923076923 0.0
605 30.76923076923077 0.0
606 30.76923076923077 0.0
607 30.76923076923077 0.0
608 34.61538461538461 0.0
609 34.61538461538461 0.0
610 34.61538461538461 0.0
611 34.61538461538461 0.0
612 34.61538461538461 0.0
613 38.46153846153846 0.0
614 30.76923076923077 0.0
615 34.61538461538461 0.0
616 38.46153846153846 0.0
617 30.76923076923077 0.0
618 30.76923076923077 0.0
619 34.61538461538461 0.0
620 26.923076923076923 0.0
621 34.61538461538461 0.0
622 23.076923076923077 0.0
623 26.923076923076923 0.0
624 26.923076923076923 0.0
625 26.923076923076923 0.0
626 30.76923076923077 0.0
627 26.923076923076923 0.0
628 19.23076923076923 0.0
629 19.23076923076923 0.0
630 38.46153846153846 0.0
631 30.76923076923077 0.0
632 26.923076923076923 0.0
633 30.76923076923077 0.0
634 42.30769230769231 0.0
635 34.61538461538461 0.0
636 30.76923076923077 0.0
637 23.076923076923077 0.0
638 34.61538461538461 0.0
639 34.61538461538461 0.0
640 38.46153846153846 0.0
641 34.61538461538461 0.0
642 42.30769230769231 0.0
643 42.30769230769231 0.0
644 34.61538461538461 0.0
645 34.61538461538461 0.0
646 34.61538461538461 0.0
647 34.61538461538461 0.0
648 34.61538461538461 0.0
649 42.30769230769231 0.0
650 42.30769230769231 0.0
651 34.61538461538461 0.0
652 42.30769230769231 0.0
653 42.30769230769231 0.0
654 42.30769230769231 0.0
655 42.30769230769231 0.0
656 38.46153846153846 0.0
657 34.61538461538461 0.0
658 42.30769230769231 0.0
659 34.61538461538461 0.0
660 42.30769230769231 0.0
661 42.30769230769231 0.0
662 34.61538461538461 0.0
663 34.61538461538461 0.0
664 42.30769230769231 0.0
665 34.61538461538461 0.0
666 42.30769230769231 0.0
667 30.76923076923077 0.0
668 34.61538461538461 0.0
669 26.923076923076923 0.0
670 23.076923076923077 0.0
671 30.76923076923077 0.0
672 23.076923076923077 0.0
673 34.61538461538461 0.0
674 34.61538461538461 0.0
675 42.30769230769231 0.0
676 42.30769230769231 0.0
677 46.15384615384615 0.0
678 42.30769230769231 0.0
679 50.0 0.0
680 46.15384615384615 0.0
681 46.15384615384615 0.0
682 46.15384615384615 0.0
683 42.30769230769231 0.0
684 42.30769230769231 0.0
685 42.30769230769231 0.0
686 42.30769230769231 0.0
687 30.76923076923077 0.0
688 26.923076923076923 0.0
689 38.46153846153846 0.0
690 30.76923076923077 0.0
691 30.76923076923077 0.0
692 38.46153846153846 0.0
693 38.46153846153846 0.0
694 42.30769230769231 0.0
695 30.76923076923077 0.0
696 30.76923076923077 0.0
697 15.384615384615385 0.0
698 30.76923076923077 0.0
699 19.23076923076923 0.0
700 30.76923076923077 0.0
701 38.46153846153846 0.0
702 23.076923076923077 0.0
703 26.923076923076923 0.0
704 34.61538461538461 0.0
705 30.76923076923077 0.0
706 30.76923076923077 0.0
707 23.076923076923077 0.0
708 30.76923076923077 0.0
709 30.76923076923077 0.0
710 34.61538461538461 0.0
711 34.61538461538461 0.0
712 34.61538461538461 0.0
713 38.46153846153846 0.0
714 42.30769230769231 0.0
715 30.76923076923077 0.0
716 42.30769230769231 0.0
717 42.30769230769231 0.0
718 42.30769230769231 0.0
719 34.61538461538461 0.0
720 34.61538461538461 0.0
721 30.76923076923077 0.0
722 26.923076923076923 0.0
723 15.384615384615385 0.0
724 30.76923076923077 0.0
725 19.23076923076923 0.0
726 34.61538461538461 0.0
727 26.923076923076923 0.0
728 34.61538461538461 0.0
729 23.076923076923077 0.0
730 30.76923076923077 0.0
731 30.76923076923077 0.0
732 34.61538461538461 0.0
733 34.61538461538461 0.0
734 34.61538461538461 0.0
735 34.61538461538461 0.0
736 34.61538461538461 0.0
737 34.61538461538461 0.0
738 30.76923076923077 0.0
739 30.76923076923077 0.0
740 26.923076923076923 0.0
741 30.76923076923077 0.0
742 50.0 0.0
743 50.0 0.0
744 38.46153846153846 0.0
745 50.0 0.0
746 38.46153846153846 0.0
747 38.46153846153846 0.0
748 38.46153846153846 0.0
749 30.76923076923077 0.0
750 38.46153846153846 0.0
751 30.76923076923077 0.0
752 46.15384615384615 0.0
753 38.46153846153846 0.0
754 38.46153846153846 0.0
755 38.46153846153846 0.0
756 42.30769230769231 0.0
757 42.30769230769231 0.0
758 46.15384615384615 0.0
759 42.30769230769231 0.0
760 38.46153846153846 0.0
761 42.30769230769231 0.0
762 38.46153846153846 0.0
763 34.61538461538461 0.0
764 38.46153846153846 0.0
765 30.76923076923077 0.0
766 38.46153846153846 0.0
767 30.76923076923077 0.0
768 30.76923076923077 0.0
769 30.76923076923077 0.0
770 19.23076923076923 0.0
771 23.076923076923077 0.0
772 23.076923076923077 0.0
773 19.23076923076923 0.0
774 15.384615384615385 0.0
775 15.384615384615385 0.0
776 19.23076923076923 0.0
777 23.076923076923077 0.0
778 23.076923076923077 0.0
779 23.076923076923077 0.0
780 26.923076923076923 0.0
781 26.923076923076923 0.0
782 23.076923076923077 0.0
783 34.61538461538461 0.0
784 38.46153846153846 0.0
785 38.46153846153846 0.0
786 38.46153846153846 0.0
787 42.30769230769231 0.0
788 38.46153846153846 0.0
789 26.923076923076923 0.0
790 30.76923076923077 0.0
791 30.76923076923077 0.0
792 34.61538461538461 0.0
793 38.46153846153846 0.0
794 30.76923076923077 0.0
795 30.76923076923077 0.0
796 30.76923076923077 0.0
797 26.923076923076923 0.0
798 34.61538461538461 0.0
799 23.076923076923077 0.0
800 26.923076923076923 0.0
801 30.76923076923077 0.0
802 30.76923076923077 0.0
803 30.76923076923077 0.0
804 30.76923076923077 0.0
805 26.923076923076923 0.0
806 23.076923076923077 0.0
807 30.76923076923077 0.0
808 26.923076923076923 0.0
809 34.61538461538461 0.0
810 30.76923076923077 0.0
811 38.46153846153846 0.0
812 34.61538461538461 0.0
813 26.923076923076923 0.0
814 30.76923076923077 0.0
815 34.61538461538461 0.0
816 26.923076923076923 0.0
817 26.923076923076923 0.0
818 26.923076923076923 0.0
819 38.46153846153846 0.0
820 23.076923076923077 0.0
821 26.923076923076923 0.0
822 34.61538461538461 0.0
823 30.76923076923077 0.0
824 34.61538461538461 0.0
825 34.61538461538461 0.0
826 30.76923076923077 0.0
827 26.923076923076923 0.0
828 34.61538461538461 0.0
829 30.76923076923077 0.0
830 26.923076923076923 0.0
831 34.61538461538461 0.0
832 34.61538461538461 0.0
833 26.923076923076923 0.0
834 30.76923076923077 0.0
835 30.76923076923077 0.0
836 26.923076923076923 0.0
837 34.61538461538461 0.0
838 30.76923076923077 0.0
839 26.923076923076923 0.0
840 30.76923076923077 0.0
841 34.61538461538461 0.0
842 23.076923076923077 0.0
843 23.076923076923077 0.0
844 15.384615384615385 0.0
845 15.384615384615385 0.0
846 19.23076923076923 0.0
847 19.23076923076923 0.0
848 23.076923076923077 0.0
849 23.076923076923077 0.0
850 15.384615384615385 0.0
851 19.23076923076923 0.0
852 11.538461538461538 0.0
853 38.46153846153846 0.0
854 19.23076923076923 0.0
855 26.923076923076923 0.0
856 23.076923076923077 0.0
857 23.076923076923077 0.0
858 23.076923076923077 0.0
859 23.076923076923077 0.0
860 23.076923076923077 0.0
861 19.23076923076923 0.0
862 23.076923076923077 0.0
863 26.923076923076923 0.0
864 26.923076923076923 0.0
865 19.23076923076923 0.0
866 23.076923076923077 0.0
867 19.23076923076923 0.0
868 19.23076923076923 0.0
869 23.076923076923077 0.0
870 30.76923076923077 0.0
871 15.384615384615385 0.0
872 15.384615384615385 0.0
873 19.23076923076923 0.0
874 15.384615384615385 0.0
875 15.384615384615385 0.0
876 19.23076923076923 0.0
877 23.076923076923077 0.0
878 15.384615384615385 0.0
879 15.384615384615385 0.0
880 19.23076923076923 0.0
881 23.076923076923077 0.0
882 26.923076923076923 0.0
883 23.076923076923077 0.0
884 23.076923076923077 0.0
885 23.076923076923077 0.0
886 19.23076923076923 0.0
887 19.23076923076923 0.0
888 30.76923076923077 0.0
889 30.76923076923077 0.0
890 26.923076923076923 0.0
891 26.923076923076923 0.0
892 23.076923076923077 0.0
893 19.23076923076923 0.0
894 23.076923076923077 0.0
895 26.923076923076923 0.0
896 26.923076923076923 0.0
897 26.923076923076923 0.0
898 30.76923076923077 0.0
899 26.923076923076923 0.0
900 26.923076923076923 0.0
901 19.23076923076923 0.0
902 23.076923076923077 0.0
903 23.076923076923077 0.0
904 38.46153846153846 0.0
905 38.46153846153846 0.0
906 30.76923076923077 0.0
907 26.923076923076923 0.0
908 26.923076923076923 0.0
909 30.76923076923077 0.0
910 30.76923076923077 0.0
911 30.76923076923077 0.0
912 26.923076923076923 0.0
913 26.923076923076923 0.0
914 26.923076923076923 0.0
915 30.76923076923077 0.0
916 26.923076923076923 0.0
917 26.923076923076923 0.0
918 26.923076923076923 0.0
919 26.923076923076923 0.0
920 34.61538461538461 0.0
921 34.61538461538461 0.0
922 26.923076923076923 0.0
923 26.923076923076923 0.0
924 26.923076923076923 0.0
925 26.923076923076923 0.0
926 34.61538461538461 0.0
927 26.923076923076923 0.0
928 38.46153846153846 0.0
929 30.76923076923077 0.0
930 30.76923076923077 0.0
931 30.76923076923077 0.0
932 26.923076923076923 0.0
933 30.76923076923077 0.0
934 30.76923076923077 0.0
935 23.076923076923077 0.0
936 26.923076923076923 0.0
937 23.076923076923077 0.0
938 19.23076923076923 0.0
939 23.076923076923077 0.0
940 30.76923076923077 0.0
941 19.23076923076923 0.0
942 34.61538461538461 0.0
943 26.923076923076923 0.0
944 30.76923076923077 0.0
945 30.76923076923077 0.0
946 23.076923076923077 0.0
947 34.61538461538461 0.0
948 30.76923076923077 0.0
949 30.76923076923077 0.0
950 23.076923076923077 0.0
951 42.30769230769231 0.0
952 19.23076923076923 0.0
953 30.76923076923077 0.0
954 19.23076923076923 0.0
955 26.923076923076923 0.0
956 23.076923076923077 0.0
957 34.61538461538461 0.0
958 38.46153846153846 0.0
959 26.923076923076923 0.0
960 30.76923076923077 0.0
961 30.76923076923077 0.0
962 26.923076923076923 0.0
963 34.61538461538461 0.0
964 38.46153846153846 0.0
965 38.46153846153846 0.0
966 42.30769230769231 0.0
967 34.61538461538461 0.0
968 34.61538461538461 0.0
969 42.30769230769231 0.0
970 26.923076923076923 0.0
971 23.076923076923077 0.0
972 38.46153846153846 0.0
973 38.46153846153846 0.0
974 30.76923076923077 0.0
975 23.076923076923077 0.0
976 23.076923076923077 0.0
977 26.923076923076923 0.0
978 26.923076923076923 0.0
979 34.61538461538461 0.0
980 19.23076923076923 0.0
981 30.76923076923077 0.0
982 23.076923076923077 0.0
983 26.923076923076923 0.0
984 26.923076923076923 0.0
985 34.61538461538461 0.0
986 34.61538461538461 0.0
987 26.923076923076923 0.0
988 38.46153846153846 0.0
989 38.46153846153846 0.0
990 42.30769230769231 0.0
991 34.61538461538461 0.0
992 26.923076923076923 0.0
993 34.61538461538461 0.0
994 26.923076923076923 0.0
995 30.76923076923077 0.0
996 23.076923076923077 0.0
997 30.76923076923077 0.0
998 26.923076923076923 0.0
999 26.923076923076923 0.0
