#resid average_duration max_duration persistent_contacts
1 5.153846153846154 26 52
10 11.56 250 75
11 8.193181818181818 111 88
12 19.68421052631579 574 57
13 0 0 0
14 19.37837837837838 155 37
15 9.382352941176471 130 34
16 23.772357723577237 445 123
17 17.476923076923075 445 130
18 26.166666666666668 574 42
19 40.6578947368421 461 76
2 18.020408163265305 144 49
20 14.953488372093023 155 43
21 14.289473684210526 144 38
22 6.857142857142857 58 42
23 16.227272727272727 148 44
24 6.448275862068965 26 29
25 13.539473684210526 148 76
26 10.27027027027027 95 37
3 15.844444444444445 461 135
4 7.061224489795919 59 49
5 14.897196261682243 246 107
6 4.136363636363637 18 22
7 9.568627450980392 95 51
8 9.91764705882353 111 85
9 10.607843137254902 121 51
#TOTAL_CONTACTS 12985 for 1000 frames
