#resid average_duration max_duration persistent_contacts
1 7.026315789473684 79 76
10 8.333333333333334 186 111
11 14.0 158 85
12 5.0 35 41
13 10.11111111111111 87 90
14 26.875 152 24
15 14.173913043478262 86 23
16 41.78947368421053 456 19
17 25.894736842105264 152 19
18 41.07142857142857 456 14
19 8.242424242424242 65 33
2 5.9 40 30
20 17.185185185185187 161 54
21 9.959016393442623 186 122
22 31.75 118 4
23 6.772277227722772 103 101
24 11.142857142857142 118 28
25 12.080459770114942 202 87
26 3.4285714285714284 11 14
3 9.758064516129032 161 62
4 8.283018867924529 61 53
5 10.619718309859154 92 71
6 13.153846153846153 69 13
7 5.246376811594203 50 69
8 10.168674698795181 202 83
9 9.928571428571429 92 42
#TOTAL_CONTACTS 8289 for 1000 frames
