#resid average_duration max_duration persistent_contacts
1 16.344086021505376 295 93
10 9.58974358974359 95 39
11 19.328125 239 64
12 15.75 239 52
13 6.242105263157895 29 95
14 6.25 34 20
15 4.0 9 7
16 8.121212121212121 101 33
17 8.68 73 50
18 12.92156862745098 268 51
19 6.973333333333334 189 75
2 8.362745098039216 73 102
20 16.90909090909091 133 33
21 36.857142857142854 498 42
22 3.7674418604651163 15 43
23 6.739130434782608 101 46
24 11.722222222222221 149 72
25 0 0 0
26 3.3703703703703702 7 27
3 5.403846153846154 26 52
4 6.333333333333333 26 27
5 24.096774193548388 268 31
6 3.4390243902439024 15 41
7 14.385964912280702 189 57
8 39.76190476190476 498 42
9 4.7 25 40
#TOTAL_CONTACTS 8281 for 1000 frames
