#resid average_duration max_duration persistent_contacts
1 21.453125 317 64
10 20.36231884057971 220 69
11 11.033333333333333 161 60
12 16.056818181818183 196 88
13 7.782608695652174 81 69
14 62.0 505 31
15 8.593023255813954 145 86
16 17.93846153846154 181 65
17 20.413333333333334 386 75
18 33.84444444444444 250 45
19 17.824324324324323 302 74
2 10.738636363636363 81 88
20 9.633802816901408 112 71
21 14.548387096774194 234 93
22 2.5 4 6
23 13.482758620689655 187 29
24 18.107142857142858 250 56
25 18.433734939759034 354 83
26 20.896551724137932 131 29
3 28.183333333333334 317 60
4 24.912280701754387 505 57
5 16.068493150684933 220 73
6 20.926470588235293 302 68
7 13.559139784946236 213 93
8 18.540983606557376 386 61
9 24.681159420289855 354 69
#TOTAL_CONTACTS 15956 for 1000 frames
