-61.5 0.003148
-60.5 0.010063
-59.5 0.017985
-58.5 0.019942
-57.5 0.017267
-56.5 0.017769
-55.5 0.016834
-54.5 0.019425
-53.5 0.017882
-52.5 0.015934
-51.5 0.013514
-50.5 0.001605
-49.5 0.002480
-48.5 0.000955
-47.5 0.000649
-46.5 0.000000
-45.5 0.000000
-44.5 0.000000
-43.5 0.000610
-42.5 0.000077
-41.5 0.003931
-40.5 0.003321
-39.5 0.005002
-38.5 0.007710
-37.5 0.014091
-36.5 0.028115
-35.5 0.028411
-34.5 0.027244
-33.5 0.024751
-32.5 0.025384
-31.5 0.039771
-30.5 0.034845
-29.5 0.027414
-28.5 0.013107
-27.5 0.008494
-26.5 0.003073
-25.5 0.004695
-24.5 0.000115
-23.5 0.000000
-22.5 0.000000
-21.5 0.000000
-20.5 0.000000
-19.5 0.000000
-18.5 0.000000
-17.5 0.000000
-16.5 0.000000
-15.5 0.000000
-14.5 0.000000
-13.5 0.000000
-12.5 0.000000
-11.5 0.000000
-10.5 0.000000
 -9.5 0.000000
 -8.5 0.000000
 -7.5 0.000000
 -6.5 0.000000
 -5.5 0.000000
 -4.5 0.000000
 -3.5 0.000000
 -2.5 0.000000
 -1.5 0.000000
 -0.5 0.000000
  0.5 0.000000
  1.5 0.000000
  2.5 0.000000
  3.5 0.000000
  4.5 0.000000
  5.5 0.000000
  6.5 0.000000
  7.5 0.000000
  8.5 0.000000
  9.5 0.000000
 10.5 0.000000
 11.5 0.000000
 12.5 0.000000
 13.5 0.000000
 14.5 0.000000
 15.5 0.000000
 16.5 0.000000
 17.5 0.000535
 18.5 0.000038
 19.5 0.001679
 20.5 0.000000
 21.5 0.000000
 22.5 0.000000
 23.5 0.000000
 24.5 0.003701
 25.5 0.008593
 26.5 0.009931
 27.5 0.026570
 28.5 0.024525
 29.5 0.047505
 30.5 0.050540
 31.5 0.050623
 32.5 0.035964
 33.5 0.024845
 34.5 0.025291
 35.5 0.019533
 36.5 0.014123
 37.5 0.005357
 38.5 0.002178
 39.5 0.005488
 40.5 0.006646
 41.5 0.003812
 42.5 0.001866
 43.5 0.001526
 44.5 0.003205
 45.5 0.000116
 46.5 0.002931
 47.5 0.003760
 48.5 0.003363
 49.5 0.002927
 50.5 0.003800
 51.5 0.003167
 52.5 0.006683
 53.5 0.003589
 54.5 0.014597
 55.5 0.017174
 56.5 0.010239
 57.5 0.017329
 58.5 0.011758
 59.5 0.008895
 60.5 0.006890
 61.5 0.003206
 62.5 0.005249
 63.5 0.004998
 64.5 0.004657
 65.5 0.002634
 66.5 0.002158
 67.5 0.001718
 68.5 0.006869
 69.5 0.001490
 70.5 0.000116
