-70.5 0.000001
-69.5 0.000009
-68.5 0.000049
-67.5 0.000133
-66.5 0.000504
-65.5 0.001509
-64.5 0.002698
-63.5 0.004069
-62.5 0.005133
-61.5 0.006041
-60.5 0.007050
-59.5 0.007502
-58.5 0.008659
-57.5 0.009020
-56.5 0.009634
-55.5 0.009839
-54.5 0.010606
-53.5 0.010462
-52.5 0.011099
-51.5 0.010742
-50.5 0.010544
-49.5 0.011035
-48.5 0.011086
-47.5 0.011315
-46.5 0.011921
-45.5 0.012100
-44.5 0.011743
-43.5 0.011136
-42.5 0.009992
-41.5 0.009903
-40.5 0.008824
-39.5 0.008154
-38.5 0.007528
-37.5 0.006967
-36.5 0.006720
-35.5 0.006136
-34.5 0.005692
-33.5 0.005757
-32.5 0.005579
-31.5 0.004905
-30.5 0.004252
-29.5 0.004008
-28.5 0.003382
-27.5 0.003066
-26.5 0.002633
-25.5 0.002149
-24.5 0.001807
-23.5 0.001657
-22.5 0.001559
-21.5 0.001240
-20.5 0.001546
-19.5 0.002006
-18.5 0.004212
-17.5 0.008234
-16.5 0.012857
-15.5 0.016601
-14.5 0.017649
-13.5 0.015899
-12.5 0.012583
-11.5 0.008195
-10.5 0.004156
 -9.5 0.001841
 -8.5 0.000695
 -7.5 0.000129
 -6.5 0.000063
 -5.5 0.000003
 -4.5 0.000000
 -3.5 0.000000
 -2.5 0.000000
 -1.5 0.000000
 -0.5 0.000000
  0.5 0.000000
  1.5 0.000000
  2.5 0.000000
  3.5 0.000000
  4.5 0.000000
  5.5 0.000002
  6.5 0.000062
  7.5 0.000321
  8.5 0.001003
  9.5 0.003170
 10.5 0.007260
 11.5 0.013192
 12.5 0.020241
 13.5 0.026607
 14.5 0.030602
 15.5 0.028211
 16.5 0.022761
 17.5 0.015002
 18.5 0.009127
 19.5 0.005681
 20.5 0.004167
 21.5 0.002930
 22.5 0.002235
 23.5 0.001851
 24.5 0.001646
 25.5 0.001914
 26.5 0.002898
 27.5 0.003733
 28.5 0.004092
 29.5 0.004805
 30.5 0.005200
 31.5 0.005964
 32.5 0.006832
 33.5 0.007448
 34.5 0.007806
 35.5 0.008081
 36.5 0.007898
 37.5 0.008185
 38.5 0.009091
 39.5 0.009289
 40.5 0.009080
 41.5 0.009411
 42.5 0.010714
 43.5 0.010986
 44.5 0.011036
 45.5 0.010688
 46.5 0.011282
 47.5 0.011614
 48.5 0.011776
 49.5 0.012000
 50.5 0.011381
 51.5 0.011222
 52.5 0.011847
 53.5 0.011539
 54.5 0.010294
 55.5 0.011003
 56.5 0.010863
 57.5 0.009968
 58.5 0.010330
 59.5 0.010220
 60.5 0.009715
 61.5 0.009545
 62.5 0.009444
 63.5 0.008857
 64.5 0.008149
 65.5 0.007159
 66.5 0.005831
 67.5 0.004519
 68.5 0.003126
 69.5 0.001686
 70.5 0.000774
 71.5 0.000278
 72.5 0.000107
 73.5 0.000026
 74.5 0.000001
