#frame monomers_% popc_isolated_%
0 65.38461538461539 0.0
1 76.92307692307692 0.0
2 50.0 0.0
3 73.07692307692308 0.0
4 76.92307692307692 0.0
5 84.61538461538461 0.0
6 69.23076923076923 0.0
7 76.92307692307692 0.0
8 69.23076923076923 0.0
9 65.38461538461539 0.0
10 65.38461538461539 0.0
11 69.23076923076923 0.0
12 92.3076923076923 0.0
13 76.92307692307692 0.0
14 65.38461538461539 0.0
15 69.23076923076923 0.0
16 73.07692307692308 0.0
17 80.76923076923077 0.0
18 80.76923076923077 0.0
19 76.92307692307692 0.0
20 65.38461538461539 0.0
21 53.84615384615385 0.0
22 65.38461538461539 0.0
23 80.76923076923077 0.0
24 50.0 0.0
25 61.53846153846154 0.0
26 61.53846153846154 0.0
27 65.38461538461539 0.0
28 84.61538461538461 0.0
29 65.38461538461539 0.0
30 53.84615384615385 0.0
31 69.23076923076923 0.0
32 84.61538461538461 0.0
33 84.61538461538461 0.0
34 84.61538461538461 0.0
35 84.61538461538461 0.0
36 84.61538461538461 0.0
37 61.53846153846154 0.0
38 61.53846153846154 0.0
39 53.84615384615385 0.0
40 61.53846153846154 0.0
41 61.53846153846154 0.0
42 65.38461538461539 0.0
43 69.23076923076923 0.0
44 65.38461538461539 0.0
45 80.76923076923077 0.0
46 92.3076923076923 0.0
47 80.76923076923077 0.0
48 84.61538461538461 0.0
49 73.07692307692308 0.0
50 69.23076923076923 0.0
51 65.38461538461539 0.0
52 65.38461538461539 0.0
53 57.69230769230769 0.0
54 57.69230769230769 0.0
55 76.92307692307692 0.0
56 73.07692307692308 0.0
57 73.07692307692308 0.0
58 61.53846153846154 0.0
59 65.38461538461539 0.0
60 73.07692307692308 0.0
61 65.38461538461539 0.0
62 73.07692307692308 0.0
63 84.61538461538461 0.0
64 92.3076923076923 0.0
65 84.61538461538461 0.0
66 76.92307692307692 0.0
67 61.53846153846154 0.0
68 73.07692307692308 0.0
69 57.69230769230769 0.0
70 65.38461538461539 0.0
71 65.38461538461539 0.0
72 69.23076923076923 0.0
73 57.69230769230769 0.0
74 57.69230769230769 0.0
75 69.23076923076923 0.0
76 69.23076923076923 0.0
77 84.61538461538461 0.0
78 69.23076923076923 0.0
79 76.92307692307692 0.0
80 76.92307692307692 0.0
81 84.61538461538461 0.0
82 76.92307692307692 0.0
83 92.3076923076923 0.0
84 50.0 0.0
85 53.84615384615385 0.0
86 61.53846153846154 0.0
87 61.53846153846154 0.0
88 69.23076923076923 0.0
89 69.23076923076923 0.0
90 84.61538461538461 0.0
91 84.61538461538461 0.0
92 92.3076923076923 0.0
93 76.92307692307692 0.0
94 92.3076923076923 0.0
95 76.92307692307692 0.0
96 92.3076923076923 0.0
97 73.07692307692308 0.0
98 84.61538461538461 0.0
99 84.61538461538461 0.0
100 84.61538461538461 0.0
101 76.92307692307692 0.0
102 84.61538461538461 0.0
103 84.61538461538461 0.0
104 84.61538461538461 0.0
105 76.92307692307692 0.0
106 84.61538461538461 0.0
107 84.61538461538461 0.0
108 80.76923076923077 0.0
109 92.3076923076923 0.0
110 84.61538461538461 0.0
111 84.61538461538461 0.0
112 73.07692307692308 0.0
113 65.38461538461539 0.0
114 76.92307692307692 0.0
115 73.07692307692308 0.0
116 92.3076923076923 0.0
117 84.61538461538461 0.0
118 80.76923076923077 0.0
119 84.61538461538461 0.0
120 73.07692307692308 0.0
121 84.61538461538461 0.0
122 92.3076923076923 0.0
123 100.0 0.0
124 84.61538461538461 0.0
125 84.61538461538461 0.0
126 92.3076923076923 0.0
127 92.3076923076923 0.0
128 84.61538461538461 0.0
129 76.92307692307692 0.0
130 76.92307692307692 0.0
131 100.0 0.0
132 100.0 0.0
133 84.61538461538461 0.0
134 84.61538461538461 0.0
135 92.3076923076923 0.0
136 84.61538461538461 0.0
137 76.92307692307692 0.0
138 84.61538461538461 0.0
139 84.61538461538461 0.0
140 84.61538461538461 0.0
141 69.23076923076923 0.0
142 92.3076923076923 0.0
143 84.61538461538461 0.0
144 84.61538461538461 0.0
145 92.3076923076923 0.0
146 76.92307692307692 0.0
147 92.3076923076923 0.0
148 88.46153846153847 0.0
149 92.3076923076923 0.0
150 80.76923076923077 0.0
151 65.38461538461539 0.0
152 69.23076923076923 0.0
153 84.61538461538461 0.0
154 84.61538461538461 0.0
155 84.61538461538461 0.0
156 84.61538461538461 0.0
157 73.07692307692308 0.0
158 84.61538461538461 0.0
159 92.3076923076923 0.0
160 92.3076923076923 0.0
161 84.61538461538461 0.0
162 92.3076923076923 0.0
163 84.61538461538461 0.0
164 69.23076923076923 0.0
165 84.61538461538461 0.0
166 84.61538461538461 0.0
167 76.92307692307692 0.0
168 80.76923076923077 0.0
169 73.07692307692308 0.0
170 73.07692307692308 0.0
171 88.46153846153847 0.0
172 88.46153846153847 0.0
173 88.46153846153847 0.0
174 80.76923076923077 0.0
175 80.76923076923077 0.0
176 76.92307692307692 0.0
177 84.61538461538461 0.0
178 69.23076923076923 0.0
179 53.84615384615385 0.0
180 65.38461538461539 0.0
181 69.23076923076923 0.0
182 69.23076923076923 0.0
183 69.23076923076923 0.0
184 84.61538461538461 0.0
185 84.61538461538461 0.0
186 92.3076923076923 0.0
187 92.3076923076923 0.0
188 100.0 0.0
189 100.0 0.0
190 92.3076923076923 0.0
191 84.61538461538461 0.0
192 84.61538461538461 0.0
193 76.92307692307692 0.0
194 92.3076923076923 0.0
195 84.61538461538461 0.0
196 76.92307692307692 0.0
197 84.61538461538461 0.0
198 92.3076923076923 0.0
199 100.0 0.0
200 100.0 0.0
201 92.3076923076923 0.0
202 84.61538461538461 0.0
203 92.3076923076923 0.0
204 92.3076923076923 0.0
205 84.61538461538461 0.0
206 76.92307692307692 0.0
207 92.3076923076923 0.0
208 100.0 0.0
209 100.0 0.0
210 92.3076923076923 0.0
211 100.0 0.0
212 92.3076923076923 0.0
213 92.3076923076923 0.0
214 92.3076923076923 0.0
215 92.3076923076923 0.0
216 92.3076923076923 0.0
217 92.3076923076923 0.0
218 65.38461538461539 0.0
219 84.61538461538461 0.0
220 92.3076923076923 0.0
221 76.92307692307692 0.0
222 80.76923076923077 0.0
223 84.61538461538461 0.0
224 92.3076923076923 0.0
225 84.61538461538461 0.0
226 92.3076923076923 0.0
227 92.3076923076923 0.0
228 73.07692307692308 0.0
229 100.0 0.0
230 84.61538461538461 0.0
231 84.61538461538461 0.0
232 84.61538461538461 0.0
233 73.07692307692308 0.0
234 53.84615384615385 0.0
235 53.84615384615385 0.0
236 53.84615384615385 0.0
237 57.69230769230769 0.0
238 76.92307692307692 0.0
239 84.61538461538461 0.0
240 80.76923076923077 0.0
241 92.3076923076923 0.0
242 92.3076923076923 0.0
243 100.0 0.0
244 92.3076923076923 0.0
245 92.3076923076923 0.0
246 100.0 0.0
247 100.0 0.0
248 92.3076923076923 0.0
249 92.3076923076923 0.0
250 84.61538461538461 0.0
251 80.76923076923077 0.0
252 92.3076923076923 0.0
253 84.61538461538461 0.0
254 84.61538461538461 0.0
255 76.92307692307692 0.0
256 84.61538461538461 0.0
257 84.61538461538461 0.0
258 69.23076923076923 0.0
259 100.0 0.0
260 84.61538461538461 0.0
261 92.3076923076923 0.0
262 76.92307692307692 0.0
263 76.92307692307692 0.0
264 92.3076923076923 0.0
265 92.3076923076923 0.0
266 92.3076923076923 0.0
267 84.61538461538461 0.0
268 69.23076923076923 0.0
269 76.92307692307692 0.0
270 100.0 0.0
271 92.3076923076923 0.0
272 92.3076923076923 0.0
273 76.92307692307692 0.0
274 92.3076923076923 0.0
275 92.3076923076923 0.0
276 92.3076923076923 0.0
277 92.3076923076923 0.0
278 84.61538461538461 0.0
279 76.92307692307692 0.0
280 84.61538461538461 0.0
281 80.76923076923077 0.0
282 84.61538461538461 0.0
283 100.0 0.0
284 84.61538461538461 0.0
285 76.92307692307692 0.0
286 92.3076923076923 0.0
287 92.3076923076923 0.0
288 76.92307692307692 0.0
289 76.92307692307692 0.0
290 73.07692307692308 0.0
291 57.69230769230769 0.0
292 53.84615384615385 0.0
293 57.69230769230769 0.0
294 92.3076923076923 0.0
295 76.92307692307692 0.0
296 65.38461538461539 0.0
297 76.92307692307692 0.0
298 84.61538461538461 0.0
299 84.61538461538461 0.0
300 84.61538461538461 0.0
301 92.3076923076923 0.0
302 73.07692307692308 0.0
303 80.76923076923077 0.0
304 84.61538461538461 0.0
305 92.3076923076923 0.0
306 92.3076923076923 0.0
307 88.46153846153847 0.0
308 69.23076923076923 0.0
309 76.92307692307692 0.0
310 76.92307692307692 0.0
311 50.0 0.0
312 76.92307692307692 0.0
313 73.07692307692308 0.0
314 76.92307692307692 0.0
315 76.92307692307692 0.0
316 69.23076923076923 0.0
317 76.92307692307692 0.0
318 76.92307692307692 0.0
319 76.92307692307692 0.0
320 80.76923076923077 0.0
321 65.38461538461539 0.0
322 69.23076923076923 0.0
323 84.61538461538461 0.0
324 84.61538461538461 0.0
325 84.61538461538461 0.0
326 84.61538461538461 0.0
327 84.61538461538461 0.0
328 69.23076923076923 0.0
329 92.3076923076923 0.0
330 84.61538461538461 0.0
331 84.61538461538461 0.0
332 92.3076923076923 0.0
333 100.0 0.0
334 100.0 0.0
335 100.0 0.0
336 92.3076923076923 0.0
337 80.76923076923077 0.0
338 76.92307692307692 0.0
339 76.92307692307692 0.0
340 69.23076923076923 0.0
341 69.23076923076923 0.0
342 76.92307692307692 0.0
343 92.3076923076923 0.0
344 92.3076923076923 0.0
345 84.61538461538461 0.0
346 76.92307692307692 0.0
347 61.53846153846154 0.0
348 92.3076923076923 0.0
349 92.3076923076923 0.0
350 84.61538461538461 0.0
351 65.38461538461539 0.0
352 69.23076923076923 0.0
353 76.92307692307692 0.0
354 69.23076923076923 0.0
355 92.3076923076923 0.0
356 92.3076923076923 0.0
357 76.92307692307692 0.0
358 92.3076923076923 0.0
359 100.0 0.0
360 100.0 0.0
361 92.3076923076923 0.0
362 84.61538461538461 0.0
363 100.0 0.0
364 100.0 0.0
365 100.0 0.0
366 100.0 0.0
367 100.0 0.0
368 100.0 0.0
369 76.92307692307692 0.0
370 76.92307692307692 0.0
371 84.61538461538461 0.0
372 92.3076923076923 0.0
373 76.92307692307692 0.0
374 76.92307692307692 0.0
375 84.61538461538461 0.0
376 84.61538461538461 0.0
377 92.3076923076923 0.0
378 84.61538461538461 0.0
379 88.46153846153847 0.0
380 84.61538461538461 0.0
381 84.61538461538461 0.0
382 76.92307692307692 0.0
383 73.07692307692308 0.0
384 61.53846153846154 0.0
385 76.92307692307692 0.0
386 76.92307692307692 0.0
387 69.23076923076923 0.0
388 76.92307692307692 0.0
389 92.3076923076923 0.0
390 84.61538461538461 0.0
391 100.0 0.0
392 92.3076923076923 0.0
393 92.3076923076923 0.0
394 76.92307692307692 0.0
395 92.3076923076923 0.0
396 76.92307692307692 0.0
397 84.61538461538461 0.0
398 61.53846153846154 0.0
399 69.23076923076923 0.0
400 92.3076923076923 0.0
401 76.92307692307692 0.0
402 84.61538461538461 0.0
403 76.92307692307692 0.0
404 92.3076923076923 0.0
405 92.3076923076923 0.0
406 92.3076923076923 0.0
407 92.3076923076923 0.0
408 100.0 0.0
409 92.3076923076923 0.0
410 92.3076923076923 0.0
411 84.61538461538461 0.0
412 84.61538461538461 0.0
413 69.23076923076923 0.0
414 76.92307692307692 0.0
415 76.92307692307692 0.0
416 92.3076923076923 0.0
417 84.61538461538461 0.0
418 92.3076923076923 0.0
419 84.61538461538461 0.0
420 84.61538461538461 0.0
421 92.3076923076923 0.0
422 76.92307692307692 0.0
423 76.92307692307692 0.0
424 76.92307692307692 0.0
425 69.23076923076923 0.0
426 88.46153846153847 0.0
427 84.61538461538461 0.0
428 69.23076923076923 0.0
429 65.38461538461539 0.0
430 73.07692307692308 0.0
431 61.53846153846154 0.0
432 69.23076923076923 0.0
433 61.53846153846154 0.0
434 69.23076923076923 0.0
435 57.69230769230769 0.0
436 92.3076923076923 0.0
437 84.61538461538461 0.0
438 76.92307692307692 0.0
439 65.38461538461539 0.0
440 65.38461538461539 0.0
441 73.07692307692308 0.0
442 80.76923076923077 0.0
443 73.07692307692308 0.0
444 76.92307692307692 0.0
445 84.61538461538461 0.0
446 61.53846153846154 0.0
447 84.61538461538461 0.0
448 84.61538461538461 0.0
449 69.23076923076923 0.0
450 92.3076923076923 0.0
451 84.61538461538461 0.0
452 73.07692307692308 0.0
453 84.61538461538461 0.0
454 88.46153846153847 0.0
455 84.61538461538461 0.0
456 69.23076923076923 0.0
457 92.3076923076923 0.0
458 76.92307692307692 0.0
459 76.92307692307692 0.0
460 76.92307692307692 0.0
461 80.76923076923077 0.0
462 80.76923076923077 0.0
463 76.92307692307692 0.0
464 69.23076923076923 0.0
465 92.3076923076923 0.0
466 76.92307692307692 0.0
467 65.38461538461539 0.0
468 57.69230769230769 0.0
469 69.23076923076923 0.0
470 84.61538461538461 0.0
471 69.23076923076923 0.0
472 73.07692307692308 0.0
473 69.23076923076923 0.0
474 69.23076923076923 0.0
475 61.53846153846154 0.0
476 53.84615384615385 0.0
477 69.23076923076923 0.0
478 76.92307692307692 0.0
479 76.92307692307692 0.0
480 65.38461538461539 0.0
481 50.0 0.0
482 42.30769230769231 0.0
483 57.69230769230769 0.0
484 61.53846153846154 0.0
485 61.53846153846154 0.0
486 84.61538461538461 0.0
487 92.3076923076923 0.0
488 84.61538461538461 0.0
489 92.3076923076923 0.0
490 92.3076923076923 0.0
491 84.61538461538461 0.0
492 61.53846153846154 0.0
493 57.69230769230769 0.0
494 61.53846153846154 0.0
495 84.61538461538461 0.0
496 69.23076923076923 0.0
497 84.61538461538461 0.0
498 76.92307692307692 0.0
499 84.61538461538461 0.0
500 76.92307692307692 0.0
501 61.53846153846154 0.0
502 69.23076923076923 0.0
503 76.92307692307692 0.0
504 76.92307692307692 0.0
505 84.61538461538461 0.0
506 84.61538461538461 0.0
507 92.3076923076923 0.0
508 92.3076923076923 0.0
509 92.3076923076923 0.0
510 92.3076923076923 0.0
511 76.92307692307692 0.0
512 100.0 0.0
513 92.3076923076923 0.0
514 88.46153846153847 0.0
515 88.46153846153847 0.0
516 84.61538461538461 0.0
517 73.07692307692308 0.0
518 65.38461538461539 0.0
519 57.69230769230769 0.0
520 76.92307692307692 0.0
521 69.23076923076923 0.0
522 69.23076923076923 0.0
523 92.3076923076923 0.0
524 65.38461538461539 0.0
525 84.61538461538461 0.0
526 92.3076923076923 0.0
527 76.92307692307692 0.0
528 92.3076923076923 0.0
529 84.61538461538461 0.0
530 61.53846153846154 0.0
531 61.53846153846154 0.0
532 73.07692307692308 0.0
533 61.53846153846154 0.0
534 53.84615384615385 0.0
535 65.38461538461539 0.0
536 76.92307692307692 0.0
537 92.3076923076923 0.0
538 84.61538461538461 0.0
539 76.92307692307692 0.0
540 73.07692307692308 0.0
541 76.92307692307692 0.0
542 61.53846153846154 0.0
543 76.92307692307692 0.0
544 61.53846153846154 0.0
545 69.23076923076923 0.0
546 80.76923076923077 0.0
547 84.61538461538461 0.0
548 88.46153846153847 0.0
549 69.23076923076923 0.0
550 73.07692307692308 0.0
551 73.07692307692308 0.0
552 84.61538461538461 0.0
553 76.92307692307692 0.0
554 61.53846153846154 0.0
555 76.92307692307692 0.0
556 76.92307692307692 0.0
557 76.92307692307692 0.0
558 65.38461538461539 0.0
559 84.61538461538461 0.0
560 73.07692307692308 0.0
561 76.92307692307692 0.0
562 76.92307692307692 0.0
563 69.23076923076923 0.0
564 69.23076923076923 0.0
565 57.69230769230769 0.0
566 76.92307692307692 0.0
567 76.92307692307692 0.0
568 84.61538461538461 0.0
569 92.3076923076923 0.0
570 84.61538461538461 0.0
571 84.61538461538461 0.0
572 80.76923076923077 0.0
573 80.76923076923077 0.0
574 84.61538461538461 0.0
575 84.61538461538461 0.0
576 100.0 0.0
577 100.0 0.0
578 100.0 0.0
579 92.3076923076923 0.0
580 88.46153846153847 0.0
581 84.61538461538461 0.0
582 84.61538461538461 0.0
583 76.92307692307692 0.0
584 80.76923076923077 0.0
585 92.3076923076923 0.0
586 88.46153846153847 0.0
587 92.3076923076923 0.0
588 80.76923076923077 0.0
589 57.69230769230769 0.0
590 65.38461538461539 0.0
591 61.53846153846154 0.0
592 69.23076923076923 0.0
593 57.69230769230769 0.0
594 38.46153846153846 0.0
595 42.30769230769231 0.0
596 42.30769230769231 0.0
597 65.38461538461539 0.0
598 65.38461538461539 0.0
599 69.23076923076923 0.0
600 61.53846153846154 0.0
601 57.69230769230769 0.0
602 61.53846153846154 0.0
603 61.53846153846154 0.0
604 69.23076923076923 0.0
605 65.38461538461539 0.0
606 73.07692307692308 0.0
607 73.07692307692308 0.0
608 73.07692307692308 0.0
609 84.61538461538461 0.0
610 84.61538461538461 0.0
611 92.3076923076923 0.0
612 92.3076923076923 0.0
613 88.46153846153847 0.0
614 73.07692307692308 0.0
615 76.92307692307692 0.0
616 84.61538461538461 0.0
617 92.3076923076923 0.0
618 100.0 0.0
619 84.61538461538461 0.0
620 100.0 0.0
621 80.76923076923077 0.0
622 84.61538461538461 0.0
623 84.61538461538461 0.0
624 69.23076923076923 0.0
625 65.38461538461539 0.0
626 69.23076923076923 0.0
627 69.23076923076923 0.0
628 65.38461538461539 0.0
629 65.38461538461539 0.0
630 73.07692307692308 0.0
631 69.23076923076923 0.0
632 65.38461538461539 0.0
633 69.23076923076923 0.0
634 73.07692307692308 0.0
635 73.07692307692308 0.0
636 65.38461538461539 0.0
637 65.38461538461539 0.0
638 57.69230769230769 0.0
639 53.84615384615385 0.0
640 53.84615384615385 0.0
641 61.53846153846154 0.0
642 53.84615384615385 0.0
643 57.69230769230769 0.0
644 65.38461538461539 0.0
645 69.23076923076923 0.0
646 69.23076923076923 0.0
647 73.07692307692308 0.0
648 76.92307692307692 0.0
649 73.07692307692308 0.0
650 80.76923076923077 0.0
651 80.76923076923077 0.0
652 84.61538461538461 0.0
653 88.46153846153847 0.0
654 84.61538461538461 0.0
655 73.07692307692308 0.0
656 84.61538461538461 0.0
657 76.92307692307692 0.0
658 61.53846153846154 0.0
659 73.07692307692308 0.0
660 69.23076923076923 0.0
661 69.23076923076923 0.0
662 84.61538461538461 0.0
663 76.92307692307692 0.0
664 69.23076923076923 0.0
665 80.76923076923077 0.0
666 80.76923076923077 0.0
667 84.61538461538461 0.0
668 76.92307692307692 0.0
669 80.76923076923077 0.0
670 69.23076923076923 0.0
671 61.53846153846154 0.0
672 84.61538461538461 0.0
673 80.76923076923077 0.0
674 76.92307692307692 0.0
675 80.76923076923077 0.0
676 73.07692307692308 0.0
677 69.23076923076923 0.0
678 80.76923076923077 0.0
679 84.61538461538461 0.0
680 92.3076923076923 0.0
681 73.07692307692308 0.0
682 65.38461538461539 0.0
683 46.15384615384615 0.0
684 61.53846153846154 0.0
685 65.38461538461539 0.0
686 69.23076923076923 0.0
687 69.23076923076923 0.0
688 61.53846153846154 0.0
689 92.3076923076923 0.0
690 92.3076923076923 0.0
691 65.38461538461539 0.0
692 84.61538461538461 0.0
693 84.61538461538461 0.0
694 88.46153846153847 0.0
695 80.76923076923077 0.0
696 76.92307692307692 0.0
697 69.23076923076923 0.0
698 80.76923076923077 0.0
699 69.23076923076923 0.0
700 73.07692307692308 0.0
701 73.07692307692308 0.0
702 73.07692307692308 0.0
703 73.07692307692308 0.0
704 61.53846153846154 0.0
705 76.92307692307692 0.0
706 69.23076923076923 0.0
707 69.23076923076923 0.0
708 69.23076923076923 0.0
709 76.92307692307692 0.0
710 76.92307692307692 0.0
711 80.76923076923077 0.0
712 69.23076923076923 0.0
713 84.61538461538461 0.0
714 73.07692307692308 0.0
715 76.92307692307692 0.0
716 61.53846153846154 0.0
717 80.76923076923077 0.0
718 88.46153846153847 0.0
719 84.61538461538461 0.0
720 92.3076923076923 0.0
721 88.46153846153847 0.0
722 92.3076923076923 0.0
723 92.3076923076923 0.0
724 92.3076923076923 0.0
725 92.3076923076923 0.0
726 100.0 0.0
727 92.3076923076923 0.0
728 76.92307692307692 0.0
729 76.92307692307692 0.0
730 92.3076923076923 0.0
731 76.92307692307692 0.0
732 88.46153846153847 0.0
733 84.61538461538461 0.0
734 84.61538461538461 0.0
735 92.3076923076923 0.0
736 84.61538461538461 0.0
737 92.3076923076923 0.0
738 76.92307692307692 0.0
739 76.92307692307692 0.0
740 84.61538461538461 0.0
741 84.61538461538461 0.0
742 92.3076923076923 0.0
743 69.23076923076923 0.0
744 92.3076923076923 0.0
745 80.76923076923077 0.0
746 76.92307692307692 0.0
747 73.07692307692308 0.0
748 84.61538461538461 0.0
749 92.3076923076923 0.0
750 73.07692307692308 0.0
751 92.3076923076923 0.0
752 92.3076923076923 0.0
753 92.3076923076923 0.0
754 76.92307692307692 0.0
755 84.61538461538461 0.0
756 76.92307692307692 0.0
757 92.3076923076923 0.0
758 61.53846153846154 0.0
759 92.3076923076923 0.0
760 92.3076923076923 0.0
761 76.92307692307692 0.0
762 100.0 0.0
763 100.0 0.0
764 84.61538461538461 0.0
765 84.61538461538461 0.0
766 84.61538461538461 0.0
767 92.3076923076923 0.0
768 84.61538461538461 0.0
769 92.3076923076923 0.0
770 92.3076923076923 0.0
771 92.3076923076923 0.0
772 100.0 0.0
773 84.61538461538461 0.0
774 92.3076923076923 0.0
775 92.3076923076923 0.0
776 92.3076923076923 0.0
777 92.3076923076923 0.0
778 92.3076923076923 0.0
779 84.61538461538461 0.0
780 76.92307692307692 0.0
781 61.53846153846154 0.0
782 73.07692307692308 0.0
783 73.07692307692308 0.0
784 76.92307692307692 0.0
785 84.61538461538461 0.0
786 92.3076923076923 0.0
787 76.92307692307692 0.0
788 65.38461538461539 0.0
789 92.3076923076923 0.0
790 76.92307692307692 0.0
791 84.61538461538461 0.0
792 84.61538461538461 0.0
793 84.61538461538461 0.0
794 84.61538461538461 0.0
795 84.61538461538461 0.0
796 61.53846153846154 0.0
797 61.53846153846154 0.0
798 69.23076923076923 0.0
799 69.23076923076923 0.0
800 69.23076923076923 0.0
801 53.84615384615385 0.0
802 76.92307692307692 0.0
803 76.92307692307692 0.0
804 76.92307692307692 0.0
805 61.53846153846154 0.0
806 76.92307692307692 0.0
807 76.92307692307692 0.0
808 76.92307692307692 0.0
809 76.92307692307692 0.0
810 84.61538461538461 0.0
811 92.3076923076923 0.0
812 80.76923076923077 0.0
813 84.61538461538461 0.0
814 84.61538461538461 0.0
815 57.69230769230769 0.0
816 69.23076923076923 0.0
817 53.84615384615385 0.0
818 57.69230769230769 0.0
819 61.53846153846154 0.0
820 61.53846153846154 0.0
821 76.92307692307692 0.0
822 76.92307692307692 0.0
823 69.23076923076923 0.0
824 76.92307692307692 0.0
825 84.61538461538461 0.0
826 76.92307692307692 0.0
827 100.0 0.0
828 88.46153846153847 0.0
829 84.61538461538461 0.0
830 88.46153846153847 0.0
831 69.23076923076923 0.0
832 80.76923076923077 0.0
833 84.61538461538461 0.0
834 100.0 0.0
835 88.46153846153847 0.0
836 92.3076923076923 0.0
837 92.3076923076923 0.0
838 92.3076923076923 0.0
839 65.38461538461539 0.0
840 76.92307692307692 0.0
841 76.92307692307692 0.0
842 84.61538461538461 0.0
843 100.0 0.0
844 92.3076923076923 0.0
845 100.0 0.0
846 100.0 0.0
847 100.0 0.0
848 84.61538461538461 0.0
849 92.3076923076923 0.0
850 100.0 0.0
851 92.3076923076923 0.0
852 92.3076923076923 0.0
853 84.61538461538461 0.0
854 92.3076923076923 0.0
855 84.61538461538461 0.0
856 65.38461538461539 0.0
857 76.92307692307692 0.0
858 76.92307692307692 0.0
859 76.92307692307692 0.0
860 69.23076923076923 0.0
861 61.53846153846154 0.0
862 69.23076923076923 0.0
863 76.92307692307692 0.0
864 65.38461538461539 0.0
865 57.69230769230769 0.0
866 65.38461538461539 0.0
867 69.23076923076923 0.0
868 65.38461538461539 0.0
869 57.69230769230769 0.0
870 76.92307692307692 0.0
871 73.07692307692308 0.0
872 88.46153846153847 0.0
873 92.3076923076923 0.0
874 92.3076923076923 0.0
875 92.3076923076923 0.0
876 100.0 0.0
877 84.61538461538461 0.0
878 92.3076923076923 0.0
879 84.61538461538461 0.0
880 76.92307692307692 0.0
881 92.3076923076923 0.0
882 100.0 0.0
883 92.3076923076923 0.0
884 100.0 0.0
885 92.3076923076923 0.0
886 84.61538461538461 0.0
887 80.76923076923077 0.0
888 92.3076923076923 0.0
889 88.46153846153847 0.0
890 84.61538461538461 0.0
891 100.0 0.0
892 92.3076923076923 0.0
893 76.92307692307692 0.0
894 84.61538461538461 0.0
895 73.07692307692308 0.0
896 84.61538461538461 0.0
897 100.0 0.0
898 92.3076923076923 0.0
899 84.61538461538461 0.0
900 69.23076923076923 0.0
901 61.53846153846154 0.0
902 69.23076923076923 0.0
903 65.38461538461539 0.0
904 76.92307692307692 0.0
905 84.61538461538461 0.0
906 84.61538461538461 0.0
907 92.3076923076923 0.0
908 92.3076923076923 0.0
909 76.92307692307692 0.0
910 84.61538461538461 0.0
911 69.23076923076923 0.0
912 84.61538461538461 0.0
913 92.3076923076923 0.0
914 76.92307692307692 0.0
915 84.61538461538461 0.0
916 76.92307692307692 0.0
917 76.92307692307692 0.0
918 80.76923076923077 0.0
919 84.61538461538461 0.0
920 69.23076923076923 0.0
921 61.53846153846154 0.0
922 69.23076923076923 0.0
923 84.61538461538461 0.0
924 84.61538461538461 0.0
925 84.61538461538461 0.0
926 80.76923076923077 0.0
927 65.38461538461539 0.0
928 73.07692307692308 0.0
929 73.07692307692308 0.0
930 73.07692307692308 0.0
931 76.92307692307692 0.0
932 73.07692307692308 0.0
933 80.76923076923077 0.0
934 76.92307692307692 0.0
935 57.69230769230769 0.0
936 65.38461538461539 0.0
937 57.69230769230769 0.0
938 65.38461538461539 0.0
939 69.23076923076923 0.0
940 69.23076923076923 0.0
941 76.92307692307692 0.0
942 57.69230769230769 0.0
943 53.84615384615385 0.0
944 76.92307692307692 0.0
945 76.92307692307692 0.0
946 61.53846153846154 0.0
947 69.23076923076923 0.0
948 61.53846153846154 0.0
949 73.07692307692308 0.0
950 57.69230769230769 0.0
951 65.38461538461539 0.0
952 80.76923076923077 0.0
953 80.76923076923077 0.0
954 80.76923076923077 0.0
955 57.69230769230769 0.0
956 84.61538461538461 0.0
957 73.07692307692308 0.0
958 80.76923076923077 0.0
959 80.76923076923077 0.0
960 69.23076923076923 0.0
961 57.69230769230769 0.0
962 65.38461538461539 0.0
963 69.23076923076923 0.0
964 65.38461538461539 0.0
965 76.92307692307692 0.0
966 76.92307692307692 0.0
967 84.61538461538461 0.0
968 69.23076923076923 0.0
969 84.61538461538461 0.0
970 61.53846153846154 0.0
971 73.07692307692308 0.0
972 84.61538461538461 0.0
973 84.61538461538461 0.0
974 76.92307692307692 0.0
975 84.61538461538461 0.0
976 84.61538461538461 0.0
977 92.3076923076923 0.0
978 84.61538461538461 0.0
979 76.92307692307692 0.0
980 84.61538461538461 0.0
981 84.61538461538461 0.0
982 84.61538461538461 0.0
983 84.61538461538461 0.0
984 84.61538461538461 0.0
985 84.61538461538461 0.0
986 76.92307692307692 0.0
987 84.61538461538461 0.0
988 84.61538461538461 0.0
989 92.3076923076923 0.0
990 73.07692307692308 0.0
991 73.07692307692308 0.0
992 84.61538461538461 0.0
993 92.3076923076923 0.0
994 92.3076923076923 0.0
995 84.61538461538461 0.0
996 84.61538461538461 0.0
997 84.61538461538461 0.0
998 80.76923076923077 0.0
999 100.0 0.0
