#frame monomers_% popc_isolated_%
0 76.92307692307692 0.0
1 76.92307692307692 0.0
2 69.23076923076923 0.0
3 69.23076923076923 0.0
4 84.61538461538461 0.0
5 84.61538461538461 0.0
6 84.61538461538461 0.0
7 76.92307692307692 0.0
8 88.46153846153847 0.0
9 84.61538461538461 0.0
10 84.61538461538461 0.0
11 76.92307692307692 0.0
12 69.23076923076923 0.0
13 69.23076923076923 0.0
14 92.3076923076923 0.0
15 84.61538461538461 0.0
16 76.92307692307692 0.0
17 61.53846153846154 0.0
18 46.15384615384615 0.0
19 50.0 0.0
20 69.23076923076923 0.0
21 50.0 0.0
22 61.53846153846154 0.0
23 69.23076923076923 0.0
24 61.53846153846154 0.0
25 80.76923076923077 0.0
26 92.3076923076923 0.0
27 80.76923076923077 0.0
28 76.92307692307692 0.0
29 76.92307692307692 0.0
30 100.0 0.0
31 73.07692307692308 0.0
32 69.23076923076923 0.0
33 69.23076923076923 0.0
34 61.53846153846154 0.0
35 69.23076923076923 0.0
36 50.0 0.0
37 57.69230769230769 0.0
38 69.23076923076923 0.0
39 76.92307692307692 0.0
40 80.76923076923077 0.0
41 76.92307692307692 0.0
42 84.61538461538461 0.0
43 100.0 0.0
44 61.53846153846154 0.0
45 69.23076923076923 0.0
46 84.61538461538461 0.0
47 76.92307692307692 0.0
48 76.92307692307692 0.0
49 69.23076923076923 0.0
50 73.07692307692308 0.0
51 61.53846153846154 0.0
52 76.92307692307692 0.0
53 61.53846153846154 0.0
54 61.53846153846154 0.0
55 76.92307692307692 0.0
56 92.3076923076923 0.0
57 84.61538461538461 0.0
58 92.3076923076923 0.0
59 84.61538461538461 0.0
60 84.61538461538461 0.0
61 88.46153846153847 0.0
62 65.38461538461539 0.0
63 80.76923076923077 0.0
64 84.61538461538461 0.0
65 76.92307692307692 0.0
66 80.76923076923077 0.0
67 73.07692307692308 0.0
68 69.23076923076923 0.0
69 65.38461538461539 0.0
70 80.76923076923077 0.0
71 69.23076923076923 0.0
72 76.92307692307692 0.0
73 84.61538461538461 0.0
74 84.61538461538461 0.0
75 69.23076923076923 0.0
76 76.92307692307692 0.0
77 73.07692307692308 0.0
78 73.07692307692308 0.0
79 76.92307692307692 0.0
80 76.92307692307692 0.0
81 76.92307692307692 0.0
82 69.23076923076923 0.0
83 80.76923076923077 0.0
84 73.07692307692308 0.0
85 73.07692307692308 0.0
86 76.92307692307692 0.0
87 84.61538461538461 0.0
88 80.76923076923077 0.0
89 73.07692307692308 0.0
90 73.07692307692308 0.0
91 76.92307692307692 0.0
92 84.61538461538461 0.0
93 92.3076923076923 0.0
94 73.07692307692308 0.0
95 80.76923076923077 0.0
96 65.38461538461539 0.0
97 57.69230769230769 0.0
98 61.53846153846154 0.0
99 53.84615384615385 0.0
100 69.23076923076923 0.0
101 76.92307692307692 0.0
102 69.23076923076923 0.0
103 69.23076923076923 0.0
104 69.23076923076923 0.0
105 69.23076923076923 0.0
106 69.23076923076923 0.0
107 57.69230769230769 0.0
108 61.53846153846154 0.0
109 61.53846153846154 0.0
110 84.61538461538461 0.0
111 73.07692307692308 0.0
112 57.69230769230769 0.0
113 69.23076923076923 0.0
114 84.61538461538461 0.0
115 80.76923076923077 0.0
116 65.38461538461539 0.0
117 76.92307692307692 0.0
118 61.53846153846154 0.0
119 76.92307692307692 0.0
120 73.07692307692308 0.0
121 69.23076923076923 0.0
122 76.92307692307692 0.0
123 84.61538461538461 0.0
124 69.23076923076923 0.0
125 65.38461538461539 0.0
126 76.92307692307692 0.0
127 69.23076923076923 0.0
128 57.69230769230769 0.0
129 61.53846153846154 0.0
130 57.69230769230769 0.0
131 61.53846153846154 0.0
132 61.53846153846154 0.0
133 65.38461538461539 0.0
134 80.76923076923077 0.0
135 69.23076923076923 0.0
136 73.07692307692308 0.0
137 84.61538461538461 0.0
138 84.61538461538461 0.0
139 57.69230769230769 0.0
140 69.23076923076923 0.0
141 65.38461538461539 0.0
142 65.38461538461539 0.0
143 57.69230769230769 0.0
144 65.38461538461539 0.0
145 84.61538461538461 0.0
146 65.38461538461539 0.0
147 65.38461538461539 0.0
148 80.76923076923077 0.0
149 80.76923076923077 0.0
150 73.07692307692308 0.0
151 84.61538461538461 0.0
152 76.92307692307692 0.0
153 88.46153846153847 0.0
154 73.07692307692308 0.0
155 84.61538461538461 0.0
156 84.61538461538461 0.0
157 73.07692307692308 0.0
158 61.53846153846154 0.0
159 80.76923076923077 0.0
160 57.69230769230769 0.0
161 53.84615384615385 0.0
162 53.84615384615385 0.0
163 61.53846153846154 0.0
164 50.0 0.0
165 73.07692307692308 0.0
166 69.23076923076923 0.0
167 80.76923076923077 0.0
168 92.3076923076923 0.0
169 92.3076923076923 0.0
170 76.92307692307692 0.0
171 80.76923076923077 0.0
172 73.07692307692308 0.0
173 65.38461538461539 0.0
174 76.92307692307692 0.0
175 65.38461538461539 0.0
176 73.07692307692308 0.0
177 76.92307692307692 0.0
178 69.23076923076923 0.0
179 73.07692307692308 0.0
180 76.92307692307692 0.0
181 84.61538461538461 0.0
182 92.3076923076923 0.0
183 84.61538461538461 0.0
184 76.92307692307692 0.0
185 84.61538461538461 0.0
186 92.3076923076923 0.0
187 92.3076923076923 0.0
188 92.3076923076923 0.0
189 92.3076923076923 0.0
190 84.61538461538461 0.0
191 84.61538461538461 0.0
192 92.3076923076923 0.0
193 76.92307692307692 0.0
194 73.07692307692308 0.0
195 84.61538461538461 0.0
196 76.92307692307692 0.0
197 69.23076923076923 0.0
198 76.92307692307692 0.0
199 76.92307692307692 0.0
200 73.07692307692308 0.0
201 76.92307692307692 0.0
202 73.07692307692308 0.0
203 69.23076923076923 0.0
204 80.76923076923077 0.0
205 57.69230769230769 0.0
206 76.92307692307692 0.0
207 92.3076923076923 0.0
208 92.3076923076923 0.0
209 76.92307692307692 0.0
210 76.92307692307692 0.0
211 100.0 0.0
212 100.0 0.0
213 92.3076923076923 0.0
214 84.61538461538461 0.0
215 76.92307692307692 0.0
216 76.92307692307692 0.0
217 73.07692307692308 0.0
218 65.38461538461539 0.0
219 84.61538461538461 0.0
220 76.92307692307692 0.0
221 65.38461538461539 0.0
222 92.3076923076923 0.0
223 84.61538461538461 0.0
224 84.61538461538461 0.0
225 84.61538461538461 0.0
226 69.23076923076923 0.0
227 76.92307692307692 0.0
228 69.23076923076923 0.0
229 69.23076923076923 0.0
230 73.07692307692308 0.0
231 61.53846153846154 0.0
232 57.69230769230769 0.0
233 69.23076923076923 0.0
234 76.92307692307692 0.0
235 50.0 0.0
236 69.23076923076923 0.0
237 84.61538461538461 0.0
238 65.38461538461539 0.0
239 73.07692307692308 0.0
240 50.0 0.0
241 61.53846153846154 0.0
242 46.15384615384615 0.0
243 50.0 0.0
244 53.84615384615385 0.0
245 61.53846153846154 0.0
246 69.23076923076923 0.0
247 57.69230769230769 0.0
248 73.07692307692308 0.0
249 73.07692307692308 0.0
250 76.92307692307692 0.0
251 84.61538461538461 0.0
252 76.92307692307692 0.0
253 69.23076923076923 0.0
254 88.46153846153847 0.0
255 57.69230769230769 0.0
256 61.53846153846154 0.0
257 50.0 0.0
258 80.76923076923077 0.0
259 69.23076923076923 0.0
260 65.38461538461539 0.0
261 73.07692307692308 0.0
262 61.53846153846154 0.0
263 80.76923076923077 0.0
264 61.53846153846154 0.0
265 73.07692307692308 0.0
266 65.38461538461539 0.0
267 61.53846153846154 0.0
268 61.53846153846154 0.0
269 84.61538461538461 0.0
270 80.76923076923077 0.0
271 76.92307692307692 0.0
272 65.38461538461539 0.0
273 53.84615384615385 0.0
274 50.0 0.0
275 38.46153846153846 0.0
276 50.0 0.0
277 42.30769230769231 0.0
278 42.30769230769231 0.0
279 69.23076923076923 0.0
280 65.38461538461539 0.0
281 65.38461538461539 0.0
282 61.53846153846154 0.0
283 46.15384615384615 0.0
284 50.0 0.0
285 69.23076923076923 0.0
286 69.23076923076923 0.0
287 61.53846153846154 0.0
288 69.23076923076923 0.0
289 53.84615384615385 0.0
290 65.38461538461539 0.0
291 84.61538461538461 0.0
292 80.76923076923077 0.0
293 84.61538461538461 0.0
294 57.69230769230769 0.0
295 65.38461538461539 0.0
296 76.92307692307692 0.0
297 69.23076923076923 0.0
298 61.53846153846154 0.0
299 61.53846153846154 0.0
300 73.07692307692308 0.0
301 84.61538461538461 0.0
302 84.61538461538461 0.0
303 76.92307692307692 0.0
304 88.46153846153847 0.0
305 80.76923076923077 0.0
306 84.61538461538461 0.0
307 53.84615384615385 0.0
308 65.38461538461539 0.0
309 65.38461538461539 0.0
310 80.76923076923077 0.0
311 69.23076923076923 0.0
312 65.38461538461539 0.0
313 61.53846153846154 0.0
314 53.84615384615385 0.0
315 61.53846153846154 0.0
316 69.23076923076923 0.0
317 61.53846153846154 0.0
318 76.92307692307692 0.0
319 61.53846153846154 0.0
320 76.92307692307692 0.0
321 69.23076923076923 0.0
322 76.92307692307692 0.0
323 69.23076923076923 0.0
324 84.61538461538461 0.0
325 61.53846153846154 0.0
326 57.69230769230769 0.0
327 57.69230769230769 0.0
328 61.53846153846154 0.0
329 61.53846153846154 0.0
330 73.07692307692308 0.0
331 80.76923076923077 0.0
332 61.53846153846154 0.0
333 57.69230769230769 0.0
334 76.92307692307692 0.0
335 57.69230769230769 0.0
336 76.92307692307692 0.0
337 76.92307692307692 0.0
338 84.61538461538461 0.0
339 100.0 0.0
340 84.61538461538461 0.0
341 92.3076923076923 0.0
342 92.3076923076923 0.0
343 73.07692307692308 0.0
344 84.61538461538461 0.0
345 84.61538461538461 0.0
346 92.3076923076923 0.0
347 69.23076923076923 0.0
348 76.92307692307692 0.0
349 84.61538461538461 0.0
350 76.92307692307692 0.0
351 84.61538461538461 0.0
352 84.61538461538461 0.0
353 69.23076923076923 0.0
354 92.3076923076923 0.0
355 80.76923076923077 0.0
356 76.92307692307692 0.0
357 92.3076923076923 0.0
358 84.61538461538461 0.0
359 65.38461538461539 0.0
360 76.92307692307692 0.0
361 76.92307692307692 0.0
362 76.92307692307692 0.0
363 80.76923076923077 0.0
364 65.38461538461539 0.0
365 69.23076923076923 0.0
366 69.23076923076923 0.0
367 61.53846153846154 0.0
368 65.38461538461539 0.0
369 92.3076923076923 0.0
370 61.53846153846154 0.0
371 92.3076923076923 0.0
372 100.0 0.0
373 92.3076923076923 0.0
374 100.0 0.0
375 80.76923076923077 0.0
376 80.76923076923077 0.0
377 84.61538461538461 0.0
378 76.92307692307692 0.0
379 76.92307692307692 0.0
380 73.07692307692308 0.0
381 69.23076923076923 0.0
382 73.07692307692308 0.0
383 57.69230769230769 0.0
384 73.07692307692308 0.0
385 73.07692307692308 0.0
386 73.07692307692308 0.0
387 57.69230769230769 0.0
388 65.38461538461539 0.0
389 69.23076923076923 0.0
390 53.84615384615385 0.0
391 57.69230769230769 0.0
392 73.07692307692308 0.0
393 76.92307692307692 0.0
394 80.76923076923077 0.0
395 76.92307692307692 0.0
396 73.07692307692308 0.0
397 84.61538461538461 0.0
398 73.07692307692308 0.0
399 57.69230769230769 0.0
400 65.38461538461539 0.0
401 73.07692307692308 0.0
402 69.23076923076923 0.0
403 76.92307692307692 0.0
404 84.61538461538461 0.0
405 65.38461538461539 0.0
406 80.76923076923077 0.0
407 84.61538461538461 0.0
408 84.61538461538461 0.0
409 69.23076923076923 0.0
410 76.92307692307692 0.0
411 76.92307692307692 0.0
412 76.92307692307692 0.0
413 61.53846153846154 0.0
414 73.07692307692308 0.0
415 73.07692307692308 0.0
416 65.38461538461539 0.0
417 61.53846153846154 0.0
418 73.07692307692308 0.0
419 69.23076923076923 0.0
420 69.23076923076923 0.0
421 57.69230769230769 0.0
422 53.84615384615385 0.0
423 61.53846153846154 0.0
424 61.53846153846154 0.0
425 76.92307692307692 0.0
426 76.92307692307692 0.0
427 76.92307692307692 0.0
428 61.53846153846154 0.0
429 53.84615384615385 0.0
430 65.38461538461539 0.0
431 69.23076923076923 0.0
432 57.69230769230769 0.0
433 69.23076923076923 0.0
434 61.53846153846154 0.0
435 69.23076923076923 0.0
436 65.38461538461539 0.0
437 76.92307692307692 0.0
438 65.38461538461539 0.0
439 73.07692307692308 0.0
440 65.38461538461539 0.0
441 61.53846153846154 0.0
442 57.69230769230769 0.0
443 76.92307692307692 0.0
444 61.53846153846154 0.0
445 76.92307692307692 0.0
446 76.92307692307692 0.0
447 73.07692307692308 0.0
448 76.92307692307692 0.0
449 65.38461538461539 0.0
450 92.3076923076923 0.0
451 80.76923076923077 0.0
452 76.92307692307692 0.0
453 80.76923076923077 0.0
454 69.23076923076923 0.0
455 84.61538461538461 0.0
456 92.3076923076923 0.0
457 84.61538461538461 0.0
458 84.61538461538461 0.0
459 76.92307692307692 0.0
460 76.92307692307692 0.0
461 69.23076923076923 0.0
462 69.23076923076923 0.0
463 73.07692307692308 0.0
464 65.38461538461539 0.0
465 57.69230769230769 0.0
466 50.0 0.0
467 53.84615384615385 0.0
468 61.53846153846154 0.0
469 65.38461538461539 0.0
470 76.92307692307692 0.0
471 76.92307692307692 0.0
472 65.38461538461539 0.0
473 84.61538461538461 0.0
474 69.23076923076923 0.0
475 69.23076923076923 0.0
476 57.69230769230769 0.0
477 76.92307692307692 0.0
478 61.53846153846154 0.0
479 53.84615384615385 0.0
480 61.53846153846154 0.0
481 61.53846153846154 0.0
482 61.53846153846154 0.0
483 76.92307692307692 0.0
484 50.0 0.0
485 42.30769230769231 0.0
486 53.84615384615385 0.0
487 46.15384615384615 0.0
488 57.69230769230769 0.0
489 84.61538461538461 0.0
490 76.92307692307692 0.0
491 76.92307692307692 0.0
492 76.92307692307692 0.0
493 61.53846153846154 0.0
494 76.92307692307692 0.0
495 80.76923076923077 0.0
496 61.53846153846154 0.0
497 69.23076923076923 0.0
498 73.07692307692308 0.0
499 69.23076923076923 0.0
500 61.53846153846154 0.0
501 69.23076923076923 0.0
502 57.69230769230769 0.0
503 61.53846153846154 0.0
504 80.76923076923077 0.0
505 53.84615384615385 0.0
506 76.92307692307692 0.0
507 84.61538461538461 0.0
508 76.92307692307692 0.0
509 76.92307692307692 0.0
510 92.3076923076923 0.0
511 92.3076923076923 0.0
512 92.3076923076923 0.0
513 76.92307692307692 0.0
514 76.92307692307692 0.0
515 92.3076923076923 0.0
516 76.92307692307692 0.0
517 92.3076923076923 0.0
518 84.61538461538461 0.0
519 84.61538461538461 0.0
520 61.53846153846154 0.0
521 69.23076923076923 0.0
522 84.61538461538461 0.0
523 69.23076923076923 0.0
524 73.07692307692308 0.0
525 61.53846153846154 0.0
526 76.92307692307692 0.0
527 65.38461538461539 0.0
528 76.92307692307692 0.0
529 69.23076923076923 0.0
530 84.61538461538461 0.0
531 84.61538461538461 0.0
532 76.92307692307692 0.0
533 65.38461538461539 0.0
534 84.61538461538461 0.0
535 84.61538461538461 0.0
536 73.07692307692308 0.0
537 92.3076923076923 0.0
538 84.61538461538461 0.0
539 84.61538461538461 0.0
540 84.61538461538461 0.0
541 76.92307692307692 0.0
542 92.3076923076923 0.0
543 88.46153846153847 0.0
544 100.0 0.0
545 84.61538461538461 0.0
546 84.61538461538461 0.0
547 84.61538461538461 0.0
548 92.3076923076923 0.0
549 84.61538461538461 0.0
550 76.92307692307692 0.0
551 76.92307692307692 0.0
552 76.92307692307692 0.0
553 84.61538461538461 0.0
554 84.61538461538461 0.0
555 76.92307692307692 0.0
556 57.69230769230769 0.0
557 61.53846153846154 0.0
558 73.07692307692308 0.0
559 69.23076923076923 0.0
560 80.76923076923077 0.0
561 42.30769230769231 0.0
562 50.0 0.0
563 57.69230769230769 0.0
564 57.69230769230769 0.0
565 57.69230769230769 0.0
566 57.69230769230769 0.0
567 57.69230769230769 0.0
568 76.92307692307692 0.0
569 61.53846153846154 0.0
570 69.23076923076923 0.0
571 57.69230769230769 0.0
572 53.84615384615385 0.0
573 57.69230769230769 0.0
574 65.38461538461539 0.0
575 57.69230769230769 0.0
576 65.38461538461539 0.0
577 57.69230769230769 0.0
578 53.84615384615385 0.0
579 69.23076923076923 0.0
580 61.53846153846154 0.0
581 69.23076923076923 0.0
582 69.23076923076923 0.0
583 53.84615384615385 0.0
584 57.69230769230769 0.0
585 65.38461538461539 0.0
586 61.53846153846154 0.0
587 57.69230769230769 0.0
588 65.38461538461539 0.0
589 69.23076923076923 0.0
590 73.07692307692308 0.0
591 65.38461538461539 0.0
592 53.84615384615385 0.0
593 53.84615384615385 0.0
594 76.92307692307692 0.0
595 76.92307692307692 0.0
596 69.23076923076923 0.0
597 53.84615384615385 0.0
598 76.92307692307692 0.0
599 65.38461538461539 0.0
600 84.61538461538461 0.0
601 100.0 0.0
602 92.3076923076923 0.0
603 92.3076923076923 0.0
604 100.0 0.0
605 100.0 0.0
606 100.0 0.0
607 92.3076923076923 0.0
608 76.92307692307692 0.0
609 84.61538461538461 0.0
610 69.23076923076923 0.0
611 92.3076923076923 0.0
612 92.3076923076923 0.0
613 88.46153846153847 0.0
614 84.61538461538461 0.0
615 84.61538461538461 0.0
616 84.61538461538461 0.0
617 76.92307692307692 0.0
618 76.92307692307692 0.0
619 76.92307692307692 0.0
620 84.61538461538461 0.0
621 76.92307692307692 0.0
622 76.92307692307692 0.0
623 92.3076923076923 0.0
624 84.61538461538461 0.0
625 80.76923076923077 0.0
626 76.92307692307692 0.0
627 84.61538461538461 0.0
628 84.61538461538461 0.0
629 92.3076923076923 0.0
630 84.61538461538461 0.0
631 84.61538461538461 0.0
632 100.0 0.0
633 76.92307692307692 0.0
634 76.92307692307692 0.0
635 84.61538461538461 0.0
636 88.46153846153847 0.0
637 92.3076923076923 0.0
638 92.3076923076923 0.0
639 100.0 0.0
640 84.61538461538461 0.0
641 76.92307692307692 0.0
642 76.92307692307692 0.0
643 69.23076923076923 0.0
644 76.92307692307692 0.0
645 84.61538461538461 0.0
646 69.23076923076923 0.0
647 76.92307692307692 0.0
648 80.76923076923077 0.0
649 73.07692307692308 0.0
650 73.07692307692308 0.0
651 80.76923076923077 0.0
652 80.76923076923077 0.0
653 88.46153846153847 0.0
654 88.46153846153847 0.0
655 88.46153846153847 0.0
656 92.3076923076923 0.0
657 84.61538461538461 0.0
658 84.61538461538461 0.0
659 92.3076923076923 0.0
660 80.76923076923077 0.0
661 65.38461538461539 0.0
662 73.07692307692308 0.0
663 73.07692307692308 0.0
664 80.76923076923077 0.0
665 80.76923076923077 0.0
666 73.07692307692308 0.0
667 88.46153846153847 0.0
668 88.46153846153847 0.0
669 80.76923076923077 0.0
670 73.07692307692308 0.0
671 88.46153846153847 0.0
672 88.46153846153847 0.0
673 88.46153846153847 0.0
674 80.76923076923077 0.0
675 84.61538461538461 0.0
676 76.92307692307692 0.0
677 69.23076923076923 0.0
678 73.07692307692308 0.0
679 84.61538461538461 0.0
680 84.61538461538461 0.0
681 84.61538461538461 0.0
682 84.61538461538461 0.0
683 84.61538461538461 0.0
684 76.92307692307692 0.0
685 80.76923076923077 0.0
686 73.07692307692308 0.0
687 73.07692307692308 0.0
688 73.07692307692308 0.0
689 69.23076923076923 0.0
690 69.23076923076923 0.0
691 69.23076923076923 0.0
692 69.23076923076923 0.0
693 76.92307692307692 0.0
694 76.92307692307692 0.0
695 76.92307692307692 0.0
696 84.61538461538461 0.0
697 92.3076923076923 0.0
698 84.61538461538461 0.0
699 92.3076923076923 0.0
700 76.92307692307692 0.0
701 69.23076923076923 0.0
702 84.61538461538461 0.0
703 92.3076923076923 0.0
704 76.92307692307692 0.0
705 92.3076923076923 0.0
706 84.61538461538461 0.0
707 84.61538461538461 0.0
708 92.3076923076923 0.0
709 73.07692307692308 0.0
710 84.61538461538461 0.0
711 80.76923076923077 0.0
712 84.61538461538461 0.0
713 76.92307692307692 0.0
714 84.61538461538461 0.0
715 84.61538461538461 0.0
716 84.61538461538461 0.0
717 80.76923076923077 0.0
718 69.23076923076923 0.0
719 76.92307692307692 0.0
720 76.92307692307692 0.0
721 73.07692307692308 0.0
722 80.76923076923077 0.0
723 73.07692307692308 0.0
724 80.76923076923077 0.0
725 69.23076923076923 0.0
726 69.23076923076923 0.0
727 76.92307692307692 0.0
728 65.38461538461539 0.0
729 80.76923076923077 0.0
730 69.23076923076923 0.0
731 76.92307692307692 0.0
732 73.07692307692308 0.0
733 65.38461538461539 0.0
734 65.38461538461539 0.0
735 61.53846153846154 0.0
736 65.38461538461539 0.0
737 65.38461538461539 0.0
738 73.07692307692308 0.0
739 61.53846153846154 0.0
740 84.61538461538461 0.0
741 76.92307692307692 0.0
742 100.0 0.0
743 76.92307692307692 0.0
744 84.61538461538461 0.0
745 92.3076923076923 0.0
746 92.3076923076923 0.0
747 92.3076923076923 0.0
748 84.61538461538461 0.0
749 76.92307692307692 0.0
750 76.92307692307692 0.0
751 84.61538461538461 0.0
752 76.92307692307692 0.0
753 65.38461538461539 0.0
754 76.92307692307692 0.0
755 84.61538461538461 0.0
756 92.3076923076923 0.0
757 92.3076923076923 0.0
758 92.3076923076923 0.0
759 92.3076923076923 0.0
760 92.3076923076923 0.0
761 100.0 0.0
762 100.0 0.0
763 92.3076923076923 0.0
764 100.0 0.0
765 100.0 0.0
766 92.3076923076923 0.0
767 92.3076923076923 0.0
768 100.0 0.0
769 100.0 0.0
770 100.0 0.0
771 100.0 0.0
772 92.3076923076923 0.0
773 84.61538461538461 0.0
774 84.61538461538461 0.0
775 84.61538461538461 0.0
776 100.0 0.0
777 92.3076923076923 0.0
778 92.3076923076923 0.0
779 84.61538461538461 0.0
780 84.61538461538461 0.0
781 88.46153846153847 0.0
782 73.07692307692308 0.0
783 84.61538461538461 0.0
784 76.92307692307692 0.0
785 84.61538461538461 0.0
786 84.61538461538461 0.0
787 84.61538461538461 0.0
788 92.3076923076923 0.0
789 80.76923076923077 0.0
790 92.3076923076923 0.0
791 92.3076923076923 0.0
792 92.3076923076923 0.0
793 100.0 0.0
794 100.0 0.0
795 92.3076923076923 0.0
796 76.92307692307692 0.0
797 84.61538461538461 0.0
798 76.92307692307692 0.0
799 76.92307692307692 0.0
800 92.3076923076923 0.0
801 92.3076923076923 0.0
802 76.92307692307692 0.0
803 84.61538461538461 0.0
804 84.61538461538461 0.0
805 80.76923076923077 0.0
806 80.76923076923077 0.0
807 84.61538461538461 0.0
808 65.38461538461539 0.0
809 76.92307692307692 0.0
810 61.53846153846154 0.0
811 61.53846153846154 0.0
812 69.23076923076923 0.0
813 69.23076923076923 0.0
814 69.23076923076923 0.0
815 61.53846153846154 0.0
816 65.38461538461539 0.0
817 76.92307692307692 0.0
818 73.07692307692308 0.0
819 69.23076923076923 0.0
820 76.92307692307692 0.0
821 69.23076923076923 0.0
822 76.92307692307692 0.0
823 76.92307692307692 0.0
824 76.92307692307692 0.0
825 80.76923076923077 0.0
826 65.38461538461539 0.0
827 65.38461538461539 0.0
828 69.23076923076923 0.0
829 65.38461538461539 0.0
830 50.0 0.0
831 57.69230769230769 0.0
832 65.38461538461539 0.0
833 69.23076923076923 0.0
834 61.53846153846154 0.0
835 65.38461538461539 0.0
836 73.07692307692308 0.0
837 69.23076923076923 0.0
838 61.53846153846154 0.0
839 73.07692307692308 0.0
840 65.38461538461539 0.0
841 69.23076923076923 0.0
842 76.92307692307692 0.0
843 76.92307692307692 0.0
844 76.92307692307692 0.0
845 69.23076923076923 0.0
846 65.38461538461539 0.0
847 65.38461538461539 0.0
848 84.61538461538461 0.0
849 80.76923076923077 0.0
850 80.76923076923077 0.0
851 73.07692307692308 0.0
852 73.07692307692308 0.0
853 61.53846153846154 0.0
854 57.69230769230769 0.0
855 73.07692307692308 0.0
856 69.23076923076923 0.0
857 84.61538461538461 0.0
858 73.07692307692308 0.0
859 69.23076923076923 0.0
860 84.61538461538461 0.0
861 76.92307692307692 0.0
862 76.92307692307692 0.0
863 76.92307692307692 0.0
864 76.92307692307692 0.0
865 84.61538461538461 0.0
866 76.92307692307692 0.0
867 73.07692307692308 0.0
868 69.23076923076923 0.0
869 69.23076923076923 0.0
870 65.38461538461539 0.0
871 69.23076923076923 0.0
872 76.92307692307692 0.0
873 84.61538461538461 0.0
874 73.07692307692308 0.0
875 76.92307692307692 0.0
876 76.92307692307692 0.0
877 76.92307692307692 0.0
878 76.92307692307692 0.0
879 69.23076923076923 0.0
880 69.23076923076923 0.0
881 57.69230769230769 0.0
882 69.23076923076923 0.0
883 65.38461538461539 0.0
884 57.69230769230769 0.0
885 61.53846153846154 0.0
886 73.07692307692308 0.0
887 69.23076923076923 0.0
888 65.38461538461539 0.0
889 69.23076923076923 0.0
890 53.84615384615385 0.0
891 57.69230769230769 0.0
892 42.30769230769231 0.0
893 46.15384615384615 0.0
894 42.30769230769231 0.0
895 57.69230769230769 0.0
896 61.53846153846154 0.0
897 65.38461538461539 0.0
898 73.07692307692308 0.0
899 73.07692307692308 0.0
900 73.07692307692308 0.0
901 73.07692307692308 0.0
902 84.61538461538461 0.0
903 76.92307692307692 0.0
904 76.92307692307692 0.0
905 69.23076923076923 0.0
906 73.07692307692308 0.0
907 76.92307692307692 0.0
908 69.23076923076923 0.0
909 69.23076923076923 0.0
910 80.76923076923077 0.0
911 76.92307692307692 0.0
912 80.76923076923077 0.0
913 69.23076923076923 0.0
914 84.61538461538461 0.0
915 92.3076923076923 0.0
916 80.76923076923077 0.0
917 92.3076923076923 0.0
918 84.61538461538461 0.0
919 92.3076923076923 0.0
920 76.92307692307692 0.0
921 57.69230769230769 0.0
922 65.38461538461539 0.0
923 69.23076923076923 0.0
924 61.53846153846154 0.0
925 69.23076923076923 0.0
926 73.07692307692308 0.0
927 69.23076923076923 0.0
928 65.38461538461539 0.0
929 69.23076923076923 0.0
930 76.92307692307692 0.0
931 76.92307692307692 0.0
932 61.53846153846154 0.0
933 73.07692307692308 0.0
934 84.61538461538461 0.0
935 69.23076923076923 0.0
936 53.84615384615385 0.0
937 76.92307692307692 0.0
938 76.92307692307692 0.0
939 76.92307692307692 0.0
940 80.76923076923077 0.0
941 73.07692307692308 0.0
942 84.61538461538461 0.0
943 84.61538461538461 0.0
944 100.0 0.0
945 84.61538461538461 0.0
946 80.76923076923077 0.0
947 84.61538461538461 0.0
948 84.61538461538461 0.0
949 100.0 0.0
950 100.0 0.0
951 84.61538461538461 0.0
952 76.92307692307692 0.0
953 84.61538461538461 0.0
954 76.92307692307692 0.0
955 69.23076923076923 0.0
956 73.07692307692308 0.0
957 65.38461538461539 0.0
958 88.46153846153847 0.0
959 88.46153846153847 0.0
960 88.46153846153847 0.0
961 76.92307692307692 0.0
962 76.92307692307692 0.0
963 76.92307692307692 0.0
964 76.92307692307692 0.0
965 73.07692307692308 0.0
966 76.92307692307692 0.0
967 69.23076923076923 0.0
968 76.92307692307692 0.0
969 76.92307692307692 0.0
970 76.92307692307692 0.0
971 61.53846153846154 0.0
972 65.38461538461539 0.0
973 76.92307692307692 0.0
974 61.53846153846154 0.0
975 84.61538461538461 0.0
976 92.3076923076923 0.0
977 84.61538461538461 0.0
978 92.3076923076923 0.0
979 84.61538461538461 0.0
980 76.92307692307692 0.0
981 69.23076923076923 0.0
982 65.38461538461539 0.0
983 76.92307692307692 0.0
984 73.07692307692308 0.0
985 65.38461538461539 0.0
986 53.84615384615385 0.0
987 46.15384615384615 0.0
988 57.69230769230769 0.0
989 69.23076923076923 0.0
990 53.84615384615385 0.0
991 61.53846153846154 0.0
992 61.53846153846154 0.0
993 53.84615384615385 0.0
994 65.38461538461539 0.0
995 73.07692307692308 0.0
996 69.23076923076923 0.0
997 76.92307692307692 0.0
998 73.07692307692308 0.0
999 92.3076923076923 0.0
