#frame monomers_% popc_isolated_%
0 69.23076923076923 0.0
1 69.23076923076923 0.0
2 76.92307692307692 0.0
3 92.3076923076923 0.0
4 65.38461538461539 0.0
5 65.38461538461539 0.0
6 84.61538461538461 0.0
7 76.92307692307692 0.0
8 76.92307692307692 0.0
9 80.76923076923077 0.0
10 84.61538461538461 0.0
11 84.61538461538461 0.0
12 73.07692307692308 0.0
13 69.23076923076923 0.0
14 84.61538461538461 0.0
15 57.69230769230769 0.0
16 84.61538461538461 0.0
17 65.38461538461539 0.0
18 76.92307692307692 0.0
19 80.76923076923077 0.0
20 76.92307692307692 0.0
21 84.61538461538461 0.0
22 76.92307692307692 0.0
23 80.76923076923077 0.0
24 76.92307692307692 0.0
25 84.61538461538461 0.0
26 76.92307692307692 0.0
27 84.61538461538461 0.0
28 92.3076923076923 0.0
29 84.61538461538461 0.0
30 92.3076923076923 0.0
31 84.61538461538461 0.0
32 88.46153846153847 0.0
33 80.76923076923077 0.0
34 80.76923076923077 0.0
35 84.61538461538461 0.0
36 80.76923076923077 0.0
37 84.61538461538461 0.0
38 76.92307692307692 0.0
39 61.53846153846154 0.0
40 76.92307692307692 0.0
41 84.61538461538461 0.0
42 84.61538461538461 0.0
43 69.23076923076923 0.0
44 100.0 0.0
45 76.92307692307692 0.0
46 76.92307692307692 0.0
47 76.92307692307692 0.0
48 73.07692307692308 0.0
49 73.07692307692308 0.0
50 92.3076923076923 0.0
51 92.3076923076923 0.0
52 76.92307692307692 0.0
53 69.23076923076923 0.0
54 84.61538461538461 0.0
55 65.38461538461539 0.0
56 65.38461538461539 0.0
57 73.07692307692308 0.0
58 73.07692307692308 0.0
59 84.61538461538461 0.0
60 84.61538461538461 0.0
61 61.53846153846154 0.0
62 61.53846153846154 0.0
63 69.23076923076923 0.0
64 61.53846153846154 0.0
65 61.53846153846154 0.0
66 73.07692307692308 0.0
67 69.23076923076923 0.0
68 69.23076923076923 0.0
69 50.0 0.0
70 53.84615384615385 0.0
71 57.69230769230769 0.0
72 53.84615384615385 0.0
73 53.84615384615385 0.0
74 61.53846153846154 0.0
75 76.92307692307692 0.0
76 57.69230769230769 0.0
77 65.38461538461539 0.0
78 76.92307692307692 0.0
79 76.92307692307692 0.0
80 69.23076923076923 0.0
81 61.53846153846154 0.0
82 76.92307692307692 0.0
83 69.23076923076923 0.0
84 84.61538461538461 0.0
85 84.61538461538461 0.0
86 84.61538461538461 1.5625
87 76.92307692307692 0.0
88 65.38461538461539 0.0
89 80.76923076923077 0.0
90 69.23076923076923 0.0
91 69.23076923076923 0.0
92 69.23076923076923 0.0
93 73.07692307692308 0.0
94 76.92307692307692 0.0
95 76.92307692307692 0.0
96 76.92307692307692 0.0
97 76.92307692307692 0.0
98 76.92307692307692 0.0
99 76.92307692307692 0.0
100 69.23076923076923 0.0
101 53.84615384615385 0.0
102 69.23076923076923 0.0
103 73.07692307692308 0.0
104 57.69230769230769 0.0
105 46.15384615384615 0.0
106 57.69230769230769 0.0
107 50.0 0.0
108 69.23076923076923 0.0
109 73.07692307692308 0.0
110 73.07692307692308 0.0
111 73.07692307692308 0.0
112 92.3076923076923 0.0
113 80.76923076923077 0.0
114 76.92307692307692 1.5625
115 57.69230769230769 1.5625
116 57.69230769230769 1.5625
117 57.69230769230769 0.0
118 69.23076923076923 1.5625
119 73.07692307692308 1.5625
120 65.38461538461539 1.5625
121 61.53846153846154 1.5625
122 69.23076923076923 0.0
123 73.07692307692308 0.0
124 80.76923076923077 0.0
125 69.23076923076923 0.0
126 69.23076923076923 1.5625
127 92.3076923076923 1.5625
128 76.92307692307692 0.0
129 84.61538461538461 0.0
130 84.61538461538461 0.0
131 80.76923076923077 0.0
132 73.07692307692308 1.5625
133 84.61538461538461 1.5625
134 76.92307692307692 0.0
135 53.84615384615385 1.5625
136 53.84615384615385 1.5625
137 69.23076923076923 1.5625
138 69.23076923076923 1.5625
139 65.38461538461539 0.0
140 73.07692307692308 1.5625
141 65.38461538461539 0.0
142 53.84615384615385 1.5625
143 57.69230769230769 1.5625
144 69.23076923076923 1.5625
145 69.23076923076923 1.5625
146 69.23076923076923 0.0
147 76.92307692307692 1.5625
148 57.69230769230769 1.5625
149 50.0 1.5625
150 57.69230769230769 1.5625
151 57.69230769230769 1.5625
152 61.53846153846154 1.5625
153 53.84615384615385 1.5625
154 57.69230769230769 0.0
155 42.30769230769231 0.0
156 69.23076923076923 0.0
157 65.38461538461539 0.0
158 65.38461538461539 0.0
159 50.0 1.5625
160 65.38461538461539 0.0
161 69.23076923076923 1.5625
162 69.23076923076923 1.5625
163 57.69230769230769 1.5625
164 69.23076923076923 0.0
165 76.92307692307692 1.5625
166 61.53846153846154 0.0
167 69.23076923076923 0.0
168 53.84615384615385 1.5625
169 76.92307692307692 1.5625
170 61.53846153846154 1.5625
171 61.53846153846154 0.0
172 50.0 0.0
173 61.53846153846154 0.0
174 61.53846153846154 0.0
175 61.53846153846154 0.0
176 69.23076923076923 1.5625
177 65.38461538461539 1.5625
178 65.38461538461539 1.5625
179 88.46153846153847 0.0
180 88.46153846153847 1.5625
181 50.0 1.5625
182 80.76923076923077 1.5625
183 50.0 1.5625
184 61.53846153846154 1.5625
185 61.53846153846154 1.5625
186 69.23076923076923 0.0
187 69.23076923076923 0.0
188 76.92307692307692 0.0
189 84.61538461538461 0.0
190 92.3076923076923 0.0
191 61.53846153846154 0.0
192 76.92307692307692 0.0
193 61.53846153846154 0.0
194 84.61538461538461 1.5625
195 76.92307692307692 1.5625
196 80.76923076923077 0.0
197 73.07692307692308 0.0
198 69.23076923076923 0.0
199 53.84615384615385 0.0
200 73.07692307692308 0.0
201 80.76923076923077 0.0
202 92.3076923076923 0.0
203 84.61538461538461 0.0
204 84.61538461538461 0.0
205 84.61538461538461 0.0
206 84.61538461538461 0.0
207 100.0 0.0
208 92.3076923076923 0.0
209 80.76923076923077 1.5625
210 80.76923076923077 1.5625
211 88.46153846153847 0.0
212 65.38461538461539 1.5625
213 57.69230769230769 1.5625
214 76.92307692307692 1.5625
215 69.23076923076923 0.0
216 76.92307692307692 1.5625
217 84.61538461538461 1.5625
218 84.61538461538461 1.5625
219 92.3076923076923 1.5625
220 88.46153846153847 1.5625
221 92.3076923076923 1.5625
222 92.3076923076923 1.5625
223 92.3076923076923 1.5625
224 69.23076923076923 0.0
225 69.23076923076923 1.5625
226 76.92307692307692 1.5625
227 76.92307692307692 1.5625
228 76.92307692307692 1.5625
229 84.61538461538461 1.5625
230 69.23076923076923 1.5625
231 92.3076923076923 0.0
232 92.3076923076923 0.0
233 84.61538461538461 0.0
234 84.61538461538461 0.0
235 84.61538461538461 0.0
236 73.07692307692308 0.0
237 84.61538461538461 0.0
238 76.92307692307692 1.5625
239 84.61538461538461 1.5625
240 76.92307692307692 0.0
241 76.92307692307692 0.0
242 76.92307692307692 0.0
243 84.61538461538461 0.0
244 84.61538461538461 0.0
245 76.92307692307692 1.5625
246 76.92307692307692 1.5625
247 84.61538461538461 1.5625
248 69.23076923076923 1.5625
249 69.23076923076923 1.5625
250 76.92307692307692 1.5625
251 92.3076923076923 0.0
252 92.3076923076923 0.0
253 84.61538461538461 0.0
254 92.3076923076923 0.0
255 80.76923076923077 0.0
256 84.61538461538461 0.0
257 84.61538461538461 0.0
258 80.76923076923077 1.5625
259 84.61538461538461 1.5625
260 76.92307692307692 0.0
261 76.92307692307692 0.0
262 69.23076923076923 0.0
263 76.92307692307692 0.0
264 69.23076923076923 0.0
265 92.3076923076923 0.0
266 84.61538461538461 0.0
267 76.92307692307692 0.0
268 69.23076923076923 0.0
269 69.23076923076923 0.0
270 76.92307692307692 0.0
271 84.61538461538461 0.0
272 84.61538461538461 0.0
273 80.76923076923077 0.0
274 73.07692307692308 0.0
275 80.76923076923077 0.0
276 76.92307692307692 0.0
277 69.23076923076923 0.0
278 69.23076923076923 0.0
279 65.38461538461539 0.0
280 80.76923076923077 0.0
281 92.3076923076923 0.0
282 69.23076923076923 0.0
283 84.61538461538461 0.0
284 61.53846153846154 0.0
285 69.23076923076923 0.0
286 53.84615384615385 0.0
287 73.07692307692308 0.0
288 76.92307692307692 0.0
289 92.3076923076923 0.0
290 80.76923076923077 0.0
291 69.23076923076923 0.0
292 84.61538461538461 0.0
293 73.07692307692308 0.0
294 65.38461538461539 0.0
295 53.84615384615385 0.0
296 50.0 0.0
297 53.84615384615385 0.0
298 50.0 0.0
299 50.0 0.0
300 42.30769230769231 0.0
301 69.23076923076923 0.0
302 73.07692307692308 0.0
303 65.38461538461539 0.0
304 57.69230769230769 0.0
305 61.53846153846154 0.0
306 69.23076923076923 0.0
307 84.61538461538461 0.0
308 84.61538461538461 0.0
309 65.38461538461539 0.0
310 61.53846153846154 0.0
311 61.53846153846154 0.0
312 53.84615384615385 0.0
313 69.23076923076923 0.0
314 53.84615384615385 0.0
315 84.61538461538461 0.0
316 76.92307692307692 0.0
317 73.07692307692308 0.0
318 73.07692307692308 0.0
319 69.23076923076923 0.0
320 73.07692307692308 0.0
321 84.61538461538461 0.0
322 84.61538461538461 0.0
323 100.0 0.0
324 84.61538461538461 0.0
325 76.92307692307692 0.0
326 84.61538461538461 0.0
327 76.92307692307692 0.0
328 53.84615384615385 0.0
329 84.61538461538461 0.0
330 100.0 0.0
331 76.92307692307692 0.0
332 69.23076923076923 0.0
333 69.23076923076923 0.0
334 84.61538461538461 0.0
335 76.92307692307692 0.0
336 76.92307692307692 0.0
337 69.23076923076923 0.0
338 84.61538461538461 0.0
339 84.61538461538461 0.0
340 76.92307692307692 0.0
341 84.61538461538461 0.0
342 92.3076923076923 0.0
343 88.46153846153847 0.0
344 76.92307692307692 0.0
345 76.92307692307692 0.0
346 92.3076923076923 0.0
347 69.23076923076923 0.0
348 92.3076923076923 0.0
349 84.61538461538461 0.0
350 84.61538461538461 0.0
351 84.61538461538461 0.0
352 92.3076923076923 0.0
353 92.3076923076923 0.0
354 73.07692307692308 0.0
355 92.3076923076923 0.0
356 84.61538461538461 0.0
357 69.23076923076923 0.0
358 84.61538461538461 0.0
359 92.3076923076923 0.0
360 73.07692307692308 0.0
361 76.92307692307692 0.0
362 84.61538461538461 0.0
363 84.61538461538461 0.0
364 69.23076923076923 0.0
365 76.92307692307692 0.0
366 92.3076923076923 0.0
367 84.61538461538461 0.0
368 92.3076923076923 0.0
369 84.61538461538461 0.0
370 80.76923076923077 0.0
371 73.07692307692308 0.0
372 76.92307692307692 0.0
373 69.23076923076923 0.0
374 65.38461538461539 0.0
375 65.38461538461539 0.0
376 73.07692307692308 0.0
377 76.92307692307692 0.0
378 100.0 0.0
379 92.3076923076923 0.0
380 84.61538461538461 0.0
381 84.61538461538461 0.0
382 84.61538461538461 0.0
383 100.0 0.0
384 84.61538461538461 0.0
385 80.76923076923077 0.0
386 73.07692307692308 0.0
387 61.53846153846154 0.0
388 69.23076923076923 0.0
389 65.38461538461539 0.0
390 69.23076923076923 0.0
391 61.53846153846154 0.0
392 53.84615384615385 0.0
393 92.3076923076923 0.0
394 92.3076923076923 0.0
395 84.61538461538461 0.0
396 84.61538461538461 0.0
397 69.23076923076923 0.0
398 65.38461538461539 0.0
399 84.61538461538461 0.0
400 61.53846153846154 0.0
401 73.07692307692308 0.0
402 57.69230769230769 0.0
403 73.07692307692308 0.0
404 69.23076923076923 0.0
405 61.53846153846154 0.0
406 61.53846153846154 0.0
407 69.23076923076923 0.0
408 76.92307692307692 0.0
409 61.53846153846154 0.0
410 69.23076923076923 0.0
411 69.23076923076923 0.0
412 76.92307692307692 0.0
413 84.61538461538461 0.0
414 76.92307692307692 0.0
415 84.61538461538461 0.0
416 69.23076923076923 0.0
417 65.38461538461539 0.0
418 69.23076923076923 0.0
419 76.92307692307692 0.0
420 76.92307692307692 0.0
421 69.23076923076923 0.0
422 84.61538461538461 0.0
423 84.61538461538461 0.0
424 92.3076923076923 0.0
425 84.61538461538461 0.0
426 80.76923076923077 0.0
427 73.07692307692308 0.0
428 69.23076923076923 0.0
429 92.3076923076923 0.0
430 100.0 0.0
431 76.92307692307692 0.0
432 100.0 0.0
433 100.0 0.0
434 100.0 0.0
435 76.92307692307692 0.0
436 84.61538461538461 0.0
437 57.69230769230769 0.0
438 65.38461538461539 0.0
439 69.23076923076923 0.0
440 76.92307692307692 0.0
441 73.07692307692308 0.0
442 76.92307692307692 0.0
443 69.23076923076923 0.0
444 57.69230769230769 0.0
445 61.53846153846154 0.0
446 61.53846153846154 0.0
447 84.61538461538461 0.0
448 69.23076923076923 0.0
449 76.92307692307692 0.0
450 69.23076923076923 0.0
451 76.92307692307692 0.0
452 73.07692307692308 0.0
453 76.92307692307692 0.0
454 76.92307692307692 0.0
455 84.61538461538461 0.0
456 76.92307692307692 0.0
457 84.61538461538461 0.0
458 84.61538461538461 0.0
459 84.61538461538461 0.0
460 84.61538461538461 0.0
461 92.3076923076923 0.0
462 92.3076923076923 0.0
463 84.61538461538461 0.0
464 100.0 0.0
465 88.46153846153847 0.0
466 100.0 0.0
467 84.61538461538461 0.0
468 73.07692307692308 0.0
469 69.23076923076923 0.0
470 65.38461538461539 0.0
471 76.92307692307692 0.0
472 84.61538461538461 0.0
473 76.92307692307692 0.0
474 84.61538461538461 0.0
475 92.3076923076923 0.0
476 73.07692307692308 0.0
477 84.61538461538461 0.0
478 80.76923076923077 0.0
479 92.3076923076923 0.0
480 76.92307692307692 0.0
481 69.23076923076923 0.0
482 76.92307692307692 0.0
483 73.07692307692308 0.0
484 92.3076923076923 0.0
485 84.61538461538461 0.0
486 76.92307692307692 0.0
487 84.61538461538461 0.0
488 84.61538461538461 0.0
489 92.3076923076923 0.0
490 92.3076923076923 0.0
491 92.3076923076923 0.0
492 92.3076923076923 0.0
493 84.61538461538461 0.0
494 88.46153846153847 0.0
495 84.61538461538461 0.0
496 88.46153846153847 0.0
497 84.61538461538461 0.0
498 76.92307692307692 0.0
499 80.76923076923077 0.0
500 61.53846153846154 0.0
501 61.53846153846154 0.0
502 46.15384615384615 0.0
503 76.92307692307692 0.0
504 73.07692307692308 0.0
505 80.76923076923077 0.0
506 73.07692307692308 0.0
507 84.61538461538461 0.0
508 69.23076923076923 0.0
509 100.0 0.0
510 84.61538461538461 0.0
511 84.61538461538461 0.0
512 76.92307692307692 0.0
513 69.23076923076923 0.0
514 80.76923076923077 0.0
515 84.61538461538461 0.0
516 80.76923076923077 0.0
517 76.92307692307692 0.0
518 73.07692307692308 0.0
519 84.61538461538461 0.0
520 73.07692307692308 0.0
521 88.46153846153847 0.0
522 92.3076923076923 0.0
523 69.23076923076923 0.0
524 76.92307692307692 0.0
525 92.3076923076923 0.0
526 92.3076923076923 0.0
527 76.92307692307692 0.0
528 84.61538461538461 0.0
529 84.61538461538461 0.0
530 76.92307692307692 0.0
531 80.76923076923077 0.0
532 57.69230769230769 0.0
533 61.53846153846154 0.0
534 57.69230769230769 0.0
535 57.69230769230769 0.0
536 73.07692307692308 0.0
537 80.76923076923077 0.0
538 84.61538461538461 0.0
539 76.92307692307692 0.0
540 65.38461538461539 0.0
541 76.92307692307692 0.0
542 69.23076923076923 0.0
543 65.38461538461539 0.0
544 50.0 0.0
545 42.30769230769231 0.0
546 42.30769230769231 0.0
547 42.30769230769231 0.0
548 69.23076923076923 0.0
549 61.53846153846154 0.0
550 65.38461538461539 0.0
551 61.53846153846154 0.0
552 69.23076923076923 0.0
553 92.3076923076923 0.0
554 100.0 0.0
555 92.3076923076923 0.0
556 69.23076923076923 0.0
557 84.61538461538461 0.0
558 92.3076923076923 0.0
559 69.23076923076923 0.0
560 65.38461538461539 0.0
561 65.38461538461539 0.0
562 76.92307692307692 0.0
563 92.3076923076923 0.0
564 92.3076923076923 0.0
565 76.92307692307692 0.0
566 84.61538461538461 0.0
567 92.3076923076923 0.0
568 84.61538461538461 0.0
569 88.46153846153847 0.0
570 80.76923076923077 0.0
571 92.3076923076923 0.0
572 84.61538461538461 0.0
573 100.0 0.0
574 84.61538461538461 0.0
575 76.92307692307692 0.0
576 80.76923076923077 0.0
577 84.61538461538461 0.0
578 73.07692307692308 0.0
579 92.3076923076923 0.0
580 84.61538461538461 0.0
581 69.23076923076923 0.0
582 50.0 0.0
583 53.84615384615385 0.0
584 50.0 0.0
585 69.23076923076923 0.0
586 65.38461538461539 0.0
587 57.69230769230769 0.0
588 73.07692307692308 0.0
589 65.38461538461539 0.0
590 84.61538461538461 0.0
591 76.92307692307692 0.0
592 92.3076923076923 0.0
593 73.07692307692308 0.0
594 65.38461538461539 0.0
595 73.07692307692308 0.0
596 80.76923076923077 0.0
597 73.07692307692308 0.0
598 65.38461538461539 0.0
599 69.23076923076923 0.0
600 76.92307692307692 0.0
601 80.76923076923077 0.0
602 61.53846153846154 0.0
603 73.07692307692308 0.0
604 61.53846153846154 0.0
605 61.53846153846154 0.0
606 61.53846153846154 0.0
607 65.38461538461539 0.0
608 57.69230769230769 0.0
609 69.23076923076923 0.0
610 53.84615384615385 0.0
611 53.84615384615385 0.0
612 57.69230769230769 0.0
613 61.53846153846154 0.0
614 57.69230769230769 0.0
615 53.84615384615385 0.0
616 69.23076923076923 0.0
617 76.92307692307692 1.5625
618 84.61538461538461 0.0
619 80.76923076923077 1.5625
620 92.3076923076923 1.5625
621 88.46153846153847 1.5625
622 92.3076923076923 1.5625
623 92.3076923076923 1.5625
624 88.46153846153847 1.5625
625 84.61538461538461 1.5625
626 76.92307692307692 0.0
627 92.3076923076923 1.5625
628 92.3076923076923 1.5625
629 76.92307692307692 1.5625
630 61.53846153846154 1.5625
631 76.92307692307692 1.5625
632 76.92307692307692 0.0
633 80.76923076923077 0.0
634 92.3076923076923 0.0
635 92.3076923076923 0.0
636 69.23076923076923 0.0
637 61.53846153846154 0.0
638 76.92307692307692 0.0
639 76.92307692307692 0.0
640 76.92307692307692 0.0
641 57.69230769230769 0.0
642 69.23076923076923 0.0
643 65.38461538461539 0.0
644 65.38461538461539 0.0
645 69.23076923076923 0.0
646 73.07692307692308 0.0
647 84.61538461538461 0.0
648 80.76923076923077 0.0
649 73.07692307692308 0.0
650 73.07692307692308 0.0
651 88.46153846153847 0.0
652 84.61538461538461 0.0
653 84.61538461538461 0.0
654 80.76923076923077 0.0
655 73.07692307692308 0.0
656 76.92307692307692 0.0
657 76.92307692307692 0.0
658 76.92307692307692 0.0
659 76.92307692307692 0.0
660 69.23076923076923 0.0
661 80.76923076923077 0.0
662 73.07692307692308 0.0
663 76.92307692307692 0.0
664 84.61538461538461 0.0
665 84.61538461538461 0.0
666 84.61538461538461 0.0
667 84.61538461538461 0.0
668 88.46153846153847 0.0
669 84.61538461538461 0.0
670 84.61538461538461 0.0
671 84.61538461538461 0.0
672 76.92307692307692 0.0
673 76.92307692307692 0.0
674 84.61538461538461 0.0
675 76.92307692307692 0.0
676 76.92307692307692 0.0
677 80.76923076923077 0.0
678 80.76923076923077 0.0
679 76.92307692307692 0.0
680 69.23076923076923 0.0
681 76.92307692307692 0.0
682 76.92307692307692 0.0
683 84.61538461538461 0.0
684 73.07692307692308 0.0
685 73.07692307692308 0.0
686 69.23076923076923 0.0
687 84.61538461538461 0.0
688 92.3076923076923 0.0
689 92.3076923076923 0.0
690 92.3076923076923 0.0
691 92.3076923076923 0.0
692 69.23076923076923 0.0
693 84.61538461538461 0.0
694 88.46153846153847 0.0
695 84.61538461538461 0.0
696 84.61538461538461 0.0
697 69.23076923076923 0.0
698 76.92307692307692 0.0
699 92.3076923076923 0.0
700 84.61538461538461 0.0
701 73.07692307692308 0.0
702 69.23076923076923 0.0
703 65.38461538461539 0.0
704 80.76923076923077 0.0
705 84.61538461538461 0.0
706 76.92307692307692 0.0
707 65.38461538461539 0.0
708 61.53846153846154 0.0
709 57.69230769230769 0.0
710 73.07692307692308 0.0
711 76.92307692307692 0.0
712 80.76923076923077 0.0
713 88.46153846153847 0.0
714 76.92307692307692 0.0
715 84.61538461538461 0.0
716 76.92307692307692 0.0
717 76.92307692307692 0.0
718 69.23076923076923 0.0
719 76.92307692307692 0.0
720 84.61538461538461 0.0
721 76.92307692307692 0.0
722 65.38461538461539 0.0
723 76.92307692307692 0.0
724 84.61538461538461 0.0
725 92.3076923076923 0.0
726 69.23076923076923 0.0
727 61.53846153846154 0.0
728 69.23076923076923 0.0
729 61.53846153846154 0.0
730 65.38461538461539 0.0
731 65.38461538461539 0.0
732 65.38461538461539 0.0
733 69.23076923076923 0.0
734 73.07692307692308 0.0
735 84.61538461538461 0.0
736 84.61538461538461 0.0
737 80.76923076923077 0.0
738 84.61538461538461 0.0
739 76.92307692307692 0.0
740 73.07692307692308 0.0
741 80.76923076923077 0.0
742 69.23076923076923 0.0
743 73.07692307692308 0.0
744 84.61538461538461 0.0
745 73.07692307692308 0.0
746 88.46153846153847 0.0
747 73.07692307692308 0.0
748 92.3076923076923 0.0
749 88.46153846153847 0.0
750 80.76923076923077 0.0
751 73.07692307692308 0.0
752 76.92307692307692 0.0
753 69.23076923076923 0.0
754 65.38461538461539 0.0
755 84.61538461538461 0.0
756 80.76923076923077 0.0
757 76.92307692307692 0.0
758 73.07692307692308 0.0
759 73.07692307692308 0.0
760 76.92307692307692 0.0
761 76.92307692307692 0.0
762 80.76923076923077 0.0
763 76.92307692307692 0.0
764 65.38461538461539 0.0
765 76.92307692307692 0.0
766 76.92307692307692 0.0
767 84.61538461538461 0.0
768 61.53846153846154 0.0
769 69.23076923076923 0.0
770 76.92307692307692 0.0
771 69.23076923076923 0.0
772 53.84615384615385 0.0
773 61.53846153846154 0.0
774 76.92307692307692 0.0
775 84.61538461538461 0.0
776 84.61538461538461 0.0
777 84.61538461538461 0.0
778 69.23076923076923 0.0
779 69.23076923076923 0.0
780 76.92307692307692 0.0
781 61.53846153846154 0.0
782 61.53846153846154 0.0
783 65.38461538461539 0.0
784 69.23076923076923 0.0
785 61.53846153846154 0.0
786 73.07692307692308 0.0
787 73.07692307692308 0.0
788 76.92307692307692 0.0
789 73.07692307692308 0.0
790 73.07692307692308 0.0
791 100.0 0.0
792 100.0 0.0
793 92.3076923076923 0.0
794 84.61538461538461 0.0
795 92.3076923076923 0.0
796 84.61538461538461 0.0
797 65.38461538461539 0.0
798 69.23076923076923 0.0
799 84.61538461538461 0.0
800 76.92307692307692 0.0
801 69.23076923076923 0.0
802 69.23076923076923 0.0
803 76.92307692307692 0.0
804 76.92307692307692 0.0
805 84.61538461538461 0.0
806 73.07692307692308 0.0
807 69.23076923076923 0.0
808 76.92307692307692 0.0
809 76.92307692307692 0.0
810 69.23076923076923 0.0
811 69.23076923076923 0.0
812 73.07692307692308 0.0
813 73.07692307692308 0.0
814 80.76923076923077 0.0
815 76.92307692307692 0.0
816 76.92307692307692 0.0
817 61.53846153846154 0.0
818 73.07692307692308 0.0
819 69.23076923076923 0.0
820 57.69230769230769 0.0
821 69.23076923076923 0.0
822 65.38461538461539 0.0
823 65.38461538461539 0.0
824 84.61538461538461 0.0
825 69.23076923076923 0.0
826 65.38461538461539 0.0
827 57.69230769230769 0.0
828 61.53846153846154 0.0
829 76.92307692307692 0.0
830 73.07692307692308 0.0
831 69.23076923076923 0.0
832 80.76923076923077 0.0
833 57.69230769230769 0.0
834 50.0 0.0
835 57.69230769230769 0.0
836 61.53846153846154 0.0
837 61.53846153846154 0.0
838 76.92307692307692 0.0
839 76.92307692307692 0.0
840 73.07692307692308 0.0
841 65.38461538461539 0.0
842 73.07692307692308 0.0
843 80.76923076923077 0.0
844 84.61538461538461 0.0
845 84.61538461538461 0.0
846 69.23076923076923 0.0
847 69.23076923076923 0.0
848 76.92307692307692 0.0
849 76.92307692307692 0.0
850 84.61538461538461 0.0
851 76.92307692307692 0.0
852 84.61538461538461 0.0
853 73.07692307692308 0.0
854 69.23076923076923 0.0
855 76.92307692307692 0.0
856 76.92307692307692 0.0
857 76.92307692307692 0.0
858 69.23076923076923 0.0
859 50.0 0.0
860 76.92307692307692 0.0
861 73.07692307692308 0.0
862 73.07692307692308 0.0
863 73.07692307692308 0.0
864 76.92307692307692 0.0
865 84.61538461538461 0.0
866 88.46153846153847 0.0
867 80.76923076923077 0.0
868 80.76923076923077 0.0
869 61.53846153846154 0.0
870 80.76923076923077 0.0
871 84.61538461538461 0.0
872 84.61538461538461 0.0
873 76.92307692307692 0.0
874 69.23076923076923 0.0
875 84.61538461538461 0.0
876 69.23076923076923 0.0
877 76.92307692307692 0.0
878 84.61538461538461 0.0
879 84.61538461538461 0.0
880 92.3076923076923 0.0
881 92.3076923076923 0.0
882 84.61538461538461 0.0
883 84.61538461538461 0.0
884 100.0 0.0
885 80.76923076923077 0.0
886 76.92307692307692 0.0
887 76.92307692307692 0.0
888 84.61538461538461 0.0
889 76.92307692307692 0.0
890 57.69230769230769 0.0
891 76.92307692307692 0.0
892 84.61538461538461 0.0
893 76.92307692307692 0.0
894 65.38461538461539 0.0
895 69.23076923076923 0.0
896 65.38461538461539 0.0
897 92.3076923076923 0.0
898 92.3076923076923 0.0
899 76.92307692307692 0.0
900 65.38461538461539 0.0
901 80.76923076923077 0.0
902 84.61538461538461 0.0
903 76.92307692307692 0.0
904 84.61538461538461 0.0
905 84.61538461538461 0.0
906 76.92307692307692 0.0
907 69.23076923076923 0.0
908 69.23076923076923 0.0
909 84.61538461538461 0.0
910 76.92307692307692 0.0
911 69.23076923076923 0.0
912 76.92307692307692 0.0
913 76.92307692307692 0.0
914 65.38461538461539 0.0
915 61.53846153846154 0.0
916 61.53846153846154 0.0
917 69.23076923076923 0.0
918 84.61538461538461 0.0
919 76.92307692307692 0.0
920 76.92307692307692 0.0
921 76.92307692307692 0.0
922 76.92307692307692 0.0
923 76.92307692307692 0.0
924 76.92307692307692 0.0
925 69.23076923076923 0.0
926 76.92307692307692 0.0
927 84.61538461538461 0.0
928 84.61538461538461 0.0
929 84.61538461538461 0.0
930 84.61538461538461 0.0
931 92.3076923076923 0.0
932 84.61538461538461 0.0
933 92.3076923076923 0.0
934 92.3076923076923 0.0
935 84.61538461538461 0.0
936 84.61538461538461 0.0
937 76.92307692307692 0.0
938 84.61538461538461 0.0
939 76.92307692307692 0.0
940 92.3076923076923 0.0
941 92.3076923076923 0.0
942 92.3076923076923 0.0
943 84.61538461538461 0.0
944 92.3076923076923 0.0
945 92.3076923076923 0.0
946 84.61538461538461 0.0
947 76.92307692307692 0.0
948 84.61538461538461 0.0
949 76.92307692307692 0.0
950 84.61538461538461 0.0
951 84.61538461538461 0.0
952 76.92307692307692 0.0
953 73.07692307692308 0.0
954 84.61538461538461 0.0
955 69.23076923076923 0.0
956 80.76923076923077 0.0
957 73.07692307692308 0.0
958 57.69230769230769 0.0
959 73.07692307692308 0.0
960 57.69230769230769 0.0
961 61.53846153846154 0.0
962 65.38461538461539 0.0
963 65.38461538461539 0.0
964 76.92307692307692 0.0
965 76.92307692307692 0.0
966 92.3076923076923 0.0
967 73.07692307692308 0.0
968 84.61538461538461 0.0
969 76.92307692307692 0.0
970 69.23076923076923 0.0
971 73.07692307692308 0.0
972 73.07692307692308 0.0
973 73.07692307692308 0.0
974 69.23076923076923 0.0
975 80.76923076923077 0.0
976 80.76923076923077 0.0
977 88.46153846153847 0.0
978 84.61538461538461 0.0
979 88.46153846153847 0.0
980 92.3076923076923 0.0
981 92.3076923076923 0.0
982 84.61538461538461 0.0
983 76.92307692307692 0.0
984 61.53846153846154 0.0
985 73.07692307692308 0.0
986 65.38461538461539 0.0
987 65.38461538461539 0.0
988 80.76923076923077 0.0
989 92.3076923076923 0.0
990 84.61538461538461 0.0
991 76.92307692307692 0.0
992 61.53846153846154 0.0
993 61.53846153846154 0.0
994 65.38461538461539 0.0
995 76.92307692307692 0.0
996 61.53846153846154 0.0
997 61.53846153846154 0.0
998 73.07692307692308 0.0
999 69.23076923076923 0.0
