#resid average_duration max_duration persistent_contacts
1 15.25 52 8
10 4.020408163265306 11 49
11 3.836734693877551 20 49
12 4.120689655172414 27 58
13 4.581081081081081 17 74
14 3.8219178082191783 18 73
15 4.214285714285714 14 42
16 4.388888888888889 17 72
17 3.9347826086956523 16 46
18 5.133333333333334 48 45
19 4.267857142857143 29 56
2 3.9444444444444446 14 54
20 4.810344827586207 14 58
21 4.386363636363637 12 44
22 3.830508474576271 14 59
23 3.7777777777777777 29 54
24 4.04 14 50
25 3.688888888888889 17 45
26 4.111111111111111 16 54
3 4.4772727272727275 27 44
4 5.0 11 4
5 5.132352941176471 52 68
6 3.6623376623376624 10 77
7 3.54 11 50
8 4.0285714285714285 14 70
9 3.611940298507463 12 67
#TOTAL_CONTACTS 3579 for 1000 frames
