#resid average_duration max_duration persistent_contacts
1 4.268656716417911 14 67
10 3.176470588235294 9 51
11 4.346938775510204 22 49
12 3.6607142857142856 11 56
13 3.6724137931034484 10 58
14 5.4523809523809526 22 42
15 4.033333333333333 22 30
16 4.12280701754386 13 57
17 4.016666666666667 22 60
18 4.363636363636363 21 66
19 4.065573770491803 15 61
2 4.279411764705882 22 68
20 3.86046511627907 14 43
21 3.5416666666666665 15 48
22 3.824561403508772 13 57
23 3.509433962264151 12 53
24 4.0588235294117645 14 51
25 4.1 12 60
26 4.241379310344827 21 29
3 4.317073170731708 14 41
4 3.617021276595745 14 47
5 4.34375 15 64
6 4.5 18 60
7 4.093023255813954 12 43
8 3.986666666666667 14 75
9 3.4615384615384617 10 52
#TOTAL_CONTACTS 3553 for 1000 frames
