#resid average_duration max_duration persistent_contacts
1 4.257575757575758 17 66
10 4.285714285714286 14 70
11 4.166666666666667 15 42
12 6.666666666666667 57 18
13 5.035714285714286 17 28
14 3.1777777777777776 15 45
15 3.8048780487804876 10 41
16 11.7 74 10
17 3.357142857142857 12 70
18 4.825 20 40
19 3.5 10 42
2 3.880952380952381 11 42
20 3.7346938775510203 15 49
21 3.8289473684210527 20 76
22 4.7407407407407405 74 54
23 3.9130434782608696 12 46
24 3.5849056603773586 11 53
25 5.666666666666667 57 33
26 3.7586206896551726 13 58
3 4.163265306122449 23 49
4 3.480769230769231 11 52
5 3.9591836734693877 17 49
6 4.129032258064516 19 62
7 4.380952380952381 23 42
8 4.3090909090909095 16 55
9 5.25 19 40
#TOTAL_CONTACTS 3248 for 1000 frames
