#resid average_duration max_duration persistent_contacts
1 4.148648648648648 23 74
10 4.105263157894737 12 57
11 3.757575757575758 8 66
12 4.202898550724638 17 69
13 4.098360655737705 18 61
14 3.5365853658536586 10 41
15 5.086956521739131 18 46
16 4.639344262295082 28 61
17 4.363636363636363 20 44
18 3.942857142857143 10 70
19 4.0 21 53
2 3.921875 19 64
20 3.4722222222222223 11 72
21 5.235294117647059 28 17
22 4.491803278688525 11 61
23 3.9166666666666665 9 60
24 4.533333333333333 18 60
25 4.112359550561798 18 89
26 5.463414634146342 15 41
3 5.333333333333333 16 12
4 5.209677419354839 23 62
5 4.258064516129032 12 31
6 4.133333333333334 18 75
7 4.942857142857143 21 35
8 4.933333333333334 15 60
9 3.6271186440677967 10 59
#TOTAL_CONTACTS 3794 for 1000 frames
