#resid average_duration max_duration persistent_contacts
1 5.23608017817372 149 449
10 8.215625 276 320
11 6.019736842105263 166 456
12 4.398230088495575 30 565
13 7.392592592592592 185 405
14 7.679785330948121 297 559
15 7.55210643015521 593 451
16 6.154494382022472 149 356
17 11.922600619195046 593 323
18 5.882352941176471 377 510
19 6.097328244274809 171 524
2 5.815442561205273 171 531
20 5.447688564476886 166 411
21 6.332640332640333 276 481
22 6.971830985915493 157 355
23 4.3745247148288975 61 526
24 5.4524271844660195 230 515
25 6.776859504132231 297 484
26 5.140786749482402 157 483
3 4.280918727915195 27 566
4 5.314814814814815 141 378
5 4.49103139013453 22 446
6 6.4125874125874125 377 429
7 6.020876826722338 181 479
8 8.705696202531646 166 316
9 4.326666666666667 26 450
#TOTAL_CONTACTS 41216 for 10100 frames
