#frame monomers_% popc_isolated_%
0 30.76923076923077 0.0
1 26.923076923076923 0.0
2 30.76923076923077 0.0
3 26.923076923076923 0.0
4 26.923076923076923 0.0
5 30.76923076923077 0.0
6 26.923076923076923 0.0
7 23.076923076923077 0.0
8 26.923076923076923 0.0
9 34.61538461538461 0.0
10 26.923076923076923 0.0
11 38.46153846153846 0.0
12 30.76923076923077 0.0
13 26.923076923076923 0.0
14 30.76923076923077 0.0
15 30.76923076923077 0.0
16 42.30769230769231 0.0
17 26.923076923076923 0.0
18 46.15384615384615 0.0
19 26.923076923076923 0.0
20 26.923076923076923 0.0
21 23.076923076923077 0.0
22 30.76923076923077 0.0
23 15.384615384615385 0.0
24 26.923076923076923 0.0
25 26.923076923076923 0.0
26 19.23076923076923 0.0
27 34.61538461538461 0.0
28 23.076923076923077 0.0
29 23.076923076923077 0.0
30 26.923076923076923 0.0
31 19.23076923076923 0.0
32 19.23076923076923 0.0
33 23.076923076923077 0.0
34 23.076923076923077 0.0
35 15.384615384615385 0.0
36 11.538461538461538 0.0
37 11.538461538461538 0.0
38 23.076923076923077 0.0
39 26.923076923076923 0.0
40 34.61538461538461 0.0
41 26.923076923076923 0.0
42 30.76923076923077 0.0
43 23.076923076923077 0.0
44 34.61538461538461 0.0
45 26.923076923076923 0.0
46 26.923076923076923 0.0
47 26.923076923076923 0.0
48 34.61538461538461 0.0
49 23.076923076923077 0.0
50 34.61538461538461 0.0
51 34.61538461538461 0.0
52 30.76923076923077 0.0
53 30.76923076923077 0.0
54 23.076923076923077 0.0
55 19.23076923076923 0.0
56 15.384615384615385 0.0
57 15.384615384615385 0.0
58 19.23076923076923 0.0
59 30.76923076923077 0.0
60 19.23076923076923 0.0
61 26.923076923076923 0.0
62 46.15384615384615 0.0
63 38.46153846153846 0.0
64 30.76923076923077 0.0
65 23.076923076923077 0.0
66 23.076923076923077 0.0
67 26.923076923076923 0.0
68 26.923076923076923 0.0
69 26.923076923076923 0.0
70 26.923076923076923 0.0
71 30.76923076923077 0.0
72 30.76923076923077 0.0
73 38.46153846153846 0.0
74 42.30769230769231 0.0
75 34.61538461538461 0.0
76 34.61538461538461 0.0
77 50.0 0.0
78 34.61538461538461 0.0
79 42.30769230769231 0.0
80 46.15384615384615 0.0
81 34.61538461538461 0.0
82 34.61538461538461 0.0
83 26.923076923076923 0.0
84 15.384615384615385 0.0
85 30.76923076923077 0.0
86 26.923076923076923 0.0
87 30.76923076923077 0.0
88 15.384615384615385 0.0
89 15.384615384615385 0.0
90 19.23076923076923 0.0
91 23.076923076923077 0.0
92 19.23076923076923 0.0
93 23.076923076923077 0.0
94 23.076923076923077 0.0
95 15.384615384615385 0.0
96 19.23076923076923 0.0
97 26.923076923076923 0.0
98 38.46153846153846 0.0
99 38.46153846153846 0.0
100 30.76923076923077 0.0
101 38.46153846153846 0.0
102 34.61538461538461 0.0
103 26.923076923076923 0.0
104 30.76923076923077 0.0
105 38.46153846153846 0.0
106 30.76923076923077 0.0
107 38.46153846153846 0.0
108 30.76923076923077 0.0
109 57.69230769230769 0.0
110 42.30769230769231 0.0
111 53.84615384615385 0.0
112 42.30769230769231 0.0
113 38.46153846153846 0.0
114 34.61538461538461 0.0
115 23.076923076923077 0.0
116 26.923076923076923 0.0
117 34.61538461538461 0.0
118 38.46153846153846 0.0
119 26.923076923076923 0.0
120 26.923076923076923 0.0
121 34.61538461538461 0.0
122 23.076923076923077 0.0
123 30.76923076923077 0.0
124 19.23076923076923 0.0
125 23.076923076923077 0.0
126 26.923076923076923 0.0
127 30.76923076923077 0.0
128 34.61538461538461 0.0
129 30.76923076923077 0.0
130 23.076923076923077 0.0
131 26.923076923076923 0.0
132 19.23076923076923 0.0
133 38.46153846153846 0.0
134 30.76923076923077 0.0
135 26.923076923076923 0.0
136 23.076923076923077 0.0
137 26.923076923076923 0.0
138 26.923076923076923 0.0
139 34.61538461538461 0.0
140 30.76923076923077 0.0
141 34.61538461538461 0.0
142 26.923076923076923 0.0
143 26.923076923076923 0.0
144 26.923076923076923 0.0
145 30.76923076923077 0.0
146 30.76923076923077 0.0
147 26.923076923076923 0.0
148 30.76923076923077 0.0
149 34.61538461538461 0.0
150 38.46153846153846 0.0
151 30.76923076923077 0.0
152 30.76923076923077 0.0
153 46.15384615384615 0.0
154 38.46153846153846 0.0
155 34.61538461538461 0.0
156 30.76923076923077 0.0
157 26.923076923076923 0.0
158 34.61538461538461 0.0
159 34.61538461538461 0.0
160 42.30769230769231 0.0
161 26.923076923076923 0.0
162 38.46153846153846 0.0
163 30.76923076923077 0.0
164 19.23076923076923 0.0
165 23.076923076923077 0.0
166 15.384615384615385 0.0
167 15.384615384615385 0.0
168 23.076923076923077 0.0
169 26.923076923076923 0.0
170 30.76923076923077 0.0
171 26.923076923076923 0.0
172 23.076923076923077 0.0
173 26.923076923076923 0.0
174 23.076923076923077 0.0
175 19.23076923076923 0.0
176 23.076923076923077 0.0
177 19.23076923076923 0.0
178 19.23076923076923 0.0
179 23.076923076923077 0.0
180 19.23076923076923 0.0
181 23.076923076923077 0.0
182 19.23076923076923 0.0
183 11.538461538461538 0.0
184 15.384615384615385 0.0
185 23.076923076923077 0.0
186 26.923076923076923 0.0
187 23.076923076923077 0.0
188 15.384615384615385 0.0
189 7.6923076923076925 0.0
190 30.76923076923077 0.0
191 15.384615384615385 0.0
192 7.6923076923076925 0.0
193 26.923076923076923 0.0
194 19.23076923076923 0.0
195 19.23076923076923 0.0
196 26.923076923076923 0.0
197 23.076923076923077 0.0
198 19.23076923076923 0.0
199 15.384615384615385 0.0
200 23.076923076923077 0.0
201 15.384615384615385 0.0
202 23.076923076923077 0.0
203 26.923076923076923 0.0
204 30.76923076923077 0.0
205 38.46153846153846 0.0
206 23.076923076923077 0.0
207 26.923076923076923 0.0
208 11.538461538461538 0.0
209 23.076923076923077 0.0
210 23.076923076923077 0.0
211 15.384615384615385 0.0
212 26.923076923076923 0.0
213 30.76923076923077 0.0
214 42.30769230769231 0.0
215 50.0 0.0
216 46.15384615384615 0.0
217 38.46153846153846 0.0
218 30.76923076923077 0.0
219 34.61538461538461 0.0
220 23.076923076923077 0.0
221 30.76923076923077 0.0
222 34.61538461538461 0.0
223 26.923076923076923 0.0
224 34.61538461538461 0.0
225 38.46153846153846 0.0
226 23.076923076923077 0.0
227 26.923076923076923 0.0
228 30.76923076923077 0.0
229 23.076923076923077 0.0
230 19.23076923076923 0.0
231 30.76923076923077 0.0
232 38.46153846153846 0.0
233 38.46153846153846 0.0
234 30.76923076923077 0.0
235 42.30769230769231 0.0
236 23.076923076923077 0.0
237 30.76923076923077 0.0
238 26.923076923076923 0.0
239 26.923076923076923 0.0
240 11.538461538461538 0.0
241 19.23076923076923 0.0
242 26.923076923076923 0.0
243 26.923076923076923 0.0
244 34.61538461538461 0.0
245 23.076923076923077 0.0
246 26.923076923076923 0.0
247 26.923076923076923 0.0
248 19.23076923076923 0.0
249 11.538461538461538 0.0
250 26.923076923076923 0.0
251 26.923076923076923 0.0
252 30.76923076923077 0.0
253 19.23076923076923 0.0
254 34.61538461538461 0.0
255 26.923076923076923 0.0
256 26.923076923076923 0.0
257 15.384615384615385 0.0
258 19.23076923076923 0.0
259 23.076923076923077 0.0
260 15.384615384615385 0.0
261 19.23076923076923 0.0
262 26.923076923076923 0.0
263 23.076923076923077 0.0
264 19.23076923076923 0.0
265 26.923076923076923 0.0
266 26.923076923076923 0.0
267 26.923076923076923 0.0
268 23.076923076923077 0.0
269 15.384615384615385 0.0
270 15.384615384615385 0.0
271 19.23076923076923 0.0
272 19.23076923076923 0.0
273 23.076923076923077 0.0
274 26.923076923076923 0.0
275 23.076923076923077 0.0
276 23.076923076923077 0.0
277 23.076923076923077 0.0
278 23.076923076923077 0.0
279 19.23076923076923 0.0
280 15.384615384615385 0.0
281 19.23076923076923 0.0
282 11.538461538461538 0.0
283 19.23076923076923 0.0
284 15.384615384615385 0.0
285 42.30769230769231 0.0
286 11.538461538461538 0.0
287 23.076923076923077 0.0
288 26.923076923076923 0.0
289 19.23076923076923 0.0
290 23.076923076923077 0.0
291 15.384615384615385 0.0
292 23.076923076923077 0.0
293 19.23076923076923 0.0
294 19.23076923076923 0.0
295 19.23076923076923 0.0
296 19.23076923076923 0.0
297 23.076923076923077 0.0
298 38.46153846153846 0.0
299 38.46153846153846 0.0
300 19.23076923076923 0.0
301 26.923076923076923 0.0
302 19.23076923076923 0.0
303 19.23076923076923 0.0
304 19.23076923076923 0.0
305 38.46153846153846 0.0
306 34.61538461538461 0.0
307 30.76923076923077 0.0
308 38.46153846153846 0.0
309 26.923076923076923 0.0
310 26.923076923076923 0.0
311 23.076923076923077 0.0
312 26.923076923076923 0.0
313 30.76923076923077 0.0
314 23.076923076923077 0.0
315 34.61538461538461 0.0
316 19.23076923076923 0.0
317 26.923076923076923 0.0
318 50.0 0.0
319 26.923076923076923 0.0
320 19.23076923076923 0.0
321 19.23076923076923 0.0
322 26.923076923076923 0.0
323 26.923076923076923 0.0
324 34.61538461538461 0.0
325 26.923076923076923 0.0
326 26.923076923076923 0.0
327 19.23076923076923 0.0
328 34.61538461538461 0.0
329 26.923076923076923 0.0
330 34.61538461538461 0.0
331 30.76923076923077 0.0
332 42.30769230769231 0.0
333 42.30769230769231 0.0
334 30.76923076923077 0.0
335 30.76923076923077 0.0
336 38.46153846153846 0.0
337 19.23076923076923 0.0
338 19.23076923076923 0.0
339 23.076923076923077 0.0
340 30.76923076923077 0.0
341 34.61538461538461 0.0
342 42.30769230769231 0.0
343 30.76923076923077 0.0
344 26.923076923076923 0.0
345 30.76923076923077 0.0
346 42.30769230769231 0.0
347 42.30769230769231 0.0
348 42.30769230769231 0.0
349 34.61538461538461 0.0
350 23.076923076923077 0.0
351 19.23076923076923 0.0
352 15.384615384615385 0.0
353 26.923076923076923 0.0
354 15.384615384615385 0.0
355 30.76923076923077 0.0
356 30.76923076923077 0.0
357 26.923076923076923 0.0
358 34.61538461538461 0.0
359 34.61538461538461 0.0
360 34.61538461538461 0.0
361 34.61538461538461 0.0
362 30.76923076923077 0.0
363 23.076923076923077 0.0
364 30.76923076923077 0.0
365 38.46153846153846 0.0
366 11.538461538461538 0.0
367 34.61538461538461 0.0
368 19.23076923076923 0.0
369 34.61538461538461 0.0
370 26.923076923076923 0.0
371 46.15384615384615 0.0
372 26.923076923076923 0.0
373 38.46153846153846 0.0
374 34.61538461538461 0.0
375 42.30769230769231 0.0
376 42.30769230769231 0.0
377 30.76923076923077 0.0
378 34.61538461538461 0.0
379 26.923076923076923 0.0
380 38.46153846153846 0.0
381 30.76923076923077 0.0
382 38.46153846153846 0.0
383 42.30769230769231 0.0
384 30.76923076923077 0.0
385 42.30769230769231 0.0
386 34.61538461538461 0.0
387 30.76923076923077 0.0
388 34.61538461538461 0.0
389 30.76923076923077 0.0
390 34.61538461538461 0.0
391 30.76923076923077 0.0
392 30.76923076923077 0.0
393 38.46153846153846 0.0
394 34.61538461538461 0.0
395 30.76923076923077 0.0
396 30.76923076923077 0.0
397 42.30769230769231 0.0
398 30.76923076923077 0.0
399 34.61538461538461 0.0
400 26.923076923076923 0.0
401 34.61538461538461 0.0
402 34.61538461538461 0.0
403 26.923076923076923 0.0
404 38.46153846153846 0.0
405 23.076923076923077 0.0
406 26.923076923076923 0.0
407 42.30769230769231 0.0
408 30.76923076923077 0.0
409 34.61538461538461 0.0
410 15.384615384615385 0.0
411 15.384615384615385 0.0
412 23.076923076923077 0.0
413 15.384615384615385 0.0
414 26.923076923076923 0.0
415 11.538461538461538 0.0
416 23.076923076923077 0.0
417 15.384615384615385 0.0
418 15.384615384615385 0.0
419 15.384615384615385 0.0
420 3.8461538461538463 0.0
421 3.8461538461538463 0.0
422 7.6923076923076925 0.0
423 7.6923076923076925 0.0
424 15.384615384615385 0.0
425 19.23076923076923 0.0
426 19.23076923076923 0.0
427 26.923076923076923 0.0
428 11.538461538461538 0.0
429 26.923076923076923 0.0
430 34.61538461538461 0.0
431 34.61538461538461 0.0
432 23.076923076923077 0.0
433 30.76923076923077 0.0
434 23.076923076923077 0.0
435 23.076923076923077 0.0
436 23.076923076923077 0.0
437 26.923076923076923 0.0
438 30.76923076923077 0.0
439 23.076923076923077 0.0
440 19.23076923076923 0.0
441 19.23076923076923 0.0
442 15.384615384615385 0.0
443 23.076923076923077 0.0
444 30.76923076923077 0.0
445 23.076923076923077 0.0
446 23.076923076923077 0.0
447 19.23076923076923 0.0
448 19.23076923076923 0.0
449 23.076923076923077 0.0
450 23.076923076923077 0.0
451 15.384615384615385 0.0
452 30.76923076923077 0.0
453 23.076923076923077 0.0
454 23.076923076923077 0.0
455 23.076923076923077 0.0
456 30.76923076923077 0.0
457 15.384615384615385 0.0
458 19.23076923076923 0.0
459 23.076923076923077 0.0
460 23.076923076923077 0.0
461 30.76923076923077 0.0
462 42.30769230769231 0.0
463 26.923076923076923 0.0
464 26.923076923076923 0.0
465 30.76923076923077 0.0
466 30.76923076923077 0.0
467 30.76923076923077 0.0
468 23.076923076923077 0.0
469 34.61538461538461 0.0
470 30.76923076923077 0.0
471 26.923076923076923 0.0
472 26.923076923076923 0.0
473 26.923076923076923 0.0
474 26.923076923076923 0.0
475 23.076923076923077 0.0
476 23.076923076923077 0.0
477 23.076923076923077 0.0
478 19.23076923076923 0.0
479 19.23076923076923 0.0
480 19.23076923076923 0.0
481 19.23076923076923 0.0
482 19.23076923076923 0.0
483 19.23076923076923 0.0
484 19.23076923076923 0.0
485 23.076923076923077 0.0
486 19.23076923076923 0.0
487 19.23076923076923 0.0
488 19.23076923076923 0.0
489 23.076923076923077 0.0
490 19.23076923076923 0.0
491 23.076923076923077 0.0
492 23.076923076923077 0.0
493 23.076923076923077 0.0
494 26.923076923076923 0.0
495 19.23076923076923 0.0
496 23.076923076923077 0.0
497 38.46153846153846 0.0
498 23.076923076923077 0.0
499 23.076923076923077 0.0
500 26.923076923076923 0.0
501 30.76923076923077 0.0
502 30.76923076923077 0.0
503 42.30769230769231 0.0
504 42.30769230769231 0.0
505 38.46153846153846 0.0
506 50.0 0.0
507 46.15384615384615 0.0
508 46.15384615384615 0.0
509 42.30769230769231 0.0
510 50.0 0.0
511 42.30769230769231 0.0
512 34.61538461538461 0.0
513 42.30769230769231 0.0
514 38.46153846153846 0.0
515 42.30769230769231 0.0
516 42.30769230769231 0.0
517 38.46153846153846 0.0
518 23.076923076923077 0.0
519 30.76923076923077 0.0
520 30.76923076923077 0.0
521 34.61538461538461 0.0
522 38.46153846153846 0.0
523 26.923076923076923 0.0
524 34.61538461538461 0.0
525 30.76923076923077 0.0
526 42.30769230769231 0.0
527 34.61538461538461 0.0
528 30.76923076923077 0.0
529 26.923076923076923 0.0
530 30.76923076923077 0.0
531 30.76923076923077 0.0
532 30.76923076923077 0.0
533 42.30769230769231 0.0
534 42.30769230769231 0.0
535 42.30769230769231 0.0
536 30.76923076923077 0.0
537 23.076923076923077 0.0
538 30.76923076923077 0.0
539 38.46153846153846 0.0
540 46.15384615384615 0.0
541 53.84615384615385 0.0
542 34.61538461538461 0.0
543 38.46153846153846 0.0
544 38.46153846153846 0.0
545 42.30769230769231 0.0
546 42.30769230769231 0.0
547 38.46153846153846 0.0
548 34.61538461538461 0.0
549 34.61538461538461 0.0
550 38.46153846153846 0.0
551 42.30769230769231 0.0
552 42.30769230769231 0.0
553 38.46153846153846 0.0
554 42.30769230769231 0.0
555 38.46153846153846 0.0
556 26.923076923076923 0.0
557 42.30769230769231 0.0
558 42.30769230769231 0.0
559 30.76923076923077 0.0
560 38.46153846153846 0.0
561 34.61538461538461 0.0
562 53.84615384615385 0.0
563 38.46153846153846 0.0
564 30.76923076923077 0.0
565 38.46153846153846 0.0
566 34.61538461538461 0.0
567 23.076923076923077 0.0
568 42.30769230769231 0.0
569 42.30769230769231 0.0
570 46.15384615384615 0.0
571 38.46153846153846 0.0
572 38.46153846153846 0.0
573 42.30769230769231 0.0
574 46.15384615384615 0.0
575 30.76923076923077 0.0
576 42.30769230769231 0.0
577 34.61538461538461 0.0
578 38.46153846153846 0.0
579 26.923076923076923 0.0
580 38.46153846153846 0.0
581 30.76923076923077 0.0
582 34.61538461538461 0.0
583 23.076923076923077 0.0
584 19.23076923076923 0.0
585 38.46153846153846 0.0
586 38.46153846153846 0.0
587 30.76923076923077 0.0
588 46.15384615384615 0.0
589 38.46153846153846 0.0
590 38.46153846153846 0.0
591 30.76923076923077 0.0
592 26.923076923076923 0.0
593 30.76923076923077 0.0
594 30.76923076923077 0.0
595 30.76923076923077 0.0
596 23.076923076923077 0.0
597 34.61538461538461 0.0
598 42.30769230769231 0.0
599 30.76923076923077 0.0
600 34.61538461538461 0.0
601 23.076923076923077 0.0
602 26.923076923076923 0.0
603 26.923076923076923 0.0
604 26.923076923076923 0.0
605 23.076923076923077 0.0
606 23.076923076923077 0.0
607 19.23076923076923 0.0
608 26.923076923076923 0.0
609 26.923076923076923 0.0
610 15.384615384615385 0.0
611 23.076923076923077 0.0
612 26.923076923076923 0.0
613 34.61538461538461 0.0
614 30.76923076923077 0.0
615 30.76923076923077 0.0
616 30.76923076923077 0.0
617 15.384615384615385 0.0
618 23.076923076923077 0.0
619 50.0 0.0
620 34.61538461538461 0.0
621 30.76923076923077 0.0
622 26.923076923076923 0.0
623 38.46153846153846 0.0
624 38.46153846153846 0.0
625 30.76923076923077 0.0
626 38.46153846153846 0.0
627 30.76923076923077 0.0
628 26.923076923076923 0.0
629 34.61538461538461 0.0
630 42.30769230769231 0.0
631 30.76923076923077 0.0
632 34.61538461538461 0.0
633 34.61538461538461 0.0
634 46.15384615384615 0.0
635 46.15384615384615 0.0
636 46.15384615384615 0.0
637 30.76923076923077 0.0
638 57.69230769230769 0.0
639 53.84615384615385 0.0
640 46.15384615384615 0.0
641 42.30769230769231 0.0
642 46.15384615384615 0.0
643 38.46153846153846 0.0
644 38.46153846153846 0.0
645 23.076923076923077 0.0
646 42.30769230769231 0.0
647 30.76923076923077 0.0
648 30.76923076923077 0.0
649 26.923076923076923 0.0
650 23.076923076923077 0.0
651 26.923076923076923 0.0
652 46.15384615384615 0.0
653 23.076923076923077 0.0
654 30.76923076923077 0.0
655 26.923076923076923 0.0
656 34.61538461538461 0.0
657 30.76923076923077 0.0
658 46.15384615384615 0.0
659 38.46153846153846 0.0
660 34.61538461538461 0.0
661 23.076923076923077 0.0
662 26.923076923076923 0.0
663 34.61538461538461 0.0
664 38.46153846153846 0.0
665 30.76923076923077 0.0
666 26.923076923076923 0.0
667 26.923076923076923 0.0
668 34.61538461538461 0.0
669 30.76923076923077 0.0
670 42.30769230769231 0.0
671 26.923076923076923 0.0
672 23.076923076923077 0.0
673 38.46153846153846 0.0
674 19.23076923076923 0.0
675 23.076923076923077 0.0
676 19.23076923076923 0.0
677 23.076923076923077 0.0
678 23.076923076923077 0.0
679 23.076923076923077 0.0
680 19.23076923076923 0.0
681 19.23076923076923 0.0
682 15.384615384615385 0.0
683 11.538461538461538 0.0
684 11.538461538461538 0.0
685 11.538461538461538 0.0
686 11.538461538461538 0.0
687 19.23076923076923 0.0
688 26.923076923076923 0.0
689 15.384615384615385 0.0
690 11.538461538461538 0.0
691 26.923076923076923 0.0
692 30.76923076923077 0.0
693 26.923076923076923 0.0
694 23.076923076923077 0.0
695 42.30769230769231 0.0
696 34.61538461538461 0.0
697 38.46153846153846 0.0
698 34.61538461538461 0.0
699 23.076923076923077 0.0
700 26.923076923076923 0.0
701 23.076923076923077 0.0
702 11.538461538461538 0.0
703 23.076923076923077 0.0
704 30.76923076923077 0.0
705 23.076923076923077 0.0
706 19.23076923076923 0.0
707 15.384615384615385 0.0
708 15.384615384615385 0.0
709 19.23076923076923 0.0
710 19.23076923076923 0.0
711 34.61538461538461 0.0
712 23.076923076923077 0.0
713 23.076923076923077 0.0
714 23.076923076923077 0.0
715 19.23076923076923 0.0
716 15.384615384615385 0.0
717 19.23076923076923 0.0
718 19.23076923076923 0.0
719 30.76923076923077 0.0
720 34.61538461538461 0.0
721 38.46153846153846 0.0
722 23.076923076923077 0.0
723 19.23076923076923 0.0
724 34.61538461538461 0.0
725 30.76923076923077 0.0
726 26.923076923076923 0.0
727 19.23076923076923 0.0
728 23.076923076923077 0.0
729 23.076923076923077 0.0
730 38.46153846153846 0.0
731 38.46153846153846 0.0
732 38.46153846153846 0.0
733 30.76923076923077 0.0
734 46.15384615384615 0.0
735 46.15384615384615 0.0
736 38.46153846153846 0.0
737 50.0 0.0
738 34.61538461538461 0.0
739 38.46153846153846 0.0
740 46.15384615384615 0.0
741 26.923076923076923 0.0
742 42.30769230769231 0.0
743 42.30769230769231 0.0
744 34.61538461538461 0.0
745 46.15384615384615 0.0
746 46.15384615384615 0.0
747 46.15384615384615 0.0
748 50.0 0.0
749 46.15384615384615 0.0
750 53.84615384615385 0.0
751 26.923076923076923 0.0
752 26.923076923076923 0.0
753 26.923076923076923 0.0
754 34.61538461538461 0.0
755 26.923076923076923 0.0
756 26.923076923076923 0.0
757 26.923076923076923 0.0
758 26.923076923076923 0.0
759 26.923076923076923 0.0
760 42.30769230769231 0.0
761 26.923076923076923 0.0
762 38.46153846153846 0.0
763 34.61538461538461 0.0
764 26.923076923076923 0.0
765 26.923076923076923 0.0
766 23.076923076923077 0.0
767 30.76923076923077 0.0
768 26.923076923076923 0.0
769 19.23076923076923 0.0
770 23.076923076923077 0.0
771 23.076923076923077 0.0
772 26.923076923076923 0.0
773 30.76923076923077 0.0
774 19.23076923076923 0.0
775 15.384615384615385 0.0
776 34.61538461538461 0.0
777 26.923076923076923 0.0
778 38.46153846153846 0.0
779 42.30769230769231 0.0
780 42.30769230769231 0.0
781 30.76923076923077 0.0
782 42.30769230769231 0.0
783 34.61538461538461 0.0
784 15.384615384615385 0.0
785 30.76923076923077 0.0
786 34.61538461538461 0.0
787 26.923076923076923 0.0
788 26.923076923076923 0.0
789 30.76923076923077 0.0
790 34.61538461538461 0.0
791 30.76923076923077 0.0
792 34.61538461538461 0.0
793 30.76923076923077 0.0
794 26.923076923076923 0.0
795 23.076923076923077 0.0
796 30.76923076923077 0.0
797 19.23076923076923 0.0
798 23.076923076923077 0.0
799 23.076923076923077 0.0
800 38.46153846153846 0.0
801 26.923076923076923 0.0
802 34.61538461538461 0.0
803 42.30769230769231 0.0
804 34.61538461538461 0.0
805 34.61538461538461 0.0
806 38.46153846153846 0.0
807 26.923076923076923 0.0
808 30.76923076923077 0.0
809 23.076923076923077 0.0
810 23.076923076923077 0.0
811 15.384615384615385 0.0
812 23.076923076923077 0.0
813 30.76923076923077 0.0
814 30.76923076923077 0.0
815 23.076923076923077 0.0
816 23.076923076923077 0.0
817 30.76923076923077 0.0
818 38.46153846153846 0.0
819 23.076923076923077 0.0
820 34.61538461538461 0.0
821 38.46153846153846 0.0
822 26.923076923076923 0.0
823 38.46153846153846 0.0
824 38.46153846153846 0.0
825 34.61538461538461 0.0
826 34.61538461538461 0.0
827 38.46153846153846 0.0
828 38.46153846153846 0.0
829 50.0 0.0
830 42.30769230769231 0.0
831 38.46153846153846 0.0
832 50.0 0.0
833 42.30769230769231 0.0
834 42.30769230769231 0.0
835 42.30769230769231 0.0
836 53.84615384615385 0.0
837 34.61538461538461 0.0
838 34.61538461538461 0.0
839 30.76923076923077 0.0
840 46.15384615384615 0.0
841 50.0 0.0
842 26.923076923076923 0.0
843 50.0 0.0
844 30.76923076923077 0.0
845 30.76923076923077 0.0
846 42.30769230769231 0.0
847 38.46153846153846 0.0
848 42.30769230769231 0.0
849 42.30769230769231 0.0
850 38.46153846153846 0.0
851 30.76923076923077 0.0
852 42.30769230769231 0.0
853 30.76923076923077 0.0
854 46.15384615384615 0.0
855 42.30769230769231 0.0
856 30.76923076923077 0.0
857 46.15384615384615 0.0
858 23.076923076923077 0.0
859 42.30769230769231 0.0
860 42.30769230769231 0.0
861 23.076923076923077 0.0
862 34.61538461538461 0.0
863 38.46153846153846 0.0
864 50.0 0.0
865 57.69230769230769 0.0
866 46.15384615384615 0.0
867 38.46153846153846 0.0
868 42.30769230769231 0.0
869 38.46153846153846 0.0
870 42.30769230769231 0.0
871 34.61538461538461 0.0
872 42.30769230769231 0.0
873 42.30769230769231 0.0
874 57.69230769230769 0.0
875 50.0 0.0
876 42.30769230769231 0.0
877 30.76923076923077 0.0
878 42.30769230769231 0.0
879 42.30769230769231 0.0
880 26.923076923076923 0.0
881 46.15384615384615 0.0
882 61.53846153846154 0.0
883 42.30769230769231 0.0
884 42.30769230769231 0.0
885 50.0 0.0
886 53.84615384615385 0.0
887 50.0 0.0
888 26.923076923076923 0.0
889 26.923076923076923 0.0
890 38.46153846153846 0.0
891 50.0 0.0
892 38.46153846153846 0.0
893 46.15384615384615 0.0
894 38.46153846153846 0.0
895 34.61538461538461 0.0
896 34.61538461538461 0.0
897 50.0 0.0
898 42.30769230769231 0.0
899 34.61538461538461 0.0
900 42.30769230769231 0.0
901 42.30769230769231 0.0
902 38.46153846153846 0.0
903 30.76923076923077 0.0
904 42.30769230769231 1.5625
905 38.46153846153846 0.0
906 50.0 0.0
907 38.46153846153846 0.0
908 38.46153846153846 0.0
909 57.69230769230769 0.0
910 42.30769230769231 0.0
911 34.61538461538461 0.0
912 30.76923076923077 0.0
913 34.61538461538461 0.0
914 38.46153846153846 0.0
915 42.30769230769231 0.0
916 46.15384615384615 0.0
917 42.30769230769231 0.0
918 42.30769230769231 0.0
919 30.76923076923077 0.0
920 38.46153846153846 0.0
921 46.15384615384615 0.0
922 50.0 0.0
923 38.46153846153846 0.0
924 23.076923076923077 0.0
925 26.923076923076923 0.0
926 26.923076923076923 0.0
927 38.46153846153846 0.0
928 42.30769230769231 0.0
929 42.30769230769231 0.0
930 50.0 0.0
931 38.46153846153846 0.0
932 34.61538461538461 0.0
933 38.46153846153846 0.0
934 34.61538461538461 0.0
935 46.15384615384615 0.0
936 42.30769230769231 0.0
937 53.84615384615385 0.0
938 50.0 0.0
939 38.46153846153846 0.0
940 46.15384615384615 0.0
941 30.76923076923077 0.0
942 38.46153846153846 0.0
943 46.15384615384615 0.0
944 42.30769230769231 0.0
945 42.30769230769231 0.0
946 38.46153846153846 0.0
947 38.46153846153846 0.0
948 34.61538461538461 0.0
949 53.84615384615385 0.0
950 42.30769230769231 0.0
951 61.53846153846154 0.0
952 50.0 0.0
953 38.46153846153846 0.0
954 34.61538461538461 0.0
955 38.46153846153846 0.0
956 34.61538461538461 0.0
957 38.46153846153846 0.0
958 42.30769230769231 0.0
959 38.46153846153846 0.0
960 19.23076923076923 0.0
961 26.923076923076923 0.0
962 34.61538461538461 0.0
963 30.76923076923077 0.0
964 19.23076923076923 0.0
965 19.23076923076923 0.0
966 23.076923076923077 0.0
967 26.923076923076923 0.0
968 42.30769230769231 0.0
969 26.923076923076923 0.0
970 26.923076923076923 0.0
971 34.61538461538461 0.0
972 46.15384615384615 0.0
973 46.15384615384615 0.0
974 38.46153846153846 0.0
975 19.23076923076923 0.0
976 38.46153846153846 0.0
977 34.61538461538461 0.0
978 30.76923076923077 0.0
979 34.61538461538461 0.0
980 30.76923076923077 0.0
981 23.076923076923077 0.0
982 23.076923076923077 0.0
983 19.23076923076923 0.0
984 19.23076923076923 0.0
985 19.23076923076923 0.0
986 19.23076923076923 0.0
987 19.23076923076923 0.0
988 23.076923076923077 0.0
989 19.23076923076923 0.0
990 7.6923076923076925 0.0
991 30.76923076923077 0.0
992 38.46153846153846 0.0
993 19.23076923076923 0.0
994 26.923076923076923 0.0
995 26.923076923076923 0.0
996 11.538461538461538 0.0
997 19.23076923076923 0.0
998 19.23076923076923 0.0
999 30.76923076923077 0.0
