#frame monomers_% popc_isolated_%
0 30.76923076923077 0.0
1 38.46153846153846 0.0
2 38.46153846153846 0.0
3 38.46153846153846 0.0
4 38.46153846153846 0.0
5 23.076923076923077 0.0
6 30.76923076923077 0.0
7 34.61538461538461 0.0
8 23.076923076923077 0.0
9 30.76923076923077 0.0
10 34.61538461538461 0.0
11 30.76923076923077 0.0
12 38.46153846153846 0.0
13 34.61538461538461 0.0
14 42.30769230769231 0.0
15 30.76923076923077 0.0
16 38.46153846153846 0.0
17 30.76923076923077 0.0
18 38.46153846153846 0.0
19 34.61538461538461 0.0
20 23.076923076923077 0.0
21 42.30769230769231 0.0
22 38.46153846153846 0.0
23 42.30769230769231 0.0
24 38.46153846153846 0.0
25 46.15384615384615 0.0
26 42.30769230769231 0.0
27 42.30769230769231 0.0
28 42.30769230769231 0.0
29 38.46153846153846 0.0
30 46.15384615384615 0.0
31 46.15384615384615 0.0
32 42.30769230769231 0.0
33 57.69230769230769 0.0
34 50.0 0.0
35 46.15384615384615 0.0
36 42.30769230769231 0.0
37 30.76923076923077 0.0
38 34.61538461538461 0.0
39 46.15384615384615 0.0
40 23.076923076923077 0.0
41 34.61538461538461 0.0
42 34.61538461538461 0.0
43 38.46153846153846 0.0
44 30.76923076923077 0.0
45 34.61538461538461 0.0
46 30.76923076923077 0.0
47 30.76923076923077 0.0
48 38.46153846153846 0.0
49 34.61538461538461 0.0
50 23.076923076923077 0.0
51 38.46153846153846 0.0
52 38.46153846153846 0.0
53 30.76923076923077 0.0
54 34.61538461538461 0.0
55 53.84615384615385 0.0
56 34.61538461538461 0.0
57 34.61538461538461 0.0
58 38.46153846153846 0.0
59 38.46153846153846 0.0
60 30.76923076923077 0.0
61 38.46153846153846 0.0
62 34.61538461538461 0.0
63 34.61538461538461 0.0
64 30.76923076923077 0.0
65 30.76923076923077 0.0
66 34.61538461538461 0.0
67 19.23076923076923 0.0
68 38.46153846153846 0.0
69 23.076923076923077 0.0
70 34.61538461538461 0.0
71 26.923076923076923 0.0
72 26.923076923076923 0.0
73 34.61538461538461 0.0
74 46.15384615384615 0.0
75 23.076923076923077 0.0
76 30.76923076923077 0.0
77 34.61538461538461 0.0
78 30.76923076923077 0.0
79 30.76923076923077 0.0
80 30.76923076923077 0.0
81 34.61538461538461 0.0
82 26.923076923076923 0.0
83 34.61538461538461 0.0
84 23.076923076923077 0.0
85 34.61538461538461 0.0
86 38.46153846153846 0.0
87 34.61538461538461 0.0
88 26.923076923076923 0.0
89 42.30769230769231 0.0
90 38.46153846153846 0.0
91 34.61538461538461 0.0
92 19.23076923076923 0.0
93 19.23076923076923 0.0
94 34.61538461538461 0.0
95 38.46153846153846 0.0
96 38.46153846153846 0.0
97 23.076923076923077 0.0
98 34.61538461538461 0.0
99 34.61538461538461 0.0
100 38.46153846153846 0.0
101 38.46153846153846 0.0
102 23.076923076923077 0.0
103 23.076923076923077 0.0
104 34.61538461538461 0.0
105 26.923076923076923 0.0
106 23.076923076923077 0.0
107 26.923076923076923 0.0
108 30.76923076923077 0.0
109 19.23076923076923 0.0
110 34.61538461538461 0.0
111 42.30769230769231 0.0
112 34.61538461538461 0.0
113 30.76923076923077 0.0
114 23.076923076923077 0.0
115 34.61538461538461 0.0
116 19.23076923076923 0.0
117 26.923076923076923 0.0
118 23.076923076923077 0.0
119 38.46153846153846 0.0
120 30.76923076923077 0.0
121 26.923076923076923 0.0
122 26.923076923076923 0.0
123 34.61538461538461 0.0
124 30.76923076923077 0.0
125 30.76923076923077 0.0
126 34.61538461538461 0.0
127 34.61538461538461 0.0
128 15.384615384615385 0.0
129 23.076923076923077 0.0
130 23.076923076923077 0.0
131 26.923076923076923 0.0
132 15.384615384615385 0.0
133 23.076923076923077 0.0
134 26.923076923076923 0.0
135 26.923076923076923 0.0
136 23.076923076923077 0.0
137 26.923076923076923 0.0
138 23.076923076923077 0.0
139 30.76923076923077 0.0
140 26.923076923076923 0.0
141 34.61538461538461 0.0
142 26.923076923076923 0.0
143 30.76923076923077 0.0
144 23.076923076923077 0.0
145 23.076923076923077 0.0
146 23.076923076923077 0.0
147 30.76923076923077 0.0
148 30.76923076923077 0.0
149 34.61538461538461 0.0
150 38.46153846153846 0.0
151 23.076923076923077 0.0
152 38.46153846153846 0.0
153 19.23076923076923 0.0
154 26.923076923076923 0.0
155 34.61538461538461 0.0
156 23.076923076923077 0.0
157 42.30769230769231 0.0
158 30.76923076923077 0.0
159 30.76923076923077 0.0
160 26.923076923076923 0.0
161 23.076923076923077 0.0
162 38.46153846153846 0.0
163 30.76923076923077 0.0
164 26.923076923076923 0.0
165 23.076923076923077 0.0
166 26.923076923076923 0.0
167 26.923076923076923 0.0
168 30.76923076923077 0.0
169 26.923076923076923 0.0
170 34.61538461538461 0.0
171 26.923076923076923 0.0
172 34.61538461538461 0.0
173 23.076923076923077 0.0
174 23.076923076923077 0.0
175 34.61538461538461 0.0
176 30.76923076923077 0.0
177 34.61538461538461 0.0
178 34.61538461538461 0.0
179 26.923076923076923 0.0
180 30.76923076923077 0.0
181 34.61538461538461 0.0
182 42.30769230769231 0.0
183 30.76923076923077 0.0
184 26.923076923076923 0.0
185 30.76923076923077 0.0
186 30.76923076923077 0.0
187 30.76923076923077 0.0
188 38.46153846153846 0.0
189 42.30769230769231 0.0
190 38.46153846153846 0.0
191 19.23076923076923 0.0
192 38.46153846153846 0.0
193 42.30769230769231 0.0
194 30.76923076923077 0.0
195 30.76923076923077 0.0
196 34.61538461538461 0.0
197 30.76923076923077 0.0
198 26.923076923076923 0.0
199 42.30769230769231 0.0
200 46.15384615384615 0.0
201 46.15384615384615 0.0
202 50.0 0.0
203 30.76923076923077 0.0
204 50.0 0.0
205 38.46153846153846 0.0
206 42.30769230769231 0.0
207 46.15384615384615 0.0
208 38.46153846153846 0.0
209 42.30769230769231 0.0
210 50.0 0.0
211 38.46153846153846 0.0
212 42.30769230769231 0.0
213 42.30769230769231 0.0
214 38.46153846153846 0.0
215 46.15384615384615 0.0
216 53.84615384615385 0.0
217 38.46153846153846 0.0
218 50.0 0.0
219 42.30769230769231 0.0
220 42.30769230769231 0.0
221 50.0 0.0
222 57.69230769230769 0.0
223 38.46153846153846 0.0
224 34.61538461538461 0.0
225 38.46153846153846 0.0
226 34.61538461538461 0.0
227 57.69230769230769 0.0
228 42.30769230769231 0.0
229 42.30769230769231 0.0
230 42.30769230769231 0.0
231 26.923076923076923 0.0
232 38.46153846153846 0.0
233 34.61538461538461 0.0
234 30.76923076923077 0.0
235 34.61538461538461 0.0
236 30.76923076923077 0.0
237 38.46153846153846 0.0
238 38.46153846153846 0.0
239 38.46153846153846 0.0
240 42.30769230769231 0.0
241 42.30769230769231 0.0
242 38.46153846153846 0.0
243 42.30769230769231 0.0
244 42.30769230769231 0.0
245 38.46153846153846 0.0
246 38.46153846153846 0.0
247 42.30769230769231 0.0
248 38.46153846153846 0.0
249 38.46153846153846 0.0
250 42.30769230769231 0.0
251 26.923076923076923 0.0
252 42.30769230769231 0.0
253 34.61538461538461 0.0
254 38.46153846153846 0.0
255 34.61538461538461 0.0
256 38.46153846153846 0.0
257 57.69230769230769 0.0
258 46.15384615384615 0.0
259 57.69230769230769 0.0
260 46.15384615384615 0.0
261 46.15384615384615 0.0
262 50.0 0.0
263 61.53846153846154 0.0
264 46.15384615384615 0.0
265 57.69230769230769 0.0
266 53.84615384615385 0.0
267 53.84615384615385 0.0
268 57.69230769230769 0.0
269 57.69230769230769 0.0
270 53.84615384615385 0.0
271 57.69230769230769 0.0
272 50.0 0.0
273 42.30769230769231 0.0
274 57.69230769230769 0.0
275 46.15384615384615 0.0
276 42.30769230769231 0.0
277 38.46153846153846 0.0
278 42.30769230769231 0.0
279 30.76923076923077 0.0
280 50.0 0.0
281 38.46153846153846 0.0
282 42.30769230769231 0.0
283 42.30769230769231 0.0
284 50.0 0.0
285 38.46153846153846 0.0
286 42.30769230769231 0.0
287 50.0 0.0
288 50.0 0.0
289 46.15384615384615 0.0
290 38.46153846153846 0.0
291 46.15384615384615 0.0
292 42.30769230769231 0.0
293 34.61538461538461 0.0
294 42.30769230769231 0.0
295 38.46153846153846 0.0
296 38.46153846153846 0.0
297 38.46153846153846 0.0
298 50.0 0.0
299 23.076923076923077 0.0
300 46.15384615384615 0.0
301 34.61538461538461 0.0
302 50.0 0.0
303 50.0 0.0
304 46.15384615384615 0.0
305 38.46153846153846 0.0
306 61.53846153846154 0.0
307 50.0 0.0
308 19.23076923076923 0.0
309 42.30769230769231 0.0
310 53.84615384615385 0.0
311 53.84615384615385 0.0
312 61.53846153846154 0.0
313 38.46153846153846 0.0
314 53.84615384615385 0.0
315 42.30769230769231 0.0
316 42.30769230769231 0.0
317 42.30769230769231 0.0
318 65.38461538461539 0.0
319 50.0 0.0
320 50.0 0.0
321 42.30769230769231 0.0
322 46.15384615384615 0.0
323 57.69230769230769 0.0
324 42.30769230769231 0.0
325 50.0 0.0
326 42.30769230769231 0.0
327 38.46153846153846 0.0
328 61.53846153846154 0.0
329 53.84615384615385 0.0
330 42.30769230769231 0.0
331 38.46153846153846 0.0
332 38.46153846153846 0.0
333 50.0 0.0
334 42.30769230769231 0.0
335 42.30769230769231 0.0
336 30.76923076923077 0.0
337 30.76923076923077 0.0
338 38.46153846153846 0.0
339 23.076923076923077 0.0
340 38.46153846153846 0.0
341 34.61538461538461 0.0
342 30.76923076923077 0.0
343 38.46153846153846 0.0
344 46.15384615384615 0.0
345 38.46153846153846 0.0
346 30.76923076923077 0.0
347 38.46153846153846 0.0
348 53.84615384615385 0.0
349 46.15384615384615 0.0
350 46.15384615384615 0.0
351 42.30769230769231 0.0
352 46.15384615384615 0.0
353 38.46153846153846 0.0
354 42.30769230769231 0.0
355 38.46153846153846 0.0
356 38.46153846153846 0.0
357 57.69230769230769 0.0
358 38.46153846153846 0.0
359 19.23076923076923 0.0
360 53.84615384615385 0.0
361 42.30769230769231 0.0
362 50.0 0.0
363 42.30769230769231 0.0
364 38.46153846153846 0.0
365 53.84615384615385 0.0
366 30.76923076923077 0.0
367 38.46153846153846 0.0
368 38.46153846153846 0.0
369 30.76923076923077 0.0
370 57.69230769230769 0.0
371 34.61538461538461 0.0
372 26.923076923076923 0.0
373 42.30769230769231 0.0
374 23.076923076923077 0.0
375 34.61538461538461 0.0
376 38.46153846153846 0.0
377 38.46153846153846 0.0
378 30.76923076923077 0.0
379 34.61538461538461 0.0
380 38.46153846153846 0.0
381 38.46153846153846 0.0
382 23.076923076923077 0.0
383 26.923076923076923 0.0
384 38.46153846153846 0.0
385 42.30769230769231 0.0
386 42.30769230769231 0.0
387 34.61538461538461 0.0
388 30.76923076923077 0.0
389 38.46153846153846 0.0
390 53.84615384615385 0.0
391 46.15384615384615 0.0
392 42.30769230769231 0.0
393 50.0 0.0
394 46.15384615384615 0.0
395 30.76923076923077 0.0
396 50.0 0.0
397 38.46153846153846 0.0
398 26.923076923076923 0.0
399 34.61538461538461 0.0
400 38.46153846153846 0.0
401 46.15384615384615 0.0
402 50.0 0.0
403 46.15384615384615 0.0
404 50.0 0.0
405 50.0 0.0
406 34.61538461538461 0.0
407 46.15384615384615 0.0
408 50.0 0.0
409 46.15384615384615 0.0
410 46.15384615384615 0.0
411 34.61538461538461 0.0
412 34.61538461538461 0.0
413 42.30769230769231 0.0
414 50.0 0.0
415 46.15384615384615 0.0
416 38.46153846153846 0.0
417 34.61538461538461 0.0
418 42.30769230769231 0.0
419 42.30769230769231 0.0
420 42.30769230769231 0.0
421 42.30769230769231 0.0
422 46.15384615384615 0.0
423 53.84615384615385 0.0
424 50.0 0.0
425 50.0 0.0
426 42.30769230769231 0.0
427 50.0 0.0
428 50.0 0.0
429 46.15384615384615 0.0
430 34.61538461538461 0.0
431 42.30769230769231 0.0
432 50.0 0.0
433 38.46153846153846 0.0
434 42.30769230769231 0.0
435 42.30769230769231 0.0
436 38.46153846153846 0.0
437 42.30769230769231 0.0
438 42.30769230769231 0.0
439 34.61538461538461 0.0
440 46.15384615384615 0.0
441 46.15384615384615 0.0
442 46.15384615384615 0.0
443 38.46153846153846 0.0
444 69.23076923076923 0.0
445 61.53846153846154 0.0
446 53.84615384615385 0.0
447 34.61538461538461 0.0
448 30.76923076923077 0.0
449 34.61538461538461 0.0
450 38.46153846153846 0.0
451 38.46153846153846 0.0
452 42.30769230769231 0.0
453 38.46153846153846 0.0
454 50.0 0.0
455 46.15384615384615 0.0
456 38.46153846153846 0.0
457 42.30769230769231 0.0
458 26.923076923076923 0.0
459 42.30769230769231 0.0
460 38.46153846153846 0.0
461 42.30769230769231 0.0
462 30.76923076923077 0.0
463 46.15384615384615 0.0
464 38.46153846153846 0.0
465 38.46153846153846 0.0
466 38.46153846153846 0.0
467 46.15384615384615 0.0
468 46.15384615384615 0.0
469 46.15384615384615 0.0
470 50.0 0.0
471 53.84615384615385 0.0
472 50.0 0.0
473 50.0 0.0
474 34.61538461538461 0.0
475 38.46153846153846 0.0
476 38.46153846153846 0.0
477 42.30769230769231 0.0
478 34.61538461538461 0.0
479 42.30769230769231 0.0
480 30.76923076923077 0.0
481 38.46153846153846 0.0
482 42.30769230769231 0.0
483 57.69230769230769 0.0
484 50.0 0.0
485 61.53846153846154 0.0
486 42.30769230769231 0.0
487 53.84615384615385 0.0
488 53.84615384615385 0.0
489 46.15384615384615 0.0
490 42.30769230769231 0.0
491 42.30769230769231 0.0
492 30.76923076923077 0.0
493 38.46153846153846 0.0
494 34.61538461538461 0.0
495 38.46153846153846 0.0
496 50.0 0.0
497 50.0 0.0
498 42.30769230769231 0.0
499 38.46153846153846 0.0
500 38.46153846153846 0.0
501 50.0 0.0
502 38.46153846153846 0.0
503 50.0 0.0
504 65.38461538461539 0.0
505 50.0 0.0
506 57.69230769230769 0.0
507 65.38461538461539 0.0
508 65.38461538461539 0.0
509 65.38461538461539 0.0
510 69.23076923076923 0.0
511 73.07692307692308 0.0
512 65.38461538461539 0.0
513 65.38461538461539 0.0
514 57.69230769230769 0.0
515 57.69230769230769 0.0
516 53.84615384615385 0.0
517 69.23076923076923 0.0
518 76.92307692307692 0.0
519 80.76923076923077 0.0
520 61.53846153846154 0.0
521 50.0 0.0
522 57.69230769230769 0.0
523 73.07692307692308 0.0
524 53.84615384615385 0.0
525 50.0 0.0
526 57.69230769230769 0.0
527 34.61538461538461 0.0
528 50.0 0.0
529 42.30769230769231 0.0
530 46.15384615384615 0.0
531 50.0 0.0
532 53.84615384615385 0.0
533 50.0 0.0
534 50.0 0.0
535 50.0 0.0
536 57.69230769230769 0.0
537 57.69230769230769 0.0
538 50.0 0.0
539 53.84615384615385 0.0
540 50.0 0.0
541 57.69230769230769 0.0
542 38.46153846153846 0.0
543 50.0 0.0
544 38.46153846153846 0.0
545 42.30769230769231 0.0
546 46.15384615384615 0.0
547 50.0 0.0
548 46.15384615384615 0.0
549 57.69230769230769 0.0
550 30.76923076923077 0.0
551 30.76923076923077 0.0
552 26.923076923076923 0.0
553 34.61538461538461 0.0
554 42.30769230769231 0.0
555 38.46153846153846 0.0
556 42.30769230769231 0.0
557 53.84615384615385 0.0
558 69.23076923076923 0.0
559 61.53846153846154 0.0
560 61.53846153846154 0.0
561 57.69230769230769 0.0
562 50.0 0.0
563 50.0 0.0
564 57.69230769230769 0.0
565 50.0 0.0
566 46.15384615384615 0.0
567 50.0 0.0
568 50.0 0.0
569 46.15384615384615 0.0
570 42.30769230769231 0.0
571 50.0 0.0
572 50.0 0.0
573 53.84615384615385 0.0
574 57.69230769230769 0.0
575 53.84615384615385 0.0
576 65.38461538461539 0.0
577 53.84615384615385 0.0
578 57.69230769230769 0.0
579 61.53846153846154 0.0
580 50.0 0.0
581 50.0 0.0
582 61.53846153846154 0.0
583 53.84615384615385 0.0
584 61.53846153846154 0.0
585 46.15384615384615 0.0
586 46.15384615384615 0.0
587 53.84615384615385 0.0
588 42.30769230769231 0.0
589 42.30769230769231 0.0
590 34.61538461538461 0.0
591 30.76923076923077 0.0
592 53.84615384615385 0.0
593 57.69230769230769 0.0
594 42.30769230769231 0.0
595 50.0 0.0
596 46.15384615384615 0.0
597 61.53846153846154 0.0
598 61.53846153846154 0.0
599 69.23076923076923 0.0
600 53.84615384615385 0.0
601 53.84615384615385 0.0
602 65.38461538461539 0.0
603 50.0 0.0
604 61.53846153846154 0.0
605 57.69230769230769 0.0
606 57.69230769230769 0.0
607 69.23076923076923 0.0
608 65.38461538461539 0.0
609 65.38461538461539 0.0
610 61.53846153846154 0.0
611 53.84615384615385 0.0
612 50.0 0.0
613 46.15384615384615 0.0
614 57.69230769230769 0.0
615 53.84615384615385 0.0
616 42.30769230769231 0.0
617 42.30769230769231 0.0
618 50.0 0.0
619 50.0 0.0
620 53.84615384615385 0.0
621 53.84615384615385 0.0
622 61.53846153846154 0.0
623 61.53846153846154 0.0
624 46.15384615384615 0.0
625 42.30769230769231 0.0
626 53.84615384615385 0.0
627 46.15384615384615 0.0
628 50.0 0.0
629 38.46153846153846 0.0
630 34.61538461538461 0.0
631 38.46153846153846 0.0
632 53.84615384615385 0.0
633 65.38461538461539 0.0
634 50.0 0.0
635 46.15384615384615 0.0
636 61.53846153846154 0.0
637 46.15384615384615 0.0
638 57.69230769230769 0.0
639 57.69230769230769 0.0
640 65.38461538461539 0.0
641 46.15384615384615 0.0
642 50.0 0.0
643 69.23076923076923 0.0
644 46.15384615384615 0.0
645 53.84615384615385 0.0
646 73.07692307692308 0.0
647 61.53846153846154 0.0
648 53.84615384615385 0.0
649 46.15384615384615 0.0
650 65.38461538461539 0.0
651 53.84615384615385 0.0
652 57.69230769230769 0.0
653 53.84615384615385 0.0
654 57.69230769230769 0.0
655 61.53846153846154 0.0
656 50.0 0.0
657 50.0 0.0
658 50.0 0.0
659 69.23076923076923 0.0
660 61.53846153846154 0.0
661 50.0 0.0
662 53.84615384615385 0.0
663 57.69230769230769 0.0
664 61.53846153846154 0.0
665 57.69230769230769 0.0
666 50.0 0.0
667 57.69230769230769 0.0
668 50.0 0.0
669 73.07692307692308 0.0
670 57.69230769230769 0.0
671 50.0 0.0
672 53.84615384615385 0.0
673 61.53846153846154 0.0
674 80.76923076923077 0.0
675 76.92307692307692 0.0
676 50.0 0.0
677 65.38461538461539 0.0
678 53.84615384615385 0.0
679 53.84615384615385 0.0
680 53.84615384615385 0.0
681 53.84615384615385 0.0
682 61.53846153846154 0.0
683 57.69230769230769 0.0
684 46.15384615384615 0.0
685 57.69230769230769 0.0
686 57.69230769230769 0.0
687 57.69230769230769 0.0
688 57.69230769230769 0.0
689 50.0 0.0
690 53.84615384615385 0.0
691 38.46153846153846 0.0
692 53.84615384615385 0.0
693 53.84615384615385 0.0
694 61.53846153846154 0.0
695 57.69230769230769 0.0
696 57.69230769230769 0.0
697 65.38461538461539 0.0
698 61.53846153846154 0.0
699 53.84615384615385 0.0
700 46.15384615384615 0.0
701 50.0 0.0
702 46.15384615384615 0.0
703 42.30769230769231 0.0
704 42.30769230769231 0.0
705 34.61538461538461 0.0
706 42.30769230769231 0.0
707 26.923076923076923 0.0
708 38.46153846153846 0.0
709 30.76923076923077 0.0
710 46.15384615384615 0.0
711 38.46153846153846 0.0
712 38.46153846153846 0.0
713 50.0 0.0
714 46.15384615384615 0.0
715 46.15384615384615 0.0
716 69.23076923076923 0.0
717 42.30769230769231 0.0
718 46.15384615384615 0.0
719 53.84615384615385 0.0
720 50.0 0.0
721 38.46153846153846 0.0
722 42.30769230769231 0.0
723 46.15384615384615 0.0
724 38.46153846153846 0.0
725 53.84615384615385 0.0
726 38.46153846153846 0.0
727 34.61538461538461 0.0
728 30.76923076923077 0.0
729 34.61538461538461 0.0
730 34.61538461538461 0.0
731 38.46153846153846 0.0
732 38.46153846153846 0.0
733 38.46153846153846 0.0
734 38.46153846153846 0.0
735 34.61538461538461 0.0
736 30.76923076923077 0.0
737 23.076923076923077 0.0
738 34.61538461538461 0.0
739 26.923076923076923 0.0
740 26.923076923076923 0.0
741 23.076923076923077 0.0
742 23.076923076923077 0.0
743 23.076923076923077 0.0
744 26.923076923076923 0.0
745 42.30769230769231 0.0
746 30.76923076923077 0.0
747 26.923076923076923 0.0
748 30.76923076923077 0.0
749 30.76923076923077 0.0
750 19.23076923076923 0.0
751 30.76923076923077 0.0
752 34.61538461538461 0.0
753 34.61538461538461 0.0
754 26.923076923076923 0.0
755 26.923076923076923 0.0
756 23.076923076923077 0.0
757 34.61538461538461 0.0
758 23.076923076923077 0.0
759 23.076923076923077 0.0
760 30.76923076923077 0.0
761 26.923076923076923 0.0
762 23.076923076923077 0.0
763 23.076923076923077 0.0
764 26.923076923076923 0.0
765 30.76923076923077 0.0
766 23.076923076923077 0.0
767 34.61538461538461 0.0
768 38.46153846153846 0.0
769 30.76923076923077 0.0
770 30.76923076923077 0.0
771 34.61538461538461 0.0
772 26.923076923076923 0.0
773 15.384615384615385 0.0
774 19.23076923076923 0.0
775 15.384615384615385 0.0
776 26.923076923076923 0.0
777 19.23076923076923 0.0
778 26.923076923076923 0.0
779 26.923076923076923 0.0
780 38.46153846153846 0.0
781 38.46153846153846 0.0
782 23.076923076923077 0.0
783 15.384615384615385 0.0
784 42.30769230769231 0.0
785 26.923076923076923 0.0
786 23.076923076923077 0.0
787 30.76923076923077 0.0
788 34.61538461538461 0.0
789 34.61538461538461 0.0
790 42.30769230769231 0.0
791 30.76923076923077 0.0
792 34.61538461538461 0.0
793 15.384615384615385 0.0
794 23.076923076923077 0.0
795 23.076923076923077 0.0
796 30.76923076923077 0.0
797 30.76923076923077 0.0
798 34.61538461538461 0.0
799 38.46153846153846 0.0
800 42.30769230769231 0.0
801 34.61538461538461 0.0
802 38.46153846153846 0.0
803 26.923076923076923 0.0
804 38.46153846153846 0.0
805 46.15384615384615 0.0
806 38.46153846153846 0.0
807 46.15384615384615 0.0
808 38.46153846153846 0.0
809 42.30769230769231 0.0
810 42.30769230769231 0.0
811 30.76923076923077 0.0
812 26.923076923076923 0.0
813 34.61538461538461 0.0
814 34.61538461538461 0.0
815 42.30769230769231 0.0
816 42.30769230769231 0.0
817 53.84615384615385 0.0
818 42.30769230769231 0.0
819 42.30769230769231 0.0
820 42.30769230769231 0.0
821 42.30769230769231 0.0
822 46.15384615384615 0.0
823 46.15384615384615 0.0
824 50.0 0.0
825 38.46153846153846 0.0
826 30.76923076923077 0.0
827 50.0 0.0
828 46.15384615384615 0.0
829 65.38461538461539 0.0
830 57.69230769230769 0.0
831 61.53846153846154 0.0
832 57.69230769230769 0.0
833 57.69230769230769 0.0
834 34.61538461538461 0.0
835 42.30769230769231 0.0
836 50.0 0.0
837 53.84615384615385 0.0
838 38.46153846153846 0.0
839 50.0 0.0
840 46.15384615384615 0.0
841 50.0 0.0
842 46.15384615384615 0.0
843 38.46153846153846 0.0
844 46.15384615384615 0.0
845 42.30769230769231 0.0
846 38.46153846153846 0.0
847 53.84615384615385 0.0
848 42.30769230769231 0.0
849 34.61538461538461 0.0
850 38.46153846153846 0.0
851 38.46153846153846 0.0
852 53.84615384615385 0.0
853 38.46153846153846 0.0
854 34.61538461538461 0.0
855 46.15384615384615 0.0
856 34.61538461538461 0.0
857 34.61538461538461 0.0
858 34.61538461538461 0.0
859 38.46153846153846 0.0
860 42.30769230769231 0.0
861 34.61538461538461 0.0
862 38.46153846153846 0.0
863 34.61538461538461 0.0
864 34.61538461538461 0.0
865 42.30769230769231 0.0
866 42.30769230769231 0.0
867 34.61538461538461 0.0
868 38.46153846153846 0.0
869 38.46153846153846 0.0
870 34.61538461538461 0.0
871 38.46153846153846 0.0
872 38.46153846153846 0.0
873 50.0 0.0
874 38.46153846153846 0.0
875 42.30769230769231 0.0
876 38.46153846153846 0.0
877 30.76923076923077 0.0
878 42.30769230769231 0.0
879 30.76923076923077 0.0
880 38.46153846153846 0.0
881 50.0 0.0
882 38.46153846153846 0.0
883 42.30769230769231 0.0
884 30.76923076923077 0.0
885 42.30769230769231 0.0
886 46.15384615384615 0.0
887 38.46153846153846 0.0
888 46.15384615384615 0.0
889 42.30769230769231 0.0
890 50.0 0.0
891 42.30769230769231 0.0
892 46.15384615384615 0.0
893 42.30769230769231 0.0
894 46.15384615384615 0.0
895 42.30769230769231 0.0
896 38.46153846153846 0.0
897 42.30769230769231 0.0
898 42.30769230769231 0.0
899 50.0 0.0
900 30.76923076923077 0.0
901 46.15384615384615 0.0
902 34.61538461538461 0.0
903 34.61538461538461 0.0
904 50.0 0.0
905 42.30769230769231 0.0
906 46.15384615384615 0.0
907 23.076923076923077 0.0
908 38.46153846153846 0.0
909 46.15384615384615 0.0
910 34.61538461538461 0.0
911 46.15384615384615 0.0
912 42.30769230769231 0.0
913 42.30769230769231 0.0
914 46.15384615384615 0.0
915 42.30769230769231 0.0
916 38.46153846153846 0.0
917 26.923076923076923 0.0
918 38.46153846153846 0.0
919 23.076923076923077 0.0
920 30.76923076923077 0.0
921 23.076923076923077 0.0
922 30.76923076923077 0.0
923 30.76923076923077 0.0
924 34.61538461538461 0.0
925 30.76923076923077 0.0
926 34.61538461538461 0.0
927 38.46153846153846 0.0
928 26.923076923076923 0.0
929 46.15384615384615 0.0
930 46.15384615384615 0.0
931 53.84615384615385 0.0
932 38.46153846153846 0.0
933 38.46153846153846 0.0
934 38.46153846153846 0.0
935 34.61538461538461 0.0
936 38.46153846153846 0.0
937 30.76923076923077 0.0
938 46.15384615384615 0.0
939 42.30769230769231 0.0
940 30.76923076923077 0.0
941 30.76923076923077 0.0
942 23.076923076923077 0.0
943 23.076923076923077 0.0
944 34.61538461538461 0.0
945 19.23076923076923 0.0
946 23.076923076923077 0.0
947 23.076923076923077 0.0
948 19.23076923076923 0.0
949 30.76923076923077 0.0
950 23.076923076923077 0.0
951 26.923076923076923 0.0
952 30.76923076923077 0.0
953 34.61538461538461 0.0
954 26.923076923076923 0.0
955 26.923076923076923 0.0
956 38.46153846153846 0.0
957 46.15384615384615 0.0
958 50.0 0.0
959 46.15384615384615 0.0
960 53.84615384615385 0.0
961 57.69230769230769 0.0
962 23.076923076923077 0.0
963 46.15384615384615 0.0
964 50.0 0.0
965 57.69230769230769 0.0
966 53.84615384615385 0.0
967 65.38461538461539 0.0
968 65.38461538461539 0.0
969 50.0 0.0
970 57.69230769230769 0.0
971 69.23076923076923 0.0
972 38.46153846153846 0.0
973 30.76923076923077 0.0
974 46.15384615384615 0.0
975 34.61538461538461 0.0
976 50.0 0.0
977 46.15384615384615 0.0
978 38.46153846153846 0.0
979 42.30769230769231 0.0
980 38.46153846153846 0.0
981 34.61538461538461 0.0
982 50.0 0.0
983 50.0 0.0
984 50.0 0.0
985 42.30769230769231 0.0
986 34.61538461538461 0.0
987 57.69230769230769 0.0
988 38.46153846153846 0.0
989 38.46153846153846 0.0
990 46.15384615384615 0.0
991 30.76923076923077 0.0
992 38.46153846153846 0.0
993 53.84615384615385 0.0
994 46.15384615384615 0.0
995 46.15384615384615 0.0
996 53.84615384615385 0.0
997 46.15384615384615 0.0
998 38.46153846153846 0.0
999 38.46153846153846 0.0
