#frame monomers_% popc_isolated_%
0 19.23076923076923 0.0
1 15.384615384615385 0.0
2 19.23076923076923 0.0
3 15.384615384615385 0.0
4 15.384615384615385 0.0
5 19.23076923076923 0.0
6 15.384615384615385 0.0
7 15.384615384615385 0.0
8 11.538461538461538 0.0
9 19.23076923076923 0.0
10 19.23076923076923 0.0
11 11.538461538461538 0.0
12 30.76923076923077 0.0
13 26.923076923076923 0.0
14 34.61538461538461 0.0
15 23.076923076923077 0.0
16 15.384615384615385 0.0
17 23.076923076923077 0.0
18 30.76923076923077 0.0
19 38.46153846153846 0.0
20 26.923076923076923 0.0
21 15.384615384615385 0.0
22 30.76923076923077 0.0
23 26.923076923076923 0.0
24 26.923076923076923 0.0
25 26.923076923076923 0.0
26 30.76923076923077 0.0
27 19.23076923076923 0.0
28 23.076923076923077 0.0
29 15.384615384615385 0.0
30 19.23076923076923 0.0
31 23.076923076923077 0.0
32 11.538461538461538 0.0
33 34.61538461538461 0.0
34 26.923076923076923 0.0
35 30.76923076923077 0.0
36 30.76923076923077 0.0
37 23.076923076923077 0.0
38 26.923076923076923 0.0
39 26.923076923076923 0.0
40 23.076923076923077 0.0
41 30.76923076923077 0.0
42 26.923076923076923 0.0
43 38.46153846153846 0.0
44 23.076923076923077 0.0
45 15.384615384615385 0.0
46 42.30769230769231 0.0
47 30.76923076923077 0.0
48 38.46153846153846 0.0
49 38.46153846153846 0.0
50 23.076923076923077 0.0
51 42.30769230769231 0.0
52 26.923076923076923 0.0
53 26.923076923076923 0.0
54 38.46153846153846 0.0
55 57.69230769230769 0.0
56 42.30769230769231 0.0
57 38.46153846153846 0.0
58 38.46153846153846 0.0
59 38.46153846153846 0.0
60 19.23076923076923 0.0
61 34.61538461538461 0.0
62 30.76923076923077 0.0
63 26.923076923076923 0.0
64 23.076923076923077 0.0
65 23.076923076923077 0.0
66 30.76923076923077 0.0
67 30.76923076923077 0.0
68 34.61538461538461 0.0
69 30.76923076923077 0.0
70 30.76923076923077 0.0
71 23.076923076923077 0.0
72 19.23076923076923 0.0
73 26.923076923076923 0.0
74 26.923076923076923 0.0
75 23.076923076923077 0.0
76 19.23076923076923 0.0
77 19.23076923076923 0.0
78 23.076923076923077 0.0
79 34.61538461538461 0.0
80 38.46153846153846 0.0
81 26.923076923076923 0.0
82 19.23076923076923 0.0
83 26.923076923076923 0.0
84 30.76923076923077 0.0
85 34.61538461538461 0.0
86 34.61538461538461 0.0
87 30.76923076923077 0.0
88 30.76923076923077 0.0
89 34.61538461538461 0.0
90 26.923076923076923 0.0
91 23.076923076923077 0.0
92 23.076923076923077 0.0
93 23.076923076923077 0.0
94 42.30769230769231 0.0
95 42.30769230769231 0.0
96 34.61538461538461 0.0
97 42.30769230769231 0.0
98 30.76923076923077 0.0
99 42.30769230769231 0.0
100 38.46153846153846 0.0
101 34.61538461538461 0.0
102 38.46153846153846 0.0
103 30.76923076923077 0.0
104 30.76923076923077 0.0
105 34.61538461538461 0.0
106 30.76923076923077 0.0
107 34.61538461538461 0.0
108 50.0 0.0
109 42.30769230769231 0.0
110 38.46153846153846 0.0
111 34.61538461538461 0.0
112 38.46153846153846 0.0
113 50.0 0.0
114 42.30769230769231 0.0
115 50.0 0.0
116 30.76923076923077 0.0
117 46.15384615384615 0.0
118 34.61538461538461 0.0
119 34.61538461538461 0.0
120 30.76923076923077 0.0
121 23.076923076923077 0.0
122 30.76923076923077 0.0
123 38.46153846153846 0.0
124 42.30769230769231 0.0
125 38.46153846153846 0.0
126 30.76923076923077 0.0
127 26.923076923076923 0.0
128 34.61538461538461 0.0
129 26.923076923076923 0.0
130 26.923076923076923 0.0
131 34.61538461538461 0.0
132 34.61538461538461 0.0
133 46.15384615384615 0.0
134 23.076923076923077 0.0
135 65.38461538461539 0.0
136 38.46153846153846 0.0
137 42.30769230769231 0.0
138 38.46153846153846 0.0
139 38.46153846153846 0.0
140 42.30769230769231 0.0
141 65.38461538461539 0.0
142 50.0 0.0
143 65.38461538461539 0.0
144 42.30769230769231 0.0
145 50.0 0.0
146 50.0 0.0
147 50.0 0.0
148 34.61538461538461 0.0
149 26.923076923076923 0.0
150 57.69230769230769 0.0
151 46.15384615384615 0.0
152 50.0 0.0
153 38.46153846153846 0.0
154 42.30769230769231 0.0
155 57.69230769230769 0.0
156 34.61538461538461 0.0
157 50.0 0.0
158 23.076923076923077 0.0
159 46.15384615384615 0.0
160 42.30769230769231 0.0
161 34.61538461538461 0.0
162 34.61538461538461 0.0
163 34.61538461538461 0.0
164 30.76923076923077 0.0
165 42.30769230769231 0.0
166 42.30769230769231 0.0
167 57.69230769230769 0.0
168 34.61538461538461 0.0
169 26.923076923076923 0.0
170 53.84615384615385 0.0
171 53.84615384615385 0.0
172 38.46153846153846 0.0
173 30.76923076923077 0.0
174 19.23076923076923 0.0
175 42.30769230769231 0.0
176 34.61538461538461 0.0
177 42.30769230769231 0.0
178 61.53846153846154 0.0
179 57.69230769230769 0.0
180 65.38461538461539 0.0
181 65.38461538461539 0.0
182 57.69230769230769 0.0
183 69.23076923076923 0.0
184 50.0 0.0
185 42.30769230769231 0.0
186 53.84615384615385 0.0
187 46.15384615384615 0.0
188 69.23076923076923 0.0
189 53.84615384615385 0.0
190 42.30769230769231 0.0
191 46.15384615384615 0.0
192 46.15384615384615 0.0
193 42.30769230769231 0.0
194 42.30769230769231 0.0
195 38.46153846153846 0.0
196 42.30769230769231 0.0
197 30.76923076923077 0.0
198 42.30769230769231 0.0
199 34.61538461538461 0.0
200 30.76923076923077 0.0
201 34.61538461538461 0.0
202 38.46153846153846 0.0
203 23.076923076923077 0.0
204 26.923076923076923 0.0
205 26.923076923076923 0.0
206 23.076923076923077 0.0
207 15.384615384615385 0.0
208 23.076923076923077 0.0
209 42.30769230769231 0.0
210 42.30769230769231 0.0
211 26.923076923076923 0.0
212 42.30769230769231 0.0
213 38.46153846153846 0.0
214 23.076923076923077 0.0
215 46.15384615384615 0.0
216 42.30769230769231 0.0
217 50.0 0.0
218 30.76923076923077 0.0
219 38.46153846153846 0.0
220 42.30769230769231 0.0
221 50.0 0.0
222 50.0 0.0
223 57.69230769230769 0.0
224 38.46153846153846 0.0
225 26.923076923076923 0.0
226 30.76923076923077 0.0
227 34.61538461538461 0.0
228 30.76923076923077 0.0
229 26.923076923076923 0.0
230 26.923076923076923 0.0
231 23.076923076923077 0.0
232 38.46153846153846 0.0
233 26.923076923076923 0.0
234 38.46153846153846 0.0
235 19.23076923076923 0.0
236 26.923076923076923 0.0
237 15.384615384615385 0.0
238 23.076923076923077 0.0
239 38.46153846153846 0.0
240 26.923076923076923 0.0
241 23.076923076923077 0.0
242 34.61538461538461 0.0
243 23.076923076923077 0.0
244 30.76923076923077 0.0
245 30.76923076923077 0.0
246 26.923076923076923 0.0
247 34.61538461538461 0.0
248 30.76923076923077 0.0
249 26.923076923076923 0.0
250 38.46153846153846 0.0
251 30.76923076923077 0.0
252 38.46153846153846 0.0
253 34.61538461538461 0.0
254 30.76923076923077 0.0
255 26.923076923076923 0.0
256 38.46153846153846 0.0
257 26.923076923076923 0.0
258 23.076923076923077 0.0
259 23.076923076923077 0.0
260 34.61538461538461 0.0
261 26.923076923076923 0.0
262 19.23076923076923 0.0
263 23.076923076923077 0.0
264 26.923076923076923 0.0
265 23.076923076923077 0.0
266 23.076923076923077 0.0
267 19.23076923076923 0.0
268 19.23076923076923 0.0
269 38.46153846153846 0.0
270 19.23076923076923 0.0
271 19.23076923076923 0.0
272 19.23076923076923 0.0
273 15.384615384615385 0.0
274 11.538461538461538 0.0
275 15.384615384615385 0.0
276 23.076923076923077 0.0
277 19.23076923076923 0.0
278 23.076923076923077 0.0
279 15.384615384615385 0.0
280 15.384615384615385 0.0
281 19.23076923076923 0.0
282 15.384615384615385 0.0
283 15.384615384615385 0.0
284 19.23076923076923 0.0
285 26.923076923076923 0.0
286 23.076923076923077 0.0
287 15.384615384615385 0.0
288 23.076923076923077 0.0
289 19.23076923076923 0.0
290 23.076923076923077 0.0
291 19.23076923076923 0.0
292 26.923076923076923 0.0
293 15.384615384615385 0.0
294 19.23076923076923 0.0
295 19.23076923076923 0.0
296 30.76923076923077 0.0
297 26.923076923076923 0.0
298 38.46153846153846 0.0
299 38.46153846153846 0.0
300 42.30769230769231 0.0
301 30.76923076923077 0.0
302 26.923076923076923 0.0
303 19.23076923076923 0.0
304 23.076923076923077 0.0
305 34.61538461538461 0.0
306 23.076923076923077 0.0
307 34.61538461538461 0.0
308 38.46153846153846 0.0
309 19.23076923076923 0.0
310 26.923076923076923 0.0
311 26.923076923076923 0.0
312 26.923076923076923 0.0
313 23.076923076923077 0.0
314 26.923076923076923 0.0
315 23.076923076923077 0.0
316 26.923076923076923 0.0
317 26.923076923076923 0.0
318 38.46153846153846 0.0
319 34.61538461538461 0.0
320 34.61538461538461 0.0
321 30.76923076923077 0.0
322 26.923076923076923 0.0
323 30.76923076923077 0.0
324 26.923076923076923 0.0
325 30.76923076923077 0.0
326 30.76923076923077 0.0
327 26.923076923076923 0.0
328 30.76923076923077 0.0
329 23.076923076923077 0.0
330 19.23076923076923 0.0
331 30.76923076923077 0.0
332 34.61538461538461 0.0
333 23.076923076923077 0.0
334 30.76923076923077 0.0
335 34.61538461538461 0.0
336 26.923076923076923 0.0
337 34.61538461538461 0.0
338 38.46153846153846 0.0
339 30.76923076923077 0.0
340 26.923076923076923 0.0
341 34.61538461538461 0.0
342 30.76923076923077 0.0
343 57.69230769230769 0.0
344 38.46153846153846 0.0
345 26.923076923076923 0.0
346 26.923076923076923 0.0
347 38.46153846153846 0.0
348 30.76923076923077 0.0
349 38.46153846153846 0.0
350 34.61538461538461 0.0
351 30.76923076923077 0.0
352 30.76923076923077 0.0
353 30.76923076923077 0.0
354 34.61538461538461 0.0
355 38.46153846153846 0.0
356 50.0 0.0
357 30.76923076923077 0.0
358 42.30769230769231 0.0
359 30.76923076923077 0.0
360 34.61538461538461 0.0
361 19.23076923076923 0.0
362 26.923076923076923 0.0
363 30.76923076923077 0.0
364 34.61538461538461 0.0
365 34.61538461538461 0.0
366 34.61538461538461 0.0
367 30.76923076923077 0.0
368 46.15384615384615 0.0
369 34.61538461538461 0.0
370 38.46153846153846 0.0
371 30.76923076923077 0.0
372 23.076923076923077 0.0
373 23.076923076923077 0.0
374 19.23076923076923 0.0
375 34.61538461538461 0.0
376 42.30769230769231 0.0
377 23.076923076923077 0.0
378 23.076923076923077 0.0
379 23.076923076923077 0.0
380 34.61538461538461 0.0
381 26.923076923076923 0.0
382 34.61538461538461 0.0
383 34.61538461538461 0.0
384 30.76923076923077 0.0
385 46.15384615384615 0.0
386 38.46153846153846 0.0
387 34.61538461538461 0.0
388 50.0 0.0
389 34.61538461538461 0.0
390 34.61538461538461 0.0
391 26.923076923076923 0.0
392 26.923076923076923 0.0
393 34.61538461538461 0.0
394 34.61538461538461 0.0
395 34.61538461538461 0.0
396 34.61538461538461 0.0
397 34.61538461538461 0.0
398 30.76923076923077 0.0
399 34.61538461538461 0.0
400 23.076923076923077 0.0
401 30.76923076923077 0.0
402 30.76923076923077 0.0
403 53.84615384615385 0.0
404 34.61538461538461 0.0
405 34.61538461538461 0.0
406 38.46153846153846 0.0
407 46.15384615384615 0.0
408 38.46153846153846 0.0
409 46.15384615384615 0.0
410 34.61538461538461 0.0
411 34.61538461538461 0.0
412 42.30769230769231 0.0
413 34.61538461538461 0.0
414 30.76923076923077 0.0
415 50.0 0.0
416 42.30769230769231 0.0
417 46.15384615384615 0.0
418 42.30769230769231 0.0
419 46.15384615384615 0.0
420 38.46153846153846 0.0
421 42.30769230769231 0.0
422 42.30769230769231 0.0
423 50.0 0.0
424 50.0 0.0
425 53.84615384615385 0.0
426 50.0 0.0
427 50.0 0.0
428 57.69230769230769 0.0
429 38.46153846153846 0.0
430 61.53846153846154 0.0
431 42.30769230769231 0.0
432 53.84615384615385 0.0
433 53.84615384615385 0.0
434 38.46153846153846 0.0
435 42.30769230769231 0.0
436 53.84615384615385 0.0
437 42.30769230769231 0.0
438 38.46153846153846 0.0
439 46.15384615384615 0.0
440 26.923076923076923 0.0
441 26.923076923076923 0.0
442 30.76923076923077 0.0
443 30.76923076923077 0.0
444 30.76923076923077 0.0
445 34.61538461538461 0.0
446 30.76923076923077 0.0
447 26.923076923076923 0.0
448 23.076923076923077 0.0
449 30.76923076923077 0.0
450 38.46153846153846 0.0
451 38.46153846153846 0.0
452 34.61538461538461 0.0
453 34.61538461538461 0.0
454 34.61538461538461 0.0
455 26.923076923076923 0.0
456 42.30769230769231 0.0
457 23.076923076923077 0.0
458 30.76923076923077 0.0
459 30.76923076923077 0.0
460 38.46153846153846 0.0
461 38.46153846153846 0.0
462 42.30769230769231 0.0
463 38.46153846153846 0.0
464 34.61538461538461 0.0
465 46.15384615384615 0.0
466 26.923076923076923 0.0
467 38.46153846153846 0.0
468 34.61538461538461 0.0
469 38.46153846153846 0.0
470 26.923076923076923 0.0
471 38.46153846153846 0.0
472 38.46153846153846 0.0
473 26.923076923076923 0.0
474 30.76923076923077 0.0
475 30.76923076923077 0.0
476 50.0 0.0
477 26.923076923076923 0.0
478 46.15384615384615 0.0
479 30.76923076923077 0.0
480 26.923076923076923 0.0
481 42.30769230769231 0.0
482 30.76923076923077 0.0
483 42.30769230769231 0.0
484 38.46153846153846 0.0
485 34.61538461538461 0.0
486 50.0 0.0
487 34.61538461538461 0.0
488 30.76923076923077 0.0
489 26.923076923076923 0.0
490 34.61538461538461 0.0
491 42.30769230769231 0.0
492 30.76923076923077 0.0
493 38.46153846153846 0.0
494 50.0 0.0
495 61.53846153846154 0.0
496 34.61538461538461 0.0
497 46.15384615384615 0.0
498 42.30769230769231 0.0
499 30.76923076923077 0.0
500 34.61538461538461 0.0
501 34.61538461538461 0.0
502 34.61538461538461 0.0
503 23.076923076923077 0.0
504 30.76923076923077 0.0
505 30.76923076923077 0.0
506 38.46153846153846 0.0
507 34.61538461538461 0.0
508 46.15384615384615 0.0
509 34.61538461538461 0.0
510 34.61538461538461 0.0
511 38.46153846153846 0.0
512 30.76923076923077 0.0
513 38.46153846153846 0.0
514 34.61538461538461 0.0
515 30.76923076923077 0.0
516 34.61538461538461 0.0
517 26.923076923076923 0.0
518 23.076923076923077 0.0
519 26.923076923076923 0.0
520 30.76923076923077 0.0
521 30.76923076923077 0.0
522 26.923076923076923 0.0
523 23.076923076923077 0.0
524 30.76923076923077 0.0
525 26.923076923076923 0.0
526 19.23076923076923 0.0
527 19.23076923076923 0.0
528 30.76923076923077 0.0
529 42.30769230769231 0.0
530 38.46153846153846 0.0
531 34.61538461538461 0.0
532 34.61538461538461 0.0
533 26.923076923076923 0.0
534 26.923076923076923 0.0
535 34.61538461538461 0.0
536 34.61538461538461 0.0
537 34.61538461538461 0.0
538 30.76923076923077 0.0
539 38.46153846153846 0.0
540 38.46153846153846 0.0
541 34.61538461538461 0.0
542 42.30769230769231 0.0
543 23.076923076923077 0.0
544 26.923076923076923 0.0
545 19.23076923076923 0.0
546 23.076923076923077 0.0
547 19.23076923076923 0.0
548 26.923076923076923 0.0
549 42.30769230769231 0.0
550 34.61538461538461 0.0
551 46.15384615384615 0.0
552 38.46153846153846 0.0
553 34.61538461538461 0.0
554 42.30769230769231 0.0
555 46.15384615384615 0.0
556 34.61538461538461 0.0
557 26.923076923076923 0.0
558 34.61538461538461 0.0
559 34.61538461538461 0.0
560 42.30769230769231 0.0
561 26.923076923076923 0.0
562 26.923076923076923 0.0
563 42.30769230769231 0.0
564 26.923076923076923 0.0
565 30.76923076923077 0.0
566 34.61538461538461 0.0
567 26.923076923076923 0.0
568 34.61538461538461 0.0
569 46.15384615384615 0.0
570 38.46153846153846 0.0
571 46.15384615384615 0.0
572 46.15384615384615 0.0
573 42.30769230769231 0.0
574 42.30769230769231 0.0
575 38.46153846153846 0.0
576 34.61538461538461 0.0
577 42.30769230769231 0.0
578 38.46153846153846 0.0
579 38.46153846153846 0.0
580 46.15384615384615 0.0
581 50.0 0.0
582 42.30769230769231 0.0
583 46.15384615384615 0.0
584 46.15384615384615 0.0
585 38.46153846153846 0.0
586 38.46153846153846 0.0
587 38.46153846153846 0.0
588 50.0 0.0
589 42.30769230769231 0.0
590 38.46153846153846 0.0
591 30.76923076923077 0.0
592 30.76923076923077 0.0
593 38.46153846153846 0.0
594 23.076923076923077 0.0
595 30.76923076923077 0.0
596 26.923076923076923 0.0
597 42.30769230769231 0.0
598 42.30769230769231 0.0
599 26.923076923076923 0.0
600 26.923076923076923 0.0
601 46.15384615384615 0.0
602 23.076923076923077 0.0
603 42.30769230769231 0.0
604 42.30769230769231 0.0
605 38.46153846153846 0.0
606 42.30769230769231 0.0
607 26.923076923076923 0.0
608 46.15384615384615 0.0
609 34.61538461538461 0.0
610 30.76923076923077 0.0
611 26.923076923076923 0.0
612 15.384615384615385 0.0
613 26.923076923076923 0.0
614 23.076923076923077 0.0
615 38.46153846153846 0.0
616 34.61538461538461 0.0
617 26.923076923076923 0.0
618 19.23076923076923 0.0
619 30.76923076923077 0.0
620 26.923076923076923 0.0
621 34.61538461538461 0.0
622 30.76923076923077 0.0
623 30.76923076923077 0.0
624 30.76923076923077 0.0
625 34.61538461538461 0.0
626 26.923076923076923 0.0
627 19.23076923076923 0.0
628 26.923076923076923 0.0
629 26.923076923076923 0.0
630 19.23076923076923 0.0
631 23.076923076923077 0.0
632 26.923076923076923 0.0
633 23.076923076923077 0.0
634 23.076923076923077 0.0
635 23.076923076923077 0.0
636 30.76923076923077 0.0
637 11.538461538461538 0.0
638 19.23076923076923 0.0
639 26.923076923076923 0.0
640 23.076923076923077 0.0
641 30.76923076923077 0.0
642 38.46153846153846 0.0
643 53.84615384615385 0.0
644 30.76923076923077 0.0
645 38.46153846153846 0.0
646 34.61538461538461 0.0
647 50.0 0.0
648 19.23076923076923 0.0
649 26.923076923076923 0.0
650 23.076923076923077 0.0
651 30.76923076923077 0.0
652 34.61538461538461 0.0
653 42.30769230769231 0.0
654 38.46153846153846 0.0
655 34.61538461538461 0.0
656 34.61538461538461 0.0
657 26.923076923076923 0.0
658 19.23076923076923 0.0
659 30.76923076923077 0.0
660 34.61538461538461 0.0
661 34.61538461538461 0.0
662 34.61538461538461 0.0
663 26.923076923076923 0.0
664 34.61538461538461 0.0
665 23.076923076923077 0.0
666 26.923076923076923 0.0
667 30.76923076923077 0.0
668 42.30769230769231 0.0
669 34.61538461538461 0.0
670 23.076923076923077 0.0
671 38.46153846153846 0.0
672 34.61538461538461 0.0
673 38.46153846153846 0.0
674 15.384615384615385 0.0
675 26.923076923076923 0.0
676 30.76923076923077 0.0
677 34.61538461538461 0.0
678 34.61538461538461 0.0
679 38.46153846153846 0.0
680 38.46153846153846 0.0
681 30.76923076923077 0.0
682 26.923076923076923 0.0
683 30.76923076923077 0.0
684 42.30769230769231 0.0
685 42.30769230769231 0.0
686 42.30769230769231 0.0
687 38.46153846153846 0.0
688 46.15384615384615 0.0
689 42.30769230769231 0.0
690 42.30769230769231 0.0
691 38.46153846153846 0.0
692 42.30769230769231 0.0
693 42.30769230769231 0.0
694 38.46153846153846 0.0
695 50.0 0.0
696 46.15384615384615 0.0
697 38.46153846153846 0.0
698 53.84615384615385 0.0
699 50.0 0.0
700 38.46153846153846 0.0
701 42.30769230769231 0.0
702 50.0 0.0
703 38.46153846153846 0.0
704 50.0 0.0
705 38.46153846153846 0.0
706 57.69230769230769 0.0
707 46.15384615384615 0.0
708 42.30769230769231 0.0
709 53.84615384615385 0.0
710 38.46153846153846 0.0
711 23.076923076923077 0.0
712 38.46153846153846 0.0
713 42.30769230769231 0.0
714 42.30769230769231 0.0
715 38.46153846153846 0.0
716 57.69230769230769 0.0
717 34.61538461538461 0.0
718 38.46153846153846 0.0
719 46.15384615384615 0.0
720 53.84615384615385 0.0
721 50.0 0.0
722 50.0 0.0
723 42.30769230769231 0.0
724 53.84615384615385 0.0
725 69.23076923076923 0.0
726 53.84615384615385 0.0
727 53.84615384615385 0.0
728 46.15384615384615 0.0
729 30.76923076923077 0.0
730 42.30769230769231 0.0
731 38.46153846153846 0.0
732 38.46153846153846 0.0
733 38.46153846153846 0.0
734 38.46153846153846 0.0
735 42.30769230769231 0.0
736 34.61538461538461 0.0
737 42.30769230769231 0.0
738 38.46153846153846 0.0
739 34.61538461538461 0.0
740 38.46153846153846 0.0
741 30.76923076923077 0.0
742 30.76923076923077 0.0
743 26.923076923076923 0.0
744 26.923076923076923 0.0
745 34.61538461538461 0.0
746 30.76923076923077 0.0
747 38.46153846153846 0.0
748 50.0 0.0
749 42.30769230769231 0.0
750 34.61538461538461 0.0
751 30.76923076923077 0.0
752 38.46153846153846 0.0
753 34.61538461538461 0.0
754 38.46153846153846 0.0
755 26.923076923076923 0.0
756 26.923076923076923 0.0
757 38.46153846153846 0.0
758 26.923076923076923 0.0
759 34.61538461538461 0.0
760 34.61538461538461 0.0
761 38.46153846153846 0.0
762 19.23076923076923 0.0
763 26.923076923076923 0.0
764 26.923076923076923 0.0
765 38.46153846153846 0.0
766 34.61538461538461 0.0
767 23.076923076923077 0.0
768 34.61538461538461 0.0
769 34.61538461538461 0.0
770 30.76923076923077 0.0
771 42.30769230769231 0.0
772 19.23076923076923 0.0
773 30.76923076923077 0.0
774 38.46153846153846 0.0
775 19.23076923076923 0.0
776 26.923076923076923 0.0
777 34.61538461538461 0.0
778 38.46153846153846 0.0
779 26.923076923076923 0.0
780 19.23076923076923 0.0
781 34.61538461538461 0.0
782 30.76923076923077 0.0
783 23.076923076923077 0.0
784 23.076923076923077 0.0
785 23.076923076923077 0.0
786 15.384615384615385 0.0
787 34.61538461538461 0.0
788 26.923076923076923 0.0
789 38.46153846153846 0.0
790 34.61538461538461 0.0
791 23.076923076923077 0.0
792 42.30769230769231 0.0
793 38.46153846153846 0.0
794 50.0 0.0
795 34.61538461538461 0.0
796 42.30769230769231 0.0
797 46.15384615384615 0.0
798 26.923076923076923 0.0
799 42.30769230769231 0.0
800 30.76923076923077 0.0
801 34.61538461538461 0.0
802 23.076923076923077 0.0
803 30.76923076923077 0.0
804 30.76923076923077 0.0
805 42.30769230769231 0.0
806 42.30769230769231 0.0
807 38.46153846153846 0.0
808 46.15384615384615 0.0
809 42.30769230769231 0.0
810 34.61538461538461 0.0
811 38.46153846153846 0.0
812 38.46153846153846 0.0
813 42.30769230769231 0.0
814 46.15384615384615 0.0
815 50.0 0.0
816 42.30769230769231 0.0
817 42.30769230769231 0.0
818 46.15384615384615 0.0
819 50.0 0.0
820 46.15384615384615 0.0
821 42.30769230769231 0.0
822 34.61538461538461 0.0
823 34.61538461538461 0.0
824 30.76923076923077 0.0
825 38.46153846153846 0.0
826 50.0 0.0
827 57.69230769230769 0.0
828 50.0 0.0
829 61.53846153846154 0.0
830 46.15384615384615 0.0
831 53.84615384615385 0.0
832 57.69230769230769 0.0
833 46.15384615384615 0.0
834 50.0 0.0
835 57.69230769230769 0.0
836 57.69230769230769 0.0
837 46.15384615384615 0.0
838 50.0 0.0
839 53.84615384615385 0.0
840 61.53846153846154 0.0
841 57.69230769230769 0.0
842 69.23076923076923 0.0
843 53.84615384615385 0.0
844 69.23076923076923 0.0
845 61.53846153846154 0.0
846 61.53846153846154 0.0
847 53.84615384615385 0.0
848 57.69230769230769 0.0
849 46.15384615384615 0.0
850 46.15384615384615 0.0
851 53.84615384615385 0.0
852 53.84615384615385 0.0
853 50.0 0.0
854 38.46153846153846 0.0
855 46.15384615384615 0.0
856 42.30769230769231 0.0
857 26.923076923076923 0.0
858 38.46153846153846 0.0
859 30.76923076923077 0.0
860 34.61538461538461 0.0
861 42.30769230769231 0.0
862 30.76923076923077 0.0
863 34.61538461538461 0.0
864 38.46153846153846 0.0
865 42.30769230769231 0.0
866 23.076923076923077 0.0
867 38.46153846153846 0.0
868 34.61538461538461 0.0
869 46.15384615384615 0.0
870 23.076923076923077 0.0
871 30.76923076923077 0.0
872 34.61538461538461 0.0
873 26.923076923076923 0.0
874 46.15384615384615 0.0
875 34.61538461538461 0.0
876 34.61538461538461 0.0
877 42.30769230769231 0.0
878 34.61538461538461 0.0
879 30.76923076923077 0.0
880 30.76923076923077 0.0
881 38.46153846153846 0.0
882 26.923076923076923 0.0
883 34.61538461538461 0.0
884 38.46153846153846 0.0
885 30.76923076923077 0.0
886 38.46153846153846 0.0
887 38.46153846153846 0.0
888 42.30769230769231 0.0
889 38.46153846153846 0.0
890 34.61538461538461 0.0
891 34.61538461538461 0.0
892 34.61538461538461 0.0
893 30.76923076923077 0.0
894 38.46153846153846 0.0
895 38.46153846153846 0.0
896 34.61538461538461 0.0
897 38.46153846153846 0.0
898 46.15384615384615 0.0
899 38.46153846153846 0.0
900 34.61538461538461 0.0
901 38.46153846153846 0.0
902 34.61538461538461 0.0
903 46.15384615384615 0.0
904 53.84615384615385 0.0
905 42.30769230769231 0.0
906 34.61538461538461 0.0
907 30.76923076923077 0.0
908 30.76923076923077 0.0
909 30.76923076923077 0.0
910 23.076923076923077 0.0
911 34.61538461538461 0.0
912 15.384615384615385 0.0
913 26.923076923076923 0.0
914 23.076923076923077 0.0
915 42.30769230769231 0.0
916 23.076923076923077 0.0
917 23.076923076923077 0.0
918 19.23076923076923 0.0
919 23.076923076923077 0.0
920 26.923076923076923 0.0
921 30.76923076923077 0.0
922 19.23076923076923 0.0
923 11.538461538461538 0.0
924 19.23076923076923 0.0
925 26.923076923076923 0.0
926 26.923076923076923 0.0
927 26.923076923076923 0.0
928 15.384615384615385 0.0
929 19.23076923076923 0.0
930 19.23076923076923 0.0
931 11.538461538461538 0.0
932 26.923076923076923 0.0
933 23.076923076923077 0.0
934 30.76923076923077 0.0
935 26.923076923076923 0.0
936 34.61538461538461 0.0
937 30.76923076923077 0.0
938 30.76923076923077 0.0
939 46.15384615384615 0.0
940 26.923076923076923 0.0
941 26.923076923076923 0.0
942 15.384615384615385 0.0
943 30.76923076923077 0.0
944 26.923076923076923 0.0
945 26.923076923076923 0.0
946 23.076923076923077 0.0
947 38.46153846153846 0.0
948 34.61538461538461 0.0
949 46.15384615384615 0.0
950 34.61538461538461 0.0
951 34.61538461538461 0.0
952 38.46153846153846 0.0
953 34.61538461538461 0.0
954 38.46153846153846 0.0
955 34.61538461538461 0.0
956 50.0 0.0
957 42.30769230769231 0.0
958 42.30769230769231 0.0
959 42.30769230769231 0.0
960 34.61538461538461 0.0
961 34.61538461538461 0.0
962 19.23076923076923 0.0
963 23.076923076923077 0.0
964 38.46153846153846 0.0
965 26.923076923076923 0.0
966 38.46153846153846 0.0
967 26.923076923076923 0.0
968 30.76923076923077 0.0
969 38.46153846153846 0.0
970 34.61538461538461 0.0
971 34.61538461538461 0.0
972 38.46153846153846 0.0
973 26.923076923076923 0.0
974 46.15384615384615 0.0
975 38.46153846153846 0.0
976 46.15384615384615 0.0
977 38.46153846153846 0.0
978 38.46153846153846 0.0
979 42.30769230769231 0.0
980 50.0 0.0
981 46.15384615384615 0.0
982 53.84615384615385 0.0
983 57.69230769230769 0.0
984 23.076923076923077 0.0
985 30.76923076923077 0.0
986 57.69230769230769 0.0
987 42.30769230769231 0.0
988 38.46153846153846 0.0
989 42.30769230769231 0.0
990 42.30769230769231 0.0
991 30.76923076923077 0.0
992 30.76923076923077 0.0
993 38.46153846153846 0.0
994 38.46153846153846 0.0
995 53.84615384615385 0.0
996 53.84615384615385 0.0
997 46.15384615384615 0.0
998 38.46153846153846 0.0
999 53.84615384615385 0.0
