#frame monomers_% popc_isolated_%
0 38.46153846153846 0.0
1 46.15384615384615 0.0
2 46.15384615384615 0.0
3 38.46153846153846 0.0
4 38.46153846153846 0.0
5 38.46153846153846 0.0
6 30.76923076923077 0.0
7 34.61538461538461 0.0
8 38.46153846153846 0.0
9 34.61538461538461 0.0
10 34.61538461538461 0.0
11 26.923076923076923 0.0
12 30.76923076923077 0.0
13 30.76923076923077 0.0
14 42.30769230769231 0.0
15 30.76923076923077 0.0
16 30.76923076923077 0.0
17 46.15384615384615 0.0
18 38.46153846153846 0.0
19 38.46153846153846 0.0
20 30.76923076923077 0.0
21 26.923076923076923 0.0
22 30.76923076923077 0.0
23 26.923076923076923 0.0
24 23.076923076923077 0.0
25 34.61538461538461 0.0
26 19.23076923076923 0.0
27 26.923076923076923 0.0
28 34.61538461538461 0.0
29 38.46153846153846 0.0
30 38.46153846153846 0.0
31 34.61538461538461 0.0
32 34.61538461538461 0.0
33 46.15384615384615 0.0
34 30.76923076923077 0.0
35 19.23076923076923 0.0
36 26.923076923076923 0.0
37 30.76923076923077 0.0
38 30.76923076923077 0.0
39 19.23076923076923 0.0
40 23.076923076923077 0.0
41 26.923076923076923 0.0
42 23.076923076923077 0.0
43 19.23076923076923 0.0
44 11.538461538461538 0.0
45 23.076923076923077 0.0
46 23.076923076923077 0.0
47 23.076923076923077 0.0
48 19.23076923076923 0.0
49 19.23076923076923 0.0
50 19.23076923076923 0.0
51 26.923076923076923 0.0
52 23.076923076923077 0.0
53 19.23076923076923 0.0
54 15.384615384615385 0.0
55 26.923076923076923 0.0
56 30.76923076923077 0.0
57 23.076923076923077 0.0
58 19.23076923076923 0.0
59 38.46153846153846 0.0
60 34.61538461538461 0.0
61 26.923076923076923 0.0
62 23.076923076923077 0.0
63 23.076923076923077 0.0
64 19.23076923076923 0.0
65 19.23076923076923 0.0
66 26.923076923076923 0.0
67 34.61538461538461 0.0
68 19.23076923076923 0.0
69 30.76923076923077 0.0
70 30.76923076923077 0.0
71 42.30769230769231 0.0
72 34.61538461538461 0.0
73 26.923076923076923 0.0
74 19.23076923076923 0.0
75 23.076923076923077 0.0
76 30.76923076923077 0.0
77 34.61538461538461 0.0
78 38.46153846153846 0.0
79 23.076923076923077 0.0
80 30.76923076923077 0.0
81 19.23076923076923 0.0
82 46.15384615384615 0.0
83 30.76923076923077 0.0
84 30.76923076923077 0.0
85 30.76923076923077 0.0
86 19.23076923076923 0.0
87 34.61538461538461 0.0
88 34.61538461538461 0.0
89 38.46153846153846 0.0
90 38.46153846153846 0.0
91 34.61538461538461 0.0
92 34.61538461538461 0.0
93 42.30769230769231 0.0
94 34.61538461538461 0.0
95 38.46153846153846 0.0
96 38.46153846153846 0.0
97 23.076923076923077 0.0
98 30.76923076923077 0.0
99 38.46153846153846 0.0
100 34.61538461538461 0.0
101 34.61538461538461 0.0
102 26.923076923076923 0.0
103 26.923076923076923 0.0
104 38.46153846153846 0.0
105 34.61538461538461 0.0
106 26.923076923076923 0.0
107 19.23076923076923 0.0
108 19.23076923076923 0.0
109 26.923076923076923 0.0
110 30.76923076923077 0.0
111 42.30769230769231 0.0
112 38.46153846153846 0.0
113 38.46153846153846 0.0
114 46.15384615384615 0.0
115 42.30769230769231 0.0
116 53.84615384615385 0.0
117 57.69230769230769 0.0
118 46.15384615384615 0.0
119 50.0 0.0
120 42.30769230769231 0.0
121 61.53846153846154 0.0
122 26.923076923076923 0.0
123 34.61538461538461 0.0
124 30.76923076923077 0.0
125 53.84615384615385 0.0
126 38.46153846153846 0.0
127 38.46153846153846 0.0
128 38.46153846153846 0.0
129 34.61538461538461 0.0
130 34.61538461538461 0.0
131 34.61538461538461 0.0
132 23.076923076923077 0.0
133 23.076923076923077 0.0
134 23.076923076923077 0.0
135 30.76923076923077 0.0
136 34.61538461538461 0.0
137 26.923076923076923 0.0
138 34.61538461538461 0.0
139 38.46153846153846 0.0
140 23.076923076923077 0.0
141 30.76923076923077 0.0
142 26.923076923076923 0.0
143 46.15384615384615 0.0
144 26.923076923076923 0.0
145 26.923076923076923 0.0
146 38.46153846153846 0.0
147 38.46153846153846 0.0
148 42.30769230769231 0.0
149 19.23076923076923 0.0
150 26.923076923076923 0.0
151 23.076923076923077 0.0
152 42.30769230769231 0.0
153 30.76923076923077 0.0
154 26.923076923076923 0.0
155 46.15384615384615 0.0
156 30.76923076923077 0.0
157 30.76923076923077 0.0
158 34.61538461538461 0.0
159 30.76923076923077 0.0
160 34.61538461538461 0.0
161 42.30769230769231 0.0
162 50.0 0.0
163 53.84615384615385 0.0
164 53.84615384615385 0.0
165 30.76923076923077 0.0
166 46.15384615384615 0.0
167 42.30769230769231 0.0
168 46.15384615384615 0.0
169 38.46153846153846 0.0
170 38.46153846153846 0.0
171 38.46153846153846 0.0
172 50.0 0.0
173 46.15384615384615 0.0
174 30.76923076923077 0.0
175 53.84615384615385 0.0
176 38.46153846153846 0.0
177 34.61538461538461 0.0
178 50.0 0.0
179 34.61538461538461 0.0
180 42.30769230769231 0.0
181 38.46153846153846 0.0
182 38.46153846153846 0.0
183 38.46153846153846 0.0
184 34.61538461538461 0.0
185 23.076923076923077 0.0
186 42.30769230769231 0.0
187 38.46153846153846 0.0
188 34.61538461538461 0.0
189 42.30769230769231 0.0
190 42.30769230769231 0.0
191 50.0 0.0
192 42.30769230769231 0.0
193 38.46153846153846 0.0
194 46.15384615384615 0.0
195 50.0 0.0
196 34.61538461538461 0.0
197 38.46153846153846 0.0
198 42.30769230769231 0.0
199 38.46153846153846 0.0
200 50.0 0.0
201 50.0 0.0
202 46.15384615384615 0.0
203 38.46153846153846 0.0
204 50.0 0.0
205 42.30769230769231 0.0
206 34.61538461538461 0.0
207 30.76923076923077 0.0
208 26.923076923076923 0.0
209 26.923076923076923 0.0
210 30.76923076923077 0.0
211 26.923076923076923 0.0
212 23.076923076923077 0.0
213 26.923076923076923 0.0
214 26.923076923076923 0.0
215 26.923076923076923 0.0
216 26.923076923076923 0.0
217 34.61538461538461 0.0
218 19.23076923076923 0.0
219 34.61538461538461 0.0
220 34.61538461538461 0.0
221 30.76923076923077 0.0
222 30.76923076923077 0.0
223 26.923076923076923 0.0
224 26.923076923076923 0.0
225 15.384615384615385 0.0
226 26.923076923076923 0.0
227 26.923076923076923 0.0
228 26.923076923076923 0.0
229 26.923076923076923 0.0
230 23.076923076923077 0.0
231 26.923076923076923 0.0
232 30.76923076923077 0.0
233 30.76923076923077 0.0
234 34.61538461538461 0.0
235 23.076923076923077 0.0
236 23.076923076923077 0.0
237 23.076923076923077 0.0
238 23.076923076923077 0.0
239 23.076923076923077 0.0
240 23.076923076923077 0.0
241 23.076923076923077 0.0
242 26.923076923076923 0.0
243 23.076923076923077 0.0
244 26.923076923076923 0.0
245 23.076923076923077 0.0
246 26.923076923076923 0.0
247 34.61538461538461 0.0
248 26.923076923076923 0.0
249 26.923076923076923 0.0
250 19.23076923076923 0.0
251 30.76923076923077 0.0
252 23.076923076923077 0.0
253 30.76923076923077 0.0
254 23.076923076923077 0.0
255 34.61538461538461 0.0
256 26.923076923076923 0.0
257 26.923076923076923 0.0
258 23.076923076923077 0.0
259 23.076923076923077 0.0
260 11.538461538461538 0.0
261 15.384615384615385 0.0
262 26.923076923076923 0.0
263 26.923076923076923 0.0
264 15.384615384615385 0.0
265 19.23076923076923 0.0
266 23.076923076923077 0.0
267 7.6923076923076925 0.0
268 11.538461538461538 0.0
269 11.538461538461538 0.0
270 19.23076923076923 0.0
271 23.076923076923077 0.0
272 19.23076923076923 0.0
273 26.923076923076923 0.0
274 26.923076923076923 0.0
275 26.923076923076923 0.0
276 19.23076923076923 0.0
277 23.076923076923077 0.0
278 23.076923076923077 0.0
279 23.076923076923077 0.0
280 15.384615384615385 0.0
281 26.923076923076923 0.0
282 30.76923076923077 0.0
283 23.076923076923077 0.0
284 19.23076923076923 0.0
285 15.384615384615385 0.0
286 15.384615384615385 0.0
287 19.23076923076923 0.0
288 11.538461538461538 0.0
289 15.384615384615385 0.0
290 7.6923076923076925 0.0
291 15.384615384615385 0.0
292 7.6923076923076925 0.0
293 11.538461538461538 0.0
294 11.538461538461538 0.0
295 15.384615384615385 0.0
296 7.6923076923076925 0.0
297 23.076923076923077 0.0
298 19.23076923076923 0.0
299 19.23076923076923 0.0
300 19.23076923076923 0.0
301 19.23076923076923 0.0
302 23.076923076923077 0.0
303 11.538461538461538 0.0
304 11.538461538461538 0.0
305 15.384615384615385 0.0
306 15.384615384615385 0.0
307 11.538461538461538 0.0
308 23.076923076923077 0.0
309 23.076923076923077 0.0
310 23.076923076923077 0.0
311 34.61538461538461 0.0
312 15.384615384615385 0.0
313 26.923076923076923 0.0
314 23.076923076923077 0.0
315 15.384615384615385 0.0
316 34.61538461538461 0.0
317 26.923076923076923 0.0
318 26.923076923076923 0.0
319 34.61538461538461 0.0
320 34.61538461538461 0.0
321 23.076923076923077 0.0
322 30.76923076923077 0.0
323 30.76923076923077 0.0
324 23.076923076923077 0.0
325 30.76923076923077 0.0
326 26.923076923076923 0.0
327 26.923076923076923 0.0
328 34.61538461538461 0.0
329 26.923076923076923 0.0
330 23.076923076923077 0.0
331 15.384615384615385 0.0
332 23.076923076923077 0.0
333 26.923076923076923 0.0
334 23.076923076923077 0.0
335 30.76923076923077 0.0
336 19.23076923076923 0.0
337 23.076923076923077 0.0
338 30.76923076923077 0.0
339 34.61538461538461 0.0
340 26.923076923076923 0.0
341 19.23076923076923 0.0
342 23.076923076923077 0.0
343 26.923076923076923 0.0
344 30.76923076923077 0.0
345 23.076923076923077 0.0
346 15.384615384615385 0.0
347 26.923076923076923 0.0
348 34.61538461538461 0.0
349 19.23076923076923 0.0
350 23.076923076923077 0.0
351 26.923076923076923 0.0
352 30.76923076923077 0.0
353 23.076923076923077 0.0
354 19.23076923076923 0.0
355 23.076923076923077 0.0
356 19.23076923076923 0.0
357 23.076923076923077 0.0
358 23.076923076923077 0.0
359 23.076923076923077 0.0
360 23.076923076923077 0.0
361 23.076923076923077 0.0
362 26.923076923076923 0.0
363 23.076923076923077 0.0
364 19.23076923076923 0.0
365 19.23076923076923 0.0
366 26.923076923076923 0.0
367 19.23076923076923 0.0
368 19.23076923076923 0.0
369 19.23076923076923 0.0
370 30.76923076923077 0.0
371 15.384615384615385 0.0
372 23.076923076923077 0.0
373 15.384615384615385 0.0
374 26.923076923076923 0.0
375 30.76923076923077 0.0
376 26.923076923076923 0.0
377 30.76923076923077 0.0
378 34.61538461538461 0.0
379 34.61538461538461 0.0
380 38.46153846153846 0.0
381 23.076923076923077 0.0
382 34.61538461538461 0.0
383 23.076923076923077 0.0
384 34.61538461538461 0.0
385 26.923076923076923 0.0
386 30.76923076923077 0.0
387 42.30769230769231 0.0
388 23.076923076923077 0.0
389 23.076923076923077 0.0
390 30.76923076923077 0.0
391 26.923076923076923 0.0
392 38.46153846153846 0.0
393 34.61538461538461 0.0
394 46.15384615384615 0.0
395 26.923076923076923 0.0
396 53.84615384615385 0.0
397 34.61538461538461 0.0
398 42.30769230769231 0.0
399 38.46153846153846 0.0
400 26.923076923076923 0.0
401 23.076923076923077 0.0
402 23.076923076923077 0.0
403 26.923076923076923 0.0
404 26.923076923076923 0.0
405 38.46153846153846 0.0
406 19.23076923076923 0.0
407 26.923076923076923 0.0
408 26.923076923076923 0.0
409 19.23076923076923 0.0
410 26.923076923076923 0.0
411 26.923076923076923 0.0
412 38.46153846153846 0.0
413 50.0 0.0
414 38.46153846153846 0.0
415 26.923076923076923 0.0
416 38.46153846153846 0.0
417 30.76923076923077 0.0
418 34.61538461538461 0.0
419 26.923076923076923 0.0
420 26.923076923076923 0.0
421 23.076923076923077 0.0
422 30.76923076923077 0.0
423 42.30769230769231 0.0
424 23.076923076923077 0.0
425 42.30769230769231 0.0
426 38.46153846153846 0.0
427 42.30769230769231 0.0
428 42.30769230769231 0.0
429 26.923076923076923 0.0
430 38.46153846153846 0.0
431 30.76923076923077 0.0
432 23.076923076923077 0.0
433 23.076923076923077 0.0
434 26.923076923076923 0.0
435 42.30769230769231 0.0
436 26.923076923076923 0.0
437 38.46153846153846 0.0
438 38.46153846153846 0.0
439 34.61538461538461 0.0
440 26.923076923076923 0.0
441 26.923076923076923 0.0
442 38.46153846153846 0.0
443 30.76923076923077 0.0
444 30.76923076923077 0.0
445 30.76923076923077 0.0
446 30.76923076923077 0.0
447 30.76923076923077 0.0
448 30.76923076923077 0.0
449 30.76923076923077 0.0
450 34.61538461538461 0.0
451 38.46153846153846 0.0
452 26.923076923076923 0.0
453 38.46153846153846 0.0
454 38.46153846153846 0.0
455 38.46153846153846 0.0
456 42.30769230769231 0.0
457 30.76923076923077 0.0
458 38.46153846153846 0.0
459 34.61538461538461 0.0
460 34.61538461538461 0.0
461 42.30769230769231 0.0
462 38.46153846153846 0.0
463 38.46153846153846 0.0
464 23.076923076923077 0.0
465 30.76923076923077 0.0
466 26.923076923076923 0.0
467 30.76923076923077 0.0
468 34.61538461538461 0.0
469 26.923076923076923 0.0
470 23.076923076923077 0.0
471 34.61538461538461 0.0
472 11.538461538461538 0.0
473 30.76923076923077 0.0
474 23.076923076923077 0.0
475 19.23076923076923 0.0
476 42.30769230769231 0.0
477 23.076923076923077 0.0
478 30.76923076923077 0.0
479 34.61538461538461 0.0
480 34.61538461538461 0.0
481 23.076923076923077 0.0
482 19.23076923076923 0.0
483 38.46153846153846 0.0
484 30.76923076923077 0.0
485 30.76923076923077 0.0
486 42.30769230769231 0.0
487 23.076923076923077 0.0
488 42.30769230769231 0.0
489 30.76923076923077 0.0
490 19.23076923076923 0.0
491 34.61538461538461 0.0
492 26.923076923076923 0.0
493 26.923076923076923 0.0
494 30.76923076923077 0.0
495 23.076923076923077 0.0
496 23.076923076923077 0.0
497 30.76923076923077 0.0
498 23.076923076923077 0.0
499 30.76923076923077 0.0
500 26.923076923076923 0.0
501 30.76923076923077 0.0
502 23.076923076923077 0.0
503 30.76923076923077 0.0
504 26.923076923076923 0.0
505 23.076923076923077 0.0
506 30.76923076923077 0.0
507 26.923076923076923 0.0
508 30.76923076923077 0.0
509 26.923076923076923 0.0
510 34.61538461538461 0.0
511 30.76923076923077 0.0
512 19.23076923076923 0.0
513 26.923076923076923 0.0
514 26.923076923076923 0.0
515 26.923076923076923 0.0
516 23.076923076923077 0.0
517 23.076923076923077 0.0
518 26.923076923076923 0.0
519 26.923076923076923 0.0
520 26.923076923076923 0.0
521 19.23076923076923 0.0
522 23.076923076923077 0.0
523 34.61538461538461 0.0
524 23.076923076923077 0.0
525 23.076923076923077 0.0
526 26.923076923076923 0.0
527 30.76923076923077 0.0
528 26.923076923076923 0.0
529 19.23076923076923 0.0
530 23.076923076923077 0.0
531 30.76923076923077 0.0
532 15.384615384615385 0.0
533 19.23076923076923 0.0
534 30.76923076923077 0.0
535 23.076923076923077 0.0
536 19.23076923076923 0.0
537 19.23076923076923 0.0
538 26.923076923076923 0.0
539 26.923076923076923 0.0
540 23.076923076923077 0.0
541 23.076923076923077 0.0
542 19.23076923076923 0.0
543 19.23076923076923 0.0
544 15.384615384615385 0.0
545 15.384615384615385 0.0
546 30.76923076923077 0.0
547 26.923076923076923 0.0
548 26.923076923076923 0.0
549 26.923076923076923 0.0
550 34.61538461538461 0.0
551 38.46153846153846 0.0
552 38.46153846153846 0.0
553 26.923076923076923 0.0
554 38.46153846153846 0.0
555 34.61538461538461 0.0
556 38.46153846153846 0.0
557 23.076923076923077 0.0
558 30.76923076923077 0.0
559 42.30769230769231 0.0
560 23.076923076923077 0.0
561 30.76923076923077 0.0
562 26.923076923076923 0.0
563 30.76923076923077 0.0
564 42.30769230769231 0.0
565 42.30769230769231 0.0
566 42.30769230769231 0.0
567 38.46153846153846 0.0
568 46.15384615384615 0.0
569 53.84615384615385 0.0
570 50.0 0.0
571 50.0 0.0
572 30.76923076923077 0.0
573 57.69230769230769 0.0
574 50.0 0.0
575 26.923076923076923 0.0
576 46.15384615384615 0.0
577 30.76923076923077 0.0
578 26.923076923076923 0.0
579 38.46153846153846 0.0
580 38.46153846153846 0.0
581 46.15384615384615 0.0
582 42.30769230769231 0.0
583 34.61538461538461 0.0
584 30.76923076923077 0.0
585 30.76923076923077 0.0
586 42.30769230769231 0.0
587 30.76923076923077 0.0
588 26.923076923076923 0.0
589 34.61538461538461 0.0
590 42.30769230769231 0.0
591 42.30769230769231 0.0
592 46.15384615384615 0.0
593 42.30769230769231 0.0
594 42.30769230769231 0.0
595 38.46153846153846 0.0
596 30.76923076923077 0.0
597 34.61538461538461 0.0
598 26.923076923076923 0.0
599 42.30769230769231 0.0
600 30.76923076923077 0.0
601 53.84615384615385 0.0
602 50.0 0.0
603 38.46153846153846 0.0
604 38.46153846153846 0.0
605 38.46153846153846 0.0
606 34.61538461538461 0.0
607 30.76923076923077 0.0
608 50.0 0.0
609 38.46153846153846 0.0
610 26.923076923076923 0.0
611 26.923076923076923 0.0
612 26.923076923076923 0.0
613 34.61538461538461 0.0
614 26.923076923076923 0.0
615 34.61538461538461 0.0
616 34.61538461538461 0.0
617 30.76923076923077 0.0
618 42.30769230769231 0.0
619 46.15384615384615 0.0
620 42.30769230769231 0.0
621 50.0 0.0
622 42.30769230769231 0.0
623 42.30769230769231 0.0
624 38.46153846153846 0.0
625 42.30769230769231 0.0
626 46.15384615384615 0.0
627 46.15384615384615 0.0
628 50.0 0.0
629 53.84615384615385 0.0
630 61.53846153846154 0.0
631 53.84615384615385 0.0
632 50.0 0.0
633 53.84615384615385 0.0
634 50.0 0.0
635 46.15384615384615 0.0
636 42.30769230769231 0.0
637 50.0 0.0
638 50.0 0.0
639 42.30769230769231 0.0
640 42.30769230769231 0.0
641 46.15384615384615 0.0
642 53.84615384615385 0.0
643 42.30769230769231 0.0
644 53.84615384615385 0.0
645 46.15384615384615 0.0
646 34.61538461538461 0.0
647 42.30769230769231 0.0
648 46.15384615384615 0.0
649 34.61538461538461 0.0
650 38.46153846153846 0.0
651 38.46153846153846 0.0
652 38.46153846153846 0.0
653 42.30769230769231 0.0
654 30.76923076923077 0.0
655 30.76923076923077 0.0
656 30.76923076923077 0.0
657 42.30769230769231 0.0
658 38.46153846153846 0.0
659 38.46153846153846 0.0
660 38.46153846153846 0.0
661 42.30769230769231 0.0
662 30.76923076923077 0.0
663 34.61538461538461 0.0
664 34.61538461538461 0.0
665 34.61538461538461 0.0
666 46.15384615384615 0.0
667 30.76923076923077 0.0
668 30.76923076923077 0.0
669 38.46153846153846 0.0
670 34.61538461538461 0.0
671 46.15384615384615 0.0
672 34.61538461538461 0.0
673 38.46153846153846 0.0
674 38.46153846153846 0.0
675 38.46153846153846 0.0
676 38.46153846153846 0.0
677 34.61538461538461 0.0
678 30.76923076923077 0.0
679 23.076923076923077 0.0
680 23.076923076923077 0.0
681 23.076923076923077 0.0
682 23.076923076923077 0.0
683 26.923076923076923 0.0
684 26.923076923076923 0.0
685 34.61538461538461 0.0
686 26.923076923076923 0.0
687 30.76923076923077 0.0
688 23.076923076923077 0.0
689 26.923076923076923 0.0
690 26.923076923076923 0.0
691 26.923076923076923 0.0
692 34.61538461538461 0.0
693 30.76923076923077 0.0
694 26.923076923076923 0.0
695 26.923076923076923 0.0
696 30.76923076923077 0.0
697 23.076923076923077 0.0
698 30.76923076923077 0.0
699 38.46153846153846 0.0
700 34.61538461538461 0.0
701 30.76923076923077 0.0
702 50.0 0.0
703 30.76923076923077 0.0
704 38.46153846153846 0.0
705 34.61538461538461 0.0
706 46.15384615384615 0.0
707 38.46153846153846 0.0
708 42.30769230769231 0.0
709 38.46153846153846 0.0
710 30.76923076923077 0.0
711 30.76923076923077 0.0
712 30.76923076923077 0.0
713 30.76923076923077 0.0
714 34.61538461538461 0.0
715 38.46153846153846 0.0
716 30.76923076923077 0.0
717 15.384615384615385 0.0
718 30.76923076923077 0.0
719 23.076923076923077 0.0
720 30.76923076923077 0.0
721 34.61538461538461 0.0
722 23.076923076923077 0.0
723 26.923076923076923 0.0
724 26.923076923076923 0.0
725 23.076923076923077 0.0
726 15.384615384615385 0.0
727 15.384615384615385 0.0
728 23.076923076923077 0.0
729 23.076923076923077 0.0
730 15.384615384615385 0.0
731 26.923076923076923 0.0
732 26.923076923076923 0.0
733 23.076923076923077 0.0
734 30.76923076923077 0.0
735 23.076923076923077 0.0
736 19.23076923076923 0.0
737 23.076923076923077 0.0
738 23.076923076923077 0.0
739 26.923076923076923 0.0
740 26.923076923076923 0.0
741 34.61538461538461 0.0
742 23.076923076923077 0.0
743 34.61538461538461 0.0
744 23.076923076923077 0.0
745 11.538461538461538 0.0
746 19.23076923076923 0.0
747 34.61538461538461 0.0
748 19.23076923076923 0.0
749 38.46153846153846 0.0
750 34.61538461538461 0.0
751 42.30769230769231 0.0
752 38.46153846153846 0.0
753 34.61538461538461 0.0
754 26.923076923076923 0.0
755 30.76923076923077 0.0
756 34.61538461538461 0.0
757 34.61538461538461 0.0
758 34.61538461538461 0.0
759 23.076923076923077 0.0
760 23.076923076923077 0.0
761 19.23076923076923 0.0
762 11.538461538461538 0.0
763 30.76923076923077 0.0
764 38.46153846153846 0.0
765 30.76923076923077 0.0
766 23.076923076923077 0.0
767 30.76923076923077 0.0
768 34.61538461538461 0.0
769 34.61538461538461 0.0
770 38.46153846153846 0.0
771 38.46153846153846 0.0
772 34.61538461538461 0.0
773 30.76923076923077 0.0
774 30.76923076923077 0.0
775 46.15384615384615 0.0
776 38.46153846153846 0.0
777 38.46153846153846 0.0
778 38.46153846153846 0.0
779 38.46153846153846 0.0
780 42.30769230769231 0.0
781 30.76923076923077 0.0
782 50.0 0.0
783 42.30769230769231 0.0
784 30.76923076923077 0.0
785 38.46153846153846 0.0
786 46.15384615384615 0.0
787 34.61538461538461 0.0
788 42.30769230769231 0.0
789 46.15384615384615 0.0
790 34.61538461538461 0.0
791 46.15384615384615 0.0
792 53.84615384615385 0.0
793 46.15384615384615 0.0
794 42.30769230769231 0.0
795 38.46153846153846 0.0
796 38.46153846153846 0.0
797 46.15384615384615 0.0
798 34.61538461538461 0.0
799 38.46153846153846 0.0
800 34.61538461538461 0.0
801 38.46153846153846 0.0
802 38.46153846153846 0.0
803 30.76923076923077 0.0
804 46.15384615384615 0.0
805 46.15384615384615 0.0
806 30.76923076923077 0.0
807 38.46153846153846 0.0
808 38.46153846153846 0.0
809 53.84615384615385 0.0
810 42.30769230769231 0.0
811 38.46153846153846 0.0
812 46.15384615384615 0.0
813 38.46153846153846 0.0
814 53.84615384615385 0.0
815 46.15384615384615 0.0
816 38.46153846153846 0.0
817 42.30769230769231 0.0
818 50.0 0.0
819 57.69230769230769 0.0
820 50.0 0.0
821 46.15384615384615 0.0
822 50.0 0.0
823 38.46153846153846 0.0
824 42.30769230769231 0.0
825 38.46153846153846 0.0
826 38.46153846153846 0.0
827 50.0 0.0
828 46.15384615384615 0.0
829 53.84615384615385 0.0
830 53.84615384615385 0.0
831 46.15384615384615 0.0
832 34.61538461538461 0.0
833 26.923076923076923 0.0
834 46.15384615384615 0.0
835 46.15384615384615 0.0
836 38.46153846153846 0.0
837 38.46153846153846 0.0
838 30.76923076923077 0.0
839 42.30769230769231 0.0
840 23.076923076923077 0.0
841 23.076923076923077 0.0
842 42.30769230769231 0.0
843 30.76923076923077 0.0
844 34.61538461538461 0.0
845 34.61538461538461 0.0
846 34.61538461538461 0.0
847 34.61538461538461 0.0
848 30.76923076923077 0.0
849 30.76923076923077 0.0
850 34.61538461538461 0.0
851 34.61538461538461 0.0
852 26.923076923076923 0.0
853 34.61538461538461 0.0
854 30.76923076923077 0.0
855 34.61538461538461 0.0
856 34.61538461538461 0.0
857 26.923076923076923 0.0
858 30.76923076923077 0.0
859 26.923076923076923 0.0
860 30.76923076923077 0.0
861 23.076923076923077 0.0
862 38.46153846153846 0.0
863 30.76923076923077 0.0
864 34.61538461538461 0.0
865 26.923076923076923 0.0
866 34.61538461538461 0.0
867 30.76923076923077 0.0
868 34.61538461538461 0.0
869 42.30769230769231 0.0
870 30.76923076923077 0.0
871 26.923076923076923 0.0
872 34.61538461538461 0.0
873 42.30769230769231 0.0
874 30.76923076923077 0.0
875 34.61538461538461 0.0
876 30.76923076923077 0.0
877 38.46153846153846 0.0
878 26.923076923076923 0.0
879 38.46153846153846 0.0
880 34.61538461538461 0.0
881 34.61538461538461 0.0
882 26.923076923076923 0.0
883 30.76923076923077 0.0
884 34.61538461538461 0.0
885 30.76923076923077 0.0
886 19.23076923076923 0.0
887 26.923076923076923 0.0
888 26.923076923076923 0.0
889 23.076923076923077 0.0
890 34.61538461538461 0.0
891 19.23076923076923 0.0
892 23.076923076923077 0.0
893 38.46153846153846 0.0
894 30.76923076923077 0.0
895 38.46153846153846 0.0
896 30.76923076923077 0.0
897 50.0 0.0
898 42.30769230769231 0.0
899 38.46153846153846 0.0
900 46.15384615384615 0.0
901 42.30769230769231 0.0
902 38.46153846153846 0.0
903 50.0 0.0
904 26.923076923076923 0.0
905 38.46153846153846 0.0
906 42.30769230769231 0.0
907 19.23076923076923 0.0
908 23.076923076923077 0.0
909 38.46153846153846 0.0
910 26.923076923076923 0.0
911 42.30769230769231 0.0
912 19.23076923076923 0.0
913 26.923076923076923 0.0
914 53.84615384615385 0.0
915 61.53846153846154 0.0
916 65.38461538461539 0.0
917 38.46153846153846 0.0
918 42.30769230769231 0.0
919 30.76923076923077 0.0
920 26.923076923076923 0.0
921 42.30769230769231 0.0
922 57.69230769230769 0.0
923 42.30769230769231 0.0
924 38.46153846153846 0.0
925 46.15384615384615 0.0
926 50.0 0.0
927 38.46153846153846 0.0
928 57.69230769230769 0.0
929 50.0 0.0
930 53.84615384615385 0.0
931 69.23076923076923 0.0
932 57.69230769230769 0.0
933 38.46153846153846 0.0
934 30.76923076923077 0.0
935 46.15384615384615 0.0
936 26.923076923076923 0.0
937 38.46153846153846 0.0
938 38.46153846153846 0.0
939 34.61538461538461 0.0
940 23.076923076923077 0.0
941 34.61538461538461 0.0
942 42.30769230769231 0.0
943 38.46153846153846 0.0
944 30.76923076923077 0.0
945 15.384615384615385 0.0
946 34.61538461538461 0.0
947 30.76923076923077 0.0
948 30.76923076923077 0.0
949 38.46153846153846 0.0
950 42.30769230769231 0.0
951 50.0 0.0
952 57.69230769230769 0.0
953 38.46153846153846 0.0
954 50.0 0.0
955 26.923076923076923 0.0
956 38.46153846153846 0.0
957 34.61538461538461 0.0
958 53.84615384615385 0.0
959 26.923076923076923 0.0
960 30.76923076923077 0.0
961 38.46153846153846 0.0
962 38.46153846153846 0.0
963 42.30769230769231 0.0
964 46.15384615384615 0.0
965 42.30769230769231 0.0
966 38.46153846153846 0.0
967 34.61538461538461 0.0
968 34.61538461538461 0.0
969 34.61538461538461 0.0
970 38.46153846153846 0.0
971 30.76923076923077 0.0
972 19.23076923076923 0.0
973 42.30769230769231 0.0
974 42.30769230769231 0.0
975 46.15384615384615 0.0
976 26.923076923076923 0.0
977 42.30769230769231 0.0
978 38.46153846153846 0.0
979 46.15384615384615 0.0
980 53.84615384615385 0.0
981 50.0 0.0
982 42.30769230769231 0.0
983 50.0 0.0
984 34.61538461538461 0.0
985 34.61538461538461 0.0
986 38.46153846153846 0.0
987 46.15384615384615 0.0
988 53.84615384615385 0.0
989 46.15384615384615 0.0
990 50.0 0.0
991 53.84615384615385 0.0
992 50.0 0.0
993 57.69230769230769 0.0
994 50.0 0.0
995 50.0 0.0
996 61.53846153846154 0.0
997 57.69230769230769 0.0
998 42.30769230769231 0.0
999 61.53846153846154 0.0
