#resid average_duration max_duration persistent_contacts
1 8.220930232558139 87 86
10 8.548387096774194 65 155
11 7.115702479338843 60 121
12 4.688172043010753 23 93
13 8.310077519379846 75 129
14 7.034013605442177 50 147
15 7.74015748031496 85 127
16 6.5568862275449105 57 167
17 8.071428571428571 110 154
18 5.842424242424243 75 165
19 6.794392523364486 42 107
2 6.919254658385094 42 161
20 6.342105263157895 45 152
21 7.3546099290780145 62 141
22 7.493150684931507 87 146
23 8.841463414634147 145 82
24 7.020833333333333 62 96
25 8.261627906976743 85 172
26 7.121951219512195 56 123
3 7.32258064516129 38 124
4 6.859756097560975 44 164
5 8.392265193370166 110 181
6 8.508928571428571 50 112
7 8.88888888888889 145 90
8 7.379888268156424 64 179
9 6.69811320754717 35 106
#TOTAL_CONTACTS 14733 for 1000 frames
