#resid average_duration max_duration persistent_contacts
1 6.483606557377049 35 122
10 6.256756756756757 54 74
11 8.103896103896103 77 154
12 5.705479452054795 44 146
13 7.056818181818182 55 88
14 7.895104895104895 68 143
15 11.068965517241379 43 58
16 7.346153846153846 44 130
17 8.670731707317072 55 82
18 8.550802139037433 74 187
19 7.044117647058823 51 136
2 6.6422018348623855 51 109
20 6.509677419354839 51 155
21 5.482352941176471 45 170
22 6.94017094017094 49 234
23 8.258064516129032 54 93
24 7.097560975609756 49 123
25 8.25 74 176
26 7.58125 82 160
3 7.079545454545454 43 176
4 6.138461538461539 36 65
5 8.605095541401274 51 157
6 8.140350877192983 55 114
7 6.8052631578947365 77 190
8 7.737556561085973 82 221
9 6.049689440993789 41 161
#TOTAL_CONTACTS 15205 for 1000 frames
