#resid average_duration max_duration persistent_contacts
1 5.96039603960396 121 101
10 7.18716577540107 63 187
11 8.345070422535212 77 142
12 6.626984126984127 49 126
13 5.5125 67 80
14 8.275862068965518 73 116
15 6.380116959064328 86 171
16 7.350364963503649 44 137
17 6.469135802469136 66 162
18 7.984848484848484 69 66
19 6.2164179104477615 47 134
2 6.032608695652174 48 92
20 9.0625 90 64
21 7.786163522012578 75 159
22 5.783018867924528 49 106
23 7.120218579234972 38 183
24 7.480582524271845 86 206
25 7.757281553398058 52 103
26 7.801047120418848 73 191
3 6.179775280898877 52 89
4 7.387596899224806 75 129
5 7.678362573099415 121 171
6 7.530434782608696 63 115
7 6.834254143646409 77 181
8 7.303225806451613 90 155
9 7.590909090909091 52 154
#TOTAL_CONTACTS 14676 for 1000 frames
