#resid average_duration max_duration persistent_contacts
1 8.536764705882353 71 136
10 5.8431372549019605 35 153
11 7.916666666666667 153 144
12 7.408 59 125
13 7.447619047619048 58 105
14 6.176470588235294 39 153
15 6.014705882352941 55 68
16 8.811111111111112 153 90
17 6.277027027027027 36 148
18 8.053333333333333 57 150
19 6.372093023255814 45 172
2 7.341584158415841 71 202
20 6.1438356164383565 55 146
21 5.937106918238993 72 159
22 6.808333333333334 68 120
23 6.333333333333333 43 204
24 6.359712230215828 26 139
25 7.2956521739130435 44 115
26 7.798780487804878 50 164
3 5.854304635761589 55 151
4 7.28125 59 192
5 8.045454545454545 54 220
6 7.078740157480315 42 127
7 7.706896551724138 72 116
8 7.226415094339623 58 159
9 7.469387755102041 68 196
#TOTAL_CONTACTS 15574 for 1000 frames
