#resid average_duration max_duration persistent_contacts
1 8.65925925925926 81 135
10 6.784313725490196 59 153
11 6.35064935064935 47 154
12 10.669354838709678 100 124
13 7.816793893129771 56 131
14 7.360902255639098 45 133
15 7.040983606557377 43 122
16 6.168141592920354 50 113
17 8.150442477876107 58 113
18 8.930434782608696 105 115
19 8.078947368421053 100 76
2 7.627737226277373 56 137
20 6.734463276836158 53 177
21 7.656716417910448 48 134
22 6.518867924528302 58 106
23 7.618421052631579 59 76
24 8.755905511811024 79 127
25 7.2835820895522385 51 67
26 6.932203389830509 56 177
3 7.044871794871795 50 156
4 6.445945945945946 40 148
5 6.666666666666667 39 96
6 5.861635220125786 56 159
7 6.891891891891892 52 111
8 10.59016393442623 105 122
9 6.246268656716418 42 134
#TOTAL_CONTACTS 14199 for 1000 frames
