#resid average_duration max_duration persistent_contacts
1 9.365591397849462 134 93
10 7.837398373983739 67 123
11 7.179012345679013 96 162
12 6.434210526315789 48 76
13 9.1375 96 80
14 7.778688524590164 66 122
15 6.625 152 128
16 6.510489510489511 66 143
17 6.675 27 40
18 8.55084745762712 134 118
19 6.977611940298507 68 134
2 8.015151515151516 87 132
20 6.372881355932203 35 177
21 6.515625 42 128
22 7.453846153846154 53 130
23 7.032258064516129 66 93
24 8.279411764705882 152 136
25 8.330097087378642 68 103
26 6.3841059602649 38 151
3 6.751677852348993 33 149
4 7.728323699421965 51 173
5 9.47 52 100
6 8.1 71 90
7 7.521739130434782 52 92
8 7.5 66 48
9 6.430656934306569 39 137
#TOTAL_CONTACTS 13004 for 1000 frames
