#resid average_duration max_duration persistent_contacts
1 6.488549618320611 48 131
10 5.917293233082707 33 133
11 6.974522292993631 104 157
12 6.566371681415929 46 113
13 8.561290322580644 91 155
14 7.314814814814815 48 108
15 5.721739130434782 104 115
16 7.772277227722772 82 101
17 6.208955223880597 32 134
18 5.877697841726619 25 139
19 8.612068965517242 82 116
2 7.149171270718232 52 181
20 6.434065934065934 38 182
21 10.710144927536232 91 69
22 6.566666666666666 44 90
23 9.403508771929825 73 114
24 7.54140127388535 49 157
25 6.171052631578948 73 152
26 8.328 82 125
3 6.305555555555555 49 72
4 5.0344827586206895 25 58
5 6.018518518518518 40 108
6 6.737288135593221 44 118
7 7.954545454545454 49 110
8 6.045751633986928 52 153
9 6.735537190082645 44 121
#TOTAL_CONTACTS 13012 for 1000 frames
