#resid average_duration max_duration persistent_contacts
1 16.428571428571427 39 7
10 5.916666666666667 23 12
11 7.083333333333333 22 12
12 9.375 22 8
13 4.4 34 40
14 5.0 16 12
15 8.263157894736842 50 19
16 5.6 16 20
17 10.45 50 20
18 2.75 4 8
19 4.0 7 4
2 3.3636363636363638 8 11
20 5.666666666666667 31 12
21 9.222222222222221 54 9
22 7.03125 34 32
23 3.6666666666666665 7 3
24 6.909090909090909 25 11
25 5.407407407407407 14 27
26 10.0 19 4
3 6.333333333333333 16 9
4 9.928571428571429 47 14
5 3.5454545454545454 8 11
6 11.727272727272727 39 11
7 7.565217391304348 31 23
8 10.588235294117647 47 17
9 12.0 54 6
#TOTAL_CONTACTS 1456 for 100 frames
