#resid average_duration max_duration persistent_contacts
1 6.370558375634518 86 1970
10 6.139828080229226 96 1745
11 6.075697211155378 112 1757
12 6.347198151357596 95 1731
13 6.54441416893733 76 1835
14 6.882183908045977 119 1740
15 6.359351241763812 74 1973
16 7.037250786988458 135 1906
17 6.227642276422764 90 2091
18 6.001727115716753 150 1737
19 6.425609123898393 86 1929
2 6.340563991323211 96 1844
20 6.531704781704781 94 1924
21 5.933536276002029 108 1971
22 6.44408201304753 85 2146
23 6.276259866423801 119 1647
24 6.356781376518219 65 1976
25 6.7971473851030115 86 1893
26 6.341389728096677 104 1986
3 6.565925122083559 112 1843
4 6.135525660189337 150 2007
5 6.527403846153846 81 2080
6 6.44331550802139 135 1870
7 6.624541164132145 113 1907
8 6.475159862272504 110 2033
9 6.601503759398496 114 1995
#TOTAL_CONTACTS 185807 for 10100 frames
