#resid average_duration max_duration persistent_contacts
1 6.30614973262032 60 2244
10 6.702689243027889 116 2008
11 6.619179600886918 133 1804
12 6.329738058551618 88 1947
13 6.067588325652841 210 1953
14 6.59841075794621 107 1636
15 6.143538135593221 114 1888
16 6.54397705544933 115 2092
17 6.134116495349976 83 2043
18 6.351394849785407 115 1864
19 6.51598773543583 65 2283
2 6.180270405608413 75 1997
20 6.718181818181818 114 660
21 6.4580976863753214 89 1945
22 6.146733111849391 133 1806
23 6.177859391395593 210 1906
24 6.339477726574501 76 1953
25 6.887760857304005 98 1773
26 5.9449677739216655 127 2017
3 5.922915574200315 127 1907
4 6.76010498687664 69 1905
5 6.267123287671233 114 2044
6 6.732793522267206 114 2223
7 6.798218029350105 83 1908
8 6.490835030549898 88 1964
9 6.495227995758219 113 1886
#TOTAL_CONTACTS 186031 for 10100 frames
