#resid average_duration max_duration persistent_contacts
1 6.270606531881804 39 643
10 6.8538899430740035 100 527
11 6.76410998552822 42 691
12 6.699680511182109 227 626
13 6.830374753451676 227 507
14 6.811746987951807 42 664
15 6.745588235294117 48 680
16 6.450643776824034 50 466
17 6.982758620689655 62 406
18 7.938689217758985 100 473
19 6.707826086956522 60 575
2 7.291666666666667 63 480
20 6.985207100591716 60 676
21 7.533575317604356 119 551
22 6.906779661016949 43 590
23 7.385438972162741 63 467
24 7.9960079840319365 119 501
25 6.6716417910447765 52 536
26 6.718965517241379 61 580
3 6.825426944971537 42 527
4 6.981937602627258 70 609
5 6.400293255131965 41 682
6 6.590342679127726 48 642
7 6.755952380952381 70 504
8 7.1830443159922925 62 519
9 6.566951566951567 42 702
#TOTAL_CONTACTS 56295 for 10100 frames
