#frame monomers_% popc_isolated_%
0 76.92307692307692 0.0
1 84.61538461538461 0.0
2 84.61538461538461 0.0
3 92.3076923076923 0.0
4 76.92307692307692 0.0
5 76.92307692307692 0.0
6 73.07692307692308 0.0
7 65.38461538461539 0.0
8 57.69230769230769 0.0
9 65.38461538461539 0.0
10 69.23076923076923 0.0
11 69.23076923076923 0.0
12 69.23076923076923 0.0
13 65.38461538461539 0.0
14 69.23076923076923 0.0
15 76.92307692307692 0.0
16 80.76923076923077 0.0
17 76.92307692307692 0.0
18 92.3076923076923 0.0
19 92.3076923076923 0.0
20 92.3076923076923 0.0
21 100.0 0.0
22 84.61538461538461 0.0
23 76.92307692307692 0.0
24 73.07692307692308 0.0
25 76.92307692307692 0.0
26 88.46153846153847 0.0
27 84.61538461538461 0.0
28 88.46153846153847 0.0
29 84.61538461538461 0.0
30 80.76923076923077 0.0
31 88.46153846153847 0.0
32 76.92307692307692 0.0
33 84.61538461538461 0.0
34 92.3076923076923 0.0
35 84.61538461538461 0.0
36 80.76923076923077 0.0
37 100.0 0.0
38 80.76923076923077 0.0
39 88.46153846153847 0.0
40 92.3076923076923 0.0
41 84.61538461538461 0.0
42 84.61538461538461 0.0
43 92.3076923076923 0.0
44 100.0 0.0
45 76.92307692307692 0.0
46 92.3076923076923 0.0
47 84.61538461538461 0.0
48 92.3076923076923 0.0
49 76.92307692307692 0.0
50 84.61538461538461 0.0
51 92.3076923076923 0.0
52 76.92307692307692 0.0
53 92.3076923076923 0.0
54 92.3076923076923 0.0
55 92.3076923076923 0.0
56 92.3076923076923 0.0
57 100.0 0.0
58 100.0 0.0
59 73.07692307692308 0.0
60 73.07692307692308 0.0
61 84.61538461538461 0.0
62 84.61538461538461 0.0
63 84.61538461538461 0.0
64 84.61538461538461 0.0
65 80.76923076923077 0.0
66 80.76923076923077 0.0
67 84.61538461538461 0.0
68 92.3076923076923 0.0
69 84.61538461538461 0.0
70 84.61538461538461 0.0
71 76.92307692307692 0.0
72 92.3076923076923 0.0
73 84.61538461538461 0.0
74 92.3076923076923 0.0
75 92.3076923076923 0.0
76 92.3076923076923 0.0
77 92.3076923076923 0.0
78 92.3076923076923 0.0
79 92.3076923076923 0.0
80 88.46153846153847 0.0
81 76.92307692307692 0.0
82 80.76923076923077 0.0
83 84.61538461538461 0.0
84 84.61538461538461 0.0
85 76.92307692307692 0.0
86 84.61538461538461 0.0
87 80.76923076923077 0.0
88 84.61538461538461 0.0
89 100.0 0.0
90 92.3076923076923 0.0
91 100.0 0.0
92 92.3076923076923 0.0
93 80.76923076923077 0.0
94 100.0 0.0
95 92.3076923076923 0.0
96 92.3076923076923 0.0
97 92.3076923076923 0.0
98 88.46153846153847 0.0
99 84.61538461538461 0.0
100 92.3076923076923 0.0
101 84.61538461538461 0.0
102 84.61538461538461 0.0
103 92.3076923076923 0.0
104 76.92307692307692 0.0
105 76.92307692307692 0.0
106 92.3076923076923 0.0
107 92.3076923076923 0.0
108 92.3076923076923 0.0
109 92.3076923076923 0.0
110 100.0 0.0
111 100.0 0.0
112 84.61538461538461 0.0
113 92.3076923076923 0.0
114 84.61538461538461 0.0
115 76.92307692307692 0.0
116 76.92307692307692 0.0
117 92.3076923076923 0.0
118 92.3076923076923 0.0
119 84.61538461538461 0.0
120 92.3076923076923 0.0
121 84.61538461538461 0.0
122 76.92307692307692 0.0
123 80.76923076923077 0.0
124 80.76923076923077 0.0
125 76.92307692307692 0.0
126 84.61538461538461 0.0
127 84.61538461538461 0.0
128 76.92307692307692 0.0
129 92.3076923076923 0.0
130 88.46153846153847 0.0
131 92.3076923076923 0.0
132 80.76923076923077 0.0
133 88.46153846153847 0.0
134 88.46153846153847 0.0
135 92.3076923076923 0.0
136 88.46153846153847 0.0
137 84.61538461538461 0.0
138 100.0 0.0
139 92.3076923076923 0.0
140 100.0 0.0
141 92.3076923076923 0.0
142 100.0 0.0
143 100.0 0.0
144 92.3076923076923 0.0
145 100.0 0.0
146 84.61538461538461 0.0
147 76.92307692307692 0.0
148 84.61538461538461 0.0
149 84.61538461538461 0.0
150 92.3076923076923 0.0
151 92.3076923076923 0.0
152 80.76923076923077 0.0
153 100.0 0.0
154 84.61538461538461 0.0
155 100.0 0.0
156 100.0 0.0
157 84.61538461538461 0.0
158 100.0 0.0
159 100.0 0.0
160 92.3076923076923 0.0
161 100.0 0.0
162 100.0 0.0
163 100.0 0.0
164 92.3076923076923 0.0
165 84.61538461538461 0.0
166 92.3076923076923 0.0
167 76.92307692307692 0.0
168 84.61538461538461 0.0
169 76.92307692307692 0.0
170 84.61538461538461 0.0
171 84.61538461538461 0.0
172 92.3076923076923 0.0
173 73.07692307692308 0.0
174 92.3076923076923 0.0
175 73.07692307692308 0.0
176 80.76923076923077 0.0
177 69.23076923076923 0.0
178 84.61538461538461 0.0
179 76.92307692307692 0.0
180 84.61538461538461 0.0
181 92.3076923076923 0.0
182 76.92307692307692 0.0
183 84.61538461538461 0.0
184 80.76923076923077 0.0
185 84.61538461538461 0.0
186 69.23076923076923 0.0
187 76.92307692307692 0.0
188 76.92307692307692 0.0
189 84.61538461538461 0.0
190 80.76923076923077 0.0
191 73.07692307692308 0.0
192 100.0 0.0
193 84.61538461538461 0.0
194 76.92307692307692 0.0
195 92.3076923076923 0.0
196 76.92307692307692 0.0
197 73.07692307692308 0.0
198 84.61538461538461 0.0
199 76.92307692307692 0.0
200 92.3076923076923 0.0
201 84.61538461538461 0.0
202 76.92307692307692 0.0
203 76.92307692307692 0.0
204 69.23076923076923 0.0
205 65.38461538461539 0.0
206 53.84615384615385 0.0
207 34.61538461538461 0.0
208 61.53846153846154 0.0
209 76.92307692307692 0.0
210 61.53846153846154 0.0
211 61.53846153846154 0.0
212 61.53846153846154 0.0
213 61.53846153846154 0.0
214 61.53846153846154 0.0
215 84.61538461538461 0.0
216 61.53846153846154 0.0
217 76.92307692307692 0.0
218 76.92307692307692 0.0
219 65.38461538461539 0.0
220 76.92307692307692 0.0
221 76.92307692307692 0.0
222 76.92307692307692 0.0
223 65.38461538461539 0.0
224 84.61538461538461 0.0
225 73.07692307692308 0.0
226 69.23076923076923 0.0
227 57.69230769230769 0.0
228 61.53846153846154 0.0
229 76.92307692307692 0.0
230 84.61538461538461 0.0
231 73.07692307692308 0.0
232 76.92307692307692 0.0
233 76.92307692307692 0.0
234 100.0 0.0
235 84.61538461538461 0.0
236 80.76923076923077 0.0
237 69.23076923076923 0.0
238 76.92307692307692 0.0
239 92.3076923076923 0.0
240 92.3076923076923 0.0
241 84.61538461538461 0.0
242 84.61538461538461 0.0
243 80.76923076923077 0.0
244 88.46153846153847 0.0
245 92.3076923076923 0.0
246 92.3076923076923 0.0
247 92.3076923076923 0.0
248 100.0 0.0
249 100.0 0.0
250 100.0 0.0
251 92.3076923076923 0.0
252 92.3076923076923 0.0
253 92.3076923076923 0.0
254 84.61538461538461 0.0
255 100.0 0.0
256 100.0 0.0
257 92.3076923076923 0.0
258 92.3076923076923 0.0
259 100.0 0.0
260 92.3076923076923 0.0
261 76.92307692307692 0.0
262 84.61538461538461 0.0
263 69.23076923076923 0.0
264 76.92307692307692 0.0
265 84.61538461538461 0.0
266 84.61538461538461 0.0
267 92.3076923076923 0.0
268 100.0 0.0
269 84.61538461538461 0.0
270 92.3076923076923 0.0
271 84.61538461538461 0.0
272 100.0 0.0
273 92.3076923076923 0.0
274 100.0 0.0
275 100.0 0.0
276 92.3076923076923 0.0
277 92.3076923076923 0.0
278 92.3076923076923 0.0
279 92.3076923076923 0.0
280 100.0 0.0
281 100.0 0.0
282 100.0 0.0
283 100.0 0.0
284 84.61538461538461 0.0
285 92.3076923076923 0.0
286 100.0 0.0
287 100.0 0.0
288 100.0 0.0
289 100.0 0.0
290 92.3076923076923 0.0
291 92.3076923076923 0.0
292 84.61538461538461 0.0
293 92.3076923076923 0.0
294 84.61538461538461 0.0
295 84.61538461538461 0.0
296 84.61538461538461 0.0
297 84.61538461538461 0.0
298 100.0 0.0
299 92.3076923076923 0.0
300 100.0 0.0
301 92.3076923076923 0.0
302 92.3076923076923 0.0
303 100.0 0.0
304 100.0 0.0
305 100.0 0.0
306 100.0 0.0
307 100.0 0.0
308 92.3076923076923 0.0
309 84.61538461538461 0.0
310 84.61538461538461 0.0
311 100.0 0.0
312 100.0 0.0
313 100.0 0.0
314 100.0 0.0
315 84.61538461538461 0.0
316 92.3076923076923 0.0
317 76.92307692307692 0.0
318 84.61538461538461 0.0
319 76.92307692307692 0.0
320 76.92307692307692 0.0
321 76.92307692307692 0.0
322 92.3076923076923 0.0
323 84.61538461538461 0.0
324 92.3076923076923 0.0
325 84.61538461538461 0.0
326 92.3076923076923 0.0
327 69.23076923076923 0.0
328 76.92307692307692 0.0
329 69.23076923076923 0.0
330 69.23076923076923 0.0
331 76.92307692307692 0.0
332 84.61538461538461 0.0
333 84.61538461538461 0.0
334 92.3076923076923 0.0
335 76.92307692307692 0.0
336 76.92307692307692 0.0
337 84.61538461538461 0.0
338 92.3076923076923 0.0
339 100.0 0.0
340 92.3076923076923 0.0
341 84.61538461538461 0.0
342 84.61538461538461 0.0
343 69.23076923076923 0.0
344 57.69230769230769 0.0
345 65.38461538461539 0.0
346 73.07692307692308 0.0
347 76.92307692307692 0.0
348 69.23076923076923 0.0
349 65.38461538461539 0.0
350 84.61538461538461 0.0
351 88.46153846153847 0.0
352 84.61538461538461 0.0
353 84.61538461538461 0.0
354 84.61538461538461 0.0
355 92.3076923076923 0.0
356 80.76923076923077 0.0
357 84.61538461538461 0.0
358 88.46153846153847 0.0
359 84.61538461538461 0.0
360 88.46153846153847 0.0
361 84.61538461538461 0.0
362 92.3076923076923 0.0
363 76.92307692307692 0.0
364 80.76923076923077 0.0
365 84.61538461538461 0.0
366 73.07692307692308 0.0
367 69.23076923076923 0.0
368 69.23076923076923 0.0
369 76.92307692307692 0.0
370 92.3076923076923 0.0
371 76.92307692307692 0.0
372 92.3076923076923 0.0
373 92.3076923076923 0.0
374 92.3076923076923 0.0
375 92.3076923076923 0.0
376 88.46153846153847 0.0
377 88.46153846153847 0.0
378 80.76923076923077 0.0
379 88.46153846153847 0.0
380 92.3076923076923 0.0
381 76.92307692307692 0.0
382 84.61538461538461 0.0
383 84.61538461538461 0.0
384 84.61538461538461 0.0
385 84.61538461538461 0.0
386 92.3076923076923 0.0
387 92.3076923076923 0.0
388 92.3076923076923 0.0
389 92.3076923076923 0.0
390 84.61538461538461 0.0
391 84.61538461538461 0.0
392 100.0 0.0
393 92.3076923076923 0.0
394 92.3076923076923 0.0
395 84.61538461538461 0.0
396 84.61538461538461 0.0
397 84.61538461538461 0.0
398 84.61538461538461 0.0
399 84.61538461538461 0.0
400 84.61538461538461 0.0
401 92.3076923076923 0.0
402 100.0 0.0
403 92.3076923076923 0.0
404 92.3076923076923 0.0
405 100.0 0.0
406 84.61538461538461 0.0
407 92.3076923076923 0.0
408 92.3076923076923 0.0
409 92.3076923076923 0.0
410 84.61538461538461 0.0
411 84.61538461538461 0.0
412 84.61538461538461 0.0
413 84.61538461538461 0.0
414 84.61538461538461 0.0
415 73.07692307692308 0.0
416 80.76923076923077 0.0
417 73.07692307692308 0.0
418 92.3076923076923 0.0
419 84.61538461538461 0.0
420 84.61538461538461 0.0
421 92.3076923076923 0.0
422 84.61538461538461 0.0
423 88.46153846153847 0.0
424 84.61538461538461 0.0
425 92.3076923076923 0.0
426 92.3076923076923 0.0
427 84.61538461538461 0.0
428 92.3076923076923 0.0
429 92.3076923076923 0.0
430 100.0 0.0
431 100.0 0.0
432 88.46153846153847 0.0
433 73.07692307692308 0.0
434 84.61538461538461 0.0
435 80.76923076923077 0.0
436 80.76923076923077 0.0
437 76.92307692307692 0.0
438 76.92307692307692 0.0
439 84.61538461538461 0.0
440 84.61538461538461 0.0
441 80.76923076923077 0.0
442 80.76923076923077 0.0
443 84.61538461538461 0.0
444 73.07692307692308 0.0
445 84.61538461538461 0.0
446 76.92307692307692 0.0
447 92.3076923076923 0.0
448 88.46153846153847 0.0
449 84.61538461538461 0.0
450 100.0 0.0
451 100.0 0.0
452 100.0 0.0
453 100.0 0.0
454 88.46153846153847 0.0
455 84.61538461538461 0.0
456 76.92307692307692 0.0
457 92.3076923076923 0.0
458 92.3076923076923 0.0
459 84.61538461538461 0.0
460 76.92307692307692 0.0
461 76.92307692307692 0.0
462 84.61538461538461 0.0
463 69.23076923076923 0.0
464 84.61538461538461 0.0
465 84.61538461538461 0.0
466 100.0 0.0
467 84.61538461538461 0.0
468 76.92307692307692 0.0
469 92.3076923076923 0.0
470 76.92307692307692 0.0
471 76.92307692307692 0.0
472 100.0 0.0
473 84.61538461538461 0.0
474 100.0 0.0
475 88.46153846153847 0.0
476 88.46153846153847 0.0
477 80.76923076923077 0.0
478 80.76923076923077 0.0
479 80.76923076923077 0.0
480 80.76923076923077 0.0
481 80.76923076923077 0.0
482 80.76923076923077 0.0
483 92.3076923076923 0.0
484 84.61538461538461 0.0
485 84.61538461538461 0.0
486 92.3076923076923 0.0
487 84.61538461538461 0.0
488 92.3076923076923 0.0
489 92.3076923076923 0.0
490 76.92307692307692 0.0
491 80.76923076923077 0.0
492 84.61538461538461 0.0
493 92.3076923076923 0.0
494 100.0 0.0
495 92.3076923076923 0.0
496 92.3076923076923 0.0
497 92.3076923076923 0.0
498 92.3076923076923 0.0
499 100.0 0.0
500 100.0 0.0
501 92.3076923076923 0.0
502 100.0 0.0
503 92.3076923076923 0.0
504 84.61538461538461 0.0
505 84.61538461538461 0.0
506 84.61538461538461 0.0
507 100.0 0.0
508 76.92307692307692 0.0
509 76.92307692307692 0.0
510 100.0 0.0
511 92.3076923076923 0.0
512 92.3076923076923 0.0
513 92.3076923076923 0.0
514 100.0 0.0
515 92.3076923076923 0.0
516 84.61538461538461 0.0
517 92.3076923076923 0.0
518 92.3076923076923 0.0
519 92.3076923076923 0.0
520 84.61538461538461 0.0
521 76.92307692307692 0.0
522 92.3076923076923 0.0
523 92.3076923076923 0.0
524 100.0 0.0
525 84.61538461538461 0.0
526 84.61538461538461 0.0
527 92.3076923076923 0.0
528 84.61538461538461 0.0
529 92.3076923076923 0.0
530 92.3076923076923 0.0
531 100.0 0.0
532 84.61538461538461 0.0
533 92.3076923076923 0.0
534 84.61538461538461 0.0
535 76.92307692307692 0.0
536 92.3076923076923 0.0
537 92.3076923076923 0.0
538 84.61538461538461 0.0
539 92.3076923076923 0.0
540 92.3076923076923 0.0
541 84.61538461538461 0.0
542 92.3076923076923 0.0
543 92.3076923076923 0.0
544 88.46153846153847 0.0
545 84.61538461538461 0.0
546 80.76923076923077 0.0
547 84.61538461538461 0.0
548 76.92307692307692 0.0
549 84.61538461538461 0.0
550 76.92307692307692 0.0
551 69.23076923076923 0.0
552 100.0 0.0
553 92.3076923076923 0.0
554 92.3076923076923 0.0
555 92.3076923076923 0.0
556 92.3076923076923 0.0
557 92.3076923076923 0.0
558 100.0 0.0
559 100.0 0.0
560 92.3076923076923 0.0
561 88.46153846153847 0.0
562 76.92307692307692 0.0
563 92.3076923076923 0.0
564 92.3076923076923 0.0
565 92.3076923076923 0.0
566 84.61538461538461 0.0
567 84.61538461538461 0.0
568 76.92307692307692 0.0
569 76.92307692307692 0.0
570 84.61538461538461 0.0
571 76.92307692307692 0.0
572 84.61538461538461 0.0
573 69.23076923076923 0.0
574 76.92307692307692 0.0
575 69.23076923076923 0.0
576 76.92307692307692 0.0
577 84.61538461538461 0.0
578 76.92307692307692 0.0
579 76.92307692307692 0.0
580 92.3076923076923 0.0
581 100.0 0.0
582 92.3076923076923 0.0
583 92.3076923076923 0.0
584 100.0 0.0
585 92.3076923076923 0.0
586 100.0 0.0
587 100.0 0.0
588 92.3076923076923 0.0
589 92.3076923076923 0.0
590 100.0 0.0
591 84.61538461538461 0.0
592 92.3076923076923 0.0
593 92.3076923076923 0.0
594 100.0 0.0
595 92.3076923076923 0.0
596 92.3076923076923 0.0
597 100.0 0.0
598 92.3076923076923 0.0
599 92.3076923076923 0.0
600 100.0 0.0
601 100.0 0.0
602 84.61538461538461 0.0
603 92.3076923076923 0.0
604 100.0 0.0
605 92.3076923076923 0.0
606 92.3076923076923 0.0
607 84.61538461538461 0.0
608 84.61538461538461 0.0
609 92.3076923076923 0.0
610 76.92307692307692 0.0
611 84.61538461538461 0.0
612 76.92307692307692 0.0
613 69.23076923076923 0.0
614 100.0 0.0
615 92.3076923076923 0.0
616 84.61538461538461 0.0
617 80.76923076923077 0.0
618 88.46153846153847 0.0
619 88.46153846153847 0.0
620 88.46153846153847 0.0
621 92.3076923076923 0.0
622 84.61538461538461 0.0
623 76.92307692307692 0.0
624 84.61538461538461 0.0
625 92.3076923076923 0.0
626 84.61538461538461 0.0
627 76.92307692307692 0.0
628 84.61538461538461 0.0
629 84.61538461538461 0.0
630 84.61538461538461 0.0
631 76.92307692307692 0.0
632 92.3076923076923 0.0
633 84.61538461538461 0.0
634 84.61538461538461 0.0
635 84.61538461538461 0.0
636 80.76923076923077 0.0
637 84.61538461538461 0.0
638 73.07692307692308 0.0
639 92.3076923076923 0.0
640 69.23076923076923 0.0
641 84.61538461538461 0.0
642 84.61538461538461 0.0
643 84.61538461538461 0.0
644 84.61538461538461 0.0
645 76.92307692307692 0.0
646 76.92307692307692 0.0
647 65.38461538461539 0.0
648 53.84615384615385 0.0
649 69.23076923076923 0.0
650 76.92307692307692 0.0
651 65.38461538461539 0.0
652 69.23076923076923 0.0
653 84.61538461538461 0.0
654 76.92307692307692 0.0
655 84.61538461538461 0.0
656 92.3076923076923 0.0
657 76.92307692307692 0.0
658 80.76923076923077 0.0
659 76.92307692307692 0.0
660 80.76923076923077 0.0
661 73.07692307692308 0.0
662 84.61538461538461 0.0
663 80.76923076923077 0.0
664 92.3076923076923 0.0
665 92.3076923076923 0.0
666 76.92307692307692 0.0
667 84.61538461538461 0.0
668 92.3076923076923 0.0
669 76.92307692307692 0.0
670 76.92307692307692 0.0
671 92.3076923076923 0.0
672 92.3076923076923 0.0
673 84.61538461538461 0.0
674 84.61538461538461 0.0
675 84.61538461538461 0.0
676 84.61538461538461 0.0
677 84.61538461538461 0.0
678 84.61538461538461 0.0
679 92.3076923076923 0.0
680 76.92307692307692 0.0
681 61.53846153846154 0.0
682 69.23076923076923 0.0
683 84.61538461538461 0.0
684 69.23076923076923 0.0
685 92.3076923076923 0.0
686 92.3076923076923 0.0
687 84.61538461538461 0.0
688 100.0 0.0
689 100.0 0.0
690 84.61538461538461 0.0
691 84.61538461538461 0.0
692 84.61538461538461 0.0
693 76.92307692307692 0.0
694 69.23076923076923 0.0
695 76.92307692307692 0.0
696 76.92307692307692 0.0
697 76.92307692307692 0.0
698 92.3076923076923 0.0
699 84.61538461538461 0.0
700 84.61538461538461 0.0
701 92.3076923076923 0.0
702 100.0 0.0
703 100.0 0.0
704 100.0 0.0
705 92.3076923076923 0.0
706 88.46153846153847 0.0
707 88.46153846153847 0.0
708 88.46153846153847 0.0
709 88.46153846153847 0.0
710 92.3076923076923 0.0
711 100.0 0.0
712 84.61538461538461 0.0
713 92.3076923076923 0.0
714 84.61538461538461 0.0
715 92.3076923076923 0.0
716 84.61538461538461 0.0
717 88.46153846153847 0.0
718 84.61538461538461 0.0
719 92.3076923076923 0.0
720 84.61538461538461 0.0
721 92.3076923076923 0.0
722 92.3076923076923 0.0
723 100.0 0.0
724 84.61538461538461 0.0
725 100.0 0.0
726 84.61538461538461 0.0
727 100.0 0.0
728 92.3076923076923 0.0
729 100.0 0.0
730 84.61538461538461 0.0
731 84.61538461538461 0.0
732 100.0 0.0
733 76.92307692307692 0.0
734 76.92307692307692 0.0
735 84.61538461538461 0.0
736 80.76923076923077 0.0
737 92.3076923076923 0.0
738 92.3076923076923 0.0
739 76.92307692307692 0.0
740 100.0 0.0
741 100.0 0.0
742 84.61538461538461 0.0
743 84.61538461538461 0.0
744 100.0 0.0
745 100.0 0.0
746 100.0 0.0
747 100.0 0.0
748 100.0 0.0
749 92.3076923076923 0.0
750 92.3076923076923 0.0
751 100.0 0.0
752 76.92307692307692 0.0
753 69.23076923076923 0.0
754 76.92307692307692 0.0
755 84.61538461538461 0.0
756 69.23076923076923 0.0
757 84.61538461538461 0.0
758 92.3076923076923 0.0
759 84.61538461538461 0.0
760 76.92307692307692 0.0
761 92.3076923076923 0.0
762 92.3076923076923 0.0
763 84.61538461538461 0.0
764 84.61538461538461 0.0
765 84.61538461538461 0.0
766 84.61538461538461 0.0
767 92.3076923076923 0.0
768 92.3076923076923 0.0
769 92.3076923076923 0.0
770 92.3076923076923 0.0
771 92.3076923076923 0.0
772 92.3076923076923 0.0
773 84.61538461538461 0.0
774 92.3076923076923 0.0
775 84.61538461538461 0.0
776 76.92307692307692 0.0
777 76.92307692307692 0.0
778 76.92307692307692 0.0
779 65.38461538461539 0.0
780 84.61538461538461 0.0
781 76.92307692307692 0.0
782 76.92307692307692 0.0
783 84.61538461538461 0.0
784 92.3076923076923 0.0
785 100.0 0.0
786 92.3076923076923 0.0
787 100.0 0.0
788 100.0 0.0
789 100.0 0.0
790 92.3076923076923 0.0
791 100.0 0.0
792 100.0 0.0
793 100.0 0.0
794 100.0 0.0
795 100.0 0.0
796 100.0 0.0
797 92.3076923076923 0.0
798 92.3076923076923 0.0
799 100.0 0.0
800 100.0 0.0
801 84.61538461538461 0.0
802 76.92307692307692 0.0
803 84.61538461538461 0.0
804 92.3076923076923 0.0
805 92.3076923076923 0.0
806 84.61538461538461 0.0
807 76.92307692307692 0.0
808 92.3076923076923 0.0
809 92.3076923076923 0.0
810 100.0 0.0
811 84.61538461538461 0.0
812 100.0 0.0
813 92.3076923076923 0.0
814 76.92307692307692 0.0
815 84.61538461538461 0.0
816 84.61538461538461 0.0
817 92.3076923076923 0.0
818 100.0 0.0
819 100.0 0.0
820 100.0 0.0
821 100.0 0.0
822 100.0 0.0
823 73.07692307692308 0.0
824 100.0 0.0
825 69.23076923076923 0.0
826 84.61538461538461 0.0
827 88.46153846153847 0.0
828 92.3076923076923 0.0
829 100.0 0.0
830 65.38461538461539 0.0
831 76.92307692307692 0.0
832 57.69230769230769 0.0
833 92.3076923076923 0.0
834 76.92307692307692 0.0
835 80.76923076923077 0.0
836 76.92307692307692 0.0
837 69.23076923076923 0.0
838 76.92307692307692 0.0
839 73.07692307692308 0.0
840 65.38461538461539 0.0
841 61.53846153846154 0.0
842 80.76923076923077 0.0
843 69.23076923076923 0.0
844 69.23076923076923 0.0
845 65.38461538461539 0.0
846 65.38461538461539 0.0
847 76.92307692307692 0.0
848 73.07692307692308 0.0
849 84.61538461538461 0.0
850 84.61538461538461 0.0
851 100.0 0.0
852 92.3076923076923 0.0
853 84.61538461538461 0.0
854 84.61538461538461 0.0
855 92.3076923076923 0.0
856 92.3076923076923 0.0
857 84.61538461538461 0.0
858 76.92307692307692 0.0
859 92.3076923076923 0.0
860 92.3076923076923 0.0
861 92.3076923076923 0.0
862 73.07692307692308 0.0
863 69.23076923076923 0.0
864 76.92307692307692 0.0
865 69.23076923076923 0.0
866 92.3076923076923 0.0
867 80.76923076923077 0.0
868 88.46153846153847 0.0
869 80.76923076923077 0.0
870 80.76923076923077 0.0
871 73.07692307692308 0.0
872 84.61538461538461 0.0
873 84.61538461538461 0.0
874 84.61538461538461 0.0
875 84.61538461538461 0.0
876 80.76923076923077 0.0
877 80.76923076923077 0.0
878 73.07692307692308 0.0
879 69.23076923076923 0.0
880 92.3076923076923 0.0
881 84.61538461538461 0.0
882 100.0 0.0
883 84.61538461538461 0.0
884 76.92307692307692 0.0
885 88.46153846153847 0.0
886 80.76923076923077 0.0
887 80.76923076923077 0.0
888 84.61538461538461 0.0
889 69.23076923076923 0.0
890 65.38461538461539 0.0
891 73.07692307692308 0.0
892 84.61538461538461 0.0
893 76.92307692307692 0.0
894 84.61538461538461 0.0
895 84.61538461538461 0.0
896 84.61538461538461 0.0
897 84.61538461538461 0.0
898 84.61538461538461 0.0
899 84.61538461538461 0.0
900 61.53846153846154 0.0
901 76.92307692307692 0.0
902 84.61538461538461 0.0
903 92.3076923076923 0.0
904 92.3076923076923 0.0
905 84.61538461538461 0.0
906 92.3076923076923 0.0
907 88.46153846153847 0.0
908 80.76923076923077 0.0
909 84.61538461538461 0.0
910 92.3076923076923 0.0
911 84.61538461538461 0.0
912 73.07692307692308 0.0
913 84.61538461538461 0.0
914 61.53846153846154 0.0
915 80.76923076923077 0.0
916 65.38461538461539 0.0
917 73.07692307692308 0.0
918 65.38461538461539 0.0
919 88.46153846153847 0.0
920 76.92307692307692 0.0
921 80.76923076923077 0.0
922 80.76923076923077 0.0
923 92.3076923076923 0.0
924 76.92307692307692 0.0
925 69.23076923076923 0.0
926 76.92307692307692 0.0
927 65.38461538461539 0.0
928 65.38461538461539 0.0
929 69.23076923076923 0.0
930 69.23076923076923 0.0
931 69.23076923076923 0.0
932 69.23076923076923 0.0
933 73.07692307692308 0.0
934 65.38461538461539 0.0
935 80.76923076923077 0.0
936 80.76923076923077 0.0
937 84.61538461538461 0.0
938 73.07692307692308 0.0
939 80.76923076923077 0.0
940 73.07692307692308 0.0
941 73.07692307692308 0.0
942 61.53846153846154 0.0
943 73.07692307692308 0.0
944 73.07692307692308 0.0
945 84.61538461538461 0.0
946 84.61538461538461 0.0
947 84.61538461538461 0.0
948 84.61538461538461 0.0
949 73.07692307692308 0.0
950 76.92307692307692 0.0
951 76.92307692307692 0.0
952 61.53846153846154 0.0
953 73.07692307692308 0.0
954 61.53846153846154 0.0
955 69.23076923076923 0.0
956 73.07692307692308 0.0
957 61.53846153846154 0.0
958 92.3076923076923 0.0
959 76.92307692307692 0.0
960 92.3076923076923 0.0
961 100.0 0.0
962 100.0 0.0
963 92.3076923076923 0.0
964 100.0 0.0
965 100.0 0.0
966 84.61538461538461 0.0
967 100.0 0.0
968 69.23076923076923 0.0
969 76.92307692307692 0.0
970 73.07692307692308 0.0
971 69.23076923076923 0.0
972 76.92307692307692 0.0
973 84.61538461538461 0.0
974 92.3076923076923 0.0
975 80.76923076923077 0.0
976 84.61538461538461 0.0
977 76.92307692307692 0.0
978 76.92307692307692 0.0
979 92.3076923076923 0.0
980 92.3076923076923 0.0
981 84.61538461538461 0.0
982 84.61538461538461 0.0
983 84.61538461538461 0.0
984 76.92307692307692 0.0
985 84.61538461538461 0.0
986 76.92307692307692 0.0
987 73.07692307692308 0.0
988 80.76923076923077 0.0
989 80.76923076923077 0.0
990 92.3076923076923 0.0
991 92.3076923076923 0.0
992 84.61538461538461 0.0
993 84.61538461538461 0.0
994 92.3076923076923 0.0
995 92.3076923076923 0.0
996 76.92307692307692 0.0
997 84.61538461538461 0.0
998 84.61538461538461 0.0
999 84.61538461538461 0.0
