#frame monomers_% popc_isolated_%
0 92.3076923076923 0.0
1 100.0 0.0
2 69.23076923076923 0.0
3 61.53846153846154 0.0
4 69.23076923076923 0.0
5 73.07692307692308 0.0
6 76.92307692307692 0.0
7 76.92307692307692 0.0
8 69.23076923076923 0.0
9 61.53846153846154 0.0
10 84.61538461538461 0.0
11 69.23076923076923 0.0
12 69.23076923076923 0.0
13 73.07692307692308 0.0
14 84.61538461538461 0.0
15 92.3076923076923 0.0
16 76.92307692307692 0.0
17 84.61538461538461 0.0
18 84.61538461538461 0.0
19 92.3076923076923 0.0
20 84.61538461538461 0.0
21 84.61538461538461 0.0
22 88.46153846153847 0.0
23 92.3076923076923 0.0
24 84.61538461538461 0.0
25 92.3076923076923 0.0
26 84.61538461538461 0.0
27 100.0 0.0
28 92.3076923076923 0.0
29 100.0 0.0
30 92.3076923076923 0.0
31 100.0 0.0
32 92.3076923076923 0.0
33 92.3076923076923 0.0
34 92.3076923076923 0.0
35 100.0 0.0
36 76.92307692307692 0.0
37 84.61538461538461 0.0
38 92.3076923076923 0.0
39 84.61538461538461 0.0
40 76.92307692307692 0.0
41 65.38461538461539 0.0
42 84.61538461538461 0.0
43 61.53846153846154 0.0
44 57.69230769230769 0.0
45 69.23076923076923 0.0
46 69.23076923076923 0.0
47 76.92307692307692 0.0
48 69.23076923076923 0.0
49 84.61538461538461 0.0
50 69.23076923076923 0.0
51 69.23076923076923 0.0
52 73.07692307692308 0.0
53 84.61538461538461 0.0
54 84.61538461538461 0.0
55 80.76923076923077 0.0
56 84.61538461538461 0.0
57 80.76923076923077 0.0
58 92.3076923076923 0.0
59 76.92307692307692 0.0
60 92.3076923076923 0.0
61 80.76923076923077 0.0
62 84.61538461538461 0.0
63 80.76923076923077 0.0
64 92.3076923076923 0.0
65 57.69230769230769 0.0
66 92.3076923076923 0.0
67 84.61538461538461 0.0
68 84.61538461538461 0.0
69 80.76923076923077 0.0
70 80.76923076923077 0.0
71 84.61538461538461 0.0
72 65.38461538461539 0.0
73 80.76923076923077 0.0
74 80.76923076923077 0.0
75 92.3076923076923 0.0
76 92.3076923076923 0.0
77 69.23076923076923 0.0
78 76.92307692307692 0.0
79 65.38461538461539 0.0
80 76.92307692307692 0.0
81 84.61538461538461 0.0
82 100.0 0.0
83 84.61538461538461 0.0
84 84.61538461538461 0.0
85 80.76923076923077 0.0
86 84.61538461538461 0.0
87 84.61538461538461 0.0
88 69.23076923076923 0.0
89 80.76923076923077 0.0
90 65.38461538461539 0.0
91 69.23076923076923 0.0
92 76.92307692307692 0.0
93 84.61538461538461 0.0
94 84.61538461538461 0.0
95 69.23076923076923 0.0
96 88.46153846153847 0.0
97 92.3076923076923 0.0
98 76.92307692307692 0.0
99 84.61538461538461 0.0
100 80.76923076923077 0.0
101 73.07692307692308 0.0
102 73.07692307692308 0.0
103 84.61538461538461 0.0
104 84.61538461538461 0.0
105 92.3076923076923 0.0
106 100.0 0.0
107 92.3076923076923 0.0
108 92.3076923076923 0.0
109 92.3076923076923 0.0
110 100.0 0.0
111 92.3076923076923 0.0
112 92.3076923076923 0.0
113 92.3076923076923 0.0
114 100.0 0.0
115 100.0 0.0
116 100.0 0.0
117 92.3076923076923 0.0
118 100.0 0.0
119 100.0 0.0
120 100.0 0.0
121 100.0 0.0
122 100.0 0.0
123 92.3076923076923 0.0
124 92.3076923076923 0.0
125 76.92307692307692 0.0
126 84.61538461538461 0.0
127 92.3076923076923 0.0
128 92.3076923076923 0.0
129 76.92307692307692 0.0
130 84.61538461538461 0.0
131 76.92307692307692 0.0
132 100.0 0.0
133 80.76923076923077 0.0
134 76.92307692307692 0.0
135 65.38461538461539 0.0
136 76.92307692307692 0.0
137 76.92307692307692 0.0
138 57.69230769230769 0.0
139 69.23076923076923 0.0
140 80.76923076923077 0.0
141 73.07692307692308 0.0
142 73.07692307692308 0.0
143 80.76923076923077 0.0
144 80.76923076923077 0.0
145 80.76923076923077 0.0
146 80.76923076923077 0.0
147 80.76923076923077 0.0
148 76.92307692307692 0.0
149 84.61538461538461 0.0
150 69.23076923076923 0.0
151 76.92307692307692 0.0
152 76.92307692307692 0.0
153 76.92307692307692 0.0
154 76.92307692307692 0.0
155 76.92307692307692 0.0
156 92.3076923076923 0.0
157 80.76923076923077 0.0
158 73.07692307692308 0.0
159 65.38461538461539 0.0
160 65.38461538461539 0.0
161 57.69230769230769 0.0
162 76.92307692307692 0.0
163 84.61538461538461 0.0
164 61.53846153846154 0.0
165 69.23076923076923 0.0
166 69.23076923076923 0.0
167 76.92307692307692 0.0
168 84.61538461538461 0.0
169 92.3076923076923 0.0
170 92.3076923076923 0.0
171 76.92307692307692 0.0
172 76.92307692307692 0.0
173 69.23076923076923 0.0
174 76.92307692307692 0.0
175 69.23076923076923 0.0
176 84.61538461538461 0.0
177 84.61538461538461 0.0
178 80.76923076923077 0.0
179 92.3076923076923 0.0
180 76.92307692307692 0.0
181 73.07692307692308 0.0
182 84.61538461538461 0.0
183 100.0 0.0
184 100.0 0.0
185 100.0 0.0
186 100.0 0.0
187 88.46153846153847 0.0
188 92.3076923076923 0.0
189 92.3076923076923 0.0
190 92.3076923076923 0.0
191 100.0 0.0
192 92.3076923076923 0.0
193 80.76923076923077 0.0
194 84.61538461538461 0.0
195 92.3076923076923 0.0
196 88.46153846153847 0.0
197 84.61538461538461 0.0
198 92.3076923076923 0.0
199 76.92307692307692 0.0
200 76.92307692307692 0.0
201 84.61538461538461 0.0
202 84.61538461538461 0.0
203 100.0 0.0
204 84.61538461538461 0.0
205 100.0 0.0
206 92.3076923076923 0.0
207 92.3076923076923 0.0
208 92.3076923076923 0.0
209 92.3076923076923 0.0
210 84.61538461538461 0.0
211 76.92307692307692 0.0
212 73.07692307692308 0.0
213 84.61538461538461 0.0
214 84.61538461538461 0.0
215 100.0 0.0
216 100.0 0.0
217 73.07692307692308 0.0
218 73.07692307692308 0.0
219 92.3076923076923 0.0
220 84.61538461538461 0.0
221 84.61538461538461 0.0
222 88.46153846153847 0.0
223 92.3076923076923 0.0
224 100.0 0.0
225 100.0 0.0
226 100.0 0.0
227 92.3076923076923 0.0
228 84.61538461538461 0.0
229 92.3076923076923 0.0
230 84.61538461538461 0.0
231 92.3076923076923 0.0
232 100.0 0.0
233 65.38461538461539 0.0
234 57.69230769230769 0.0
235 61.53846153846154 0.0
236 69.23076923076923 0.0
237 69.23076923076923 0.0
238 69.23076923076923 0.0
239 84.61538461538461 0.0
240 76.92307692307692 0.0
241 80.76923076923077 0.0
242 100.0 0.0
243 76.92307692307692 0.0
244 100.0 0.0
245 92.3076923076923 0.0
246 92.3076923076923 0.0
247 100.0 0.0
248 92.3076923076923 0.0
249 84.61538461538461 0.0
250 76.92307692307692 0.0
251 84.61538461538461 0.0
252 84.61538461538461 0.0
253 76.92307692307692 0.0
254 84.61538461538461 0.0
255 76.92307692307692 0.0
256 100.0 0.0
257 100.0 0.0
258 92.3076923076923 0.0
259 80.76923076923077 0.0
260 69.23076923076923 0.0
261 84.61538461538461 0.0
262 65.38461538461539 0.0
263 73.07692307692308 0.0
264 57.69230769230769 0.0
265 57.69230769230769 0.0
266 42.30769230769231 0.0
267 76.92307692307692 0.0
268 76.92307692307692 0.0
269 76.92307692307692 0.0
270 76.92307692307692 0.0
271 84.61538461538461 0.0
272 69.23076923076923 0.0
273 69.23076923076923 0.0
274 84.61538461538461 0.0
275 84.61538461538461 0.0
276 84.61538461538461 0.0
277 69.23076923076923 0.0
278 84.61538461538461 0.0
279 92.3076923076923 0.0
280 92.3076923076923 0.0
281 92.3076923076923 0.0
282 92.3076923076923 0.0
283 84.61538461538461 0.0
284 92.3076923076923 0.0
285 100.0 0.0
286 92.3076923076923 0.0
287 84.61538461538461 0.0
288 92.3076923076923 0.0
289 100.0 0.0
290 92.3076923076923 0.0
291 84.61538461538461 0.0
292 84.61538461538461 0.0
293 92.3076923076923 0.0
294 76.92307692307692 0.0
295 92.3076923076923 0.0
296 100.0 0.0
297 84.61538461538461 0.0
298 84.61538461538461 0.0
299 76.92307692307692 0.0
300 92.3076923076923 0.0
301 84.61538461538461 0.0
302 69.23076923076923 0.0
303 76.92307692307692 0.0
304 80.76923076923077 0.0
305 76.92307692307692 0.0
306 92.3076923076923 0.0
307 69.23076923076923 0.0
308 100.0 0.0
309 92.3076923076923 0.0
310 92.3076923076923 0.0
311 69.23076923076923 0.0
312 80.76923076923077 0.0
313 65.38461538461539 0.0
314 80.76923076923077 0.0
315 84.61538461538461 0.0
316 84.61538461538461 0.0
317 84.61538461538461 0.0
318 84.61538461538461 0.0
319 69.23076923076923 0.0
320 76.92307692307692 0.0
321 76.92307692307692 0.0
322 84.61538461538461 0.0
323 76.92307692307692 0.0
324 61.53846153846154 0.0
325 88.46153846153847 0.0
326 88.46153846153847 0.0
327 69.23076923076923 0.0
328 84.61538461538461 0.0
329 76.92307692307692 0.0
330 73.07692307692308 0.0
331 92.3076923076923 0.0
332 100.0 0.0
333 100.0 0.0
334 92.3076923076923 0.0
335 92.3076923076923 0.0
336 92.3076923076923 0.0
337 84.61538461538461 0.0
338 76.92307692307692 0.0
339 84.61538461538461 0.0
340 84.61538461538461 0.0
341 76.92307692307692 0.0
342 92.3076923076923 0.0
343 84.61538461538461 0.0
344 100.0 0.0
345 100.0 0.0
346 84.61538461538461 0.0
347 92.3076923076923 0.0
348 84.61538461538461 0.0
349 92.3076923076923 0.0
350 92.3076923076923 0.0
351 65.38461538461539 0.0
352 69.23076923076923 0.0
353 76.92307692307692 0.0
354 84.61538461538461 0.0
355 84.61538461538461 0.0
356 76.92307692307692 0.0
357 100.0 0.0
358 100.0 0.0
359 92.3076923076923 0.0
360 92.3076923076923 0.0
361 92.3076923076923 0.0
362 84.61538461538461 0.0
363 84.61538461538461 0.0
364 84.61538461538461 0.0
365 92.3076923076923 0.0
366 100.0 0.0
367 84.61538461538461 0.0
368 84.61538461538461 0.0
369 92.3076923076923 0.0
370 76.92307692307692 0.0
371 84.61538461538461 0.0
372 92.3076923076923 0.0
373 100.0 0.0
374 92.3076923076923 0.0
375 92.3076923076923 0.0
376 92.3076923076923 0.0
377 84.61538461538461 0.0
378 84.61538461538461 0.0
379 76.92307692307692 0.0
380 84.61538461538461 0.0
381 84.61538461538461 0.0
382 84.61538461538461 0.0
383 84.61538461538461 0.0
384 92.3076923076923 0.0
385 92.3076923076923 0.0
386 84.61538461538461 0.0
387 92.3076923076923 0.0
388 84.61538461538461 0.0
389 84.61538461538461 0.0
390 92.3076923076923 0.0
391 84.61538461538461 0.0
392 76.92307692307692 0.0
393 92.3076923076923 0.0
394 76.92307692307692 0.0
395 76.92307692307692 0.0
396 92.3076923076923 0.0
397 84.61538461538461 0.0
398 92.3076923076923 0.0
399 76.92307692307692 0.0
400 69.23076923076923 0.0
401 69.23076923076923 0.0
402 76.92307692307692 0.0
403 84.61538461538461 0.0
404 69.23076923076923 0.0
405 76.92307692307692 0.0
406 100.0 0.0
407 92.3076923076923 0.0
408 84.61538461538461 0.0
409 84.61538461538461 0.0
410 100.0 0.0
411 92.3076923076923 0.0
412 100.0 0.0
413 84.61538461538461 0.0
414 76.92307692307692 0.0
415 76.92307692307692 0.0
416 76.92307692307692 0.0
417 76.92307692307692 0.0
418 76.92307692307692 0.0
419 100.0 0.0
420 92.3076923076923 0.0
421 84.61538461538461 0.0
422 84.61538461538461 0.0
423 84.61538461538461 0.0
424 100.0 0.0
425 100.0 0.0
426 84.61538461538461 0.0
427 84.61538461538461 0.0
428 84.61538461538461 0.0
429 92.3076923076923 0.0
430 84.61538461538461 0.0
431 84.61538461538461 0.0
432 92.3076923076923 0.0
433 84.61538461538461 0.0
434 84.61538461538461 0.0
435 100.0 0.0
436 73.07692307692308 0.0
437 92.3076923076923 0.0
438 92.3076923076923 0.0
439 92.3076923076923 0.0
440 76.92307692307692 0.0
441 92.3076923076923 0.0
442 92.3076923076923 0.0
443 84.61538461538461 0.0
444 100.0 0.0
445 100.0 0.0
446 92.3076923076923 0.0
447 92.3076923076923 0.0
448 92.3076923076923 0.0
449 100.0 0.0
450 100.0 0.0
451 92.3076923076923 0.0
452 92.3076923076923 0.0
453 92.3076923076923 0.0
454 80.76923076923077 0.0
455 84.61538461538461 0.0
456 92.3076923076923 0.0
457 92.3076923076923 0.0
458 84.61538461538461 0.0
459 92.3076923076923 0.0
460 92.3076923076923 0.0
461 92.3076923076923 0.0
462 92.3076923076923 0.0
463 92.3076923076923 0.0
464 92.3076923076923 0.0
465 80.76923076923077 0.0
466 92.3076923076923 0.0
467 92.3076923076923 0.0
468 92.3076923076923 0.0
469 92.3076923076923 0.0
470 92.3076923076923 0.0
471 100.0 0.0
472 69.23076923076923 0.0
473 84.61538461538461 0.0
474 92.3076923076923 0.0
475 84.61538461538461 0.0
476 76.92307692307692 0.0
477 76.92307692307692 0.0
478 76.92307692307692 0.0
479 80.76923076923077 0.0
480 84.61538461538461 0.0
481 84.61538461538461 0.0
482 76.92307692307692 0.0
483 84.61538461538461 0.0
484 84.61538461538461 0.0
485 84.61538461538461 0.0
486 61.53846153846154 0.0
487 80.76923076923077 0.0
488 80.76923076923077 0.0
489 100.0 0.0
490 88.46153846153847 0.0
491 92.3076923076923 0.0
492 84.61538461538461 0.0
493 92.3076923076923 0.0
494 92.3076923076923 0.0
495 100.0 0.0
496 92.3076923076923 0.0
497 84.61538461538461 0.0
498 92.3076923076923 0.0
499 92.3076923076923 0.0
500 92.3076923076923 0.0
501 92.3076923076923 0.0
502 92.3076923076923 0.0
503 92.3076923076923 0.0
504 76.92307692307692 0.0
505 76.92307692307692 0.0
506 84.61538461538461 0.0
507 84.61538461538461 0.0
508 76.92307692307692 0.0
509 84.61538461538461 0.0
510 92.3076923076923 0.0
511 84.61538461538461 0.0
512 100.0 0.0
513 100.0 0.0
514 100.0 0.0
515 92.3076923076923 0.0
516 73.07692307692308 0.0
517 92.3076923076923 0.0
518 84.61538461538461 0.0
519 92.3076923076923 0.0
520 84.61538461538461 0.0
521 76.92307692307692 0.0
522 84.61538461538461 0.0
523 76.92307692307692 0.0
524 84.61538461538461 0.0
525 61.53846153846154 0.0
526 92.3076923076923 0.0
527 84.61538461538461 0.0
528 92.3076923076923 0.0
529 69.23076923076923 0.0
530 69.23076923076923 0.0
531 92.3076923076923 0.0
532 92.3076923076923 0.0
533 84.61538461538461 0.0
534 76.92307692307692 0.0
535 76.92307692307692 0.0
536 76.92307692307692 0.0
537 73.07692307692308 0.0
538 69.23076923076923 0.0
539 80.76923076923077 0.0
540 92.3076923076923 0.0
541 88.46153846153847 0.0
542 88.46153846153847 0.0
543 92.3076923076923 0.0
544 92.3076923076923 0.0
545 100.0 0.0
546 100.0 0.0
547 92.3076923076923 0.0
548 92.3076923076923 0.0
549 84.61538461538461 0.0
550 84.61538461538461 0.0
551 92.3076923076923 0.0
552 100.0 0.0
553 92.3076923076923 0.0
554 92.3076923076923 0.0
555 92.3076923076923 0.0
556 92.3076923076923 0.0
557 84.61538461538461 0.0
558 100.0 0.0
559 100.0 0.0
560 92.3076923076923 0.0
561 84.61538461538461 0.0
562 100.0 0.0
563 100.0 0.0
564 92.3076923076923 0.0
565 84.61538461538461 0.0
566 69.23076923076923 0.0
567 88.46153846153847 0.0
568 92.3076923076923 0.0
569 92.3076923076923 0.0
570 92.3076923076923 0.0
571 92.3076923076923 0.0
572 84.61538461538461 0.0
573 92.3076923076923 0.0
574 84.61538461538461 0.0
575 100.0 0.0
576 100.0 0.0
577 92.3076923076923 0.0
578 92.3076923076923 0.0
579 92.3076923076923 0.0
580 92.3076923076923 0.0
581 92.3076923076923 0.0
582 92.3076923076923 0.0
583 100.0 0.0
584 100.0 0.0
585 92.3076923076923 0.0
586 84.61538461538461 0.0
587 92.3076923076923 0.0
588 76.92307692307692 0.0
589 76.92307692307692 0.0
590 84.61538461538461 0.0
591 76.92307692307692 0.0
592 84.61538461538461 0.0
593 76.92307692307692 0.0
594 80.76923076923077 0.0
595 80.76923076923077 0.0
596 84.61538461538461 0.0
597 84.61538461538461 0.0
598 92.3076923076923 0.0
599 84.61538461538461 0.0
600 84.61538461538461 0.0
601 92.3076923076923 0.0
602 69.23076923076923 0.0
603 92.3076923076923 0.0
604 92.3076923076923 0.0
605 76.92307692307692 0.0
606 76.92307692307692 0.0
607 84.61538461538461 0.0
608 69.23076923076923 0.0
609 76.92307692307692 0.0
610 92.3076923076923 0.0
611 84.61538461538461 0.0
612 76.92307692307692 0.0
613 84.61538461538461 0.0
614 76.92307692307692 0.0
615 69.23076923076923 0.0
616 92.3076923076923 0.0
617 100.0 0.0
618 100.0 0.0
619 100.0 0.0
620 92.3076923076923 0.0
621 92.3076923076923 0.0
622 100.0 0.0
623 92.3076923076923 0.0
624 92.3076923076923 0.0
625 92.3076923076923 0.0
626 92.3076923076923 0.0
627 92.3076923076923 0.0
628 69.23076923076923 0.0
629 76.92307692307692 0.0
630 84.61538461538461 0.0
631 69.23076923076923 0.0
632 61.53846153846154 0.0
633 76.92307692307692 0.0
634 69.23076923076923 0.0
635 69.23076923076923 0.0
636 53.84615384615385 0.0
637 76.92307692307692 0.0
638 84.61538461538461 0.0
639 100.0 0.0
640 100.0 0.0
641 92.3076923076923 0.0
642 92.3076923076923 0.0
643 84.61538461538461 0.0
644 84.61538461538461 0.0
645 76.92307692307692 0.0
646 84.61538461538461 0.0
647 76.92307692307692 0.0
648 80.76923076923077 0.0
649 61.53846153846154 0.0
650 65.38461538461539 0.0
651 73.07692307692308 0.0
652 80.76923076923077 0.0
653 88.46153846153847 0.0
654 100.0 0.0
655 84.61538461538461 0.0
656 88.46153846153847 0.0
657 80.76923076923077 0.0
658 92.3076923076923 0.0
659 84.61538461538461 0.0
660 76.92307692307692 0.0
661 76.92307692307692 0.0
662 84.61538461538461 0.0
663 80.76923076923077 0.0
664 80.76923076923077 0.0
665 73.07692307692308 0.0
666 80.76923076923077 0.0
667 84.61538461538461 0.0
668 88.46153846153847 0.0
669 84.61538461538461 0.0
670 88.46153846153847 0.0
671 80.76923076923077 0.0
672 80.76923076923077 0.0
673 84.61538461538461 0.0
674 92.3076923076923 0.0
675 92.3076923076923 0.0
676 92.3076923076923 0.0
677 61.53846153846154 0.0
678 76.92307692307692 0.0
679 92.3076923076923 0.0
680 76.92307692307692 0.0
681 73.07692307692308 0.0
682 88.46153846153847 0.0
683 88.46153846153847 0.0
684 80.76923076923077 0.0
685 80.76923076923077 0.0
686 80.76923076923077 0.0
687 80.76923076923077 0.0
688 73.07692307692308 0.0
689 92.3076923076923 0.0
690 100.0 0.0
691 80.76923076923077 0.0
692 84.61538461538461 0.0
693 84.61538461538461 0.0
694 92.3076923076923 0.0
695 92.3076923076923 0.0
696 92.3076923076923 0.0
697 84.61538461538461 0.0
698 92.3076923076923 0.0
699 84.61538461538461 0.0
700 92.3076923076923 0.0
701 92.3076923076923 0.0
702 92.3076923076923 0.0
703 92.3076923076923 0.0
704 92.3076923076923 0.0
705 92.3076923076923 0.0
706 84.61538461538461 0.0
707 84.61538461538461 0.0
708 76.92307692307692 0.0
709 80.76923076923077 0.0
710 84.61538461538461 0.0
711 65.38461538461539 0.0
712 65.38461538461539 0.0
713 80.76923076923077 0.0
714 69.23076923076923 0.0
715 80.76923076923077 0.0
716 73.07692307692308 0.0
717 80.76923076923077 0.0
718 76.92307692307692 0.0
719 76.92307692307692 0.0
720 84.61538461538461 0.0
721 76.92307692307692 0.0
722 69.23076923076923 0.0
723 69.23076923076923 0.0
724 84.61538461538461 0.0
725 92.3076923076923 0.0
726 100.0 0.0
727 76.92307692307692 0.0
728 76.92307692307692 0.0
729 76.92307692307692 0.0
730 100.0 0.0
731 92.3076923076923 0.0
732 92.3076923076923 0.0
733 100.0 0.0
734 100.0 0.0
735 92.3076923076923 0.0
736 92.3076923076923 0.0
737 100.0 0.0
738 100.0 0.0
739 100.0 0.0
740 100.0 0.0
741 100.0 0.0
742 92.3076923076923 0.0
743 84.61538461538461 0.0
744 92.3076923076923 0.0
745 88.46153846153847 0.0
746 88.46153846153847 0.0
747 88.46153846153847 0.0
748 88.46153846153847 0.0
749 84.61538461538461 0.0
750 92.3076923076923 0.0
751 92.3076923076923 0.0
752 92.3076923076923 0.0
753 88.46153846153847 0.0
754 88.46153846153847 0.0
755 80.76923076923077 0.0
756 80.76923076923077 0.0
757 80.76923076923077 0.0
758 84.61538461538461 0.0
759 69.23076923076923 0.0
760 84.61538461538461 0.0
761 92.3076923076923 0.0
762 92.3076923076923 0.0
763 88.46153846153847 0.0
764 92.3076923076923 0.0
765 92.3076923076923 0.0
766 84.61538461538461 0.0
767 100.0 0.0
768 92.3076923076923 0.0
769 84.61538461538461 0.0
770 92.3076923076923 0.0
771 76.92307692307692 0.0
772 84.61538461538461 0.0
773 84.61538461538461 0.0
774 65.38461538461539 0.0
775 76.92307692307692 0.0
776 69.23076923076923 0.0
777 92.3076923076923 0.0
778 92.3076923076923 0.0
779 92.3076923076923 0.0
780 84.61538461538461 0.0
781 92.3076923076923 0.0
782 84.61538461538461 0.0
783 76.92307692307692 0.0
784 76.92307692307692 0.0
785 92.3076923076923 0.0
786 92.3076923076923 0.0
787 92.3076923076923 0.0
788 92.3076923076923 0.0
789 92.3076923076923 0.0
790 69.23076923076923 0.0
791 84.61538461538461 0.0
792 92.3076923076923 0.0
793 92.3076923076923 0.0
794 100.0 0.0
795 76.92307692307692 0.0
796 92.3076923076923 0.0
797 76.92307692307692 0.0
798 92.3076923076923 0.0
799 100.0 0.0
800 84.61538461538461 0.0
801 92.3076923076923 0.0
802 76.92307692307692 0.0
803 84.61538461538461 0.0
804 76.92307692307692 0.0
805 92.3076923076923 0.0
806 80.76923076923077 0.0
807 92.3076923076923 0.0
808 76.92307692307692 0.0
809 76.92307692307692 0.0
810 100.0 0.0
811 84.61538461538461 0.0
812 92.3076923076923 0.0
813 84.61538461538461 0.0
814 84.61538461538461 0.0
815 76.92307692307692 0.0
816 84.61538461538461 0.0
817 84.61538461538461 0.0
818 84.61538461538461 0.0
819 92.3076923076923 0.0
820 84.61538461538461 0.0
821 84.61538461538461 0.0
822 84.61538461538461 0.0
823 92.3076923076923 0.0
824 92.3076923076923 0.0
825 92.3076923076923 0.0
826 84.61538461538461 0.0
827 92.3076923076923 0.0
828 92.3076923076923 0.0
829 88.46153846153847 0.0
830 80.76923076923077 0.0
831 84.61538461538461 0.0
832 73.07692307692308 0.0
833 73.07692307692308 0.0
834 73.07692307692308 0.0
835 84.61538461538461 0.0
836 73.07692307692308 0.0
837 92.3076923076923 0.0
838 100.0 0.0
839 92.3076923076923 0.0
840 100.0 0.0
841 100.0 0.0
842 84.61538461538461 0.0
843 84.61538461538461 0.0
844 92.3076923076923 0.0
845 84.61538461538461 0.0
846 80.76923076923077 0.0
847 88.46153846153847 0.0
848 84.61538461538461 0.0
849 92.3076923076923 0.0
850 100.0 0.0
851 100.0 0.0
852 92.3076923076923 0.0
853 92.3076923076923 0.0
854 92.3076923076923 0.0
855 76.92307692307692 0.0
856 80.76923076923077 0.0
857 80.76923076923077 0.0
858 76.92307692307692 0.0
859 76.92307692307692 0.0
860 84.61538461538461 0.0
861 92.3076923076923 0.0
862 76.92307692307692 0.0
863 84.61538461538461 0.0
864 92.3076923076923 0.0
865 84.61538461538461 0.0
866 76.92307692307692 0.0
867 76.92307692307692 0.0
868 76.92307692307692 0.0
869 92.3076923076923 0.0
870 84.61538461538461 0.0
871 100.0 0.0
872 100.0 0.0
873 100.0 0.0
874 84.61538461538461 0.0
875 69.23076923076923 0.0
876 76.92307692307692 0.0
877 92.3076923076923 0.0
878 69.23076923076923 0.0
879 76.92307692307692 0.0
880 92.3076923076923 0.0
881 76.92307692307692 0.0
882 80.76923076923077 0.0
883 84.61538461538461 0.0
884 84.61538461538461 0.0
885 76.92307692307692 0.0
886 84.61538461538461 0.0
887 76.92307692307692 0.0
888 80.76923076923077 0.0
889 92.3076923076923 0.0
890 92.3076923076923 0.0
891 76.92307692307692 0.0
892 84.61538461538461 0.0
893 76.92307692307692 0.0
894 84.61538461538461 0.0
895 92.3076923076923 0.0
896 100.0 0.0
897 84.61538461538461 0.0
898 84.61538461538461 0.0
899 76.92307692307692 0.0
900 73.07692307692308 0.0
901 73.07692307692308 0.0
902 80.76923076923077 0.0
903 84.61538461538461 0.0
904 100.0 0.0
905 84.61538461538461 0.0
906 69.23076923076923 0.0
907 76.92307692307692 0.0
908 80.76923076923077 0.0
909 92.3076923076923 0.0
910 100.0 0.0
911 100.0 0.0
912 84.61538461538461 0.0
913 84.61538461538461 0.0
914 80.76923076923077 0.0
915 92.3076923076923 0.0
916 84.61538461538461 0.0
917 92.3076923076923 0.0
918 92.3076923076923 0.0
919 80.76923076923077 0.0
920 88.46153846153847 0.0
921 88.46153846153847 0.0
922 88.46153846153847 0.0
923 88.46153846153847 0.0
924 100.0 0.0
925 88.46153846153847 0.0
926 92.3076923076923 0.0
927 73.07692307692308 0.0
928 92.3076923076923 0.0
929 84.61538461538461 0.0
930 76.92307692307692 0.0
931 92.3076923076923 0.0
932 92.3076923076923 0.0
933 92.3076923076923 0.0
934 84.61538461538461 0.0
935 84.61538461538461 0.0
936 76.92307692307692 0.0
937 84.61538461538461 0.0
938 73.07692307692308 0.0
939 88.46153846153847 0.0
940 84.61538461538461 0.0
941 76.92307692307692 0.0
942 92.3076923076923 0.0
943 73.07692307692308 0.0
944 76.92307692307692 0.0
945 73.07692307692308 0.0
946 84.61538461538461 0.0
947 92.3076923076923 0.0
948 84.61538461538461 0.0
949 88.46153846153847 0.0
950 84.61538461538461 0.0
951 76.92307692307692 0.0
952 84.61538461538461 0.0
953 76.92307692307692 0.0
954 65.38461538461539 0.0
955 76.92307692307692 0.0
956 84.61538461538461 0.0
957 61.53846153846154 0.0
958 61.53846153846154 0.0
959 73.07692307692308 0.0
960 73.07692307692308 0.0
961 76.92307692307692 0.0
962 76.92307692307692 0.0
963 73.07692307692308 0.0
964 84.61538461538461 0.0
965 76.92307692307692 0.0
966 76.92307692307692 0.0
967 73.07692307692308 0.0
968 92.3076923076923 0.0
969 69.23076923076923 0.0
970 84.61538461538461 0.0
971 76.92307692307692 0.0
972 92.3076923076923 0.0
973 92.3076923076923 0.0
974 100.0 0.0
975 100.0 0.0
976 100.0 0.0
977 100.0 0.0
978 92.3076923076923 0.0
979 92.3076923076923 0.0
980 92.3076923076923 0.0
981 100.0 0.0
982 92.3076923076923 0.0
983 92.3076923076923 0.0
984 92.3076923076923 0.0
985 84.61538461538461 0.0
986 92.3076923076923 0.0
987 92.3076923076923 0.0
988 92.3076923076923 0.0
989 84.61538461538461 0.0
990 92.3076923076923 0.0
991 92.3076923076923 0.0
992 100.0 0.0
993 100.0 0.0
994 100.0 0.0
995 100.0 0.0
996 100.0 0.0
997 100.0 0.0
998 100.0 0.0
999 100.0 0.0
