#frame monomers_% popc_isolated_%
0 92.3076923076923 0.0
1 80.76923076923077 0.0
2 73.07692307692308 0.0
3 73.07692307692308 0.0
4 76.92307692307692 0.0
5 69.23076923076923 0.0
6 84.61538461538461 0.0
7 84.61538461538461 0.0
8 84.61538461538461 0.0
9 84.61538461538461 0.0
10 80.76923076923077 0.0
11 92.3076923076923 0.0
12 80.76923076923077 0.0
13 92.3076923076923 0.0
14 76.92307692307692 0.0
15 92.3076923076923 0.0
16 76.92307692307692 0.0
17 76.92307692307692 0.0
18 88.46153846153847 0.0
19 76.92307692307692 0.0
20 92.3076923076923 0.0
21 84.61538461538461 0.0
22 84.61538461538461 0.0
23 80.76923076923077 0.0
24 73.07692307692308 0.0
25 84.61538461538461 0.0
26 69.23076923076923 0.0
27 73.07692307692308 0.0
28 100.0 0.0
29 92.3076923076923 0.0
30 92.3076923076923 0.0
31 92.3076923076923 0.0
32 76.92307692307692 0.0
33 69.23076923076923 0.0
34 76.92307692307692 0.0
35 69.23076923076923 0.0
36 57.69230769230769 0.0
37 61.53846153846154 0.0
38 69.23076923076923 0.0
39 53.84615384615385 0.0
40 73.07692307692308 0.0
41 76.92307692307692 0.0
42 69.23076923076923 0.0
43 69.23076923076923 0.0
44 73.07692307692308 0.0
45 73.07692307692308 0.0
46 73.07692307692308 0.0
47 65.38461538461539 0.0
48 80.76923076923077 0.0
49 76.92307692307692 0.0
50 84.61538461538461 0.0
51 84.61538461538461 0.0
52 76.92307692307692 0.0
53 92.3076923076923 0.0
54 92.3076923076923 0.0
55 69.23076923076923 0.0
56 84.61538461538461 0.0
57 76.92307692307692 0.0
58 92.3076923076923 0.0
59 76.92307692307692 0.0
60 69.23076923076923 0.0
61 84.61538461538461 0.0
62 84.61538461538461 0.0
63 88.46153846153847 0.0
64 100.0 0.0
65 100.0 0.0
66 92.3076923076923 0.0
67 92.3076923076923 0.0
68 84.61538461538461 0.0
69 84.61538461538461 0.0
70 92.3076923076923 0.0
71 84.61538461538461 0.0
72 84.61538461538461 0.0
73 76.92307692307692 0.0
74 84.61538461538461 0.0
75 92.3076923076923 0.0
76 88.46153846153847 0.0
77 69.23076923076923 0.0
78 61.53846153846154 0.0
79 76.92307692307692 0.0
80 76.92307692307692 0.0
81 92.3076923076923 0.0
82 84.61538461538461 0.0
83 65.38461538461539 0.0
84 84.61538461538461 0.0
85 84.61538461538461 0.0
86 92.3076923076923 0.0
87 76.92307692307692 0.0
88 84.61538461538461 0.0
89 76.92307692307692 0.0
90 92.3076923076923 0.0
91 84.61538461538461 0.0
92 92.3076923076923 0.0
93 100.0 0.0
94 100.0 0.0
95 92.3076923076923 0.0
96 92.3076923076923 0.0
97 84.61538461538461 0.0
98 92.3076923076923 0.0
99 80.76923076923077 0.0
100 84.61538461538461 0.0
101 76.92307692307692 0.0
102 73.07692307692308 0.0
103 80.76923076923077 0.0
104 73.07692307692308 0.0
105 84.61538461538461 0.0
106 88.46153846153847 0.0
107 92.3076923076923 0.0
108 92.3076923076923 0.0
109 76.92307692307692 0.0
110 76.92307692307692 0.0
111 84.61538461538461 0.0
112 84.61538461538461 0.0
113 92.3076923076923 0.0
114 92.3076923076923 0.0
115 92.3076923076923 0.0
116 84.61538461538461 0.0
117 76.92307692307692 0.0
118 84.61538461538461 0.0
119 88.46153846153847 0.0
120 92.3076923076923 0.0
121 92.3076923076923 0.0
122 84.61538461538461 0.0
123 84.61538461538461 0.0
124 92.3076923076923 0.0
125 92.3076923076923 0.0
126 84.61538461538461 0.0
127 92.3076923076923 0.0
128 88.46153846153847 0.0
129 92.3076923076923 0.0
130 100.0 0.0
131 92.3076923076923 0.0
132 92.3076923076923 0.0
133 84.61538461538461 0.0
134 84.61538461538461 0.0
135 92.3076923076923 0.0
136 100.0 0.0
137 92.3076923076923 0.0
138 100.0 0.0
139 100.0 0.0
140 100.0 0.0
141 92.3076923076923 0.0
142 92.3076923076923 0.0
143 92.3076923076923 0.0
144 92.3076923076923 0.0
145 92.3076923076923 0.0
146 100.0 0.0
147 100.0 0.0
148 92.3076923076923 0.0
149 84.61538461538461 0.0
150 76.92307692307692 0.0
151 92.3076923076923 0.0
152 84.61538461538461 0.0
153 76.92307692307692 0.0
154 84.61538461538461 0.0
155 84.61538461538461 0.0
156 100.0 0.0
157 84.61538461538461 0.0
158 80.76923076923077 0.0
159 84.61538461538461 0.0
160 84.61538461538461 0.0
161 92.3076923076923 0.0
162 76.92307692307692 0.0
163 92.3076923076923 0.0
164 92.3076923076923 0.0
165 84.61538461538461 0.0
166 76.92307692307692 0.0
167 84.61538461538461 0.0
168 69.23076923076923 0.0
169 69.23076923076923 0.0
170 84.61538461538461 0.0
171 92.3076923076923 0.0
172 76.92307692307692 0.0
173 84.61538461538461 0.0
174 100.0 0.0
175 84.61538461538461 0.0
176 76.92307692307692 0.0
177 76.92307692307692 0.0
178 73.07692307692308 0.0
179 84.61538461538461 0.0
180 76.92307692307692 0.0
181 76.92307692307692 0.0
182 69.23076923076923 0.0
183 76.92307692307692 0.0
184 69.23076923076923 0.0
185 92.3076923076923 0.0
186 84.61538461538461 0.0
187 100.0 0.0
188 84.61538461538461 0.0
189 84.61538461538461 0.0
190 76.92307692307692 0.0
191 65.38461538461539 0.0
192 73.07692307692308 0.0
193 69.23076923076923 0.0
194 76.92307692307692 0.0
195 76.92307692307692 0.0
196 92.3076923076923 0.0
197 84.61538461538461 0.0
198 92.3076923076923 0.0
199 84.61538461538461 0.0
200 84.61538461538461 0.0
201 92.3076923076923 0.0
202 76.92307692307692 0.0
203 92.3076923076923 0.0
204 84.61538461538461 0.0
205 92.3076923076923 0.0
206 84.61538461538461 0.0
207 92.3076923076923 0.0
208 100.0 0.0
209 84.61538461538461 0.0
210 76.92307692307692 0.0
211 92.3076923076923 0.0
212 69.23076923076923 0.0
213 69.23076923076923 0.0
214 84.61538461538461 0.0
215 84.61538461538461 0.0
216 84.61538461538461 0.0
217 84.61538461538461 0.0
218 84.61538461538461 0.0
219 84.61538461538461 0.0
220 84.61538461538461 0.0
221 84.61538461538461 0.0
222 84.61538461538461 0.0
223 84.61538461538461 0.0
224 84.61538461538461 0.0
225 84.61538461538461 0.0
226 80.76923076923077 0.0
227 80.76923076923077 0.0
228 76.92307692307692 0.0
229 61.53846153846154 0.0
230 61.53846153846154 0.0
231 84.61538461538461 0.0
232 69.23076923076923 0.0
233 92.3076923076923 0.0
234 92.3076923076923 0.0
235 100.0 0.0
236 92.3076923076923 0.0
237 100.0 0.0
238 92.3076923076923 0.0
239 100.0 0.0
240 100.0 0.0
241 92.3076923076923 0.0
242 100.0 0.0
243 84.61538461538461 0.0
244 80.76923076923077 0.0
245 80.76923076923077 0.0
246 88.46153846153847 0.0
247 100.0 0.0
248 100.0 0.0
249 100.0 0.0
250 92.3076923076923 0.0
251 100.0 0.0
252 84.61538461538461 0.0
253 84.61538461538461 0.0
254 76.92307692307692 0.0
255 92.3076923076923 0.0
256 100.0 0.0
257 100.0 0.0
258 100.0 0.0
259 100.0 0.0
260 100.0 0.0
261 92.3076923076923 0.0
262 92.3076923076923 0.0
263 84.61538461538461 0.0
264 92.3076923076923 0.0
265 84.61538461538461 0.0
266 84.61538461538461 0.0
267 76.92307692307692 0.0
268 69.23076923076923 0.0
269 84.61538461538461 0.0
270 84.61538461538461 0.0
271 80.76923076923077 0.0
272 88.46153846153847 0.0
273 84.61538461538461 0.0
274 76.92307692307692 0.0
275 84.61538461538461 0.0
276 92.3076923076923 0.0
277 100.0 0.0
278 100.0 0.0
279 92.3076923076923 0.0
280 100.0 0.0
281 92.3076923076923 0.0
282 92.3076923076923 0.0
283 92.3076923076923 0.0
284 100.0 0.0
285 92.3076923076923 0.0
286 100.0 0.0
287 100.0 0.0
288 100.0 0.0
289 92.3076923076923 0.0
290 92.3076923076923 0.0
291 92.3076923076923 0.0
292 92.3076923076923 0.0
293 84.61538461538461 0.0
294 100.0 0.0
295 100.0 0.0
296 84.61538461538461 0.0
297 92.3076923076923 0.0
298 76.92307692307692 0.0
299 100.0 0.0
300 100.0 0.0
301 100.0 0.0
302 100.0 0.0
303 100.0 0.0
304 100.0 0.0
305 88.46153846153847 0.0
306 92.3076923076923 0.0
307 92.3076923076923 0.0
308 76.92307692307692 0.0
309 69.23076923076923 0.0
310 84.61538461538461 0.0
311 92.3076923076923 0.0
312 84.61538461538461 0.0
313 92.3076923076923 0.0
314 84.61538461538461 0.0
315 76.92307692307692 0.0
316 92.3076923076923 0.0
317 92.3076923076923 0.0
318 69.23076923076923 0.0
319 84.61538461538461 0.0
320 84.61538461538461 0.0
321 84.61538461538461 0.0
322 92.3076923076923 0.0
323 76.92307692307692 0.0
324 92.3076923076923 0.0
325 92.3076923076923 0.0
326 84.61538461538461 0.0
327 73.07692307692308 0.0
328 84.61538461538461 0.0
329 76.92307692307692 0.0
330 92.3076923076923 0.0
331 92.3076923076923 0.0
332 76.92307692307692 0.0
333 84.61538461538461 0.0
334 100.0 0.0
335 84.61538461538461 0.0
336 92.3076923076923 0.0
337 76.92307692307692 0.0
338 84.61538461538461 0.0
339 92.3076923076923 0.0
340 100.0 0.0
341 100.0 0.0
342 100.0 0.0
343 88.46153846153847 0.0
344 88.46153846153847 0.0
345 76.92307692307692 0.0
346 65.38461538461539 0.0
347 73.07692307692308 0.0
348 65.38461538461539 0.0
349 65.38461538461539 0.0
350 65.38461538461539 0.0
351 65.38461538461539 0.0
352 73.07692307692308 0.0
353 73.07692307692308 0.0
354 80.76923076923077 0.0
355 73.07692307692308 0.0
356 80.76923076923077 0.0
357 84.61538461538461 0.0
358 84.61538461538461 0.0
359 84.61538461538461 0.0
360 84.61538461538461 0.0
361 92.3076923076923 0.0
362 61.53846153846154 0.0
363 61.53846153846154 0.0
364 69.23076923076923 0.0
365 76.92307692307692 0.0
366 76.92307692307692 0.0
367 76.92307692307692 0.0
368 69.23076923076923 0.0
369 84.61538461538461 0.0
370 84.61538461538461 0.0
371 92.3076923076923 0.0
372 92.3076923076923 0.0
373 84.61538461538461 0.0
374 73.07692307692308 0.0
375 73.07692307692308 0.0
376 76.92307692307692 0.0
377 76.92307692307692 0.0
378 76.92307692307692 0.0
379 92.3076923076923 0.0
380 92.3076923076923 0.0
381 92.3076923076923 0.0
382 100.0 0.0
383 92.3076923076923 0.0
384 65.38461538461539 0.0
385 76.92307692307692 0.0
386 76.92307692307692 0.0
387 84.61538461538461 0.0
388 84.61538461538461 0.0
389 84.61538461538461 0.0
390 76.92307692307692 0.0
391 100.0 0.0
392 100.0 0.0
393 92.3076923076923 0.0
394 100.0 0.0
395 100.0 0.0
396 100.0 0.0
397 92.3076923076923 0.0
398 84.61538461538461 0.0
399 84.61538461538461 0.0
400 84.61538461538461 0.0
401 73.07692307692308 0.0
402 92.3076923076923 0.0
403 92.3076923076923 0.0
404 92.3076923076923 0.0
405 92.3076923076923 0.0
406 76.92307692307692 0.0
407 80.76923076923077 0.0
408 92.3076923076923 0.0
409 76.92307692307692 0.0
410 84.61538461538461 0.0
411 92.3076923076923 0.0
412 92.3076923076923 0.0
413 76.92307692307692 0.0
414 84.61538461538461 0.0
415 84.61538461538461 0.0
416 76.92307692307692 0.0
417 69.23076923076923 0.0
418 92.3076923076923 0.0
419 84.61538461538461 0.0
420 88.46153846153847 0.0
421 88.46153846153847 0.0
422 80.76923076923077 0.0
423 92.3076923076923 0.0
424 92.3076923076923 0.0
425 84.61538461538461 0.0
426 69.23076923076923 0.0
427 76.92307692307692 0.0
428 69.23076923076923 0.0
429 92.3076923076923 0.0
430 84.61538461538461 0.0
431 100.0 0.0
432 100.0 0.0
433 84.61538461538461 0.0
434 84.61538461538461 0.0
435 84.61538461538461 0.0
436 84.61538461538461 0.0
437 84.61538461538461 0.0
438 76.92307692307692 0.0
439 92.3076923076923 0.0
440 92.3076923076923 0.0
441 100.0 0.0
442 92.3076923076923 0.0
443 92.3076923076923 0.0
444 84.61538461538461 0.0
445 92.3076923076923 0.0
446 92.3076923076923 0.0
447 92.3076923076923 0.0
448 92.3076923076923 0.0
449 84.61538461538461 0.0
450 92.3076923076923 0.0
451 84.61538461538461 0.0
452 84.61538461538461 0.0
453 92.3076923076923 0.0
454 84.61538461538461 0.0
455 92.3076923076923 0.0
456 84.61538461538461 0.0
457 92.3076923076923 0.0
458 76.92307692307692 0.0
459 92.3076923076923 0.0
460 84.61538461538461 0.0
461 84.61538461538461 0.0
462 76.92307692307692 0.0
463 76.92307692307692 0.0
464 76.92307692307692 0.0
465 84.61538461538461 0.0
466 100.0 0.0
467 100.0 0.0
468 92.3076923076923 0.0
469 100.0 0.0
470 100.0 0.0
471 100.0 0.0
472 100.0 0.0
473 92.3076923076923 0.0
474 92.3076923076923 0.0
475 92.3076923076923 0.0
476 84.61538461538461 0.0
477 84.61538461538461 0.0
478 92.3076923076923 0.0
479 84.61538461538461 0.0
480 92.3076923076923 0.0
481 84.61538461538461 0.0
482 84.61538461538461 0.0
483 84.61538461538461 0.0
484 76.92307692307692 0.0
485 69.23076923076923 0.0
486 84.61538461538461 0.0
487 84.61538461538461 0.0
488 73.07692307692308 0.0
489 84.61538461538461 0.0
490 84.61538461538461 0.0
491 69.23076923076923 0.0
492 76.92307692307692 0.0
493 84.61538461538461 0.0
494 76.92307692307692 0.0
495 80.76923076923077 0.0
496 92.3076923076923 0.0
497 92.3076923076923 0.0
498 92.3076923076923 0.0
499 92.3076923076923 0.0
500 84.61538461538461 0.0
501 76.92307692307692 0.0
502 76.92307692307692 0.0
503 92.3076923076923 0.0
504 92.3076923076923 0.0
505 92.3076923076923 0.0
506 92.3076923076923 0.0
507 100.0 0.0
508 84.61538461538461 0.0
509 76.92307692307692 0.0
510 69.23076923076923 0.0
511 76.92307692307692 0.0
512 84.61538461538461 0.0
513 92.3076923076923 0.0
514 76.92307692307692 0.0
515 84.61538461538461 0.0
516 84.61538461538461 0.0
517 76.92307692307692 0.0
518 92.3076923076923 0.0
519 84.61538461538461 0.0
520 84.61538461538461 0.0
521 84.61538461538461 0.0
522 100.0 0.0
523 92.3076923076923 0.0
524 100.0 0.0
525 80.76923076923077 0.0
526 88.46153846153847 0.0
527 80.76923076923077 0.0
528 80.76923076923077 0.0
529 76.92307692307692 0.0
530 100.0 0.0
531 84.61538461538461 0.0
532 84.61538461538461 0.0
533 92.3076923076923 0.0
534 92.3076923076923 0.0
535 92.3076923076923 0.0
536 92.3076923076923 0.0
537 76.92307692307692 0.0
538 76.92307692307692 0.0
539 100.0 0.0
540 84.61538461538461 0.0
541 100.0 0.0
542 92.3076923076923 0.0
543 76.92307692307692 0.0
544 92.3076923076923 0.0
545 92.3076923076923 0.0
546 92.3076923076923 0.0
547 92.3076923076923 0.0
548 92.3076923076923 0.0
549 80.76923076923077 0.0
550 88.46153846153847 0.0
551 100.0 0.0
552 84.61538461538461 0.0
553 84.61538461538461 0.0
554 84.61538461538461 0.0
555 84.61538461538461 0.0
556 84.61538461538461 0.0
557 92.3076923076923 0.0
558 100.0 0.0
559 84.61538461538461 0.0
560 84.61538461538461 0.0
561 92.3076923076923 0.0
562 92.3076923076923 0.0
563 84.61538461538461 0.0
564 84.61538461538461 0.0
565 84.61538461538461 0.0
566 100.0 0.0
567 100.0 0.0
568 92.3076923076923 0.0
569 80.76923076923077 0.0
570 80.76923076923077 0.0
571 84.61538461538461 0.0
572 80.76923076923077 0.0
573 80.76923076923077 0.0
574 88.46153846153847 0.0
575 73.07692307692308 0.0
576 65.38461538461539 0.0
577 69.23076923076923 0.0
578 80.76923076923077 0.0
579 73.07692307692308 0.0
580 73.07692307692308 0.0
581 73.07692307692308 0.0
582 65.38461538461539 0.0
583 69.23076923076923 0.0
584 76.92307692307692 0.0
585 84.61538461538461 0.0
586 76.92307692307692 0.0
587 84.61538461538461 0.0
588 61.53846153846154 0.0
589 61.53846153846154 0.0
590 61.53846153846154 0.0
591 69.23076923076923 0.0
592 69.23076923076923 0.0
593 69.23076923076923 0.0
594 76.92307692307692 0.0
595 84.61538461538461 0.0
596 100.0 0.0
597 92.3076923076923 0.0
598 84.61538461538461 0.0
599 100.0 0.0
600 76.92307692307692 0.0
601 73.07692307692308 0.0
602 73.07692307692308 0.0
603 84.61538461538461 0.0
604 88.46153846153847 0.0
605 88.46153846153847 0.0
606 92.3076923076923 0.0
607 88.46153846153847 0.0
608 80.76923076923077 0.0
609 92.3076923076923 0.0
610 88.46153846153847 0.0
611 65.38461538461539 0.0
612 65.38461538461539 0.0
613 73.07692307692308 0.0
614 88.46153846153847 0.0
615 80.76923076923077 0.0
616 80.76923076923077 0.0
617 76.92307692307692 0.0
618 69.23076923076923 0.0
619 80.76923076923077 0.0
620 76.92307692307692 0.0
621 65.38461538461539 0.0
622 69.23076923076923 0.0
623 92.3076923076923 0.0
624 76.92307692307692 0.0
625 84.61538461538461 0.0
626 100.0 0.0
627 100.0 0.0
628 100.0 0.0
629 92.3076923076923 0.0
630 84.61538461538461 0.0
631 100.0 0.0
632 92.3076923076923 0.0
633 100.0 0.0
634 92.3076923076923 0.0
635 100.0 0.0
636 92.3076923076923 0.0
637 92.3076923076923 0.0
638 100.0 0.0
639 92.3076923076923 0.0
640 92.3076923076923 0.0
641 100.0 0.0
642 92.3076923076923 0.0
643 88.46153846153847 0.0
644 92.3076923076923 0.0
645 100.0 0.0
646 100.0 0.0
647 100.0 0.0
648 100.0 0.0
649 88.46153846153847 0.0
650 80.76923076923077 0.0
651 92.3076923076923 0.0
652 84.61538461538461 0.0
653 92.3076923076923 0.0
654 92.3076923076923 0.0
655 92.3076923076923 0.0
656 100.0 0.0
657 88.46153846153847 0.0
658 92.3076923076923 0.0
659 100.0 0.0
660 84.61538461538461 0.0
661 84.61538461538461 0.0
662 92.3076923076923 0.0
663 88.46153846153847 0.0
664 84.61538461538461 0.0
665 84.61538461538461 0.0
666 92.3076923076923 0.0
667 100.0 0.0
668 100.0 0.0
669 92.3076923076923 0.0
670 92.3076923076923 0.0
671 76.92307692307692 0.0
672 100.0 0.0
673 73.07692307692308 0.0
674 65.38461538461539 0.0
675 73.07692307692308 0.0
676 69.23076923076923 0.0
677 76.92307692307692 0.0
678 76.92307692307692 0.0
679 76.92307692307692 0.0
680 57.69230769230769 0.0
681 80.76923076923077 0.0
682 80.76923076923077 0.0
683 76.92307692307692 0.0
684 69.23076923076923 0.0
685 69.23076923076923 0.0
686 53.84615384615385 0.0
687 61.53846153846154 0.0
688 69.23076923076923 0.0
689 69.23076923076923 0.0
690 84.61538461538461 0.0
691 92.3076923076923 0.0
692 100.0 0.0
693 100.0 0.0
694 92.3076923076923 0.0
695 100.0 0.0
696 92.3076923076923 0.0
697 92.3076923076923 0.0
698 92.3076923076923 0.0
699 92.3076923076923 0.0
700 84.61538461538461 0.0
701 92.3076923076923 0.0
702 84.61538461538461 0.0
703 92.3076923076923 0.0
704 92.3076923076923 0.0
705 92.3076923076923 0.0
706 88.46153846153847 0.0
707 80.76923076923077 0.0
708 84.61538461538461 0.0
709 69.23076923076923 0.0
710 84.61538461538461 0.0
711 84.61538461538461 0.0
712 100.0 0.0
713 92.3076923076923 0.0
714 92.3076923076923 0.0
715 100.0 0.0
716 92.3076923076923 0.0
717 69.23076923076923 0.0
718 84.61538461538461 0.0
719 92.3076923076923 0.0
720 84.61538461538461 0.0
721 84.61538461538461 0.0
722 100.0 0.0
723 80.76923076923077 0.0
724 100.0 0.0
725 92.3076923076923 0.0
726 84.61538461538461 0.0
727 84.61538461538461 0.0
728 76.92307692307692 0.0
729 92.3076923076923 0.0
730 69.23076923076923 0.0
731 100.0 0.0
732 92.3076923076923 0.0
733 92.3076923076923 0.0
734 92.3076923076923 0.0
735 92.3076923076923 0.0
736 92.3076923076923 0.0
737 92.3076923076923 0.0
738 84.61538461538461 0.0
739 100.0 0.0
740 100.0 0.0
741 92.3076923076923 0.0
742 92.3076923076923 0.0
743 100.0 0.0
744 100.0 0.0
745 100.0 0.0
746 100.0 0.0
747 92.3076923076923 0.0
748 84.61538461538461 0.0
749 84.61538461538461 0.0
750 76.92307692307692 0.0
751 92.3076923076923 0.0
752 92.3076923076923 0.0
753 84.61538461538461 0.0
754 73.07692307692308 0.0
755 73.07692307692308 0.0
756 73.07692307692308 0.0
757 80.76923076923077 0.0
758 84.61538461538461 0.0
759 76.92307692307692 0.0
760 76.92307692307692 0.0
761 92.3076923076923 0.0
762 92.3076923076923 0.0
763 84.61538461538461 0.0
764 84.61538461538461 0.0
765 84.61538461538461 0.0
766 92.3076923076923 0.0
767 92.3076923076923 0.0
768 92.3076923076923 0.0
769 100.0 0.0
770 100.0 0.0
771 92.3076923076923 0.0
772 92.3076923076923 0.0
773 92.3076923076923 0.0
774 100.0 0.0
775 92.3076923076923 0.0
776 92.3076923076923 0.0
777 92.3076923076923 0.0
778 92.3076923076923 0.0
779 100.0 0.0
780 92.3076923076923 0.0
781 92.3076923076923 0.0
782 80.76923076923077 0.0
783 92.3076923076923 0.0
784 92.3076923076923 0.0
785 92.3076923076923 0.0
786 92.3076923076923 0.0
787 100.0 0.0
788 92.3076923076923 0.0
789 100.0 0.0
790 100.0 0.0
791 100.0 0.0
792 100.0 0.0
793 92.3076923076923 0.0
794 76.92307692307692 0.0
795 92.3076923076923 0.0
796 92.3076923076923 0.0
797 92.3076923076923 0.0
798 84.61538461538461 0.0
799 69.23076923076923 0.0
800 76.92307692307692 0.0
801 65.38461538461539 0.0
802 92.3076923076923 0.0
803 84.61538461538461 0.0
804 84.61538461538461 0.0
805 84.61538461538461 0.0
806 84.61538461538461 0.0
807 84.61538461538461 0.0
808 76.92307692307692 0.0
809 69.23076923076923 0.0
810 84.61538461538461 0.0
811 92.3076923076923 0.0
812 84.61538461538461 0.0
813 76.92307692307692 0.0
814 61.53846153846154 0.0
815 69.23076923076923 0.0
816 84.61538461538461 0.0
817 73.07692307692308 0.0
818 76.92307692307692 0.0
819 84.61538461538461 0.0
820 84.61538461538461 0.0
821 84.61538461538461 0.0
822 84.61538461538461 0.0
823 92.3076923076923 0.0
824 84.61538461538461 0.0
825 84.61538461538461 0.0
826 92.3076923076923 0.0
827 92.3076923076923 0.0
828 84.61538461538461 0.0
829 76.92307692307692 0.0
830 84.61538461538461 0.0
831 100.0 0.0
832 100.0 0.0
833 92.3076923076923 0.0
834 92.3076923076923 0.0
835 92.3076923076923 0.0
836 92.3076923076923 0.0
837 92.3076923076923 0.0
838 92.3076923076923 0.0
839 92.3076923076923 0.0
840 100.0 0.0
841 100.0 0.0
842 92.3076923076923 0.0
843 92.3076923076923 0.0
844 100.0 0.0
845 84.61538461538461 0.0
846 76.92307692307692 0.0
847 84.61538461538461 0.0
848 92.3076923076923 0.0
849 92.3076923076923 0.0
850 100.0 0.0
851 92.3076923076923 0.0
852 84.61538461538461 0.0
853 76.92307692307692 0.0
854 84.61538461538461 0.0
855 69.23076923076923 0.0
856 92.3076923076923 0.0
857 84.61538461538461 0.0
858 84.61538461538461 0.0
859 92.3076923076923 0.0
860 92.3076923076923 0.0
861 92.3076923076923 0.0
862 92.3076923076923 0.0
863 92.3076923076923 0.0
864 84.61538461538461 0.0
865 92.3076923076923 0.0
866 100.0 0.0
867 92.3076923076923 0.0
868 92.3076923076923 0.0
869 92.3076923076923 0.0
870 84.61538461538461 0.0
871 76.92307692307692 0.0
872 92.3076923076923 0.0
873 84.61538461538461 0.0
874 100.0 0.0
875 92.3076923076923 0.0
876 92.3076923076923 0.0
877 92.3076923076923 0.0
878 84.61538461538461 0.0
879 92.3076923076923 0.0
880 92.3076923076923 0.0
881 65.38461538461539 0.0
882 80.76923076923077 0.0
883 73.07692307692308 0.0
884 92.3076923076923 0.0
885 100.0 0.0
886 100.0 0.0
887 100.0 0.0
888 92.3076923076923 0.0
889 100.0 0.0
890 100.0 0.0
891 92.3076923076923 0.0
892 92.3076923076923 0.0
893 92.3076923076923 0.0
894 100.0 0.0
895 84.61538461538461 0.0
896 76.92307692307692 0.0
897 92.3076923076923 0.0
898 92.3076923076923 0.0
899 92.3076923076923 0.0
900 92.3076923076923 0.0
901 100.0 0.0
902 84.61538461538461 0.0
903 84.61538461538461 0.0
904 92.3076923076923 0.0
905 92.3076923076923 0.0
906 84.61538461538461 0.0
907 92.3076923076923 0.0
908 92.3076923076923 0.0
909 76.92307692307692 0.0
910 76.92307692307692 0.0
911 84.61538461538461 0.0
912 84.61538461538461 0.0
913 92.3076923076923 0.0
914 84.61538461538461 0.0
915 84.61538461538461 0.0
916 84.61538461538461 0.0
917 84.61538461538461 0.0
918 76.92307692307692 0.0
919 92.3076923076923 0.0
920 92.3076923076923 0.0
921 84.61538461538461 0.0
922 84.61538461538461 0.0
923 92.3076923076923 0.0
924 92.3076923076923 0.0
925 84.61538461538461 0.0
926 84.61538461538461 0.0
927 65.38461538461539 0.0
928 57.69230769230769 0.0
929 84.61538461538461 0.0
930 84.61538461538461 0.0
931 73.07692307692308 0.0
932 80.76923076923077 0.0
933 65.38461538461539 0.0
934 73.07692307692308 0.0
935 80.76923076923077 0.0
936 84.61538461538461 0.0
937 69.23076923076923 0.0
938 92.3076923076923 0.0
939 69.23076923076923 0.0
940 84.61538461538461 0.0
941 76.92307692307692 0.0
942 80.76923076923077 0.0
943 65.38461538461539 0.0
944 69.23076923076923 0.0
945 76.92307692307692 0.0
946 76.92307692307692 0.0
947 84.61538461538461 0.0
948 92.3076923076923 0.0
949 73.07692307692308 0.0
950 84.61538461538461 0.0
951 76.92307692307692 0.0
952 92.3076923076923 0.0
953 100.0 0.0
954 92.3076923076923 0.0
955 100.0 0.0
956 100.0 0.0
957 100.0 0.0
958 100.0 0.0
959 92.3076923076923 0.0
960 100.0 0.0
961 92.3076923076923 0.0
962 84.61538461538461 0.0
963 100.0 0.0
964 100.0 0.0
965 92.3076923076923 0.0
966 92.3076923076923 0.0
967 84.61538461538461 0.0
968 84.61538461538461 0.0
969 92.3076923076923 0.0
970 100.0 0.0
971 100.0 0.0
972 92.3076923076923 0.0
973 100.0 0.0
974 92.3076923076923 0.0
975 84.61538461538461 0.0
976 92.3076923076923 0.0
977 92.3076923076923 0.0
978 92.3076923076923 0.0
979 92.3076923076923 0.0
980 100.0 0.0
981 84.61538461538461 0.0
982 84.61538461538461 0.0
983 76.92307692307692 0.0
984 84.61538461538461 0.0
985 69.23076923076923 0.0
986 76.92307692307692 0.0
987 84.61538461538461 0.0
988 92.3076923076923 0.0
989 76.92307692307692 0.0
990 84.61538461538461 0.0
991 92.3076923076923 0.0
992 84.61538461538461 0.0
993 92.3076923076923 0.0
994 65.38461538461539 0.0
995 57.69230769230769 0.0
996 65.38461538461539 0.0
997 76.92307692307692 0.0
998 76.92307692307692 0.0
999 88.46153846153847 0.0
