#resid average_duration max_duration persistent_contacts
1 3.5 12 38
10 4.439024390243903 19 41
11 4.205128205128205 12 39
12 3.7777777777777777 10 27
13 4.7894736842105265 26 19
14 2.962962962962963 9 27
15 3.161290322580645 7 31
16 4.130434782608695 12 23
17 3.28 9 50
18 3.46 10 50
19 3.2941176470588234 9 17
2 3.6923076923076925 9 26
20 4.766666666666667 26 30
21 3.8214285714285716 8 28
22 3.1153846153846154 7 26
23 3.918918918918919 9 37
24 3.1944444444444446 8 36
25 3.731707317073171 15 41
26 3.0 6 31
3 3.7142857142857144 9 35
4 3.973684210526316 15 38
5 3.2439024390243905 8 41
6 3.4074074074074074 10 27
7 4.03030303030303 12 33
8 3.25 7 20
9 3.1621621621621623 9 37
#TOTAL_CONTACTS 2064 for 1000 frames
