#resid average_duration max_duration persistent_contacts
1 4.638888888888889 31 36
10 3.5 15 42
11 3.566666666666667 9 30
12 3.2058823529411766 13 34
13 4.1875 11 32
14 3.230769230769231 9 26
15 3.6923076923076925 11 26
16 3.5454545454545454 10 44
17 3.48 8 25
18 3.3703703703703702 11 27
19 3.3529411764705883 13 34
2 4.885714285714286 31 35
20 3.125 6 24
21 3.607142857142857 11 28
22 4.153846153846154 9 26
23 3.0 6 25
24 4.083333333333333 8 24
25 3.977777777777778 15 45
26 4.133333333333334 15 30
3 2.9714285714285715 10 35
4 3.925925925925926 11 27
5 3.5277777777777777 8 36
6 3.871794871794872 12 39
7 4.235294117647059 15 34
8 3.15 6 20
9 3.75 10 40
#TOTAL_CONTACTS 2055 for 1000 frames
