#resid average_duration max_duration persistent_contacts
1 3.608695652173913 9 23
10 3.6382978723404253 9 47
11 3.03125 8 32
12 3.466666666666667 8 30
13 3.9722222222222223 14 36
14 3.2325581395348837 14 43
15 3.4285714285714284 8 35
16 3.857142857142857 11 21
17 4.184210526315789 18 38
18 3.36 8 25
19 3.761904761904762 14 21
2 4.2368421052631575 18 38
20 3.25 8 32
21 3.3513513513513513 11 37
22 3.8421052631578947 11 38
23 3.4782608695652173 8 46
24 3.5454545454545454 11 44
25 3.3055555555555554 8 36
26 3.6451612903225805 17 31
3 3.4642857142857144 14 28
4 3.4642857142857144 17 28
5 3.6129032258064515 9 31
6 4.0344827586206895 10 29
7 4.045454545454546 15 22
8 3.4285714285714284 7 28
9 3.526315789473684 8 19
#TOTAL_CONTACTS 2025 for 1000 frames
