#frame monomers_% popc_isolated_%
0 65.38461538461539 0.0
1 65.38461538461539 0.0
2 61.53846153846154 0.0
3 76.92307692307692 0.0
4 84.61538461538461 0.0
5 84.61538461538461 0.0
6 80.76923076923077 0.0
7 84.61538461538461 0.0
8 69.23076923076923 0.0
9 92.3076923076923 0.0
10 84.61538461538461 0.0
11 80.76923076923077 0.0
12 80.76923076923077 0.0
13 80.76923076923077 0.0
14 76.92307692307692 0.0
15 76.92307692307692 0.0
16 84.61538461538461 0.0
17 84.61538461538461 0.0
18 84.61538461538461 0.0
19 84.61538461538461 0.0
20 92.3076923076923 0.0
21 100.0 0.0
22 100.0 0.0
23 92.3076923076923 0.0
24 76.92307692307692 0.0
25 76.92307692307692 0.0
26 84.61538461538461 0.0
27 92.3076923076923 0.0
28 100.0 0.0
29 84.61538461538461 0.0
30 84.61538461538461 0.0
31 92.3076923076923 0.0
32 88.46153846153847 0.0
33 92.3076923076923 0.0
34 73.07692307692308 0.0
35 76.92307692307692 0.0
36 65.38461538461539 0.0
37 73.07692307692308 0.0
38 73.07692307692308 0.0
39 73.07692307692308 0.0
40 80.76923076923077 0.0
41 84.61538461538461 0.0
42 73.07692307692308 0.0
43 84.61538461538461 0.0
44 61.53846153846154 0.0
45 76.92307692307692 0.0
46 69.23076923076923 0.0
47 69.23076923076923 0.0
48 76.92307692307692 0.0
49 65.38461538461539 0.0
50 61.53846153846154 0.0
51 65.38461538461539 0.0
52 92.3076923076923 0.0
53 76.92307692307692 0.0
54 76.92307692307692 0.0
55 84.61538461538461 0.0
56 61.53846153846154 0.0
57 73.07692307692308 0.0
58 73.07692307692308 0.0
59 76.92307692307692 0.0
60 84.61538461538461 0.0
61 69.23076923076923 0.0
62 69.23076923076923 0.0
63 84.61538461538461 0.0
64 76.92307692307692 0.0
65 84.61538461538461 0.0
66 69.23076923076923 0.0
67 92.3076923076923 0.0
68 92.3076923076923 0.0
69 84.61538461538461 0.0
70 92.3076923076923 0.0
71 92.3076923076923 0.0
72 76.92307692307692 0.0
73 92.3076923076923 0.0
74 100.0 0.0
75 84.61538461538461 0.0
76 88.46153846153847 0.0
77 100.0 0.0
78 92.3076923076923 0.0
79 100.0 0.0
80 84.61538461538461 0.0
81 73.07692307692308 0.0
82 73.07692307692308 0.0
83 80.76923076923077 0.0
84 76.92307692307692 0.0
85 84.61538461538461 0.0
86 100.0 0.0
87 92.3076923076923 0.0
88 92.3076923076923 0.0
89 76.92307692307692 0.0
90 84.61538461538461 0.0
91 80.76923076923077 0.0
92 76.92307692307692 0.0
93 100.0 0.0
94 92.3076923076923 0.0
95 100.0 0.0
96 84.61538461538461 0.0
97 69.23076923076923 0.0
98 76.92307692307692 0.0
99 73.07692307692308 0.0
100 80.76923076923077 0.0
101 92.3076923076923 0.0
102 100.0 0.0
103 92.3076923076923 0.0
104 84.61538461538461 0.0
105 80.76923076923077 0.0
106 92.3076923076923 0.0
107 80.76923076923077 0.0
108 92.3076923076923 0.0
109 84.61538461538461 0.0
110 76.92307692307692 0.0
111 80.76923076923077 0.0
112 80.76923076923077 0.0
113 100.0 0.0
114 92.3076923076923 0.0
115 92.3076923076923 0.0
116 92.3076923076923 0.0
117 100.0 0.0
118 92.3076923076923 0.0
119 84.61538461538461 0.0
120 65.38461538461539 0.0
121 80.76923076923077 0.0
122 80.76923076923077 0.0
123 80.76923076923077 0.0
124 73.07692307692308 0.0
125 84.61538461538461 0.0
126 84.61538461538461 0.0
127 84.61538461538461 0.0
128 84.61538461538461 0.0
129 100.0 0.0
130 84.61538461538461 0.0
131 92.3076923076923 0.0
132 100.0 0.0
133 100.0 0.0
134 88.46153846153847 0.0
135 80.76923076923077 0.0
136 84.61538461538461 0.0
137 73.07692307692308 0.0
138 76.92307692307692 0.0
139 76.92307692307692 0.0
140 92.3076923076923 0.0
141 84.61538461538461 0.0
142 84.61538461538461 0.0
143 92.3076923076923 0.0
144 80.76923076923077 0.0
145 88.46153846153847 0.0
146 92.3076923076923 0.0
147 88.46153846153847 0.0
148 92.3076923076923 0.0
149 100.0 0.0
150 92.3076923076923 0.0
151 92.3076923076923 0.0
152 88.46153846153847 0.0
153 92.3076923076923 0.0
154 76.92307692307692 0.0
155 69.23076923076923 0.0
156 73.07692307692308 0.0
157 73.07692307692308 0.0
158 100.0 0.0
159 100.0 0.0
160 76.92307692307692 0.0
161 76.92307692307692 0.0
162 92.3076923076923 0.0
163 84.61538461538461 0.0
164 84.61538461538461 0.0
165 76.92307692307692 0.0
166 57.69230769230769 0.0
167 92.3076923076923 0.0
168 84.61538461538461 0.0
169 84.61538461538461 0.0
170 92.3076923076923 0.0
171 100.0 0.0
172 92.3076923076923 0.0
173 65.38461538461539 0.0
174 76.92307692307692 0.0
175 80.76923076923077 0.0
176 73.07692307692308 0.0
177 76.92307692307692 0.0
178 76.92307692307692 0.0
179 76.92307692307692 0.0
180 92.3076923076923 0.0
181 100.0 0.0
182 100.0 0.0
183 100.0 0.0
184 92.3076923076923 0.0
185 92.3076923076923 0.0
186 84.61538461538461 0.0
187 88.46153846153847 0.0
188 92.3076923076923 0.0
189 84.61538461538461 0.0
190 76.92307692307692 0.0
191 65.38461538461539 0.0
192 65.38461538461539 0.0
193 57.69230769230769 0.0
194 80.76923076923077 0.0
195 76.92307692307692 0.0
196 88.46153846153847 0.0
197 88.46153846153847 0.0
198 76.92307692307692 0.0
199 76.92307692307692 0.0
200 92.3076923076923 0.0
201 80.76923076923077 0.0
202 73.07692307692308 0.0
203 88.46153846153847 0.0
204 84.61538461538461 0.0
205 84.61538461538461 0.0
206 92.3076923076923 0.0
207 76.92307692307692 0.0
208 69.23076923076923 0.0
209 76.92307692307692 0.0
210 76.92307692307692 0.0
211 76.92307692307692 0.0
212 84.61538461538461 0.0
213 76.92307692307692 0.0
214 65.38461538461539 0.0
215 84.61538461538461 0.0
216 76.92307692307692 0.0
217 84.61538461538461 0.0
218 76.92307692307692 0.0
219 84.61538461538461 0.0
220 92.3076923076923 0.0
221 76.92307692307692 0.0
222 92.3076923076923 0.0
223 84.61538461538461 0.0
224 100.0 0.0
225 76.92307692307692 0.0
226 65.38461538461539 0.0
227 76.92307692307692 0.0
228 88.46153846153847 0.0
229 76.92307692307692 0.0
230 92.3076923076923 0.0
231 84.61538461538461 0.0
232 100.0 0.0
233 92.3076923076923 0.0
234 84.61538461538461 0.0
235 88.46153846153847 0.0
236 88.46153846153847 0.0
237 80.76923076923077 0.0
238 76.92307692307692 0.0
239 73.07692307692308 0.0
240 84.61538461538461 0.0
241 73.07692307692308 0.0
242 80.76923076923077 0.0
243 88.46153846153847 0.0
244 76.92307692307692 0.0
245 92.3076923076923 0.0
246 92.3076923076923 0.0
247 84.61538461538461 0.0
248 69.23076923076923 0.0
249 73.07692307692308 0.0
250 76.92307692307692 0.0
251 76.92307692307692 0.0
252 92.3076923076923 0.0
253 76.92307692307692 0.0
254 92.3076923076923 0.0
255 76.92307692307692 0.0
256 92.3076923076923 0.0
257 73.07692307692308 0.0
258 84.61538461538461 0.0
259 76.92307692307692 0.0
260 69.23076923076923 0.0
261 69.23076923076923 0.0
262 61.53846153846154 0.0
263 69.23076923076923 0.0
264 80.76923076923077 0.0
265 88.46153846153847 0.0
266 76.92307692307692 0.0
267 92.3076923076923 0.0
268 84.61538461538461 0.0
269 88.46153846153847 0.0
270 73.07692307692308 0.0
271 73.07692307692308 0.0
272 61.53846153846154 0.0
273 65.38461538461539 0.0
274 92.3076923076923 0.0
275 84.61538461538461 0.0
276 84.61538461538461 0.0
277 69.23076923076923 0.0
278 76.92307692307692 0.0
279 65.38461538461539 0.0
280 76.92307692307692 0.0
281 80.76923076923077 0.0
282 84.61538461538461 0.0
283 76.92307692307692 0.0
284 80.76923076923077 0.0
285 69.23076923076923 0.0
286 84.61538461538461 0.0
287 76.92307692307692 0.0
288 92.3076923076923 0.0
289 88.46153846153847 0.0
290 84.61538461538461 0.0
291 84.61538461538461 0.0
292 76.92307692307692 0.0
293 73.07692307692308 0.0
294 50.0 0.0
295 76.92307692307692 0.0
296 76.92307692307692 0.0
297 76.92307692307692 0.0
298 80.76923076923077 0.0
299 69.23076923076923 0.0
300 92.3076923076923 0.0
301 69.23076923076923 0.0
302 88.46153846153847 0.0
303 92.3076923076923 0.0
304 92.3076923076923 0.0
305 61.53846153846154 0.0
306 76.92307692307692 0.0
307 76.92307692307692 0.0
308 69.23076923076923 0.0
309 73.07692307692308 0.0
310 57.69230769230769 0.0
311 80.76923076923077 0.0
312 80.76923076923077 0.0
313 65.38461538461539 0.0
314 76.92307692307692 0.0
315 80.76923076923077 0.0
316 88.46153846153847 0.0
317 73.07692307692308 0.0
318 57.69230769230769 0.0
319 69.23076923076923 0.0
320 65.38461538461539 0.0
321 80.76923076923077 0.0
322 92.3076923076923 0.0
323 100.0 0.0
324 73.07692307692308 0.0
325 92.3076923076923 0.0
326 100.0 0.0
327 100.0 0.0
328 92.3076923076923 0.0
329 100.0 0.0
330 100.0 0.0
331 84.61538461538461 0.0
332 92.3076923076923 0.0
333 92.3076923076923 0.0
334 84.61538461538461 0.0
335 76.92307692307692 0.0
336 65.38461538461539 0.0
337 69.23076923076923 0.0
338 92.3076923076923 0.0
339 92.3076923076923 0.0
340 84.61538461538461 0.0
341 69.23076923076923 0.0
342 84.61538461538461 0.0
343 69.23076923076923 0.0
344 53.84615384615385 0.0
345 76.92307692307692 0.0
346 69.23076923076923 0.0
347 76.92307692307692 0.0
348 80.76923076923077 0.0
349 100.0 0.0
350 84.61538461538461 0.0
351 84.61538461538461 0.0
352 76.92307692307692 0.0
353 84.61538461538461 0.0
354 80.76923076923077 0.0
355 69.23076923076923 0.0
356 80.76923076923077 0.0
357 84.61538461538461 0.0
358 92.3076923076923 0.0
359 100.0 0.0
360 84.61538461538461 0.0
361 73.07692307692308 0.0
362 76.92307692307692 0.0
363 84.61538461538461 0.0
364 76.92307692307692 0.0
365 76.92307692307692 0.0
366 84.61538461538461 0.0
367 84.61538461538461 0.0
368 92.3076923076923 0.0
369 84.61538461538461 0.0
370 88.46153846153847 0.0
371 84.61538461538461 0.0
372 76.92307692307692 0.0
373 100.0 0.0
374 84.61538461538461 0.0
375 84.61538461538461 0.0
376 76.92307692307692 0.0
377 76.92307692307692 0.0
378 69.23076923076923 0.0
379 84.61538461538461 0.0
380 100.0 0.0
381 92.3076923076923 0.0
382 92.3076923076923 0.0
383 100.0 0.0
384 100.0 0.0
385 84.61538461538461 0.0
386 92.3076923076923 0.0
387 92.3076923076923 0.0
388 88.46153846153847 0.0
389 88.46153846153847 0.0
390 100.0 0.0
391 100.0 0.0
392 92.3076923076923 0.0
393 100.0 0.0
394 100.0 0.0
395 100.0 0.0
396 100.0 0.0
397 100.0 0.0
398 100.0 0.0
399 100.0 0.0
400 100.0 0.0
401 100.0 0.0
402 84.61538461538461 0.0
403 84.61538461538461 0.0
404 92.3076923076923 0.0
405 84.61538461538461 0.0
406 92.3076923076923 0.0
407 65.38461538461539 0.0
408 80.76923076923077 0.0
409 92.3076923076923 0.0
410 84.61538461538461 0.0
411 92.3076923076923 0.0
412 88.46153846153847 0.0
413 100.0 0.0
414 92.3076923076923 0.0
415 92.3076923076923 0.0
416 100.0 0.0
417 84.61538461538461 0.0
418 76.92307692307692 0.0
419 84.61538461538461 0.0
420 92.3076923076923 0.0
421 92.3076923076923 0.0
422 76.92307692307692 0.0
423 84.61538461538461 0.0
424 84.61538461538461 0.0
425 84.61538461538461 0.0
426 76.92307692307692 0.0
427 76.92307692307692 0.0
428 76.92307692307692 0.0
429 84.61538461538461 0.0
430 84.61538461538461 0.0
431 73.07692307692308 0.0
432 69.23076923076923 0.0
433 76.92307692307692 0.0
434 76.92307692307692 0.0
435 69.23076923076923 0.0
436 57.69230769230769 0.0
437 80.76923076923077 0.0
438 76.92307692307692 0.0
439 84.61538461538461 0.0
440 92.3076923076923 0.0
441 80.76923076923077 0.0
442 65.38461538461539 0.0
443 65.38461538461539 0.0
444 88.46153846153847 0.0
445 80.76923076923077 0.0
446 80.76923076923077 0.0
447 80.76923076923077 0.0
448 80.76923076923077 0.0
449 76.92307692307692 0.0
450 69.23076923076923 0.0
451 100.0 0.0
452 76.92307692307692 0.0
453 84.61538461538461 0.0
454 76.92307692307692 0.0
455 61.53846153846154 0.0
456 65.38461538461539 0.0
457 76.92307692307692 0.0
458 76.92307692307692 0.0
459 69.23076923076923 0.0
460 92.3076923076923 0.0
461 69.23076923076923 0.0
462 76.92307692307692 0.0
463 76.92307692307692 0.0
464 80.76923076923077 0.0
465 84.61538461538461 0.0
466 76.92307692307692 0.0
467 76.92307692307692 0.0
468 92.3076923076923 0.0
469 84.61538461538461 0.0
470 100.0 0.0
471 100.0 0.0
472 92.3076923076923 0.0
473 84.61538461538461 0.0
474 84.61538461538461 0.0
475 92.3076923076923 0.0
476 92.3076923076923 0.0
477 80.76923076923077 0.0
478 73.07692307692308 0.0
479 92.3076923076923 0.0
480 73.07692307692308 0.0
481 65.38461538461539 0.0
482 84.61538461538461 0.0
483 92.3076923076923 0.0
484 92.3076923076923 0.0
485 76.92307692307692 0.0
486 92.3076923076923 0.0
487 65.38461538461539 0.0
488 73.07692307692308 0.0
489 65.38461538461539 0.0
490 61.53846153846154 0.0
491 73.07692307692308 0.0
492 65.38461538461539 0.0
493 84.61538461538461 0.0
494 84.61538461538461 0.0
495 92.3076923076923 0.0
496 92.3076923076923 0.0
497 69.23076923076923 0.0
498 73.07692307692308 0.0
499 84.61538461538461 0.0
500 84.61538461538461 0.0
501 76.92307692307692 0.0
502 92.3076923076923 0.0
503 80.76923076923077 0.0
504 69.23076923076923 0.0
505 92.3076923076923 0.0
506 92.3076923076923 0.0
507 100.0 0.0
508 92.3076923076923 0.0
509 88.46153846153847 0.0
510 88.46153846153847 0.0
511 80.76923076923077 0.0
512 84.61538461538461 0.0
513 92.3076923076923 0.0
514 84.61538461538461 0.0
515 76.92307692307692 0.0
516 61.53846153846154 0.0
517 61.53846153846154 0.0
518 84.61538461538461 0.0
519 84.61538461538461 0.0
520 76.92307692307692 0.0
521 92.3076923076923 0.0
522 84.61538461538461 0.0
523 84.61538461538461 0.0
524 92.3076923076923 0.0
525 92.3076923076923 0.0
526 76.92307692307692 0.0
527 84.61538461538461 0.0
528 92.3076923076923 0.0
529 80.76923076923077 0.0
530 76.92307692307692 0.0
531 84.61538461538461 0.0
532 100.0 0.0
533 100.0 0.0
534 92.3076923076923 0.0
535 92.3076923076923 0.0
536 92.3076923076923 0.0
537 80.76923076923077 0.0
538 92.3076923076923 0.0
539 100.0 0.0
540 92.3076923076923 0.0
541 84.61538461538461 0.0
542 100.0 0.0
543 100.0 0.0
544 92.3076923076923 0.0
545 92.3076923076923 0.0
546 88.46153846153847 0.0
547 76.92307692307692 0.0
548 76.92307692307692 0.0
549 84.61538461538461 0.0
550 92.3076923076923 0.0
551 80.76923076923077 0.0
552 76.92307692307692 0.0
553 84.61538461538461 0.0
554 84.61538461538461 0.0
555 69.23076923076923 0.0
556 92.3076923076923 0.0
557 76.92307692307692 0.0
558 84.61538461538461 0.0
559 80.76923076923077 0.0
560 84.61538461538461 0.0
561 76.92307692307692 0.0
562 84.61538461538461 0.0
563 92.3076923076923 0.0
564 92.3076923076923 0.0
565 92.3076923076923 0.0
566 76.92307692307692 0.0
567 84.61538461538461 0.0
568 80.76923076923077 0.0
569 65.38461538461539 0.0
570 73.07692307692308 0.0
571 73.07692307692308 0.0
572 73.07692307692308 0.0
573 69.23076923076923 0.0
574 61.53846153846154 0.0
575 69.23076923076923 0.0
576 57.69230769230769 0.0
577 53.84615384615385 0.0
578 50.0 0.0
579 53.84615384615385 0.0
580 76.92307692307692 0.0
581 65.38461538461539 0.0
582 80.76923076923077 0.0
583 84.61538461538461 0.0
584 69.23076923076923 0.0
585 84.61538461538461 0.0
586 84.61538461538461 0.0
587 80.76923076923077 0.0
588 69.23076923076923 0.0
589 76.92307692307692 0.0
590 76.92307692307692 0.0
591 76.92307692307692 0.0
592 69.23076923076923 0.0
593 76.92307692307692 0.0
594 100.0 0.0
595 92.3076923076923 0.0
596 92.3076923076923 0.0
597 84.61538461538461 0.0
598 84.61538461538461 0.0
599 84.61538461538461 0.0
600 84.61538461538461 0.0
601 84.61538461538461 0.0
602 92.3076923076923 0.0
603 80.76923076923077 0.0
604 88.46153846153847 0.0
605 76.92307692307692 0.0
606 100.0 0.0
607 92.3076923076923 0.0
608 92.3076923076923 0.0
609 76.92307692307692 0.0
610 92.3076923076923 0.0
611 92.3076923076923 0.0
612 92.3076923076923 0.0
613 76.92307692307692 0.0
614 84.61538461538461 0.0
615 92.3076923076923 0.0
616 84.61538461538461 0.0
617 92.3076923076923 0.0
618 84.61538461538461 0.0
619 84.61538461538461 0.0
620 92.3076923076923 0.0
621 84.61538461538461 0.0
622 92.3076923076923 0.0
623 88.46153846153847 0.0
624 88.46153846153847 0.0
625 92.3076923076923 0.0
626 84.61538461538461 0.0
627 100.0 0.0
628 100.0 0.0
629 92.3076923076923 0.0
630 92.3076923076923 0.0
631 100.0 0.0
632 84.61538461538461 0.0
633 92.3076923076923 0.0
634 84.61538461538461 0.0
635 84.61538461538461 0.0
636 76.92307692307692 0.0
637 84.61538461538461 0.0
638 76.92307692307692 0.0
639 84.61538461538461 0.0
640 76.92307692307692 0.0
641 92.3076923076923 0.0
642 69.23076923076923 0.0
643 76.92307692307692 0.0
644 84.61538461538461 0.0
645 76.92307692307692 0.0
646 92.3076923076923 0.0
647 84.61538461538461 0.0
648 76.92307692307692 0.0
649 76.92307692307692 0.0
650 76.92307692307692 0.0
651 69.23076923076923 0.0
652 73.07692307692308 0.0
653 69.23076923076923 0.0
654 73.07692307692308 0.0
655 65.38461538461539 0.0
656 69.23076923076923 0.0
657 92.3076923076923 0.0
658 69.23076923076923 0.0
659 65.38461538461539 0.0
660 84.61538461538461 0.0
661 76.92307692307692 0.0
662 76.92307692307692 0.0
663 84.61538461538461 0.0
664 76.92307692307692 0.0
665 76.92307692307692 0.0
666 76.92307692307692 0.0
667 73.07692307692308 0.0
668 76.92307692307692 0.0
669 57.69230769230769 0.0
670 69.23076923076923 0.0
671 65.38461538461539 0.0
672 46.15384615384615 0.0
673 57.69230769230769 0.0
674 73.07692307692308 0.0
675 61.53846153846154 0.0
676 65.38461538461539 0.0
677 69.23076923076923 0.0
678 69.23076923076923 0.0
679 76.92307692307692 0.0
680 84.61538461538461 0.0
681 84.61538461538461 0.0
682 84.61538461538461 0.0
683 80.76923076923077 0.0
684 69.23076923076923 0.0
685 69.23076923076923 0.0
686 76.92307692307692 0.0
687 76.92307692307692 0.0
688 92.3076923076923 0.0
689 76.92307692307692 0.0
690 84.61538461538461 0.0
691 92.3076923076923 0.0
692 92.3076923076923 0.0
693 84.61538461538461 0.0
694 80.76923076923077 0.0
695 69.23076923076923 0.0
696 92.3076923076923 0.0
697 76.92307692307692 0.0
698 84.61538461538461 0.0
699 100.0 0.0
700 100.0 0.0
701 84.61538461538461 0.0
702 100.0 0.0
703 84.61538461538461 0.0
704 92.3076923076923 0.0
705 84.61538461538461 0.0
706 84.61538461538461 0.0
707 76.92307692307692 0.0
708 84.61538461538461 0.0
709 92.3076923076923 0.0
710 92.3076923076923 0.0
711 92.3076923076923 0.0
712 92.3076923076923 0.0
713 80.76923076923077 0.0
714 76.92307692307692 0.0
715 92.3076923076923 0.0
716 76.92307692307692 0.0
717 84.61538461538461 0.0
718 76.92307692307692 0.0
719 84.61538461538461 0.0
720 92.3076923076923 0.0
721 84.61538461538461 0.0
722 92.3076923076923 0.0
723 76.92307692307692 0.0
724 73.07692307692308 0.0
725 88.46153846153847 0.0
726 69.23076923076923 0.0
727 76.92307692307692 0.0
728 84.61538461538461 0.0
729 84.61538461538461 0.0
730 84.61538461538461 0.0
731 84.61538461538461 0.0
732 84.61538461538461 0.0
733 84.61538461538461 0.0
734 76.92307692307692 0.0
735 84.61538461538461 0.0
736 76.92307692307692 0.0
737 69.23076923076923 0.0
738 84.61538461538461 0.0
739 92.3076923076923 0.0
740 92.3076923076923 0.0
741 100.0 0.0
742 84.61538461538461 0.0
743 84.61538461538461 0.0
744 76.92307692307692 0.0
745 84.61538461538461 0.0
746 76.92307692307692 0.0
747 84.61538461538461 0.0
748 84.61538461538461 0.0
749 100.0 0.0
750 92.3076923076923 0.0
751 84.61538461538461 0.0
752 84.61538461538461 0.0
753 84.61538461538461 0.0
754 76.92307692307692 0.0
755 84.61538461538461 0.0
756 92.3076923076923 0.0
757 76.92307692307692 0.0
758 76.92307692307692 0.0
759 76.92307692307692 0.0
760 92.3076923076923 0.0
761 76.92307692307692 0.0
762 84.61538461538461 0.0
763 80.76923076923077 0.0
764 88.46153846153847 0.0
765 92.3076923076923 0.0
766 92.3076923076923 0.0
767 76.92307692307692 0.0
768 76.92307692307692 0.0
769 92.3076923076923 0.0
770 84.61538461538461 0.0
771 92.3076923076923 0.0
772 92.3076923076923 0.0
773 100.0 0.0
774 100.0 0.0
775 100.0 0.0
776 80.76923076923077 0.0
777 88.46153846153847 0.0
778 88.46153846153847 0.0
779 76.92307692307692 0.0
780 80.76923076923077 0.0
781 92.3076923076923 0.0
782 84.61538461538461 0.0
783 92.3076923076923 0.0
784 92.3076923076923 0.0
785 84.61538461538461 0.0
786 92.3076923076923 0.0
787 100.0 0.0
788 100.0 0.0
789 100.0 0.0
790 92.3076923076923 0.0
791 92.3076923076923 0.0
792 92.3076923076923 0.0
793 76.92307692307692 0.0
794 92.3076923076923 0.0
795 84.61538461538461 0.0
796 69.23076923076923 0.0
797 92.3076923076923 0.0
798 100.0 0.0
799 100.0 0.0
800 84.61538461538461 0.0
801 92.3076923076923 0.0
802 92.3076923076923 0.0
803 76.92307692307692 0.0
804 92.3076923076923 0.0
805 80.76923076923077 0.0
806 76.92307692307692 0.0
807 76.92307692307692 0.0
808 80.76923076923077 0.0
809 84.61538461538461 0.0
810 84.61538461538461 0.0
811 84.61538461538461 0.0
812 76.92307692307692 0.0
813 84.61538461538461 0.0
814 100.0 0.0
815 100.0 0.0
816 88.46153846153847 0.0
817 84.61538461538461 0.0
818 92.3076923076923 0.0
819 100.0 0.0
820 100.0 0.0
821 100.0 0.0
822 100.0 0.0
823 100.0 0.0
824 84.61538461538461 0.0
825 92.3076923076923 0.0
826 92.3076923076923 0.0
827 69.23076923076923 0.0
828 73.07692307692308 0.0
829 92.3076923076923 0.0
830 100.0 0.0
831 76.92307692307692 0.0
832 92.3076923076923 0.0
833 80.76923076923077 0.0
834 100.0 0.0
835 88.46153846153847 0.0
836 88.46153846153847 0.0
837 88.46153846153847 0.0
838 80.76923076923077 0.0
839 84.61538461538461 0.0
840 84.61538461538461 0.0
841 76.92307692307692 0.0
842 80.76923076923077 0.0
843 84.61538461538461 0.0
844 84.61538461538461 0.0
845 84.61538461538461 0.0
846 84.61538461538461 0.0
847 84.61538461538461 0.0
848 92.3076923076923 0.0
849 100.0 0.0
850 84.61538461538461 0.0
851 80.76923076923077 0.0
852 84.61538461538461 0.0
853 92.3076923076923 0.0
854 84.61538461538461 0.0
855 92.3076923076923 0.0
856 76.92307692307692 0.0
857 84.61538461538461 0.0
858 80.76923076923077 0.0
859 84.61538461538461 0.0
860 92.3076923076923 0.0
861 88.46153846153847 0.0
862 88.46153846153847 0.0
863 92.3076923076923 0.0
864 80.76923076923077 0.0
865 100.0 0.0
866 76.92307692307692 0.0
867 76.92307692307692 0.0
868 69.23076923076923 0.0
869 76.92307692307692 0.0
870 76.92307692307692 0.0
871 84.61538461538461 0.0
872 84.61538461538461 0.0
873 84.61538461538461 0.0
874 65.38461538461539 0.0
875 84.61538461538461 0.0
876 69.23076923076923 0.0
877 92.3076923076923 0.0
878 84.61538461538461 0.0
879 69.23076923076923 0.0
880 76.92307692307692 0.0
881 84.61538461538461 0.0
882 92.3076923076923 0.0
883 76.92307692307692 0.0
884 69.23076923076923 0.0
885 69.23076923076923 0.0
886 92.3076923076923 0.0
887 100.0 0.0
888 100.0 0.0
889 92.3076923076923 0.0
890 92.3076923076923 0.0
891 92.3076923076923 0.0
892 92.3076923076923 0.0
893 76.92307692307692 0.0
894 76.92307692307692 0.0
895 76.92307692307692 0.0
896 80.76923076923077 0.0
897 73.07692307692308 0.0
898 84.61538461538461 0.0
899 92.3076923076923 0.0
900 100.0 0.0
901 92.3076923076923 0.0
902 84.61538461538461 0.0
903 76.92307692307692 0.0
904 69.23076923076923 0.0
905 84.61538461538461 0.0
906 84.61538461538461 0.0
907 84.61538461538461 0.0
908 76.92307692307692 0.0
909 69.23076923076923 0.0
910 65.38461538461539 0.0
911 69.23076923076923 0.0
912 46.15384615384615 0.0
913 76.92307692307692 0.0
914 84.61538461538461 0.0
915 80.76923076923077 0.0
916 92.3076923076923 0.0
917 92.3076923076923 0.0
918 76.92307692307692 0.0
919 92.3076923076923 0.0
920 84.61538461538461 0.0
921 76.92307692307692 0.0
922 84.61538461538461 0.0
923 73.07692307692308 0.0
924 57.69230769230769 0.0
925 73.07692307692308 0.0
926 76.92307692307692 0.0
927 76.92307692307692 0.0
928 76.92307692307692 0.0
929 69.23076923076923 0.0
930 84.61538461538461 0.0
931 61.53846153846154 0.0
932 76.92307692307692 0.0
933 92.3076923076923 0.0
934 100.0 0.0
935 92.3076923076923 0.0
936 92.3076923076923 0.0
937 92.3076923076923 0.0
938 69.23076923076923 0.0
939 84.61538461538461 0.0
940 92.3076923076923 0.0
941 92.3076923076923 0.0
942 92.3076923076923 0.0
943 76.92307692307692 0.0
944 84.61538461538461 0.0
945 76.92307692307692 0.0
946 76.92307692307692 0.0
947 65.38461538461539 0.0
948 61.53846153846154 0.0
949 92.3076923076923 0.0
950 92.3076923076923 0.0
951 84.61538461538461 0.0
952 84.61538461538461 0.0
953 88.46153846153847 0.0
954 76.92307692307692 0.0
955 84.61538461538461 0.0
956 100.0 0.0
957 100.0 0.0
958 100.0 0.0
959 84.61538461538461 0.0
960 100.0 0.0
961 80.76923076923077 0.0
962 92.3076923076923 0.0
963 92.3076923076923 0.0
964 84.61538461538461 0.0
965 76.92307692307692 0.0
966 69.23076923076923 0.0
967 65.38461538461539 0.0
968 76.92307692307692 0.0
969 80.76923076923077 0.0
970 100.0 0.0
971 84.61538461538461 0.0
972 76.92307692307692 0.0
973 84.61538461538461 0.0
974 84.61538461538461 0.0
975 92.3076923076923 0.0
976 84.61538461538461 0.0
977 76.92307692307692 0.0
978 73.07692307692308 0.0
979 80.76923076923077 0.0
980 76.92307692307692 0.0
981 76.92307692307692 0.0
982 84.61538461538461 0.0
983 92.3076923076923 0.0
984 92.3076923076923 0.0
985 92.3076923076923 0.0
986 84.61538461538461 0.0
987 92.3076923076923 0.0
988 76.92307692307692 0.0
989 76.92307692307692 0.0
990 84.61538461538461 0.0
991 100.0 0.0
992 84.61538461538461 0.0
993 80.76923076923077 0.0
994 84.61538461538461 0.0
995 100.0 0.0
996 92.3076923076923 0.0
997 84.61538461538461 0.0
998 84.61538461538461 0.0
999 92.3076923076923 0.0
