#frame monomers_% popc_isolated_%
0 84.61538461538461 0.0
1 76.92307692307692 0.0
2 80.76923076923077 0.0
3 73.07692307692308 0.0
4 80.76923076923077 0.0
5 73.07692307692308 0.0
6 84.61538461538461 0.0
7 80.76923076923077 0.0
8 92.3076923076923 0.0
9 69.23076923076923 0.0
10 65.38461538461539 0.0
11 76.92307692307692 0.0
12 65.38461538461539 0.0
13 69.23076923076923 0.0
14 65.38461538461539 0.0
15 84.61538461538461 0.0
16 69.23076923076923 0.0
17 84.61538461538461 0.0
18 84.61538461538461 0.0
19 76.92307692307692 0.0
20 92.3076923076923 0.0
21 92.3076923076923 0.0
22 76.92307692307692 0.0
23 69.23076923076923 0.0
24 73.07692307692308 0.0
25 73.07692307692308 0.0
26 80.76923076923077 0.0
27 80.76923076923077 0.0
28 57.69230769230769 0.0
29 65.38461538461539 0.0
30 57.69230769230769 0.0
31 69.23076923076923 0.0
32 84.61538461538461 0.0
33 73.07692307692308 0.0
34 73.07692307692308 0.0
35 73.07692307692308 0.0
36 69.23076923076923 0.0
37 61.53846153846154 0.0
38 69.23076923076923 0.0
39 69.23076923076923 0.0
40 76.92307692307692 0.0
41 84.61538461538461 0.0
42 76.92307692307692 0.0
43 76.92307692307692 0.0
44 76.92307692307692 0.0
45 65.38461538461539 0.0
46 84.61538461538461 0.0
47 73.07692307692308 0.0
48 61.53846153846154 0.0
49 84.61538461538461 0.0
50 92.3076923076923 0.0
51 92.3076923076923 0.0
52 76.92307692307692 0.0
53 92.3076923076923 0.0
54 84.61538461538461 0.0
55 84.61538461538461 0.0
56 76.92307692307692 0.0
57 84.61538461538461 0.0
58 92.3076923076923 0.0
59 84.61538461538461 0.0
60 84.61538461538461 0.0
61 88.46153846153847 0.0
62 84.61538461538461 0.0
63 92.3076923076923 0.0
64 80.76923076923077 0.0
65 100.0 0.0
66 92.3076923076923 0.0
67 84.61538461538461 0.0
68 92.3076923076923 0.0
69 92.3076923076923 0.0
70 80.76923076923077 0.0
71 92.3076923076923 0.0
72 100.0 0.0
73 76.92307692307692 0.0
74 76.92307692307692 0.0
75 76.92307692307692 0.0
76 84.61538461538461 0.0
77 61.53846153846154 0.0
78 84.61538461538461 0.0
79 84.61538461538461 0.0
80 84.61538461538461 0.0
81 92.3076923076923 0.0
82 100.0 0.0
83 100.0 0.0
84 92.3076923076923 0.0
85 92.3076923076923 0.0
86 84.61538461538461 0.0
87 100.0 0.0
88 100.0 0.0
89 80.76923076923077 0.0
90 73.07692307692308 0.0
91 84.61538461538461 0.0
92 65.38461538461539 0.0
93 65.38461538461539 0.0
94 80.76923076923077 0.0
95 69.23076923076923 0.0
96 84.61538461538461 0.0
97 76.92307692307692 0.0
98 69.23076923076923 0.0
99 76.92307692307692 0.0
100 80.76923076923077 0.0
101 73.07692307692308 0.0
102 69.23076923076923 0.0
103 69.23076923076923 0.0
104 76.92307692307692 0.0
105 69.23076923076923 0.0
106 76.92307692307692 0.0
107 84.61538461538461 0.0
108 76.92307692307692 0.0
109 76.92307692307692 0.0
110 76.92307692307692 0.0
111 84.61538461538461 0.0
112 80.76923076923077 0.0
113 69.23076923076923 0.0
114 61.53846153846154 0.0
115 76.92307692307692 0.0
116 84.61538461538461 0.0
117 84.61538461538461 0.0
118 84.61538461538461 0.0
119 76.92307692307692 0.0
120 61.53846153846154 0.0
121 76.92307692307692 0.0
122 84.61538461538461 0.0
123 69.23076923076923 0.0
124 76.92307692307692 0.0
125 84.61538461538461 0.0
126 80.76923076923077 0.0
127 73.07692307692308 0.0
128 73.07692307692308 0.0
129 69.23076923076923 0.0
130 65.38461538461539 0.0
131 61.53846153846154 0.0
132 65.38461538461539 0.0
133 73.07692307692308 0.0
134 76.92307692307692 0.0
135 76.92307692307692 0.0
136 76.92307692307692 0.0
137 84.61538461538461 0.0
138 76.92307692307692 0.0
139 84.61538461538461 0.0
140 84.61538461538461 0.0
141 84.61538461538461 0.0
142 84.61538461538461 0.0
143 92.3076923076923 0.0
144 92.3076923076923 0.0
145 92.3076923076923 0.0
146 92.3076923076923 0.0
147 92.3076923076923 0.0
148 92.3076923076923 0.0
149 92.3076923076923 0.0
150 92.3076923076923 0.0
151 84.61538461538461 0.0
152 76.92307692307692 0.0
153 92.3076923076923 0.0
154 84.61538461538461 0.0
155 84.61538461538461 0.0
156 73.07692307692308 0.0
157 80.76923076923077 0.0
158 92.3076923076923 0.0
159 73.07692307692308 0.0
160 76.92307692307692 0.0
161 84.61538461538461 0.0
162 69.23076923076923 0.0
163 69.23076923076923 0.0
164 84.61538461538461 0.0
165 92.3076923076923 0.0
166 76.92307692307692 0.0
167 84.61538461538461 0.0
168 84.61538461538461 0.0
169 84.61538461538461 0.0
170 84.61538461538461 0.0
171 84.61538461538461 0.0
172 84.61538461538461 0.0
173 92.3076923076923 0.0
174 76.92307692307692 0.0
175 92.3076923076923 0.0
176 84.61538461538461 0.0
177 92.3076923076923 0.0
178 92.3076923076923 0.0
179 84.61538461538461 0.0
180 92.3076923076923 0.0
181 92.3076923076923 0.0
182 92.3076923076923 0.0
183 92.3076923076923 0.0
184 92.3076923076923 0.0
185 92.3076923076923 0.0
186 76.92307692307692 0.0
187 69.23076923076923 0.0
188 76.92307692307692 0.0
189 84.61538461538461 0.0
190 73.07692307692308 0.0
191 73.07692307692308 0.0
192 76.92307692307692 0.0
193 76.92307692307692 0.0
194 84.61538461538461 0.0
195 92.3076923076923 0.0
196 84.61538461538461 0.0
197 84.61538461538461 0.0
198 73.07692307692308 0.0
199 84.61538461538461 0.0
200 84.61538461538461 0.0
201 92.3076923076923 0.0
202 84.61538461538461 0.0
203 92.3076923076923 0.0
204 92.3076923076923 0.0
205 69.23076923076923 0.0
206 76.92307692307692 0.0
207 84.61538461538461 0.0
208 76.92307692307692 0.0
209 73.07692307692308 0.0
210 73.07692307692308 0.0
211 84.61538461538461 0.0
212 76.92307692307692 0.0
213 84.61538461538461 0.0
214 84.61538461538461 0.0
215 69.23076923076923 0.0
216 84.61538461538461 0.0
217 69.23076923076923 0.0
218 61.53846153846154 0.0
219 69.23076923076923 0.0
220 84.61538461538461 0.0
221 76.92307692307692 0.0
222 84.61538461538461 0.0
223 84.61538461538461 0.0
224 84.61538461538461 0.0
225 84.61538461538461 0.0
226 84.61538461538461 0.0
227 76.92307692307692 0.0
228 76.92307692307692 0.0
229 69.23076923076923 0.0
230 69.23076923076923 0.0
231 76.92307692307692 0.0
232 76.92307692307692 0.0
233 76.92307692307692 0.0
234 76.92307692307692 0.0
235 76.92307692307692 0.0
236 92.3076923076923 0.0
237 84.61538461538461 0.0
238 80.76923076923077 0.0
239 84.61538461538461 0.0
240 76.92307692307692 0.0
241 84.61538461538461 0.0
242 73.07692307692308 0.0
243 69.23076923076923 0.0
244 92.3076923076923 0.0
245 76.92307692307692 0.0
246 84.61538461538461 0.0
247 80.76923076923077 0.0
248 92.3076923076923 0.0
249 92.3076923076923 0.0
250 84.61538461538461 0.0
251 84.61538461538461 0.0
252 92.3076923076923 0.0
253 69.23076923076923 0.0
254 53.84615384615385 0.0
255 57.69230769230769 0.0
256 65.38461538461539 0.0
257 76.92307692307692 0.0
258 80.76923076923077 0.0
259 76.92307692307692 0.0
260 76.92307692307692 0.0
261 84.61538461538461 0.0
262 92.3076923076923 0.0
263 80.76923076923077 0.0
264 80.76923076923077 0.0
265 92.3076923076923 0.0
266 84.61538461538461 0.0
267 84.61538461538461 0.0
268 92.3076923076923 0.0
269 84.61538461538461 0.0
270 73.07692307692308 0.0
271 80.76923076923077 0.0
272 84.61538461538461 0.0
273 92.3076923076923 0.0
274 84.61538461538461 0.0
275 84.61538461538461 0.0
276 84.61538461538461 0.0
277 76.92307692307692 0.0
278 84.61538461538461 0.0
279 73.07692307692308 0.0
280 76.92307692307692 0.0
281 80.76923076923077 0.0
282 73.07692307692308 0.0
283 65.38461538461539 0.0
284 73.07692307692308 0.0
285 76.92307692307692 0.0
286 65.38461538461539 0.0
287 80.76923076923077 0.0
288 80.76923076923077 0.0
289 69.23076923076923 0.0
290 69.23076923076923 0.0
291 84.61538461538461 0.0
292 76.92307692307692 0.0
293 76.92307692307692 0.0
294 69.23076923076923 0.0
295 69.23076923076923 0.0
296 69.23076923076923 0.0
297 69.23076923076923 0.0
298 76.92307692307692 0.0
299 84.61538461538461 0.0
300 76.92307692307692 0.0
301 69.23076923076923 0.0
302 92.3076923076923 0.0
303 73.07692307692308 0.0
304 76.92307692307692 0.0
305 80.76923076923077 0.0
306 76.92307692307692 0.0
307 92.3076923076923 0.0
308 92.3076923076923 0.0
309 100.0 0.0
310 84.61538461538461 0.0
311 76.92307692307692 0.0
312 92.3076923076923 0.0
313 92.3076923076923 0.0
314 92.3076923076923 0.0
315 92.3076923076923 0.0
316 84.61538461538461 0.0
317 100.0 0.0
318 76.92307692307692 0.0
319 84.61538461538461 0.0
320 100.0 0.0
321 92.3076923076923 0.0
322 100.0 0.0
323 76.92307692307692 0.0
324 84.61538461538461 0.0
325 92.3076923076923 0.0
326 100.0 0.0
327 100.0 0.0
328 92.3076923076923 0.0
329 92.3076923076923 0.0
330 92.3076923076923 0.0
331 92.3076923076923 0.0
332 84.61538461538461 0.0
333 100.0 0.0
334 92.3076923076923 0.0
335 92.3076923076923 0.0
336 92.3076923076923 0.0
337 84.61538461538461 0.0
338 84.61538461538461 0.0
339 92.3076923076923 0.0
340 92.3076923076923 0.0
341 84.61538461538461 0.0
342 76.92307692307692 0.0
343 73.07692307692308 0.0
344 73.07692307692308 0.0
345 84.61538461538461 0.0
346 92.3076923076923 0.0
347 84.61538461538461 0.0
348 84.61538461538461 0.0
349 80.76923076923077 0.0
350 76.92307692307692 0.0
351 92.3076923076923 0.0
352 92.3076923076923 0.0
353 92.3076923076923 0.0
354 92.3076923076923 0.0
355 76.92307692307692 0.0
356 88.46153846153847 0.0
357 92.3076923076923 0.0
358 92.3076923076923 0.0
359 92.3076923076923 0.0
360 92.3076923076923 0.0
361 88.46153846153847 0.0
362 92.3076923076923 0.0
363 84.61538461538461 0.0
364 84.61538461538461 0.0
365 69.23076923076923 0.0
366 73.07692307692308 0.0
367 80.76923076923077 0.0
368 61.53846153846154 0.0
369 84.61538461538461 0.0
370 84.61538461538461 0.0
371 92.3076923076923 0.0
372 76.92307692307692 0.0
373 84.61538461538461 0.0
374 84.61538461538461 0.0
375 84.61538461538461 0.0
376 92.3076923076923 0.0
377 80.76923076923077 0.0
378 84.61538461538461 0.0
379 92.3076923076923 0.0
380 80.76923076923077 0.0
381 92.3076923076923 0.0
382 92.3076923076923 0.0
383 92.3076923076923 0.0
384 92.3076923076923 0.0
385 100.0 0.0
386 92.3076923076923 0.0
387 73.07692307692308 0.0
388 73.07692307692308 0.0
389 76.92307692307692 0.0
390 84.61538461538461 0.0
391 84.61538461538461 0.0
392 80.76923076923077 0.0
393 92.3076923076923 0.0
394 92.3076923076923 0.0
395 92.3076923076923 0.0
396 100.0 0.0
397 100.0 0.0
398 100.0 0.0
399 76.92307692307692 0.0
400 84.61538461538461 0.0
401 76.92307692307692 0.0
402 80.76923076923077 0.0
403 76.92307692307692 0.0
404 84.61538461538461 0.0
405 84.61538461538461 0.0
406 84.61538461538461 0.0
407 92.3076923076923 0.0
408 92.3076923076923 0.0
409 84.61538461538461 0.0
410 80.76923076923077 0.0
411 73.07692307692308 0.0
412 73.07692307692308 0.0
413 84.61538461538461 0.0
414 76.92307692307692 0.0
415 92.3076923076923 0.0
416 92.3076923076923 0.0
417 100.0 0.0
418 92.3076923076923 0.0
419 84.61538461538461 0.0
420 76.92307692307692 0.0
421 92.3076923076923 0.0
422 84.61538461538461 0.0
423 100.0 0.0
424 92.3076923076923 0.0
425 92.3076923076923 0.0
426 100.0 0.0
427 92.3076923076923 0.0
428 100.0 0.0
429 92.3076923076923 0.0
430 100.0 0.0
431 84.61538461538461 0.0
432 92.3076923076923 0.0
433 92.3076923076923 0.0
434 100.0 0.0
435 92.3076923076923 0.0
436 84.61538461538461 0.0
437 92.3076923076923 0.0
438 100.0 0.0
439 92.3076923076923 0.0
440 76.92307692307692 0.0
441 92.3076923076923 0.0
442 84.61538461538461 0.0
443 92.3076923076923 0.0
444 92.3076923076923 0.0
445 92.3076923076923 0.0
446 76.92307692307692 0.0
447 80.76923076923077 0.0
448 84.61538461538461 0.0
449 100.0 0.0
450 100.0 0.0
451 80.76923076923077 0.0
452 100.0 0.0
453 84.61538461538461 0.0
454 84.61538461538461 0.0
455 92.3076923076923 0.0
456 80.76923076923077 0.0
457 73.07692307692308 0.0
458 92.3076923076923 0.0
459 76.92307692307692 0.0
460 84.61538461538461 0.0
461 76.92307692307692 0.0
462 80.76923076923077 0.0
463 80.76923076923077 0.0
464 76.92307692307692 0.0
465 69.23076923076923 0.0
466 76.92307692307692 0.0
467 92.3076923076923 0.0
468 73.07692307692308 0.0
469 76.92307692307692 0.0
470 76.92307692307692 0.0
471 76.92307692307692 0.0
472 80.76923076923077 0.0
473 84.61538461538461 0.0
474 80.76923076923077 0.0
475 92.3076923076923 0.0
476 80.76923076923077 0.0
477 84.61538461538461 0.0
478 92.3076923076923 0.0
479 84.61538461538461 0.0
480 84.61538461538461 0.0
481 84.61538461538461 0.0
482 73.07692307692308 0.0
483 69.23076923076923 0.0
484 76.92307692307692 0.0
485 88.46153846153847 0.0
486 92.3076923076923 0.0
487 84.61538461538461 0.0
488 76.92307692307692 0.0
489 53.84615384615385 0.0
490 76.92307692307692 0.0
491 80.76923076923077 0.0
492 92.3076923076923 0.0
493 92.3076923076923 0.0
494 80.76923076923077 0.0
495 84.61538461538461 0.0
496 69.23076923076923 0.0
497 76.92307692307692 0.0
498 80.76923076923077 0.0
499 80.76923076923077 0.0
500 76.92307692307692 0.0
501 80.76923076923077 0.0
502 76.92307692307692 0.0
503 76.92307692307692 0.0
504 69.23076923076923 0.0
505 80.76923076923077 0.0
506 73.07692307692308 0.0
507 76.92307692307692 0.0
508 69.23076923076923 0.0
509 65.38461538461539 0.0
510 73.07692307692308 0.0
511 76.92307692307692 0.0
512 73.07692307692308 0.0
513 69.23076923076923 0.0
514 84.61538461538461 0.0
515 76.92307692307692 0.0
516 76.92307692307692 0.0
517 80.76923076923077 0.0
518 84.61538461538461 0.0
519 76.92307692307692 0.0
520 100.0 0.0
521 84.61538461538461 0.0
522 84.61538461538461 0.0
523 92.3076923076923 0.0
524 100.0 0.0
525 73.07692307692308 0.0
526 80.76923076923077 0.0
527 65.38461538461539 0.0
528 76.92307692307692 0.0
529 69.23076923076923 0.0
530 69.23076923076923 0.0
531 65.38461538461539 0.0
532 69.23076923076923 0.0
533 76.92307692307692 0.0
534 84.61538461538461 0.0
535 84.61538461538461 0.0
536 84.61538461538461 0.0
537 100.0 0.0
538 76.92307692307692 0.0
539 73.07692307692308 0.0
540 76.92307692307692 0.0
541 84.61538461538461 0.0
542 69.23076923076923 0.0
543 57.69230769230769 0.0
544 65.38461538461539 0.0
545 69.23076923076923 0.0
546 76.92307692307692 0.0
547 61.53846153846154 0.0
548 65.38461538461539 0.0
549 76.92307692307692 0.0
550 76.92307692307692 0.0
551 57.69230769230769 0.0
552 76.92307692307692 0.0
553 84.61538461538461 0.0
554 84.61538461538461 0.0
555 84.61538461538461 0.0
556 84.61538461538461 0.0
557 80.76923076923077 0.0
558 80.76923076923077 0.0
559 92.3076923076923 0.0
560 76.92307692307692 0.0
561 100.0 0.0
562 92.3076923076923 0.0
563 80.76923076923077 0.0
564 69.23076923076923 0.0
565 73.07692307692308 0.0
566 69.23076923076923 0.0
567 53.84615384615385 0.0
568 53.84615384615385 0.0
569 65.38461538461539 0.0
570 73.07692307692308 0.0
571 73.07692307692308 0.0
572 69.23076923076923 0.0
573 80.76923076923077 0.0
574 69.23076923076923 0.0
575 76.92307692307692 0.0
576 76.92307692307692 0.0
577 76.92307692307692 0.0
578 80.76923076923077 0.0
579 73.07692307692308 0.0
580 69.23076923076923 0.0
581 84.61538461538461 0.0
582 92.3076923076923 0.0
583 73.07692307692308 0.0
584 69.23076923076923 0.0
585 69.23076923076923 0.0
586 76.92307692307692 0.0
587 76.92307692307692 0.0
588 65.38461538461539 0.0
589 76.92307692307692 0.0
590 69.23076923076923 0.0
591 76.92307692307692 0.0
592 69.23076923076923 0.0
593 80.76923076923077 0.0
594 84.61538461538461 0.0
595 92.3076923076923 0.0
596 100.0 0.0
597 88.46153846153847 0.0
598 88.46153846153847 0.0
599 92.3076923076923 0.0
600 73.07692307692308 0.0
601 76.92307692307692 0.0
602 92.3076923076923 0.0
603 84.61538461538461 0.0
604 84.61538461538461 0.0
605 84.61538461538461 0.0
606 76.92307692307692 0.0
607 76.92307692307692 0.0
608 92.3076923076923 0.0
609 84.61538461538461 0.0
610 92.3076923076923 0.0
611 76.92307692307692 0.0
612 84.61538461538461 0.0
613 92.3076923076923 0.0
614 84.61538461538461 0.0
615 92.3076923076923 0.0
616 92.3076923076923 0.0
617 92.3076923076923 0.0
618 76.92307692307692 0.0
619 76.92307692307692 0.0
620 84.61538461538461 0.0
621 100.0 0.0
622 84.61538461538461 0.0
623 76.92307692307692 0.0
624 100.0 0.0
625 92.3076923076923 0.0
626 100.0 0.0
627 100.0 0.0
628 80.76923076923077 0.0
629 80.76923076923077 0.0
630 73.07692307692308 0.0
631 57.69230769230769 0.0
632 80.76923076923077 0.0
633 92.3076923076923 0.0
634 76.92307692307692 0.0
635 76.92307692307692 0.0
636 76.92307692307692 0.0
637 76.92307692307692 0.0
638 76.92307692307692 0.0
639 69.23076923076923 0.0
640 69.23076923076923 0.0
641 53.84615384615385 0.0
642 65.38461538461539 0.0
643 73.07692307692308 0.0
644 73.07692307692308 0.0
645 69.23076923076923 0.0
646 76.92307692307692 0.0
647 100.0 0.0
648 88.46153846153847 0.0
649 84.61538461538461 0.0
650 61.53846153846154 0.0
651 80.76923076923077 0.0
652 76.92307692307692 0.0
653 76.92307692307692 0.0
654 80.76923076923077 0.0
655 80.76923076923077 0.0
656 92.3076923076923 0.0
657 88.46153846153847 0.0
658 92.3076923076923 0.0
659 100.0 0.0
660 100.0 0.0
661 92.3076923076923 0.0
662 92.3076923076923 0.0
663 73.07692307692308 0.0
664 73.07692307692308 0.0
665 100.0 0.0
666 100.0 0.0
667 100.0 0.0
668 92.3076923076923 0.0
669 76.92307692307692 0.0
670 73.07692307692308 0.0
671 84.61538461538461 0.0
672 88.46153846153847 0.0
673 84.61538461538461 0.0
674 92.3076923076923 0.0
675 100.0 0.0
676 100.0 0.0
677 100.0 0.0
678 84.61538461538461 0.0
679 84.61538461538461 0.0
680 92.3076923076923 0.0
681 92.3076923076923 0.0
682 100.0 0.0
683 100.0 0.0
684 100.0 0.0
685 100.0 0.0
686 92.3076923076923 0.0
687 100.0 0.0
688 84.61538461538461 0.0
689 76.92307692307692 0.0
690 84.61538461538461 0.0
691 80.76923076923077 0.0
692 92.3076923076923 0.0
693 84.61538461538461 0.0
694 80.76923076923077 0.0
695 80.76923076923077 0.0
696 80.76923076923077 0.0
697 92.3076923076923 0.0
698 92.3076923076923 0.0
699 92.3076923076923 0.0
700 76.92307692307692 0.0
701 84.61538461538461 0.0
702 84.61538461538461 0.0
703 84.61538461538461 0.0
704 76.92307692307692 0.0
705 76.92307692307692 0.0
706 61.53846153846154 0.0
707 61.53846153846154 0.0
708 57.69230769230769 0.0
709 76.92307692307692 0.0
710 76.92307692307692 0.0
711 65.38461538461539 0.0
712 76.92307692307692 0.0
713 92.3076923076923 0.0
714 84.61538461538461 0.0
715 84.61538461538461 0.0
716 92.3076923076923 0.0
717 84.61538461538461 0.0
718 84.61538461538461 0.0
719 88.46153846153847 0.0
720 80.76923076923077 0.0
721 100.0 0.0
722 92.3076923076923 0.0
723 92.3076923076923 0.0
724 92.3076923076923 0.0
725 92.3076923076923 0.0
726 84.61538461538461 0.0
727 84.61538461538461 0.0
728 84.61538461538461 0.0
729 80.76923076923077 0.0
730 69.23076923076923 0.0
731 65.38461538461539 0.0
732 76.92307692307692 0.0
733 73.07692307692308 0.0
734 65.38461538461539 0.0
735 73.07692307692308 0.0
736 80.76923076923077 0.0
737 84.61538461538461 0.0
738 92.3076923076923 0.0
739 80.76923076923077 0.0
740 88.46153846153847 0.0
741 92.3076923076923 0.0
742 53.84615384615385 0.0
743 57.69230769230769 0.0
744 69.23076923076923 0.0
745 69.23076923076923 0.0
746 73.07692307692308 0.0
747 76.92307692307692 0.0
748 73.07692307692308 0.0
749 65.38461538461539 0.0
750 76.92307692307692 0.0
751 80.76923076923077 0.0
752 80.76923076923077 0.0
753 76.92307692307692 0.0
754 84.61538461538461 0.0
755 84.61538461538461 0.0
756 84.61538461538461 0.0
757 92.3076923076923 0.0
758 92.3076923076923 0.0
759 69.23076923076923 0.0
760 84.61538461538461 0.0
761 84.61538461538461 0.0
762 84.61538461538461 0.0
763 73.07692307692308 0.0
764 88.46153846153847 0.0
765 65.38461538461539 0.0
766 73.07692307692308 0.0
767 76.92307692307692 0.0
768 92.3076923076923 0.0
769 76.92307692307692 0.0
770 84.61538461538461 0.0
771 92.3076923076923 0.0
772 92.3076923076923 0.0
773 100.0 0.0
774 100.0 0.0
775 92.3076923076923 0.0
776 92.3076923076923 0.0
777 92.3076923076923 0.0
778 88.46153846153847 0.0
779 100.0 0.0
780 100.0 0.0
781 84.61538461538461 0.0
782 92.3076923076923 0.0
783 76.92307692307692 0.0
784 76.92307692307692 0.0
785 84.61538461538461 0.0
786 76.92307692307692 0.0
787 84.61538461538461 0.0
788 76.92307692307692 0.0
789 80.76923076923077 0.0
790 76.92307692307692 0.0
791 61.53846153846154 0.0
792 73.07692307692308 0.0
793 73.07692307692308 0.0
794 80.76923076923077 0.0
795 84.61538461538461 0.0
796 61.53846153846154 0.0
797 65.38461538461539 0.0
798 73.07692307692308 0.0
799 61.53846153846154 0.0
800 76.92307692307692 0.0
801 80.76923076923077 0.0
802 92.3076923076923 0.0
803 84.61538461538461 0.0
804 73.07692307692308 0.0
805 84.61538461538461 0.0
806 76.92307692307692 0.0
807 84.61538461538461 0.0
808 69.23076923076923 0.0
809 61.53846153846154 0.0
810 69.23076923076923 0.0
811 76.92307692307692 0.0
812 76.92307692307692 0.0
813 84.61538461538461 0.0
814 88.46153846153847 0.0
815 80.76923076923077 0.0
816 80.76923076923077 0.0
817 84.61538461538461 0.0
818 76.92307692307692 0.0
819 76.92307692307692 0.0
820 76.92307692307692 0.0
821 92.3076923076923 0.0
822 84.61538461538461 0.0
823 84.61538461538461 0.0
824 92.3076923076923 0.0
825 100.0 0.0
826 100.0 0.0
827 76.92307692307692 0.0
828 92.3076923076923 0.0
829 88.46153846153847 0.0
830 69.23076923076923 0.0
831 76.92307692307692 0.0
832 84.61538461538461 0.0
833 84.61538461538461 0.0
834 92.3076923076923 0.0
835 84.61538461538461 0.0
836 84.61538461538461 0.0
837 88.46153846153847 0.0
838 88.46153846153847 0.0
839 80.76923076923077 0.0
840 80.76923076923077 0.0
841 57.69230769230769 0.0
842 92.3076923076923 0.0
843 92.3076923076923 0.0
844 84.61538461538461 0.0
845 84.61538461538461 0.0
846 92.3076923076923 0.0
847 76.92307692307692 0.0
848 76.92307692307692 0.0
849 69.23076923076923 0.0
850 100.0 0.0
851 92.3076923076923 0.0
852 84.61538461538461 0.0
853 92.3076923076923 0.0
854 88.46153846153847 0.0
855 92.3076923076923 0.0
856 100.0 0.0
857 76.92307692307692 0.0
858 84.61538461538461 0.0
859 76.92307692307692 0.0
860 92.3076923076923 0.0
861 84.61538461538461 0.0
862 84.61538461538461 0.0
863 92.3076923076923 0.0
864 92.3076923076923 0.0
865 84.61538461538461 0.0
866 92.3076923076923 0.0
867 76.92307692307692 0.0
868 92.3076923076923 0.0
869 84.61538461538461 0.0
870 76.92307692307692 0.0
871 69.23076923076923 0.0
872 61.53846153846154 0.0
873 61.53846153846154 0.0
874 69.23076923076923 0.0
875 76.92307692307692 0.0
876 65.38461538461539 0.0
877 61.53846153846154 0.0
878 53.84615384615385 0.0
879 61.53846153846154 0.0
880 69.23076923076923 0.0
881 84.61538461538461 0.0
882 76.92307692307692 0.0
883 76.92307692307692 0.0
884 100.0 0.0
885 80.76923076923077 0.0
886 76.92307692307692 0.0
887 69.23076923076923 0.0
888 84.61538461538461 0.0
889 73.07692307692308 0.0
890 76.92307692307692 0.0
891 76.92307692307692 0.0
892 73.07692307692308 0.0
893 92.3076923076923 0.0
894 84.61538461538461 0.0
895 92.3076923076923 0.0
896 76.92307692307692 0.0
897 69.23076923076923 0.0
898 84.61538461538461 0.0
899 73.07692307692308 0.0
900 69.23076923076923 0.0
901 73.07692307692308 0.0
902 73.07692307692308 0.0
903 73.07692307692308 0.0
904 73.07692307692308 0.0
905 69.23076923076923 0.0
906 80.76923076923077 0.0
907 73.07692307692308 0.0
908 76.92307692307692 0.0
909 80.76923076923077 0.0
910 76.92307692307692 0.0
911 76.92307692307692 0.0
912 84.61538461538461 0.0
913 84.61538461538461 0.0
914 84.61538461538461 0.0
915 84.61538461538461 0.0
916 84.61538461538461 0.0
917 76.92307692307692 0.0
918 80.76923076923077 0.0
919 76.92307692307692 0.0
920 84.61538461538461 0.0
921 84.61538461538461 0.0
922 65.38461538461539 0.0
923 80.76923076923077 0.0
924 84.61538461538461 0.0
925 92.3076923076923 0.0
926 84.61538461538461 0.0
927 76.92307692307692 0.0
928 80.76923076923077 0.0
929 76.92307692307692 0.0
930 76.92307692307692 0.0
931 92.3076923076923 0.0
932 69.23076923076923 0.0
933 92.3076923076923 0.0
934 73.07692307692308 0.0
935 76.92307692307692 0.0
936 65.38461538461539 0.0
937 76.92307692307692 0.0
938 73.07692307692308 0.0
939 65.38461538461539 0.0
940 100.0 0.0
941 84.61538461538461 0.0
942 92.3076923076923 0.0
943 92.3076923076923 0.0
944 76.92307692307692 0.0
945 84.61538461538461 0.0
946 92.3076923076923 0.0
947 84.61538461538461 0.0
948 76.92307692307692 0.0
949 69.23076923076923 0.0
950 73.07692307692308 0.0
951 76.92307692307692 0.0
952 76.92307692307692 0.0
953 76.92307692307692 0.0
954 92.3076923076923 0.0
955 92.3076923076923 0.0
956 92.3076923076923 0.0
957 100.0 0.0
958 92.3076923076923 0.0
959 84.61538461538461 0.0
960 84.61538461538461 0.0
961 84.61538461538461 0.0
962 88.46153846153847 0.0
963 84.61538461538461 0.0
964 84.61538461538461 0.0
965 100.0 0.0
966 100.0 0.0
967 84.61538461538461 0.0
968 84.61538461538461 0.0
969 92.3076923076923 0.0
970 100.0 0.0
971 100.0 0.0
972 100.0 0.0
973 100.0 0.0
974 100.0 0.0
975 100.0 0.0
976 100.0 0.0
977 84.61538461538461 0.0
978 84.61538461538461 0.0
979 76.92307692307692 0.0
980 76.92307692307692 0.0
981 69.23076923076923 0.0
982 69.23076923076923 0.0
983 100.0 0.0
984 84.61538461538461 0.0
985 84.61538461538461 0.0
986 100.0 0.0
987 84.61538461538461 0.0
988 92.3076923076923 0.0
989 92.3076923076923 0.0
990 92.3076923076923 0.0
991 84.61538461538461 0.0
992 61.53846153846154 0.0
993 73.07692307692308 0.0
994 65.38461538461539 0.0
995 69.23076923076923 0.0
996 84.61538461538461 0.0
997 73.07692307692308 0.0
998 76.92307692307692 0.0
999 92.3076923076923 0.0
