#frame monomers_% popc_isolated_%
0 84.61538461538461 0.0
1 69.23076923076923 0.0
2 80.76923076923077 0.0
3 80.76923076923077 0.0
4 69.23076923076923 0.0
5 76.92307692307692 0.0
6 76.92307692307692 0.0
7 69.23076923076923 0.0
8 61.53846153846154 0.0
9 73.07692307692308 0.0
10 80.76923076923077 0.0
11 76.92307692307692 0.0
12 76.92307692307692 0.0
13 73.07692307692308 0.0
14 84.61538461538461 0.0
15 84.61538461538461 0.0
16 84.61538461538461 0.0
17 84.61538461538461 0.0
18 84.61538461538461 0.0
19 100.0 0.0
20 92.3076923076923 0.0
21 92.3076923076923 0.0
22 92.3076923076923 0.0
23 92.3076923076923 0.0
24 92.3076923076923 0.0
25 92.3076923076923 0.0
26 100.0 0.0
27 100.0 0.0
28 92.3076923076923 0.0
29 100.0 0.0
30 92.3076923076923 0.0
31 92.3076923076923 0.0
32 84.61538461538461 0.0
33 92.3076923076923 0.0
34 84.61538461538461 0.0
35 76.92307692307692 0.0
36 100.0 0.0
37 100.0 0.0
38 92.3076923076923 0.0
39 100.0 0.0
40 92.3076923076923 0.0
41 84.61538461538461 0.0
42 84.61538461538461 0.0
43 84.61538461538461 0.0
44 76.92307692307692 0.0
45 84.61538461538461 0.0
46 80.76923076923077 0.0
47 84.61538461538461 0.0
48 92.3076923076923 0.0
49 84.61538461538461 0.0
50 92.3076923076923 0.0
51 100.0 0.0
52 100.0 0.0
53 100.0 0.0
54 92.3076923076923 0.0
55 92.3076923076923 0.0
56 84.61538461538461 0.0
57 84.61538461538461 0.0
58 84.61538461538461 0.0
59 84.61538461538461 0.0
60 92.3076923076923 0.0
61 100.0 0.0
62 92.3076923076923 0.0
63 80.76923076923077 0.0
64 84.61538461538461 0.0
65 80.76923076923077 0.0
66 80.76923076923077 0.0
67 73.07692307692308 0.0
68 65.38461538461539 0.0
69 80.76923076923077 0.0
70 80.76923076923077 0.0
71 100.0 0.0
72 92.3076923076923 0.0
73 92.3076923076923 0.0
74 92.3076923076923 0.0
75 100.0 0.0
76 92.3076923076923 0.0
77 92.3076923076923 0.0
78 92.3076923076923 0.0
79 84.61538461538461 0.0
80 69.23076923076923 0.0
81 84.61538461538461 0.0
82 84.61538461538461 0.0
83 92.3076923076923 0.0
84 84.61538461538461 0.0
85 84.61538461538461 0.0
86 76.92307692307692 0.0
87 76.92307692307692 0.0
88 76.92307692307692 0.0
89 84.61538461538461 0.0
90 92.3076923076923 0.0
91 84.61538461538461 0.0
92 76.92307692307692 0.0
93 84.61538461538461 0.0
94 84.61538461538461 0.0
95 92.3076923076923 0.0
96 84.61538461538461 0.0
97 92.3076923076923 0.0
98 92.3076923076923 0.0
99 88.46153846153847 0.0
100 61.53846153846154 0.0
101 76.92307692307692 0.0
102 76.92307692307692 0.0
103 69.23076923076923 0.0
104 69.23076923076923 0.0
105 100.0 0.0
106 84.61538461538461 0.0
107 88.46153846153847 0.0
108 80.76923076923077 0.0
109 84.61538461538461 0.0
110 100.0 0.0
111 84.61538461538461 0.0
112 76.92307692307692 0.0
113 84.61538461538461 0.0
114 80.76923076923077 0.0
115 84.61538461538461 0.0
116 84.61538461538461 0.0
117 100.0 0.0
118 84.61538461538461 0.0
119 100.0 0.0
120 84.61538461538461 0.0
121 84.61538461538461 0.0
122 84.61538461538461 0.0
123 84.61538461538461 0.0
124 92.3076923076923 0.0
125 92.3076923076923 0.0
126 73.07692307692308 0.0
127 65.38461538461539 0.0
128 84.61538461538461 0.0
129 76.92307692307692 0.0
130 88.46153846153847 0.0
131 65.38461538461539 0.0
132 76.92307692307692 0.0
133 73.07692307692308 0.0
134 53.84615384615385 0.0
135 50.0 0.0
136 65.38461538461539 0.0
137 76.92307692307692 0.0
138 61.53846153846154 0.0
139 84.61538461538461 0.0
140 84.61538461538461 0.0
141 80.76923076923077 0.0
142 76.92307692307692 0.0
143 65.38461538461539 0.0
144 84.61538461538461 0.0
145 69.23076923076923 0.0
146 69.23076923076923 0.0
147 92.3076923076923 0.0
148 84.61538461538461 0.0
149 92.3076923076923 0.0
150 84.61538461538461 0.0
151 84.61538461538461 0.0
152 69.23076923076923 0.0
153 76.92307692307692 0.0
154 84.61538461538461 0.0
155 76.92307692307692 0.0
156 76.92307692307692 0.0
157 100.0 0.0
158 92.3076923076923 0.0
159 92.3076923076923 0.0
160 92.3076923076923 0.0
161 84.61538461538461 0.0
162 69.23076923076923 0.0
163 69.23076923076923 0.0
164 76.92307692307692 0.0
165 61.53846153846154 0.0
166 73.07692307692308 0.0
167 69.23076923076923 0.0
168 92.3076923076923 0.0
169 76.92307692307692 0.0
170 92.3076923076923 0.0
171 69.23076923076923 0.0
172 92.3076923076923 0.0
173 92.3076923076923 0.0
174 84.61538461538461 0.0
175 65.38461538461539 0.0
176 76.92307692307692 0.0
177 84.61538461538461 0.0
178 84.61538461538461 0.0
179 69.23076923076923 0.0
180 84.61538461538461 0.0
181 92.3076923076923 0.0
182 100.0 0.0
183 84.61538461538461 0.0
184 92.3076923076923 0.0
185 76.92307692307692 0.0
186 100.0 0.0
187 84.61538461538461 0.0
188 92.3076923076923 0.0
189 84.61538461538461 0.0
190 69.23076923076923 0.0
191 92.3076923076923 0.0
192 92.3076923076923 0.0
193 84.61538461538461 0.0
194 100.0 0.0
195 92.3076923076923 0.0
196 84.61538461538461 0.0
197 76.92307692307692 0.0
198 73.07692307692308 0.0
199 57.69230769230769 0.0
200 57.69230769230769 0.0
201 84.61538461538461 0.0
202 92.3076923076923 0.0
203 84.61538461538461 0.0
204 76.92307692307692 0.0
205 76.92307692307692 0.0
206 73.07692307692308 0.0
207 92.3076923076923 0.0
208 69.23076923076923 0.0
209 88.46153846153847 0.0
210 92.3076923076923 0.0
211 92.3076923076923 0.0
212 69.23076923076923 0.0
213 92.3076923076923 0.0
214 84.61538461538461 0.0
215 84.61538461538461 0.0
216 84.61538461538461 0.0
217 76.92307692307692 0.0
218 69.23076923076923 0.0
219 92.3076923076923 0.0
220 84.61538461538461 0.0
221 84.61538461538461 0.0
222 69.23076923076923 0.0
223 92.3076923076923 0.0
224 92.3076923076923 0.0
225 100.0 0.0
226 92.3076923076923 0.0
227 88.46153846153847 0.0
228 73.07692307692308 0.0
229 65.38461538461539 0.0
230 57.69230769230769 0.0
231 84.61538461538461 0.0
232 76.92307692307692 0.0
233 92.3076923076923 0.0
234 84.61538461538461 0.0
235 92.3076923076923 0.0
236 92.3076923076923 0.0
237 92.3076923076923 0.0
238 65.38461538461539 0.0
239 80.76923076923077 0.0
240 76.92307692307692 0.0
241 84.61538461538461 0.0
242 88.46153846153847 0.0
243 76.92307692307692 0.0
244 88.46153846153847 0.0
245 76.92307692307692 0.0
246 84.61538461538461 0.0
247 88.46153846153847 0.0
248 80.76923076923077 0.0
249 84.61538461538461 0.0
250 84.61538461538461 0.0
251 76.92307692307692 0.0
252 100.0 0.0
253 84.61538461538461 0.0
254 84.61538461538461 0.0
255 84.61538461538461 0.0
256 84.61538461538461 0.0
257 88.46153846153847 0.0
258 80.76923076923077 0.0
259 73.07692307692308 0.0
260 76.92307692307692 0.0
261 76.92307692307692 0.0
262 69.23076923076923 0.0
263 73.07692307692308 0.0
264 80.76923076923077 0.0
265 92.3076923076923 0.0
266 76.92307692307692 0.0
267 76.92307692307692 0.0
268 84.61538461538461 0.0
269 84.61538461538461 0.0
270 76.92307692307692 0.0
271 76.92307692307692 0.0
272 84.61538461538461 0.0
273 92.3076923076923 0.0
274 76.92307692307692 0.0
275 84.61538461538461 0.0
276 92.3076923076923 0.0
277 84.61538461538461 0.0
278 76.92307692307692 0.0
279 92.3076923076923 0.0
280 61.53846153846154 0.0
281 76.92307692307692 0.0
282 76.92307692307692 0.0
283 69.23076923076923 0.0
284 69.23076923076923 0.0
285 61.53846153846154 0.0
286 92.3076923076923 0.0
287 61.53846153846154 0.0
288 76.92307692307692 0.0
289 61.53846153846154 0.0
290 69.23076923076923 0.0
291 69.23076923076923 0.0
292 76.92307692307692 0.0
293 76.92307692307692 0.0
294 76.92307692307692 0.0
295 84.61538461538461 0.0
296 92.3076923076923 0.0
297 84.61538461538461 0.0
298 65.38461538461539 0.0
299 61.53846153846154 0.0
300 76.92307692307692 0.0
301 84.61538461538461 0.0
302 92.3076923076923 0.0
303 76.92307692307692 0.0
304 69.23076923076923 0.0
305 76.92307692307692 0.0
306 84.61538461538461 0.0
307 84.61538461538461 0.0
308 80.76923076923077 0.0
309 57.69230769230769 0.0
310 65.38461538461539 0.0
311 84.61538461538461 0.0
312 92.3076923076923 0.0
313 76.92307692307692 0.0
314 73.07692307692308 0.0
315 80.76923076923077 0.0
316 80.76923076923077 0.0
317 76.92307692307692 0.0
318 84.61538461538461 0.0
319 84.61538461538461 0.0
320 76.92307692307692 0.0
321 84.61538461538461 0.0
322 76.92307692307692 0.0
323 84.61538461538461 0.0
324 84.61538461538461 0.0
325 84.61538461538461 0.0
326 92.3076923076923 0.0
327 76.92307692307692 0.0
328 84.61538461538461 0.0
329 92.3076923076923 0.0
330 84.61538461538461 0.0
331 76.92307692307692 0.0
332 76.92307692307692 0.0
333 80.76923076923077 0.0
334 80.76923076923077 0.0
335 84.61538461538461 0.0
336 80.76923076923077 0.0
337 80.76923076923077 0.0
338 61.53846153846154 0.0
339 76.92307692307692 0.0
340 69.23076923076923 0.0
341 76.92307692307692 0.0
342 69.23076923076923 0.0
343 84.61538461538461 0.0
344 92.3076923076923 0.0
345 84.61538461538461 0.0
346 92.3076923076923 0.0
347 76.92307692307692 0.0
348 84.61538461538461 0.0
349 92.3076923076923 0.0
350 84.61538461538461 0.0
351 84.61538461538461 0.0
352 80.76923076923077 0.0
353 76.92307692307692 0.0
354 76.92307692307692 0.0
355 73.07692307692308 0.0
356 76.92307692307692 0.0
357 76.92307692307692 0.0
358 69.23076923076923 0.0
359 73.07692307692308 0.0
360 73.07692307692308 0.0
361 65.38461538461539 0.0
362 76.92307692307692 0.0
363 73.07692307692308 0.0
364 65.38461538461539 0.0
365 84.61538461538461 0.0
366 69.23076923076923 0.0
367 76.92307692307692 0.0
368 92.3076923076923 0.0
369 84.61538461538461 0.0
370 73.07692307692308 0.0
371 92.3076923076923 0.0
372 84.61538461538461 0.0
373 69.23076923076923 0.0
374 73.07692307692308 0.0
375 76.92307692307692 0.0
376 73.07692307692308 0.0
377 76.92307692307692 0.0
378 76.92307692307692 0.0
379 73.07692307692308 0.0
380 76.92307692307692 0.0
381 84.61538461538461 0.0
382 76.92307692307692 0.0
383 73.07692307692308 0.0
384 76.92307692307692 0.0
385 80.76923076923077 0.0
386 88.46153846153847 0.0
387 84.61538461538461 0.0
388 84.61538461538461 0.0
389 76.92307692307692 0.0
390 73.07692307692308 0.0
391 73.07692307692308 0.0
392 84.61538461538461 0.0
393 84.61538461538461 0.0
394 84.61538461538461 0.0
395 84.61538461538461 0.0
396 84.61538461538461 0.0
397 84.61538461538461 0.0
398 92.3076923076923 0.0
399 84.61538461538461 0.0
400 84.61538461538461 0.0
401 92.3076923076923 0.0
402 88.46153846153847 0.0
403 84.61538461538461 0.0
404 76.92307692307692 0.0
405 84.61538461538461 0.0
406 76.92307692307692 0.0
407 84.61538461538461 0.0
408 76.92307692307692 0.0
409 76.92307692307692 0.0
410 84.61538461538461 0.0
411 76.92307692307692 0.0
412 76.92307692307692 0.0
413 76.92307692307692 0.0
414 76.92307692307692 0.0
415 69.23076923076923 0.0
416 73.07692307692308 0.0
417 76.92307692307692 0.0
418 69.23076923076923 0.0
419 61.53846153846154 0.0
420 65.38461538461539 0.0
421 80.76923076923077 0.0
422 65.38461538461539 0.0
423 76.92307692307692 0.0
424 65.38461538461539 0.0
425 69.23076923076923 0.0
426 69.23076923076923 0.0
427 73.07692307692308 0.0
428 76.92307692307692 0.0
429 100.0 0.0
430 92.3076923076923 0.0
431 92.3076923076923 0.0
432 84.61538461538461 0.0
433 92.3076923076923 0.0
434 92.3076923076923 0.0
435 92.3076923076923 0.0
436 92.3076923076923 0.0
437 84.61538461538461 0.0
438 69.23076923076923 0.0
439 61.53846153846154 0.0
440 84.61538461538461 0.0
441 76.92307692307692 0.0
442 84.61538461538461 0.0
443 76.92307692307692 0.0
444 84.61538461538461 0.0
445 84.61538461538461 0.0
446 65.38461538461539 0.0
447 73.07692307692308 0.0
448 61.53846153846154 0.0
449 76.92307692307692 0.0
450 84.61538461538461 0.0
451 84.61538461538461 0.0
452 84.61538461538461 0.0
453 76.92307692307692 0.0
454 92.3076923076923 0.0
455 76.92307692307692 0.0
456 69.23076923076923 0.0
457 76.92307692307692 0.0
458 69.23076923076923 0.0
459 92.3076923076923 0.0
460 84.61538461538461 0.0
461 80.76923076923077 0.0
462 84.61538461538461 0.0
463 73.07692307692308 0.0
464 57.69230769230769 0.0
465 65.38461538461539 0.0
466 92.3076923076923 0.0
467 76.92307692307692 0.0
468 92.3076923076923 0.0
469 100.0 0.0
470 92.3076923076923 0.0
471 92.3076923076923 0.0
472 92.3076923076923 0.0
473 80.76923076923077 0.0
474 84.61538461538461 0.0
475 92.3076923076923 0.0
476 76.92307692307692 0.0
477 100.0 0.0
478 84.61538461538461 0.0
479 92.3076923076923 0.0
480 92.3076923076923 0.0
481 100.0 0.0
482 100.0 0.0
483 100.0 0.0
484 100.0 0.0
485 80.76923076923077 0.0
486 80.76923076923077 0.0
487 69.23076923076923 0.0
488 84.61538461538461 0.0
489 92.3076923076923 0.0
490 92.3076923076923 0.0
491 69.23076923076923 0.0
492 69.23076923076923 0.0
493 50.0 0.0
494 50.0 0.0
495 61.53846153846154 0.0
496 76.92307692307692 0.0
497 92.3076923076923 0.0
498 92.3076923076923 0.0
499 84.61538461538461 0.0
500 76.92307692307692 0.0
501 88.46153846153847 0.0
502 84.61538461538461 0.0
503 100.0 0.0
504 100.0 0.0
505 76.92307692307692 0.0
506 92.3076923076923 0.0
507 84.61538461538461 0.0
508 73.07692307692308 0.0
509 92.3076923076923 0.0
510 92.3076923076923 0.0
511 84.61538461538461 0.0
512 92.3076923076923 0.0
513 88.46153846153847 0.0
514 100.0 0.0
515 84.61538461538461 0.0
516 92.3076923076923 0.0
517 84.61538461538461 0.0
518 65.38461538461539 0.0
519 80.76923076923077 0.0
520 84.61538461538461 0.0
521 76.92307692307692 0.0
522 73.07692307692308 0.0
523 65.38461538461539 0.0
524 73.07692307692308 0.0
525 100.0 0.0
526 92.3076923076923 0.0
527 92.3076923076923 0.0
528 92.3076923076923 0.0
529 92.3076923076923 0.0
530 92.3076923076923 0.0
531 100.0 0.0
532 100.0 0.0
533 84.61538461538461 0.0
534 92.3076923076923 0.0
535 92.3076923076923 0.0
536 92.3076923076923 0.0
537 92.3076923076923 0.0
538 84.61538461538461 0.0
539 100.0 0.0
540 92.3076923076923 0.0
541 92.3076923076923 0.0
542 76.92307692307692 0.0
543 88.46153846153847 0.0
544 88.46153846153847 0.0
545 92.3076923076923 0.0
546 88.46153846153847 0.0
547 88.46153846153847 0.0
548 88.46153846153847 0.0
549 73.07692307692308 0.0
550 92.3076923076923 0.0
551 76.92307692307692 0.0
552 92.3076923076923 0.0
553 84.61538461538461 0.0
554 92.3076923076923 0.0
555 92.3076923076923 0.0
556 84.61538461538461 0.0
557 84.61538461538461 0.0
558 92.3076923076923 0.0
559 100.0 0.0
560 100.0 0.0
561 100.0 0.0
562 84.61538461538461 0.0
563 76.92307692307692 0.0
564 100.0 0.0
565 100.0 0.0
566 84.61538461538461 0.0
567 92.3076923076923 0.0
568 76.92307692307692 0.0
569 92.3076923076923 0.0
570 76.92307692307692 0.0
571 73.07692307692308 0.0
572 65.38461538461539 0.0
573 80.76923076923077 0.0
574 84.61538461538461 0.0
575 76.92307692307692 0.0
576 84.61538461538461 0.0
577 84.61538461538461 0.0
578 80.76923076923077 0.0
579 92.3076923076923 0.0
580 100.0 0.0
581 76.92307692307692 0.0
582 76.92307692307692 0.0
583 76.92307692307692 0.0
584 80.76923076923077 0.0
585 80.76923076923077 0.0
586 69.23076923076923 0.0
587 80.76923076923077 0.0
588 92.3076923076923 0.0
589 76.92307692307692 0.0
590 73.07692307692308 0.0
591 61.53846153846154 0.0
592 84.61538461538461 0.0
593 69.23076923076923 0.0
594 84.61538461538461 0.0
595 69.23076923076923 0.0
596 100.0 0.0
597 100.0 0.0
598 92.3076923076923 0.0
599 92.3076923076923 0.0
600 84.61538461538461 0.0
601 100.0 0.0
602 76.92307692307692 0.0
603 61.53846153846154 0.0
604 76.92307692307692 0.0
605 76.92307692307692 0.0
606 84.61538461538461 0.0
607 73.07692307692308 0.0
608 73.07692307692308 0.0
609 73.07692307692308 0.0
610 84.61538461538461 0.0
611 69.23076923076923 0.0
612 65.38461538461539 0.0
613 76.92307692307692 0.0
614 69.23076923076923 0.0
615 76.92307692307692 0.0
616 76.92307692307692 0.0
617 92.3076923076923 0.0
618 92.3076923076923 0.0
619 76.92307692307692 0.0
620 84.61538461538461 0.0
621 76.92307692307692 0.0
622 100.0 0.0
623 84.61538461538461 0.0
624 100.0 0.0
625 92.3076923076923 0.0
626 84.61538461538461 0.0
627 92.3076923076923 0.0
628 92.3076923076923 0.0
629 84.61538461538461 0.0
630 92.3076923076923 0.0
631 100.0 0.0
632 92.3076923076923 0.0
633 92.3076923076923 0.0
634 100.0 0.0
635 100.0 0.0
636 88.46153846153847 0.0
637 80.76923076923077 0.0
638 76.92307692307692 0.0
639 84.61538461538461 0.0
640 84.61538461538461 0.0
641 92.3076923076923 0.0
642 92.3076923076923 0.0
643 92.3076923076923 0.0
644 84.61538461538461 0.0
645 92.3076923076923 0.0
646 92.3076923076923 0.0
647 76.92307692307692 0.0
648 100.0 0.0
649 92.3076923076923 0.0
650 76.92307692307692 0.0
651 84.61538461538461 0.0
652 92.3076923076923 0.0
653 100.0 0.0
654 84.61538461538461 0.0
655 84.61538461538461 0.0
656 92.3076923076923 0.0
657 92.3076923076923 0.0
658 69.23076923076923 0.0
659 100.0 0.0
660 100.0 0.0
661 92.3076923076923 0.0
662 92.3076923076923 0.0
663 92.3076923076923 0.0
664 92.3076923076923 0.0
665 92.3076923076923 0.0
666 88.46153846153847 0.0
667 84.61538461538461 0.0
668 69.23076923076923 0.0
669 76.92307692307692 0.0
670 76.92307692307692 0.0
671 69.23076923076923 0.0
672 61.53846153846154 0.0
673 57.69230769230769 0.0
674 69.23076923076923 0.0
675 65.38461538461539 0.0
676 76.92307692307692 0.0
677 84.61538461538461 0.0
678 92.3076923076923 0.0
679 76.92307692307692 0.0
680 92.3076923076923 0.0
681 84.61538461538461 0.0
682 69.23076923076923 0.0
683 69.23076923076923 0.0
684 76.92307692307692 0.0
685 73.07692307692308 0.0
686 84.61538461538461 0.0
687 76.92307692307692 0.0
688 84.61538461538461 0.0
689 92.3076923076923 0.0
690 84.61538461538461 0.0
691 76.92307692307692 0.0
692 76.92307692307692 0.0
693 92.3076923076923 0.0
694 92.3076923076923 0.0
695 84.61538461538461 0.0
696 84.61538461538461 0.0
697 92.3076923076923 0.0
698 92.3076923076923 0.0
699 100.0 0.0
700 100.0 0.0
701 76.92307692307692 0.0
702 84.61538461538461 0.0
703 92.3076923076923 0.0
704 84.61538461538461 0.0
705 84.61538461538461 0.0
706 57.69230769230769 0.0
707 84.61538461538461 0.0
708 92.3076923076923 0.0
709 84.61538461538461 0.0
710 100.0 0.0
711 92.3076923076923 0.0
712 92.3076923076923 0.0
713 100.0 0.0
714 69.23076923076923 0.0
715 69.23076923076923 0.0
716 69.23076923076923 0.0
717 84.61538461538461 0.0
718 80.76923076923077 0.0
719 92.3076923076923 0.0
720 88.46153846153847 0.0
721 88.46153846153847 0.0
722 84.61538461538461 0.0
723 84.61538461538461 0.0
724 69.23076923076923 0.0
725 73.07692307692308 0.0
726 80.76923076923077 0.0
727 65.38461538461539 0.0
728 69.23076923076923 0.0
729 57.69230769230769 0.0
730 65.38461538461539 0.0
731 65.38461538461539 0.0
732 84.61538461538461 0.0
733 76.92307692307692 0.0
734 76.92307692307692 0.0
735 84.61538461538461 0.0
736 69.23076923076923 0.0
737 92.3076923076923 0.0
738 92.3076923076923 0.0
739 76.92307692307692 0.0
740 84.61538461538461 0.0
741 100.0 0.0
742 92.3076923076923 0.0
743 100.0 0.0
744 92.3076923076923 0.0
745 84.61538461538461 0.0
746 84.61538461538461 0.0
747 76.92307692307692 0.0
748 76.92307692307692 0.0
749 84.61538461538461 0.0
750 84.61538461538461 0.0
751 84.61538461538461 0.0
752 76.92307692307692 0.0
753 92.3076923076923 0.0
754 92.3076923076923 0.0
755 80.76923076923077 0.0
756 76.92307692307692 0.0
757 61.53846153846154 0.0
758 76.92307692307692 0.0
759 65.38461538461539 0.0
760 69.23076923076923 0.0
761 69.23076923076923 0.0
762 73.07692307692308 0.0
763 57.69230769230769 0.0
764 73.07692307692308 0.0
765 76.92307692307692 0.0
766 76.92307692307692 0.0
767 73.07692307692308 0.0
768 92.3076923076923 0.0
769 100.0 0.0
770 100.0 0.0
771 73.07692307692308 0.0
772 92.3076923076923 0.0
773 84.61538461538461 0.0
774 69.23076923076923 0.0
775 92.3076923076923 0.0
776 100.0 0.0
777 84.61538461538461 0.0
778 92.3076923076923 0.0
779 84.61538461538461 0.0
780 76.92307692307692 0.0
781 84.61538461538461 0.0
782 92.3076923076923 0.0
783 84.61538461538461 0.0
784 84.61538461538461 0.0
785 76.92307692307692 0.0
786 84.61538461538461 0.0
787 84.61538461538461 0.0
788 76.92307692307692 0.0
789 76.92307692307692 0.0
790 84.61538461538461 0.0
791 100.0 0.0
792 92.3076923076923 0.0
793 76.92307692307692 0.0
794 69.23076923076923 0.0
795 84.61538461538461 0.0
796 84.61538461538461 0.0
797 80.76923076923077 0.0
798 80.76923076923077 0.0
799 84.61538461538461 0.0
800 84.61538461538461 0.0
801 69.23076923076923 0.0
802 84.61538461538461 0.0
803 76.92307692307692 0.0
804 76.92307692307692 0.0
805 65.38461538461539 0.0
806 84.61538461538461 0.0
807 84.61538461538461 0.0
808 76.92307692307692 0.0
809 80.76923076923077 0.0
810 84.61538461538461 0.0
811 84.61538461538461 0.0
812 76.92307692307692 0.0
813 76.92307692307692 0.0
814 65.38461538461539 0.0
815 76.92307692307692 0.0
816 84.61538461538461 0.0
817 84.61538461538461 0.0
818 84.61538461538461 0.0
819 92.3076923076923 0.0
820 92.3076923076923 0.0
821 80.76923076923077 0.0
822 80.76923076923077 0.0
823 88.46153846153847 0.0
824 61.53846153846154 0.0
825 69.23076923076923 0.0
826 80.76923076923077 0.0
827 92.3076923076923 0.0
828 92.3076923076923 0.0
829 92.3076923076923 0.0
830 100.0 0.0
831 92.3076923076923 0.0
832 92.3076923076923 0.0
833 84.61538461538461 0.0
834 69.23076923076923 0.0
835 76.92307692307692 0.0
836 76.92307692307692 0.0
837 76.92307692307692 0.0
838 88.46153846153847 0.0
839 100.0 0.0
840 100.0 0.0
841 80.76923076923077 0.0
842 92.3076923076923 0.0
843 84.61538461538461 0.0
844 92.3076923076923 0.0
845 80.76923076923077 0.0
846 76.92307692307692 0.0
847 76.92307692307692 0.0
848 76.92307692307692 0.0
849 80.76923076923077 0.0
850 76.92307692307692 0.0
851 80.76923076923077 0.0
852 61.53846153846154 0.0
853 76.92307692307692 0.0
854 73.07692307692308 0.0
855 76.92307692307692 0.0
856 84.61538461538461 0.0
857 76.92307692307692 0.0
858 88.46153846153847 0.0
859 100.0 0.0
860 92.3076923076923 0.0
861 100.0 0.0
862 92.3076923076923 0.0
863 76.92307692307692 0.0
864 92.3076923076923 0.0
865 69.23076923076923 0.0
866 69.23076923076923 0.0
867 84.61538461538461 0.0
868 92.3076923076923 0.0
869 84.61538461538461 0.0
870 92.3076923076923 0.0
871 92.3076923076923 0.0
872 100.0 0.0
873 84.61538461538461 0.0
874 80.76923076923077 0.0
875 76.92307692307692 0.0
876 76.92307692307692 0.0
877 84.61538461538461 0.0
878 80.76923076923077 0.0
879 92.3076923076923 0.0
880 84.61538461538461 0.0
881 92.3076923076923 0.0
882 84.61538461538461 0.0
883 92.3076923076923 0.0
884 84.61538461538461 0.0
885 92.3076923076923 0.0
886 100.0 0.0
887 76.92307692307692 0.0
888 69.23076923076923 0.0
889 92.3076923076923 0.0
890 84.61538461538461 0.0
891 80.76923076923077 0.0
892 61.53846153846154 0.0
893 80.76923076923077 0.0
894 92.3076923076923 0.0
895 100.0 0.0
896 100.0 0.0
897 100.0 0.0
898 92.3076923076923 0.0
899 92.3076923076923 0.0
900 84.61538461538461 0.0
901 92.3076923076923 0.0
902 84.61538461538461 0.0
903 84.61538461538461 0.0
904 84.61538461538461 0.0
905 100.0 0.0
906 92.3076923076923 0.0
907 92.3076923076923 0.0
908 92.3076923076923 0.0
909 76.92307692307692 0.0
910 84.61538461538461 0.0
911 76.92307692307692 0.0
912 84.61538461538461 0.0
913 92.3076923076923 0.0
914 88.46153846153847 0.0
915 100.0 0.0
916 92.3076923076923 0.0
917 92.3076923076923 0.0
918 100.0 0.0
919 92.3076923076923 0.0
920 84.61538461538461 0.0
921 80.76923076923077 0.0
922 76.92307692307692 0.0
923 76.92307692307692 0.0
924 84.61538461538461 0.0
925 100.0 0.0
926 84.61538461538461 0.0
927 92.3076923076923 0.0
928 92.3076923076923 0.0
929 84.61538461538461 0.0
930 92.3076923076923 0.0
931 76.92307692307692 0.0
932 69.23076923076923 0.0
933 61.53846153846154 0.0
934 61.53846153846154 0.0
935 80.76923076923077 0.0
936 65.38461538461539 0.0
937 76.92307692307692 0.0
938 73.07692307692308 0.0
939 53.84615384615385 0.0
940 84.61538461538461 0.0
941 76.92307692307692 0.0
942 65.38461538461539 0.0
943 46.15384615384615 0.0
944 61.53846153846154 0.0
945 92.3076923076923 0.0
946 61.53846153846154 0.0
947 65.38461538461539 0.0
948 73.07692307692308 0.0
949 61.53846153846154 0.0
950 57.69230769230769 0.0
951 76.92307692307692 0.0
952 84.61538461538461 0.0
953 100.0 0.0
954 100.0 0.0
955 92.3076923076923 0.0
956 92.3076923076923 0.0
957 92.3076923076923 0.0
958 76.92307692307692 0.0
959 69.23076923076923 0.0
960 76.92307692307692 0.0
961 84.61538461538461 0.0
962 84.61538461538461 0.0
963 92.3076923076923 0.0
964 84.61538461538461 0.0
965 73.07692307692308 0.0
966 84.61538461538461 0.0
967 76.92307692307692 0.0
968 84.61538461538461 0.0
969 76.92307692307692 0.0
970 61.53846153846154 0.0
971 57.69230769230769 0.0
972 92.3076923076923 0.0
973 76.92307692307692 0.0
974 73.07692307692308 0.0
975 80.76923076923077 0.0
976 80.76923076923077 0.0
977 84.61538461538461 0.0
978 61.53846153846154 0.0
979 73.07692307692308 0.0
980 84.61538461538461 0.0
981 73.07692307692308 0.0
982 92.3076923076923 0.0
983 84.61538461538461 0.0
984 92.3076923076923 0.0
985 92.3076923076923 0.0
986 92.3076923076923 0.0
987 92.3076923076923 0.0
988 61.53846153846154 0.0
989 84.61538461538461 0.0
990 84.61538461538461 0.0
991 73.07692307692308 0.0
992 80.76923076923077 0.0
993 80.76923076923077 0.0
994 80.76923076923077 0.0
995 84.61538461538461 0.0
996 80.76923076923077 0.0
997 92.3076923076923 0.0
998 84.61538461538461 0.0
999 92.3076923076923 0.0
