#frame monomers_% popc_isolated_%
0 76.92307692307692 0.0
1 76.92307692307692 0.0
2 73.07692307692308 0.0
3 80.76923076923077 0.0
4 76.92307692307692 0.0
5 88.46153846153847 0.0
6 73.07692307692308 0.0
7 76.92307692307692 0.0
8 76.92307692307692 0.0
9 76.92307692307692 0.0
10 73.07692307692308 0.0
11 80.76923076923077 0.0
12 80.76923076923077 0.0
13 76.92307692307692 0.0
14 76.92307692307692 0.0
15 92.3076923076923 0.0
16 76.92307692307692 0.0
17 84.61538461538461 0.0
18 84.61538461538461 0.0
19 100.0 0.0
20 92.3076923076923 0.0
21 100.0 0.0
22 69.23076923076923 0.0
23 100.0 0.0
24 92.3076923076923 0.0
25 84.61538461538461 0.0
26 84.61538461538461 0.0
27 84.61538461538461 0.0
28 92.3076923076923 0.0
29 80.76923076923077 0.0
30 88.46153846153847 0.0
31 88.46153846153847 0.0
32 92.3076923076923 0.0
33 100.0 0.0
34 100.0 0.0
35 92.3076923076923 0.0
36 92.3076923076923 0.0
37 92.3076923076923 0.0
38 84.61538461538461 0.0
39 73.07692307692308 0.0
40 57.69230769230769 0.0
41 61.53846153846154 0.0
42 73.07692307692308 0.0
43 80.76923076923077 0.0
44 92.3076923076923 0.0
45 84.61538461538461 0.0
46 100.0 0.0
47 92.3076923076923 0.0
48 84.61538461538461 0.0
49 76.92307692307692 0.0
50 61.53846153846154 0.0
51 76.92307692307692 0.0
52 57.69230769230769 0.0
53 69.23076923076923 0.0
54 69.23076923076923 0.0
55 76.92307692307692 0.0
56 84.61538461538461 0.0
57 92.3076923076923 0.0
58 92.3076923076923 0.0
59 100.0 0.0
60 80.76923076923077 0.0
61 88.46153846153847 0.0
62 84.61538461538461 0.0
63 84.61538461538461 0.0
64 84.61538461538461 0.0
65 88.46153846153847 0.0
66 92.3076923076923 0.0
67 92.3076923076923 0.0
68 92.3076923076923 0.0
69 100.0 0.0
70 84.61538461538461 0.0
71 84.61538461538461 0.0
72 84.61538461538461 0.0
73 61.53846153846154 0.0
74 76.92307692307692 0.0
75 84.61538461538461 0.0
76 92.3076923076923 0.0
77 84.61538461538461 0.0
78 84.61538461538461 0.0
79 84.61538461538461 0.0
80 84.61538461538461 0.0
81 76.92307692307692 0.0
82 92.3076923076923 0.0
83 100.0 0.0
84 100.0 0.0
85 84.61538461538461 0.0
86 84.61538461538461 0.0
87 69.23076923076923 0.0
88 76.92307692307692 0.0
89 76.92307692307692 0.0
90 61.53846153846154 0.0
91 53.84615384615385 0.0
92 84.61538461538461 0.0
93 76.92307692307692 0.0
94 84.61538461538461 0.0
95 88.46153846153847 0.0
96 84.61538461538461 0.0
97 76.92307692307692 0.0
98 84.61538461538461 0.0
99 84.61538461538461 0.0
100 84.61538461538461 0.0
101 80.76923076923077 0.0
102 92.3076923076923 0.0
103 73.07692307692308 0.0
104 100.0 0.0
105 84.61538461538461 0.0
106 76.92307692307692 0.0
107 84.61538461538461 0.0
108 92.3076923076923 0.0
109 76.92307692307692 0.0
110 65.38461538461539 0.0
111 73.07692307692308 0.0
112 61.53846153846154 0.0
113 88.46153846153847 0.0
114 84.61538461538461 0.0
115 76.92307692307692 0.0
116 69.23076923076923 0.0
117 76.92307692307692 0.0
118 80.76923076923077 0.0
119 84.61538461538461 0.0
120 84.61538461538461 0.0
121 84.61538461538461 0.0
122 84.61538461538461 0.0
123 76.92307692307692 0.0
124 76.92307692307692 0.0
125 92.3076923076923 0.0
126 76.92307692307692 0.0
127 84.61538461538461 0.0
128 84.61538461538461 0.0
129 73.07692307692308 0.0
130 76.92307692307692 0.0
131 76.92307692307692 0.0
132 92.3076923076923 0.0
133 76.92307692307692 0.0
134 73.07692307692308 0.0
135 73.07692307692308 0.0
136 80.76923076923077 0.0
137 80.76923076923077 0.0
138 76.92307692307692 0.0
139 84.61538461538461 0.0
140 69.23076923076923 0.0
141 92.3076923076923 0.0
142 76.92307692307692 0.0
143 84.61538461538461 0.0
144 73.07692307692308 0.0
145 73.07692307692308 0.0
146 76.92307692307692 0.0
147 76.92307692307692 0.0
148 80.76923076923077 0.0
149 88.46153846153847 0.0
150 73.07692307692308 0.0
151 84.61538461538461 0.0
152 69.23076923076923 0.0
153 76.92307692307692 0.0
154 69.23076923076923 0.0
155 73.07692307692308 0.0
156 76.92307692307692 0.0
157 76.92307692307692 0.0
158 76.92307692307692 0.0
159 76.92307692307692 0.0
160 84.61538461538461 0.0
161 76.92307692307692 0.0
162 73.07692307692308 0.0
163 73.07692307692308 0.0
164 61.53846153846154 0.0
165 57.69230769230769 0.0
166 65.38461538461539 0.0
167 76.92307692307692 0.0
168 65.38461538461539 0.0
169 69.23076923076923 0.0
170 92.3076923076923 0.0
171 84.61538461538461 0.0
172 53.84615384615385 0.0
173 69.23076923076923 0.0
174 69.23076923076923 0.0
175 61.53846153846154 0.0
176 92.3076923076923 0.0
177 92.3076923076923 0.0
178 92.3076923076923 0.0
179 84.61538461538461 0.0
180 100.0 0.0
181 92.3076923076923 0.0
182 100.0 0.0
183 100.0 0.0
184 92.3076923076923 0.0
185 92.3076923076923 0.0
186 84.61538461538461 0.0
187 84.61538461538461 0.0
188 92.3076923076923 0.0
189 84.61538461538461 0.0
190 84.61538461538461 0.0
191 84.61538461538461 0.0
192 84.61538461538461 0.0
193 92.3076923076923 0.0
194 92.3076923076923 0.0
195 92.3076923076923 0.0
196 92.3076923076923 0.0
197 80.76923076923077 0.0
198 73.07692307692308 0.0
199 100.0 0.0
200 92.3076923076923 0.0
201 84.61538461538461 0.0
202 88.46153846153847 0.0
203 84.61538461538461 0.0
204 84.61538461538461 0.0
205 84.61538461538461 0.0
206 76.92307692307692 0.0
207 73.07692307692308 0.0
208 73.07692307692308 0.0
209 80.76923076923077 0.0
210 73.07692307692308 0.0
211 88.46153846153847 0.0
212 100.0 0.0
213 76.92307692307692 0.0
214 76.92307692307692 0.0
215 100.0 0.0
216 92.3076923076923 0.0
217 76.92307692307692 0.0
218 92.3076923076923 0.0
219 84.61538461538461 0.0
220 84.61538461538461 0.0
221 84.61538461538461 0.0
222 100.0 0.0
223 84.61538461538461 0.0
224 76.92307692307692 0.0
225 69.23076923076923 0.0
226 76.92307692307692 0.0
227 76.92307692307692 0.0
228 84.61538461538461 0.0
229 76.92307692307692 0.0
230 92.3076923076923 0.0
231 76.92307692307692 0.0
232 76.92307692307692 0.0
233 92.3076923076923 0.0
234 92.3076923076923 0.0
235 92.3076923076923 0.0
236 92.3076923076923 0.0
237 84.61538461538461 0.0
238 84.61538461538461 0.0
239 92.3076923076923 0.0
240 84.61538461538461 0.0
241 92.3076923076923 0.0
242 84.61538461538461 0.0
243 84.61538461538461 0.0
244 69.23076923076923 0.0
245 84.61538461538461 0.0
246 61.53846153846154 0.0
247 76.92307692307692 0.0
248 76.92307692307692 0.0
249 76.92307692307692 0.0
250 92.3076923076923 0.0
251 92.3076923076923 0.0
252 88.46153846153847 0.0
253 76.92307692307692 0.0
254 76.92307692307692 0.0
255 92.3076923076923 0.0
256 84.61538461538461 0.0
257 92.3076923076923 0.0
258 80.76923076923077 0.0
259 100.0 0.0
260 92.3076923076923 0.0
261 84.61538461538461 0.0
262 84.61538461538461 0.0
263 73.07692307692308 0.0
264 73.07692307692308 0.0
265 84.61538461538461 0.0
266 69.23076923076923 0.0
267 73.07692307692308 0.0
268 84.61538461538461 0.0
269 69.23076923076923 0.0
270 92.3076923076923 0.0
271 92.3076923076923 0.0
272 84.61538461538461 0.0
273 76.92307692307692 0.0
274 92.3076923076923 0.0
275 88.46153846153847 0.0
276 73.07692307692308 0.0
277 69.23076923076923 0.0
278 76.92307692307692 0.0
279 88.46153846153847 0.0
280 84.61538461538461 0.0
281 73.07692307692308 0.0
282 57.69230769230769 0.0
283 73.07692307692308 0.0
284 76.92307692307692 0.0
285 84.61538461538461 0.0
286 80.76923076923077 0.0
287 80.76923076923077 0.0
288 92.3076923076923 0.0
289 80.76923076923077 0.0
290 76.92307692307692 0.0
291 76.92307692307692 0.0
292 76.92307692307692 0.0
293 69.23076923076923 0.0
294 73.07692307692308 0.0
295 92.3076923076923 0.0
296 92.3076923076923 0.0
297 92.3076923076923 0.0
298 100.0 0.0
299 84.61538461538461 0.0
300 84.61538461538461 0.0
301 69.23076923076923 0.0
302 69.23076923076923 0.0
303 76.92307692307692 0.0
304 84.61538461538461 0.0
305 84.61538461538461 0.0
306 100.0 0.0
307 92.3076923076923 0.0
308 92.3076923076923 0.0
309 100.0 0.0
310 92.3076923076923 0.0
311 92.3076923076923 0.0
312 84.61538461538461 0.0
313 84.61538461538461 0.0
314 84.61538461538461 0.0
315 76.92307692307692 0.0
316 92.3076923076923 0.0
317 69.23076923076923 0.0
318 65.38461538461539 0.0
319 76.92307692307692 0.0
320 84.61538461538461 0.0
321 92.3076923076923 0.0
322 100.0 0.0
323 100.0 0.0
324 73.07692307692308 0.0
325 65.38461538461539 0.0
326 73.07692307692308 0.0
327 76.92307692307692 0.0
328 73.07692307692308 0.0
329 76.92307692307692 0.0
330 76.92307692307692 0.0
331 76.92307692307692 0.0
332 92.3076923076923 0.0
333 92.3076923076923 0.0
334 92.3076923076923 0.0
335 80.76923076923077 0.0
336 92.3076923076923 0.0
337 92.3076923076923 0.0
338 84.61538461538461 0.0
339 61.53846153846154 0.0
340 76.92307692307692 0.0
341 92.3076923076923 0.0
342 84.61538461538461 0.0
343 84.61538461538461 0.0
344 92.3076923076923 0.0
345 84.61538461538461 0.0
346 76.92307692307692 0.0
347 92.3076923076923 0.0
348 92.3076923076923 0.0
349 84.61538461538461 0.0
350 80.76923076923077 0.0
351 92.3076923076923 0.0
352 84.61538461538461 0.0
353 76.92307692307692 0.0
354 84.61538461538461 0.0
355 73.07692307692308 0.0
356 73.07692307692308 0.0
357 65.38461538461539 0.0
358 80.76923076923077 0.0
359 80.76923076923077 0.0
360 84.61538461538461 0.0
361 76.92307692307692 0.0
362 100.0 0.0
363 65.38461538461539 0.0
364 92.3076923076923 0.0
365 84.61538461538461 0.0
366 84.61538461538461 0.0
367 80.76923076923077 0.0
368 65.38461538461539 0.0
369 84.61538461538461 0.0
370 69.23076923076923 0.0
371 84.61538461538461 0.0
372 80.76923076923077 0.0
373 73.07692307692308 0.0
374 92.3076923076923 0.0
375 92.3076923076923 0.0
376 84.61538461538461 0.0
377 84.61538461538461 0.0
378 80.76923076923077 0.0
379 84.61538461538461 0.0
380 92.3076923076923 0.0
381 84.61538461538461 0.0
382 84.61538461538461 0.0
383 92.3076923076923 0.0
384 84.61538461538461 0.0
385 84.61538461538461 0.0
386 92.3076923076923 0.0
387 84.61538461538461 0.0
388 84.61538461538461 0.0
389 84.61538461538461 0.0
390 84.61538461538461 0.0
391 84.61538461538461 0.0
392 92.3076923076923 0.0
393 80.76923076923077 0.0
394 84.61538461538461 0.0
395 69.23076923076923 0.0
396 69.23076923076923 0.0
397 50.0 0.0
398 76.92307692307692 0.0
399 61.53846153846154 0.0
400 80.76923076923077 0.0
401 84.61538461538461 0.0
402 84.61538461538461 0.0
403 92.3076923076923 0.0
404 84.61538461538461 0.0
405 100.0 0.0
406 92.3076923076923 0.0
407 92.3076923076923 0.0
408 84.61538461538461 0.0
409 92.3076923076923 0.0
410 84.61538461538461 0.0
411 92.3076923076923 0.0
412 84.61538461538461 0.0
413 100.0 0.0
414 100.0 0.0
415 84.61538461538461 0.0
416 92.3076923076923 0.0
417 84.61538461538461 0.0
418 84.61538461538461 0.0
419 69.23076923076923 0.0
420 69.23076923076923 0.0
421 84.61538461538461 0.0
422 80.76923076923077 0.0
423 88.46153846153847 0.0
424 92.3076923076923 0.0
425 100.0 0.0
426 100.0 0.0
427 100.0 0.0
428 92.3076923076923 0.0
429 76.92307692307692 0.0
430 84.61538461538461 0.0
431 76.92307692307692 0.0
432 92.3076923076923 0.0
433 84.61538461538461 0.0
434 73.07692307692308 0.0
435 76.92307692307692 0.0
436 84.61538461538461 0.0
437 65.38461538461539 0.0
438 84.61538461538461 0.0
439 76.92307692307692 0.0
440 84.61538461538461 0.0
441 76.92307692307692 0.0
442 84.61538461538461 0.0
443 88.46153846153847 0.0
444 92.3076923076923 0.0
445 92.3076923076923 0.0
446 84.61538461538461 0.0
447 69.23076923076923 0.0
448 80.76923076923077 0.0
449 80.76923076923077 0.0
450 84.61538461538461 0.0
451 92.3076923076923 0.0
452 92.3076923076923 0.0
453 76.92307692307692 0.0
454 92.3076923076923 0.0
455 92.3076923076923 0.0
456 100.0 0.0
457 92.3076923076923 0.0
458 76.92307692307692 0.0
459 84.61538461538461 0.0
460 80.76923076923077 0.0
461 84.61538461538461 0.0
462 84.61538461538461 0.0
463 80.76923076923077 0.0
464 76.92307692307692 0.0
465 84.61538461538461 0.0
466 84.61538461538461 0.0
467 73.07692307692308 0.0
468 84.61538461538461 0.0
469 92.3076923076923 0.0
470 84.61538461538461 0.0
471 84.61538461538461 0.0
472 53.84615384615385 0.0
473 84.61538461538461 0.0
474 73.07692307692308 0.0
475 57.69230769230769 0.0
476 76.92307692307692 0.0
477 57.69230769230769 0.0
478 69.23076923076923 0.0
479 69.23076923076923 0.0
480 80.76923076923077 0.0
481 88.46153846153847 0.0
482 80.76923076923077 0.0
483 65.38461538461539 0.0
484 65.38461538461539 0.0
485 69.23076923076923 0.0
486 76.92307692307692 0.0
487 76.92307692307692 0.0
488 69.23076923076923 0.0
489 73.07692307692308 0.0
490 69.23076923076923 0.0
491 50.0 0.0
492 69.23076923076923 0.0
493 80.76923076923077 0.0
494 69.23076923076923 0.0
495 57.69230769230769 0.0
496 57.69230769230769 0.0
497 84.61538461538461 0.0
498 92.3076923076923 0.0
499 92.3076923076923 0.0
500 80.76923076923077 0.0
501 76.92307692307692 0.0
502 84.61538461538461 0.0
503 92.3076923076923 0.0
504 92.3076923076923 0.0
505 76.92307692307692 0.0
506 84.61538461538461 0.0
507 84.61538461538461 0.0
508 76.92307692307692 0.0
509 69.23076923076923 0.0
510 61.53846153846154 0.0
511 69.23076923076923 0.0
512 80.76923076923077 0.0
513 84.61538461538461 0.0
514 69.23076923076923 0.0
515 76.92307692307692 0.0
516 73.07692307692308 0.0
517 73.07692307692308 0.0
518 88.46153846153847 0.0
519 73.07692307692308 0.0
520 69.23076923076923 0.0
521 76.92307692307692 0.0
522 65.38461538461539 0.0
523 61.53846153846154 0.0
524 65.38461538461539 0.0
525 73.07692307692308 0.0
526 73.07692307692308 0.0
527 61.53846153846154 0.0
528 76.92307692307692 0.0
529 84.61538461538461 0.0
530 88.46153846153847 0.0
531 80.76923076923077 0.0
532 69.23076923076923 0.0
533 84.61538461538461 0.0
534 76.92307692307692 0.0
535 73.07692307692308 0.0
536 84.61538461538461 0.0
537 76.92307692307692 0.0
538 84.61538461538461 0.0
539 76.92307692307692 0.0
540 84.61538461538461 0.0
541 92.3076923076923 0.0
542 92.3076923076923 0.0
543 80.76923076923077 0.0
544 84.61538461538461 0.0
545 61.53846153846154 0.0
546 80.76923076923077 0.0
547 84.61538461538461 0.0
548 80.76923076923077 0.0
549 84.61538461538461 0.0
550 92.3076923076923 0.0
551 88.46153846153847 0.0
552 73.07692307692308 0.0
553 84.61538461538461 0.0
554 100.0 0.0
555 92.3076923076923 0.0
556 69.23076923076923 0.0
557 69.23076923076923 0.0
558 73.07692307692308 0.0
559 65.38461538461539 0.0
560 76.92307692307692 0.0
561 76.92307692307692 0.0
562 61.53846153846154 0.0
563 65.38461538461539 0.0
564 73.07692307692308 0.0
565 84.61538461538461 0.0
566 92.3076923076923 0.0
567 92.3076923076923 0.0
568 88.46153846153847 0.0
569 92.3076923076923 0.0
570 73.07692307692308 0.0
571 80.76923076923077 0.0
572 73.07692307692308 0.0
573 69.23076923076923 0.0
574 73.07692307692308 0.0
575 65.38461538461539 0.0
576 84.61538461538461 0.0
577 84.61538461538461 0.0
578 92.3076923076923 0.0
579 76.92307692307692 0.0
580 84.61538461538461 0.0
581 76.92307692307692 0.0
582 84.61538461538461 0.0
583 100.0 0.0
584 92.3076923076923 0.0
585 92.3076923076923 0.0
586 80.76923076923077 0.0
587 84.61538461538461 0.0
588 100.0 0.0
589 100.0 0.0
590 100.0 0.0
591 76.92307692307692 0.0
592 69.23076923076923 0.0
593 76.92307692307692 0.0
594 100.0 0.0
595 92.3076923076923 0.0
596 92.3076923076923 0.0
597 84.61538461538461 0.0
598 92.3076923076923 0.0
599 100.0 0.0
600 76.92307692307692 0.0
601 84.61538461538461 0.0
602 65.38461538461539 0.0
603 76.92307692307692 0.0
604 80.76923076923077 0.0
605 76.92307692307692 0.0
606 92.3076923076923 0.0
607 69.23076923076923 0.0
608 61.53846153846154 0.0
609 76.92307692307692 0.0
610 69.23076923076923 0.0
611 80.76923076923077 0.0
612 73.07692307692308 0.0
613 69.23076923076923 0.0
614 80.76923076923077 0.0
615 69.23076923076923 0.0
616 65.38461538461539 0.0
617 61.53846153846154 0.0
618 69.23076923076923 0.0
619 76.92307692307692 0.0
620 73.07692307692308 0.0
621 73.07692307692308 0.0
622 65.38461538461539 0.0
623 69.23076923076923 0.0
624 69.23076923076923 0.0
625 84.61538461538461 0.0
626 80.76923076923077 0.0
627 69.23076923076923 0.0
628 92.3076923076923 0.0
629 92.3076923076923 0.0
630 84.61538461538461 0.0
631 73.07692307692308 0.0
632 84.61538461538461 0.0
633 88.46153846153847 0.0
634 92.3076923076923 0.0
635 73.07692307692308 0.0
636 69.23076923076923 0.0
637 76.92307692307692 0.0
638 61.53846153846154 0.0
639 76.92307692307692 0.0
640 76.92307692307692 0.0
641 92.3076923076923 0.0
642 84.61538461538461 0.0
643 84.61538461538461 0.0
644 84.61538461538461 0.0
645 100.0 0.0
646 92.3076923076923 0.0
647 84.61538461538461 0.0
648 76.92307692307692 0.0
649 80.76923076923077 0.0
650 80.76923076923077 0.0
651 76.92307692307692 0.0
652 73.07692307692308 0.0
653 84.61538461538461 0.0
654 92.3076923076923 0.0
655 92.3076923076923 0.0
656 92.3076923076923 0.0
657 92.3076923076923 0.0
658 76.92307692307692 0.0
659 80.76923076923077 0.0
660 80.76923076923077 0.0
661 88.46153846153847 0.0
662 80.76923076923077 0.0
663 84.61538461538461 0.0
664 73.07692307692308 0.0
665 84.61538461538461 0.0
666 76.92307692307692 0.0
667 92.3076923076923 0.0
668 92.3076923076923 0.0
669 84.61538461538461 0.0
670 92.3076923076923 0.0
671 100.0 0.0
672 92.3076923076923 0.0
673 80.76923076923077 0.0
674 84.61538461538461 0.0
675 80.76923076923077 0.0
676 84.61538461538461 0.0
677 76.92307692307692 0.0
678 69.23076923076923 0.0
679 65.38461538461539 0.0
680 65.38461538461539 0.0
681 69.23076923076923 0.0
682 73.07692307692308 0.0
683 84.61538461538461 0.0
684 65.38461538461539 0.0
685 73.07692307692308 0.0
686 76.92307692307692 0.0
687 53.84615384615385 0.0
688 84.61538461538461 0.0
689 76.92307692307692 0.0
690 76.92307692307692 0.0
691 84.61538461538461 0.0
692 84.61538461538461 0.0
693 84.61538461538461 0.0
694 92.3076923076923 0.0
695 84.61538461538461 0.0
696 84.61538461538461 0.0
697 84.61538461538461 0.0
698 69.23076923076923 0.0
699 84.61538461538461 0.0
700 76.92307692307692 0.0
701 69.23076923076923 0.0
702 76.92307692307692 0.0
703 84.61538461538461 0.0
704 92.3076923076923 0.0
705 76.92307692307692 0.0
706 80.76923076923077 0.0
707 84.61538461538461 0.0
708 57.69230769230769 0.0
709 61.53846153846154 0.0
710 69.23076923076923 0.0
711 61.53846153846154 0.0
712 76.92307692307692 0.0
713 76.92307692307692 0.0
714 80.76923076923077 0.0
715 84.61538461538461 0.0
716 92.3076923076923 0.0
717 84.61538461538461 0.0
718 84.61538461538461 0.0
719 84.61538461538461 0.0
720 69.23076923076923 0.0
721 80.76923076923077 0.0
722 92.3076923076923 0.0
723 84.61538461538461 0.0
724 76.92307692307692 0.0
725 84.61538461538461 0.0
726 84.61538461538461 0.0
727 69.23076923076923 0.0
728 69.23076923076923 0.0
729 76.92307692307692 0.0
730 76.92307692307692 0.0
731 76.92307692307692 0.0
732 84.61538461538461 0.0
733 84.61538461538461 0.0
734 84.61538461538461 0.0
735 73.07692307692308 0.0
736 84.61538461538461 0.0
737 92.3076923076923 0.0
738 100.0 0.0
739 92.3076923076923 0.0
740 92.3076923076923 0.0
741 69.23076923076923 0.0
742 61.53846153846154 0.0
743 100.0 0.0
744 92.3076923076923 0.0
745 92.3076923076923 0.0
746 69.23076923076923 0.0
747 69.23076923076923 0.0
748 84.61538461538461 0.0
749 69.23076923076923 0.0
750 57.69230769230769 0.0
751 92.3076923076923 0.0
752 88.46153846153847 0.0
753 84.61538461538461 0.0
754 84.61538461538461 0.0
755 61.53846153846154 0.0
756 84.61538461538461 0.0
757 57.69230769230769 0.0
758 61.53846153846154 0.0
759 65.38461538461539 0.0
760 50.0 0.0
761 50.0 0.0
762 65.38461538461539 0.0
763 57.69230769230769 0.0
764 57.69230769230769 0.0
765 50.0 0.0
766 57.69230769230769 0.0
767 69.23076923076923 0.0
768 76.92307692307692 0.0
769 76.92307692307692 0.0
770 92.3076923076923 0.0
771 84.61538461538461 0.0
772 84.61538461538461 0.0
773 73.07692307692308 0.0
774 92.3076923076923 0.0
775 80.76923076923077 0.0
776 92.3076923076923 0.0
777 100.0 0.0
778 100.0 0.0
779 92.3076923076923 0.0
780 80.76923076923077 0.0
781 84.61538461538461 0.0
782 80.76923076923077 0.0
783 65.38461538461539 0.0
784 80.76923076923077 0.0
785 84.61538461538461 0.0
786 84.61538461538461 0.0
787 76.92307692307692 0.0
788 69.23076923076923 0.0
789 76.92307692307692 0.0
790 76.92307692307692 0.0
791 80.76923076923077 0.0
792 76.92307692307692 0.0
793 76.92307692307692 0.0
794 84.61538461538461 0.0
795 92.3076923076923 0.0
796 84.61538461538461 0.0
797 92.3076923076923 0.0
798 84.61538461538461 0.0
799 84.61538461538461 0.0
800 84.61538461538461 0.0
801 92.3076923076923 0.0
802 84.61538461538461 0.0
803 92.3076923076923 0.0
804 100.0 0.0
805 84.61538461538461 0.0
806 80.76923076923077 0.0
807 76.92307692307692 0.0
808 92.3076923076923 0.0
809 84.61538461538461 0.0
810 84.61538461538461 0.0
811 92.3076923076923 0.0
812 84.61538461538461 0.0
813 80.76923076923077 0.0
814 84.61538461538461 0.0
815 73.07692307692308 0.0
816 76.92307692307692 0.0
817 53.84615384615385 0.0
818 57.69230769230769 0.0
819 50.0 0.0
820 69.23076923076923 0.0
821 69.23076923076923 0.0
822 76.92307692307692 0.0
823 100.0 0.0
824 84.61538461538461 0.0
825 84.61538461538461 0.0
826 69.23076923076923 0.0
827 76.92307692307692 0.0
828 76.92307692307692 0.0
829 84.61538461538461 0.0
830 76.92307692307692 0.0
831 92.3076923076923 0.0
832 92.3076923076923 0.0
833 92.3076923076923 0.0
834 100.0 0.0
835 76.92307692307692 0.0
836 65.38461538461539 0.0
837 61.53846153846154 0.0
838 65.38461538461539 0.0
839 61.53846153846154 0.0
840 76.92307692307692 0.0
841 69.23076923076923 0.0
842 61.53846153846154 0.0
843 69.23076923076923 0.0
844 69.23076923076923 0.0
845 69.23076923076923 0.0
846 76.92307692307692 0.0
847 92.3076923076923 0.0
848 92.3076923076923 0.0
849 84.61538461538461 0.0
850 84.61538461538461 0.0
851 76.92307692307692 0.0
852 92.3076923076923 0.0
853 69.23076923076923 0.0
854 80.76923076923077 0.0
855 73.07692307692308 0.0
856 76.92307692307692 0.0
857 69.23076923076923 0.0
858 73.07692307692308 0.0
859 73.07692307692308 0.0
860 80.76923076923077 0.0
861 73.07692307692308 0.0
862 61.53846153846154 0.0
863 73.07692307692308 0.0
864 73.07692307692308 0.0
865 69.23076923076923 0.0
866 65.38461538461539 0.0
867 73.07692307692308 0.0
868 65.38461538461539 0.0
869 65.38461538461539 0.0
870 65.38461538461539 0.0
871 65.38461538461539 0.0
872 65.38461538461539 0.0
873 84.61538461538461 0.0
874 84.61538461538461 0.0
875 92.3076923076923 0.0
876 65.38461538461539 0.0
877 76.92307692307692 0.0
878 88.46153846153847 0.0
879 92.3076923076923 0.0
880 100.0 0.0
881 84.61538461538461 0.0
882 84.61538461538461 0.0
883 92.3076923076923 0.0
884 92.3076923076923 0.0
885 84.61538461538461 0.0
886 92.3076923076923 0.0
887 100.0 0.0
888 100.0 0.0
889 84.61538461538461 0.0
890 84.61538461538461 0.0
891 84.61538461538461 0.0
892 69.23076923076923 0.0
893 76.92307692307692 0.0
894 84.61538461538461 0.0
895 76.92307692307692 0.0
896 84.61538461538461 0.0
897 84.61538461538461 0.0
898 100.0 0.0
899 100.0 0.0
900 100.0 0.0
901 100.0 0.0
902 92.3076923076923 0.0
903 92.3076923076923 0.0
904 100.0 0.0
905 76.92307692307692 0.0
906 92.3076923076923 0.0
907 69.23076923076923 0.0
908 80.76923076923077 0.0
909 76.92307692307692 0.0
910 73.07692307692308 0.0
911 80.76923076923077 0.0
912 69.23076923076923 0.0
913 65.38461538461539 0.0
914 73.07692307692308 0.0
915 76.92307692307692 0.0
916 80.76923076923077 0.0
917 76.92307692307692 0.0
918 80.76923076923077 0.0
919 69.23076923076923 0.0
920 84.61538461538461 0.0
921 76.92307692307692 0.0
922 76.92307692307692 0.0
923 92.3076923076923 0.0
924 84.61538461538461 0.0
925 76.92307692307692 0.0
926 92.3076923076923 0.0
927 88.46153846153847 0.0
928 84.61538461538461 0.0
929 73.07692307692308 0.0
930 84.61538461538461 0.0
931 88.46153846153847 0.0
932 92.3076923076923 0.0
933 80.76923076923077 0.0
934 92.3076923076923 0.0
935 84.61538461538461 0.0
936 92.3076923076923 0.0
937 92.3076923076923 0.0
938 76.92307692307692 0.0
939 84.61538461538461 0.0
940 80.76923076923077 0.0
941 73.07692307692308 0.0
942 80.76923076923077 0.0
943 84.61538461538461 0.0
944 92.3076923076923 0.0
945 92.3076923076923 0.0
946 100.0 0.0
947 92.3076923076923 0.0
948 76.92307692307692 0.0
949 76.92307692307692 0.0
950 76.92307692307692 0.0
951 84.61538461538461 0.0
952 69.23076923076923 0.0
953 69.23076923076923 0.0
954 69.23076923076923 0.0
955 76.92307692307692 0.0
956 69.23076923076923 0.0
957 61.53846153846154 0.0
958 76.92307692307692 0.0
959 76.92307692307692 0.0
960 69.23076923076923 0.0
961 69.23076923076923 0.0
962 84.61538461538461 0.0
963 84.61538461538461 0.0
964 69.23076923076923 0.0
965 76.92307692307692 0.0
966 76.92307692307692 0.0
967 84.61538461538461 0.0
968 92.3076923076923 0.0
969 92.3076923076923 0.0
970 92.3076923076923 0.0
971 80.76923076923077 0.0
972 84.61538461538461 0.0
973 100.0 0.0
974 92.3076923076923 0.0
975 92.3076923076923 0.0
976 92.3076923076923 0.0
977 92.3076923076923 0.0
978 92.3076923076923 0.0
979 100.0 0.0
980 92.3076923076923 0.0
981 92.3076923076923 0.0
982 92.3076923076923 0.0
983 92.3076923076923 0.0
984 80.76923076923077 0.0
985 88.46153846153847 0.0
986 84.61538461538461 0.0
987 76.92307692307692 0.0
988 84.61538461538461 0.0
989 84.61538461538461 0.0
990 84.61538461538461 0.0
991 76.92307692307692 0.0
992 76.92307692307692 0.0
993 84.61538461538461 0.0
994 92.3076923076923 0.0
995 69.23076923076923 0.0
996 84.61538461538461 0.0
997 84.61538461538461 0.0
998 92.3076923076923 0.0
999 76.92307692307692 0.0
