#frame monomers_% popc_isolated_%
0 80.76923076923077 0.0
1 84.61538461538461 0.0
2 80.76923076923077 0.0
3 73.07692307692308 0.0
4 69.23076923076923 0.0
5 80.76923076923077 0.0
6 84.61538461538461 0.0
7 80.76923076923077 0.0
8 80.76923076923077 0.0
9 73.07692307692308 0.0
10 73.07692307692308 0.0
11 73.07692307692308 0.0
12 100.0 0.0
13 84.61538461538461 0.0
14 84.61538461538461 0.0
15 84.61538461538461 0.0
16 92.3076923076923 0.0
17 76.92307692307692 0.0
18 84.61538461538461 0.0
19 80.76923076923077 0.0
20 76.92307692307692 0.0
21 69.23076923076923 0.0
22 80.76923076923077 0.0
23 80.76923076923077 0.0
24 84.61538461538461 0.0
25 84.61538461538461 0.0
26 92.3076923076923 0.0
27 76.92307692307692 0.0
28 92.3076923076923 0.0
29 92.3076923076923 0.0
30 84.61538461538461 0.0
31 80.76923076923077 0.0
32 73.07692307692308 0.0
33 65.38461538461539 0.0
34 65.38461538461539 0.0
35 57.69230769230769 0.0
36 50.0 0.0
37 73.07692307692308 0.0
38 73.07692307692308 0.0
39 88.46153846153847 0.0
40 84.61538461538461 0.0
41 92.3076923076923 0.0
42 76.92307692307692 0.0
43 92.3076923076923 0.0
44 92.3076923076923 0.0
45 84.61538461538461 0.0
46 84.61538461538461 0.0
47 84.61538461538461 0.0
48 84.61538461538461 0.0
49 84.61538461538461 0.0
50 76.92307692307692 0.0
51 92.3076923076923 0.0
52 100.0 0.0
53 92.3076923076923 0.0
54 100.0 0.0
55 92.3076923076923 0.0
56 76.92307692307692 0.0
57 84.61538461538461 0.0
58 65.38461538461539 0.0
59 92.3076923076923 0.0
60 92.3076923076923 0.0
61 84.61538461538461 0.0
62 92.3076923076923 0.0
63 84.61538461538461 0.0
64 84.61538461538461 0.0
65 84.61538461538461 0.0
66 100.0 0.0
67 92.3076923076923 0.0
68 76.92307692307692 0.0
69 84.61538461538461 0.0
70 76.92307692307692 0.0
71 76.92307692307692 0.0
72 84.61538461538461 0.0
73 76.92307692307692 0.0
74 84.61538461538461 0.0
75 84.61538461538461 0.0
76 69.23076923076923 0.0
77 92.3076923076923 0.0
78 76.92307692307692 0.0
79 84.61538461538461 0.0
80 84.61538461538461 0.0
81 80.76923076923077 0.0
82 73.07692307692308 0.0
83 80.76923076923077 0.0
84 84.61538461538461 0.0
85 84.61538461538461 0.0
86 76.92307692307692 0.0
87 84.61538461538461 0.0
88 100.0 0.0
89 84.61538461538461 0.0
90 100.0 0.0
91 84.61538461538461 0.0
92 84.61538461538461 0.0
93 76.92307692307692 0.0
94 73.07692307692308 0.0
95 73.07692307692308 0.0
96 73.07692307692308 0.0
97 73.07692307692308 0.0
98 69.23076923076923 0.0
99 69.23076923076923 0.0
100 100.0 0.0
101 84.61538461538461 0.0
102 69.23076923076923 0.0
103 73.07692307692308 0.0
104 76.92307692307692 0.0
105 80.76923076923077 0.0
106 76.92307692307692 0.0
107 69.23076923076923 0.0
108 80.76923076923077 0.0
109 69.23076923076923 0.0
110 88.46153846153847 0.0
111 92.3076923076923 0.0
112 69.23076923076923 0.0
113 73.07692307692308 0.0
114 76.92307692307692 0.0
115 76.92307692307692 0.0
116 69.23076923076923 0.0
117 69.23076923076923 0.0
118 69.23076923076923 0.0
119 76.92307692307692 0.0
120 76.92307692307692 0.0
121 92.3076923076923 0.0
122 88.46153846153847 0.0
123 88.46153846153847 0.0
124 88.46153846153847 0.0
125 92.3076923076923 0.0
126 92.3076923076923 0.0
127 84.61538461538461 0.0
128 76.92307692307692 0.0
129 80.76923076923077 0.0
130 73.07692307692308 0.0
131 73.07692307692308 0.0
132 92.3076923076923 0.0
133 65.38461538461539 0.0
134 92.3076923076923 0.0
135 92.3076923076923 0.0
136 84.61538461538461 0.0
137 84.61538461538461 0.0
138 92.3076923076923 0.0
139 76.92307692307692 0.0
140 92.3076923076923 0.0
141 92.3076923076923 0.0
142 76.92307692307692 0.0
143 80.76923076923077 0.0
144 69.23076923076923 0.0
145 73.07692307692308 0.0
146 92.3076923076923 0.0
147 92.3076923076923 0.0
148 80.76923076923077 0.0
149 92.3076923076923 0.0
150 73.07692307692308 0.0
151 92.3076923076923 0.0
152 84.61538461538461 0.0
153 69.23076923076923 0.0
154 88.46153846153847 0.0
155 84.61538461538461 0.0
156 84.61538461538461 0.0
157 92.3076923076923 0.0
158 92.3076923076923 0.0
159 92.3076923076923 0.0
160 84.61538461538461 0.0
161 76.92307692307692 0.0
162 76.92307692307692 0.0
163 84.61538461538461 0.0
164 84.61538461538461 0.0
165 100.0 0.0
166 73.07692307692308 0.0
167 80.76923076923077 0.0
168 61.53846153846154 0.0
169 69.23076923076923 0.0
170 61.53846153846154 0.0
171 61.53846153846154 0.0
172 92.3076923076923 0.0
173 84.61538461538461 0.0
174 80.76923076923077 0.0
175 73.07692307692308 0.0
176 69.23076923076923 0.0
177 73.07692307692308 0.0
178 76.92307692307692 0.0
179 92.3076923076923 0.0
180 76.92307692307692 0.0
181 84.61538461538461 0.0
182 84.61538461538461 0.0
183 73.07692307692308 0.0
184 92.3076923076923 0.0
185 92.3076923076923 0.0
186 84.61538461538461 0.0
187 100.0 0.0
188 84.61538461538461 0.0
189 76.92307692307692 0.0
190 65.38461538461539 0.0
191 61.53846153846154 0.0
192 76.92307692307692 0.0
193 69.23076923076923 0.0
194 73.07692307692308 0.0
195 69.23076923076923 0.0
196 73.07692307692308 0.0
197 84.61538461538461 0.0
198 61.53846153846154 0.0
199 69.23076923076923 0.0
200 65.38461538461539 0.0
201 61.53846153846154 0.0
202 65.38461538461539 0.0
203 76.92307692307692 0.0
204 92.3076923076923 0.0
205 84.61538461538461 0.0
206 88.46153846153847 0.0
207 84.61538461538461 0.0
208 76.92307692307692 0.0
209 65.38461538461539 0.0
210 76.92307692307692 0.0
211 84.61538461538461 0.0
212 76.92307692307692 0.0
213 73.07692307692308 0.0
214 84.61538461538461 0.0
215 69.23076923076923 0.0
216 69.23076923076923 0.0
217 69.23076923076923 0.0
218 80.76923076923077 0.0
219 73.07692307692308 0.0
220 65.38461538461539 0.0
221 65.38461538461539 0.0
222 61.53846153846154 0.0
223 80.76923076923077 0.0
224 73.07692307692308 0.0
225 65.38461538461539 0.0
226 92.3076923076923 0.0
227 100.0 0.0
228 92.3076923076923 0.0
229 76.92307692307692 0.0
230 84.61538461538461 0.0
231 73.07692307692308 0.0
232 69.23076923076923 0.0
233 69.23076923076923 0.0
234 80.76923076923077 0.0
235 84.61538461538461 0.0
236 84.61538461538461 0.0
237 84.61538461538461 0.0
238 92.3076923076923 0.0
239 76.92307692307692 0.0
240 76.92307692307692 0.0
241 80.76923076923077 0.0
242 65.38461538461539 0.0
243 53.84615384615385 0.0
244 84.61538461538461 0.0
245 84.61538461538461 0.0
246 76.92307692307692 0.0
247 84.61538461538461 0.0
248 69.23076923076923 0.0
249 61.53846153846154 0.0
250 73.07692307692308 0.0
251 76.92307692307692 0.0
252 88.46153846153847 0.0
253 73.07692307692308 0.0
254 92.3076923076923 0.0
255 69.23076923076923 0.0
256 73.07692307692308 0.0
257 84.61538461538461 0.0
258 73.07692307692308 0.0
259 73.07692307692308 0.0
260 80.76923076923077 0.0
261 84.61538461538461 0.0
262 69.23076923076923 0.0
263 84.61538461538461 0.0
264 84.61538461538461 0.0
265 84.61538461538461 0.0
266 65.38461538461539 0.0
267 73.07692307692308 0.0
268 69.23076923076923 0.0
269 61.53846153846154 0.0
270 61.53846153846154 0.0
271 84.61538461538461 0.0
272 69.23076923076923 0.0
273 76.92307692307692 0.0
274 73.07692307692308 0.0
275 92.3076923076923 0.0
276 73.07692307692308 0.0
277 84.61538461538461 0.0
278 84.61538461538461 0.0
279 92.3076923076923 0.0
280 92.3076923076923 0.0
281 84.61538461538461 0.0
282 84.61538461538461 0.0
283 84.61538461538461 0.0
284 84.61538461538461 0.0
285 76.92307692307692 0.0
286 61.53846153846154 0.0
287 65.38461538461539 0.0
288 73.07692307692308 0.0
289 69.23076923076923 0.0
290 92.3076923076923 0.0
291 76.92307692307692 0.0
292 92.3076923076923 0.0
293 76.92307692307692 0.0
294 84.61538461538461 0.0
295 84.61538461538461 0.0
296 80.76923076923077 0.0
297 84.61538461538461 0.0
298 92.3076923076923 0.0
299 76.92307692307692 0.0
300 84.61538461538461 0.0
301 80.76923076923077 0.0
302 84.61538461538461 0.0
303 92.3076923076923 0.0
304 80.76923076923077 0.0
305 73.07692307692308 0.0
306 69.23076923076923 0.0
307 57.69230769230769 0.0
308 61.53846153846154 0.0
309 73.07692307692308 0.0
310 88.46153846153847 0.0
311 92.3076923076923 0.0
312 61.53846153846154 0.0
313 69.23076923076923 0.0
314 92.3076923076923 0.0
315 84.61538461538461 0.0
316 80.76923076923077 0.0
317 84.61538461538461 0.0
318 84.61538461538461 0.0
319 92.3076923076923 0.0
320 92.3076923076923 0.0
321 84.61538461538461 0.0
322 92.3076923076923 0.0
323 80.76923076923077 0.0
324 80.76923076923077 0.0
325 76.92307692307692 0.0
326 84.61538461538461 0.0
327 73.07692307692308 0.0
328 65.38461538461539 0.0
329 88.46153846153847 0.0
330 84.61538461538461 0.0
331 76.92307692307692 0.0
332 76.92307692307692 0.0
333 69.23076923076923 0.0
334 80.76923076923077 0.0
335 53.84615384615385 0.0
336 69.23076923076923 0.0
337 69.23076923076923 0.0
338 69.23076923076923 0.0
339 76.92307692307692 0.0
340 84.61538461538461 0.0
341 76.92307692307692 0.0
342 84.61538461538461 0.0
343 76.92307692307692 0.0
344 92.3076923076923 0.0
345 84.61538461538461 0.0
346 84.61538461538461 0.0
347 73.07692307692308 0.0
348 65.38461538461539 0.0
349 73.07692307692308 0.0
350 69.23076923076923 0.0
351 76.92307692307692 0.0
352 69.23076923076923 0.0
353 69.23076923076923 0.0
354 88.46153846153847 0.0
355 76.92307692307692 0.0
356 73.07692307692308 0.0
357 80.76923076923077 0.0
358 88.46153846153847 0.0
359 73.07692307692308 0.0
360 76.92307692307692 0.0
361 65.38461538461539 0.0
362 84.61538461538461 0.0
363 80.76923076923077 0.0
364 100.0 0.0
365 92.3076923076923 0.0
366 69.23076923076923 0.0
367 69.23076923076923 0.0
368 65.38461538461539 0.0
369 65.38461538461539 0.0
370 76.92307692307692 0.0
371 76.92307692307692 0.0
372 76.92307692307692 0.0
373 73.07692307692308 0.0
374 76.92307692307692 0.0
375 76.92307692307692 0.0
376 80.76923076923077 0.0
377 92.3076923076923 0.0
378 76.92307692307692 0.0
379 84.61538461538461 0.0
380 84.61538461538461 0.0
381 76.92307692307692 0.0
382 92.3076923076923 0.0
383 80.76923076923077 0.0
384 76.92307692307692 0.0
385 100.0 0.0
386 100.0 0.0
387 92.3076923076923 0.0
388 76.92307692307692 0.0
389 84.61538461538461 0.0
390 80.76923076923077 0.0
391 76.92307692307692 0.0
392 84.61538461538461 0.0
393 69.23076923076923 0.0
394 92.3076923076923 0.0
395 92.3076923076923 0.0
396 92.3076923076923 0.0
397 92.3076923076923 0.0
398 92.3076923076923 0.0
399 84.61538461538461 0.0
400 84.61538461538461 0.0
401 84.61538461538461 0.0
402 88.46153846153847 0.0
403 92.3076923076923 0.0
404 84.61538461538461 0.0
405 84.61538461538461 0.0
406 100.0 0.0
407 69.23076923076923 0.0
408 92.3076923076923 0.0
409 69.23076923076923 0.0
410 92.3076923076923 0.0
411 84.61538461538461 0.0
412 92.3076923076923 0.0
413 57.69230769230769 0.0
414 84.61538461538461 0.0
415 73.07692307692308 0.0
416 50.0 0.0
417 65.38461538461539 0.0
418 65.38461538461539 0.0
419 53.84615384615385 0.0
420 57.69230769230769 0.0
421 61.53846153846154 0.0
422 76.92307692307692 0.0
423 76.92307692307692 0.0
424 73.07692307692308 0.0
425 57.69230769230769 0.0
426 76.92307692307692 0.0
427 84.61538461538461 0.0
428 92.3076923076923 0.0
429 76.92307692307692 0.0
430 80.76923076923077 0.0
431 80.76923076923077 0.0
432 80.76923076923077 0.0
433 80.76923076923077 0.0
434 84.61538461538461 0.0
435 92.3076923076923 0.0
436 73.07692307692308 0.0
437 80.76923076923077 0.0
438 92.3076923076923 0.0
439 73.07692307692308 0.0
440 65.38461538461539 0.0
441 92.3076923076923 0.0
442 100.0 0.0
443 84.61538461538461 0.0
444 76.92307692307692 0.0
445 76.92307692307692 0.0
446 57.69230769230769 0.0
447 57.69230769230769 0.0
448 73.07692307692308 0.0
449 65.38461538461539 0.0
450 53.84615384615385 0.0
451 69.23076923076923 0.0
452 84.61538461538461 0.0
453 76.92307692307692 0.0
454 65.38461538461539 0.0
455 65.38461538461539 0.0
456 76.92307692307692 0.0
457 76.92307692307692 0.0
458 69.23076923076923 0.0
459 84.61538461538461 0.0
460 84.61538461538461 0.0
461 80.76923076923077 0.0
462 80.76923076923077 0.0
463 69.23076923076923 0.0
464 76.92307692307692 0.0
465 80.76923076923077 0.0
466 61.53846153846154 0.0
467 65.38461538461539 0.0
468 80.76923076923077 0.0
469 84.61538461538461 0.0
470 76.92307692307692 0.0
471 76.92307692307692 0.0
472 73.07692307692308 0.0
473 69.23076923076923 0.0
474 73.07692307692308 0.0
475 80.76923076923077 0.0
476 76.92307692307692 0.0
477 76.92307692307692 0.0
478 73.07692307692308 0.0
479 65.38461538461539 0.0
480 57.69230769230769 0.0
481 65.38461538461539 0.0
482 53.84615384615385 0.0
483 69.23076923076923 0.0
484 76.92307692307692 0.0
485 84.61538461538461 0.0
486 76.92307692307692 0.0
487 84.61538461538461 0.0
488 84.61538461538461 0.0
489 57.69230769230769 0.0
490 73.07692307692308 0.0
491 69.23076923076923 0.0
492 73.07692307692308 0.0
493 92.3076923076923 0.0
494 69.23076923076923 0.0
495 61.53846153846154 0.0
496 84.61538461538461 0.0
497 73.07692307692308 0.0
498 84.61538461538461 0.0
499 76.92307692307692 0.0
500 69.23076923076923 0.0
501 65.38461538461539 0.0
502 80.76923076923077 0.0
503 69.23076923076923 0.0
504 69.23076923076923 0.0
505 76.92307692307692 0.0
506 88.46153846153847 0.0
507 69.23076923076923 0.0
508 76.92307692307692 0.0
509 76.92307692307692 0.0
510 84.61538461538461 0.0
511 84.61538461538461 0.0
512 80.76923076923077 0.0
513 92.3076923076923 0.0
514 84.61538461538461 0.0
515 84.61538461538461 0.0
516 92.3076923076923 0.0
517 69.23076923076923 0.0
518 84.61538461538461 0.0
519 84.61538461538461 0.0
520 84.61538461538461 0.0
521 76.92307692307692 0.0
522 76.92307692307692 0.0
523 76.92307692307692 0.0
524 84.61538461538461 0.0
525 76.92307692307692 0.0
526 84.61538461538461 0.0
527 84.61538461538461 0.0
528 76.92307692307692 0.0
529 84.61538461538461 0.0
530 76.92307692307692 0.0
531 76.92307692307692 0.0
532 76.92307692307692 0.0
533 76.92307692307692 0.0
534 84.61538461538461 0.0
535 76.92307692307692 0.0
536 88.46153846153847 0.0
537 76.92307692307692 0.0
538 76.92307692307692 0.0
539 76.92307692307692 0.0
540 84.61538461538461 0.0
541 92.3076923076923 0.0
542 73.07692307692308 0.0
543 76.92307692307692 0.0
544 73.07692307692308 0.0
545 65.38461538461539 0.0
546 69.23076923076923 0.0
547 80.76923076923077 0.0
548 84.61538461538461 0.0
549 84.61538461538461 0.0
550 76.92307692307692 0.0
551 80.76923076923077 0.0
552 76.92307692307692 0.0
553 84.61538461538461 0.0
554 92.3076923076923 0.0
555 76.92307692307692 0.0
556 88.46153846153847 0.0
557 76.92307692307692 0.0
558 92.3076923076923 0.0
559 84.61538461538461 0.0
560 76.92307692307692 0.0
561 76.92307692307692 0.0
562 73.07692307692308 0.0
563 76.92307692307692 0.0
564 61.53846153846154 0.0
565 61.53846153846154 0.0
566 69.23076923076923 0.0
567 76.92307692307692 0.0
568 69.23076923076923 0.0
569 84.61538461538461 0.0
570 92.3076923076923 0.0
571 76.92307692307692 0.0
572 84.61538461538461 0.0
573 84.61538461538461 0.0
574 84.61538461538461 0.0
575 84.61538461538461 0.0
576 76.92307692307692 0.0
577 80.76923076923077 0.0
578 65.38461538461539 0.0
579 69.23076923076923 0.0
580 76.92307692307692 0.0
581 61.53846153846154 0.0
582 84.61538461538461 0.0
583 76.92307692307692 0.0
584 92.3076923076923 0.0
585 84.61538461538461 0.0
586 76.92307692307692 0.0
587 84.61538461538461 0.0
588 84.61538461538461 0.0
589 84.61538461538461 0.0
590 69.23076923076923 0.0
591 76.92307692307692 0.0
592 76.92307692307692 0.0
593 69.23076923076923 0.0
594 76.92307692307692 0.0
595 76.92307692307692 0.0
596 84.61538461538461 0.0
597 84.61538461538461 0.0
598 100.0 0.0
599 100.0 0.0
600 84.61538461538461 0.0
601 100.0 0.0
602 92.3076923076923 0.0
603 84.61538461538461 0.0
604 84.61538461538461 0.0
605 100.0 0.0
606 76.92307692307692 0.0
607 84.61538461538461 0.0
608 92.3076923076923 0.0
609 84.61538461538461 0.0
610 84.61538461538461 0.0
611 92.3076923076923 0.0
612 100.0 0.0
613 100.0 0.0
614 88.46153846153847 0.0
615 84.61538461538461 0.0
616 92.3076923076923 0.0
617 100.0 0.0
618 76.92307692307692 0.0
619 76.92307692307692 0.0
620 84.61538461538461 0.0
621 76.92307692307692 0.0
622 84.61538461538461 0.0
623 84.61538461538461 0.0
624 76.92307692307692 0.0
625 92.3076923076923 0.0
626 61.53846153846154 0.0
627 76.92307692307692 0.0
628 76.92307692307692 0.0
629 84.61538461538461 0.0
630 80.76923076923077 0.0
631 73.07692307692308 0.0
632 65.38461538461539 0.0
633 57.69230769230769 0.0
634 69.23076923076923 0.0
635 84.61538461538461 0.0
636 92.3076923076923 0.0
637 92.3076923076923 0.0
638 61.53846153846154 0.0
639 80.76923076923077 0.0
640 76.92307692307692 0.0
641 69.23076923076923 0.0
642 80.76923076923077 0.0
643 69.23076923076923 0.0
644 76.92307692307692 0.0
645 69.23076923076923 0.0
646 73.07692307692308 0.0
647 73.07692307692308 0.0
648 76.92307692307692 0.0
649 73.07692307692308 0.0
650 84.61538461538461 0.0
651 84.61538461538461 0.0
652 76.92307692307692 0.0
653 76.92307692307692 0.0
654 84.61538461538461 0.0
655 73.07692307692308 0.0
656 76.92307692307692 0.0
657 73.07692307692308 0.0
658 76.92307692307692 0.0
659 61.53846153846154 0.0
660 69.23076923076923 0.0
661 84.61538461538461 0.0
662 84.61538461538461 0.0
663 76.92307692307692 0.0
664 69.23076923076923 0.0
665 69.23076923076923 0.0
666 76.92307692307692 0.0
667 76.92307692307692 0.0
668 76.92307692307692 0.0
669 76.92307692307692 0.0
670 100.0 0.0
671 92.3076923076923 0.0
672 80.76923076923077 0.0
673 84.61538461538461 0.0
674 84.61538461538461 0.0
675 88.46153846153847 0.0
676 92.3076923076923 0.0
677 76.92307692307692 0.0
678 65.38461538461539 0.0
679 92.3076923076923 0.0
680 84.61538461538461 0.0
681 92.3076923076923 0.0
682 100.0 0.0
683 100.0 0.0
684 100.0 0.0
685 84.61538461538461 0.0
686 76.92307692307692 0.0
687 84.61538461538461 0.0
688 76.92307692307692 0.0
689 69.23076923076923 0.0
690 65.38461538461539 0.0
691 88.46153846153847 0.0
692 92.3076923076923 0.0
693 92.3076923076923 0.0
694 84.61538461538461 0.0
695 80.76923076923077 0.0
696 92.3076923076923 0.0
697 84.61538461538461 0.0
698 76.92307692307692 0.0
699 61.53846153846154 0.0
700 92.3076923076923 0.0
701 92.3076923076923 0.0
702 76.92307692307692 0.0
703 92.3076923076923 0.0
704 92.3076923076923 0.0
705 84.61538461538461 0.0
706 84.61538461538461 0.0
707 76.92307692307692 0.0
708 84.61538461538461 0.0
709 84.61538461538461 0.0
710 100.0 0.0
711 88.46153846153847 0.0
712 92.3076923076923 0.0
713 92.3076923076923 0.0
714 84.61538461538461 0.0
715 80.76923076923077 0.0
716 92.3076923076923 0.0
717 80.76923076923077 0.0
718 84.61538461538461 0.0
719 76.92307692307692 0.0
720 69.23076923076923 0.0
721 69.23076923076923 0.0
722 53.84615384615385 0.0
723 69.23076923076923 0.0
724 76.92307692307692 0.0
725 69.23076923076923 0.0
726 76.92307692307692 0.0
727 57.69230769230769 0.0
728 73.07692307692308 0.0
729 76.92307692307692 0.0
730 84.61538461538461 0.0
731 76.92307692307692 0.0
732 92.3076923076923 0.0
733 84.61538461538461 0.0
734 92.3076923076923 0.0
735 92.3076923076923 0.0
736 84.61538461538461 0.0
737 92.3076923076923 0.0
738 100.0 0.0
739 88.46153846153847 0.0
740 76.92307692307692 0.0
741 76.92307692307692 0.0
742 84.61538461538461 0.0
743 100.0 0.0
744 84.61538461538461 0.0
745 73.07692307692308 0.0
746 84.61538461538461 0.0
747 84.61538461538461 0.0
748 73.07692307692308 0.0
749 80.76923076923077 0.0
750 88.46153846153847 0.0
751 92.3076923076923 0.0
752 69.23076923076923 0.0
753 76.92307692307692 0.0
754 69.23076923076923 0.0
755 61.53846153846154 0.0
756 61.53846153846154 0.0
757 65.38461538461539 0.0
758 84.61538461538461 0.0
759 100.0 0.0
760 84.61538461538461 0.0
761 92.3076923076923 0.0
762 76.92307692307692 0.0
763 73.07692307692308 0.0
764 88.46153846153847 0.0
765 84.61538461538461 0.0
766 84.61538461538461 0.0
767 88.46153846153847 0.0
768 80.76923076923077 0.0
769 84.61538461538461 0.0
770 76.92307692307692 0.0
771 69.23076923076923 0.0
772 65.38461538461539 0.0
773 73.07692307692308 0.0
774 73.07692307692308 0.0
775 80.76923076923077 0.0
776 80.76923076923077 0.0
777 76.92307692307692 0.0
778 76.92307692307692 0.0
779 65.38461538461539 0.0
780 73.07692307692308 0.0
781 65.38461538461539 0.0
782 76.92307692307692 0.0
783 73.07692307692308 0.0
784 76.92307692307692 0.0
785 65.38461538461539 0.0
786 65.38461538461539 0.0
787 53.84615384615385 0.0
788 65.38461538461539 0.0
789 73.07692307692308 0.0
790 84.61538461538461 0.0
791 84.61538461538461 0.0
792 65.38461538461539 0.0
793 69.23076923076923 0.0
794 92.3076923076923 0.0
795 100.0 0.0
796 76.92307692307692 0.0
797 84.61538461538461 0.0
798 84.61538461538461 0.0
799 84.61538461538461 0.0
800 80.76923076923077 0.0
801 84.61538461538461 0.0
802 76.92307692307692 0.0
803 69.23076923076923 0.0
804 76.92307692307692 0.0
805 76.92307692307692 0.0
806 69.23076923076923 0.0
807 61.53846153846154 0.0
808 84.61538461538461 0.0
809 92.3076923076923 0.0
810 84.61538461538461 0.0
811 73.07692307692308 0.0
812 76.92307692307692 0.0
813 84.61538461538461 0.0
814 92.3076923076923 0.0
815 76.92307692307692 0.0
816 92.3076923076923 0.0
817 92.3076923076923 0.0
818 80.76923076923077 0.0
819 76.92307692307692 0.0
820 76.92307692307692 0.0
821 80.76923076923077 0.0
822 69.23076923076923 0.0
823 76.92307692307692 0.0
824 92.3076923076923 0.0
825 100.0 0.0
826 100.0 0.0
827 100.0 0.0
828 100.0 0.0
829 100.0 0.0
830 69.23076923076923 0.0
831 92.3076923076923 0.0
832 76.92307692307692 0.0
833 80.76923076923077 0.0
834 84.61538461538461 0.0
835 92.3076923076923 0.0
836 92.3076923076923 0.0
837 84.61538461538461 0.0
838 100.0 0.0
839 80.76923076923077 0.0
840 84.61538461538461 0.0
841 92.3076923076923 0.0
842 84.61538461538461 0.0
843 84.61538461538461 0.0
844 80.76923076923077 0.0
845 88.46153846153847 0.0
846 92.3076923076923 0.0
847 76.92307692307692 0.0
848 92.3076923076923 0.0
849 92.3076923076923 0.0
850 84.61538461538461 0.0
851 69.23076923076923 0.0
852 84.61538461538461 0.0
853 80.76923076923077 0.0
854 69.23076923076923 0.0
855 65.38461538461539 0.0
856 73.07692307692308 0.0
857 73.07692307692308 0.0
858 73.07692307692308 0.0
859 76.92307692307692 0.0
860 84.61538461538461 0.0
861 92.3076923076923 0.0
862 100.0 0.0
863 92.3076923076923 0.0
864 100.0 0.0
865 84.61538461538461 0.0
866 76.92307692307692 0.0
867 76.92307692307692 0.0
868 80.76923076923077 0.0
869 73.07692307692308 0.0
870 80.76923076923077 0.0
871 76.92307692307692 0.0
872 76.92307692307692 0.0
873 84.61538461538461 0.0
874 84.61538461538461 0.0
875 76.92307692307692 0.0
876 57.69230769230769 0.0
877 73.07692307692308 0.0
878 69.23076923076923 0.0
879 69.23076923076923 0.0
880 80.76923076923077 0.0
881 73.07692307692308 0.0
882 80.76923076923077 0.0
883 76.92307692307692 0.0
884 84.61538461538461 0.0
885 76.92307692307692 0.0
886 69.23076923076923 0.0
887 92.3076923076923 0.0
888 76.92307692307692 0.0
889 76.92307692307692 0.0
890 73.07692307692308 0.0
891 76.92307692307692 0.0
892 84.61538461538461 0.0
893 92.3076923076923 0.0
894 84.61538461538461 0.0
895 84.61538461538461 0.0
896 69.23076923076923 0.0
897 84.61538461538461 0.0
898 73.07692307692308 0.0
899 73.07692307692308 0.0
900 76.92307692307692 0.0
901 84.61538461538461 0.0
902 92.3076923076923 0.0
903 92.3076923076923 0.0
904 100.0 0.0
905 80.76923076923077 0.0
906 80.76923076923077 0.0
907 84.61538461538461 0.0
908 76.92307692307692 0.0
909 92.3076923076923 0.0
910 88.46153846153847 0.0
911 80.76923076923077 0.0
912 88.46153846153847 0.0
913 92.3076923076923 0.0
914 69.23076923076923 0.0
915 76.92307692307692 0.0
916 92.3076923076923 0.0
917 92.3076923076923 0.0
918 92.3076923076923 0.0
919 84.61538461538461 0.0
920 92.3076923076923 0.0
921 92.3076923076923 0.0
922 100.0 0.0
923 92.3076923076923 0.0
924 92.3076923076923 0.0
925 84.61538461538461 0.0
926 92.3076923076923 0.0
927 92.3076923076923 0.0
928 92.3076923076923 0.0
929 84.61538461538461 0.0
930 76.92307692307692 0.0
931 69.23076923076923 0.0
932 84.61538461538461 0.0
933 69.23076923076923 0.0
934 84.61538461538461 0.0
935 69.23076923076923 0.0
936 76.92307692307692 0.0
937 69.23076923076923 0.0
938 84.61538461538461 0.0
939 76.92307692307692 0.0
940 80.76923076923077 0.0
941 84.61538461538461 0.0
942 69.23076923076923 0.0
943 84.61538461538461 0.0
944 69.23076923076923 0.0
945 84.61538461538461 0.0
946 76.92307692307692 0.0
947 84.61538461538461 0.0
948 88.46153846153847 0.0
949 69.23076923076923 0.0
950 92.3076923076923 0.0
951 80.76923076923077 0.0
952 80.76923076923077 0.0
953 65.38461538461539 0.0
954 76.92307692307692 0.0
955 84.61538461538461 0.0
956 92.3076923076923 0.0
957 92.3076923076923 0.0
958 84.61538461538461 0.0
959 84.61538461538461 0.0
960 92.3076923076923 0.0
961 100.0 0.0
962 92.3076923076923 0.0
963 73.07692307692308 0.0
964 84.61538461538461 0.0
965 76.92307692307692 0.0
966 76.92307692307692 0.0
967 61.53846153846154 0.0
968 76.92307692307692 0.0
969 61.53846153846154 0.0
970 76.92307692307692 0.0
971 84.61538461538461 0.0
972 76.92307692307692 0.0
973 69.23076923076923 0.0
974 92.3076923076923 0.0
975 76.92307692307692 0.0
976 69.23076923076923 0.0
977 69.23076923076923 0.0
978 92.3076923076923 0.0
979 84.61538461538461 0.0
980 76.92307692307692 0.0
981 84.61538461538461 0.0
982 76.92307692307692 0.0
983 76.92307692307692 0.0
984 88.46153846153847 0.0
985 84.61538461538461 0.0
986 92.3076923076923 0.0
987 92.3076923076923 0.0
988 80.76923076923077 0.0
989 84.61538461538461 0.0
990 73.07692307692308 0.0
991 73.07692307692308 0.0
992 88.46153846153847 0.0
993 76.92307692307692 0.0
994 84.61538461538461 0.0
995 92.3076923076923 0.0
996 69.23076923076923 0.0
997 84.61538461538461 0.0
998 84.61538461538461 0.0
999 84.61538461538461 0.0
