#frame monomers_% popc_isolated_%
0 84.61538461538461 0.0
1 76.92307692307692 0.0
2 76.92307692307692 0.0
3 80.76923076923077 0.0
4 53.84615384615385 0.0
5 84.61538461538461 0.0
6 92.3076923076923 0.0
7 80.76923076923077 0.0
8 80.76923076923077 0.0
9 92.3076923076923 0.0
10 92.3076923076923 0.0
11 84.61538461538461 0.0
12 76.92307692307692 0.0
13 84.61538461538461 0.0
14 69.23076923076923 0.0
15 61.53846153846154 0.0
16 61.53846153846154 0.0
17 50.0 0.0
18 53.84615384615385 0.0
19 84.61538461538461 0.0
20 57.69230769230769 0.0
21 50.0 0.0
22 61.53846153846154 0.0
23 57.69230769230769 0.0
24 61.53846153846154 0.0
25 61.53846153846154 0.0
26 76.92307692307692 0.0
27 92.3076923076923 0.0
28 92.3076923076923 0.0
29 100.0 0.0
30 76.92307692307692 0.0
31 76.92307692307692 0.0
32 84.61538461538461 0.0
33 84.61538461538461 0.0
34 84.61538461538461 0.0
35 84.61538461538461 0.0
36 84.61538461538461 0.0
37 76.92307692307692 0.0
38 76.92307692307692 0.0
39 84.61538461538461 0.0
40 100.0 0.0
41 92.3076923076923 0.0
42 76.92307692307692 0.0
43 92.3076923076923 0.0
44 84.61538461538461 0.0
45 76.92307692307692 0.0
46 100.0 0.0
47 100.0 0.0
48 92.3076923076923 0.0
49 92.3076923076923 0.0
50 69.23076923076923 0.0
51 84.61538461538461 0.0
52 76.92307692307692 0.0
53 76.92307692307692 0.0
54 69.23076923076923 0.0
55 84.61538461538461 0.0
56 92.3076923076923 0.0
57 92.3076923076923 0.0
58 92.3076923076923 0.0
59 100.0 0.0
60 76.92307692307692 0.0
61 84.61538461538461 0.0
62 73.07692307692308 0.0
63 92.3076923076923 0.0
64 92.3076923076923 0.0
65 76.92307692307692 0.0
66 69.23076923076923 0.0
67 84.61538461538461 0.0
68 84.61538461538461 0.0
69 84.61538461538461 0.0
70 76.92307692307692 0.0
71 76.92307692307692 0.0
72 65.38461538461539 0.0
73 92.3076923076923 0.0
74 92.3076923076923 0.0
75 92.3076923076923 0.0
76 92.3076923076923 0.0
77 92.3076923076923 0.0
78 84.61538461538461 0.0
79 80.76923076923077 0.0
80 84.61538461538461 0.0
81 92.3076923076923 0.0
82 92.3076923076923 0.0
83 92.3076923076923 0.0
84 92.3076923076923 0.0
85 92.3076923076923 0.0
86 100.0 0.0
87 92.3076923076923 0.0
88 84.61538461538461 0.0
89 76.92307692307692 0.0
90 76.92307692307692 0.0
91 80.76923076923077 0.0
92 76.92307692307692 0.0
93 76.92307692307692 0.0
94 84.61538461538461 0.0
95 92.3076923076923 0.0
96 88.46153846153847 0.0
97 84.61538461538461 0.0
98 73.07692307692308 0.0
99 69.23076923076923 0.0
100 84.61538461538461 0.0
101 76.92307692307692 0.0
102 76.92307692307692 0.0
103 84.61538461538461 0.0
104 84.61538461538461 0.0
105 92.3076923076923 0.0
106 92.3076923076923 0.0
107 100.0 0.0
108 84.61538461538461 0.0
109 92.3076923076923 0.0
110 76.92307692307692 0.0
111 92.3076923076923 0.0
112 84.61538461538461 0.0
113 84.61538461538461 0.0
114 92.3076923076923 0.0
115 100.0 0.0
116 84.61538461538461 0.0
117 84.61538461538461 0.0
118 100.0 0.0
119 92.3076923076923 0.0
120 84.61538461538461 0.0
121 84.61538461538461 0.0
122 84.61538461538461 0.0
123 76.92307692307692 0.0
124 92.3076923076923 0.0
125 92.3076923076923 0.0
126 100.0 0.0
127 100.0 0.0
128 76.92307692307692 0.0
129 84.61538461538461 0.0
130 84.61538461538461 0.0
131 76.92307692307692 0.0
132 92.3076923076923 0.0
133 69.23076923076923 0.0
134 88.46153846153847 0.0
135 76.92307692307692 0.0
136 100.0 0.0
137 84.61538461538461 0.0
138 100.0 0.0
139 76.92307692307692 0.0
140 92.3076923076923 0.0
141 84.61538461538461 0.0
142 76.92307692307692 0.0
143 84.61538461538461 0.0
144 84.61538461538461 0.0
145 76.92307692307692 0.0
146 76.92307692307692 0.0
147 80.76923076923077 0.0
148 73.07692307692308 0.0
149 65.38461538461539 0.0
150 76.92307692307692 0.0
151 76.92307692307692 0.0
152 69.23076923076923 0.0
153 80.76923076923077 0.0
154 76.92307692307692 0.0
155 76.92307692307692 0.0
156 76.92307692307692 0.0
157 76.92307692307692 0.0
158 76.92307692307692 0.0
159 69.23076923076923 0.0
160 84.61538461538461 0.0
161 69.23076923076923 0.0
162 61.53846153846154 0.0
163 84.61538461538461 0.0
164 73.07692307692308 0.0
165 84.61538461538461 0.0
166 84.61538461538461 0.0
167 73.07692307692308 0.0
168 84.61538461538461 0.0
169 92.3076923076923 0.0
170 84.61538461538461 0.0
171 84.61538461538461 0.0
172 84.61538461538461 0.0
173 69.23076923076923 0.0
174 73.07692307692308 0.0
175 76.92307692307692 0.0
176 84.61538461538461 0.0
177 92.3076923076923 0.0
178 100.0 0.0
179 92.3076923076923 0.0
180 84.61538461538461 0.0
181 92.3076923076923 0.0
182 92.3076923076923 0.0
183 92.3076923076923 0.0
184 84.61538461538461 0.0
185 92.3076923076923 0.0
186 100.0 0.0
187 92.3076923076923 0.0
188 92.3076923076923 0.0
189 100.0 0.0
190 76.92307692307692 0.0
191 84.61538461538461 0.0
192 92.3076923076923 0.0
193 69.23076923076923 0.0
194 61.53846153846154 0.0
195 73.07692307692308 0.0
196 65.38461538461539 0.0
197 65.38461538461539 0.0
198 80.76923076923077 0.0
199 76.92307692307692 0.0
200 69.23076923076923 0.0
201 76.92307692307692 0.0
202 76.92307692307692 0.0
203 84.61538461538461 0.0
204 84.61538461538461 0.0
205 84.61538461538461 0.0
206 88.46153846153847 0.0
207 80.76923076923077 0.0
208 65.38461538461539 0.0
209 57.69230769230769 0.0
210 53.84615384615385 0.0
211 53.84615384615385 0.0
212 57.69230769230769 0.0
213 92.3076923076923 0.0
214 61.53846153846154 0.0
215 50.0 0.0
216 80.76923076923077 0.0
217 76.92307692307692 0.0
218 73.07692307692308 0.0
219 80.76923076923077 0.0
220 80.76923076923077 0.0
221 76.92307692307692 0.0
222 84.61538461538461 0.0
223 80.76923076923077 0.0
224 80.76923076923077 0.0
225 80.76923076923077 0.0
226 80.76923076923077 0.0
227 88.46153846153847 0.0
228 76.92307692307692 0.0
229 76.92307692307692 0.0
230 61.53846153846154 0.0
231 53.84615384615385 0.0
232 69.23076923076923 0.0
233 76.92307692307692 0.0
234 80.76923076923077 0.0
235 80.76923076923077 0.0
236 92.3076923076923 0.0
237 76.92307692307692 0.0
238 76.92307692307692 0.0
239 65.38461538461539 0.0
240 80.76923076923077 0.0
241 73.07692307692308 0.0
242 80.76923076923077 0.0
243 73.07692307692308 0.0
244 65.38461538461539 0.0
245 69.23076923076923 0.0
246 84.61538461538461 0.0
247 65.38461538461539 0.0
248 76.92307692307692 0.0
249 84.61538461538461 0.0
250 69.23076923076923 0.0
251 84.61538461538461 0.0
252 80.76923076923077 0.0
253 73.07692307692308 0.0
254 84.61538461538461 0.0
255 92.3076923076923 0.0
256 100.0 0.0
257 88.46153846153847 0.0
258 61.53846153846154 0.0
259 84.61538461538461 0.0
260 92.3076923076923 0.0
261 76.92307692307692 0.0
262 84.61538461538461 0.0
263 76.92307692307692 0.0
264 73.07692307692308 0.0
265 76.92307692307692 0.0
266 76.92307692307692 0.0
267 80.76923076923077 0.0
268 80.76923076923077 0.0
269 88.46153846153847 0.0
270 88.46153846153847 0.0
271 84.61538461538461 0.0
272 92.3076923076923 0.0
273 88.46153846153847 0.0
274 65.38461538461539 0.0
275 69.23076923076923 0.0
276 69.23076923076923 0.0
277 69.23076923076923 0.0
278 76.92307692307692 0.0
279 73.07692307692308 0.0
280 69.23076923076923 0.0
281 73.07692307692308 0.0
282 73.07692307692308 0.0
283 73.07692307692308 0.0
284 88.46153846153847 0.0
285 100.0 0.0
286 76.92307692307692 0.0
287 84.61538461538461 0.0
288 92.3076923076923 0.0
289 84.61538461538461 0.0
290 76.92307692307692 0.0
291 69.23076923076923 0.0
292 84.61538461538461 0.0
293 76.92307692307692 0.0
294 84.61538461538461 0.0
295 100.0 0.0
296 100.0 0.0
297 84.61538461538461 0.0
298 100.0 0.0
299 100.0 0.0
300 84.61538461538461 0.0
301 92.3076923076923 0.0
302 100.0 0.0
303 76.92307692307692 0.0
304 84.61538461538461 0.0
305 92.3076923076923 0.0
306 84.61538461538461 0.0
307 84.61538461538461 0.0
308 76.92307692307692 0.0
309 92.3076923076923 0.0
310 84.61538461538461 0.0
311 73.07692307692308 0.0
312 84.61538461538461 0.0
313 84.61538461538461 0.0
314 92.3076923076923 0.0
315 92.3076923076923 0.0
316 92.3076923076923 0.0
317 92.3076923076923 0.0
318 92.3076923076923 0.0
319 92.3076923076923 0.0
320 76.92307692307692 0.0
321 76.92307692307692 0.0
322 92.3076923076923 0.0
323 92.3076923076923 0.0
324 92.3076923076923 0.0
325 92.3076923076923 0.0
326 92.3076923076923 0.0
327 92.3076923076923 0.0
328 76.92307692307692 0.0
329 80.76923076923077 0.0
330 88.46153846153847 0.0
331 76.92307692307692 0.0
332 100.0 0.0
333 84.61538461538461 0.0
334 92.3076923076923 0.0
335 100.0 0.0
336 84.61538461538461 0.0
337 84.61538461538461 0.0
338 84.61538461538461 0.0
339 65.38461538461539 0.0
340 84.61538461538461 0.0
341 84.61538461538461 0.0
342 57.69230769230769 0.0
343 69.23076923076923 0.0
344 80.76923076923077 0.0
345 100.0 0.0
346 100.0 0.0
347 92.3076923076923 0.0
348 92.3076923076923 0.0
349 84.61538461538461 0.0
350 69.23076923076923 0.0
351 84.61538461538461 0.0
352 80.76923076923077 0.0
353 84.61538461538461 0.0
354 92.3076923076923 0.0
355 76.92307692307692 0.0
356 69.23076923076923 0.0
357 92.3076923076923 0.0
358 84.61538461538461 0.0
359 80.76923076923077 0.0
360 80.76923076923077 0.0
361 80.76923076923077 0.0
362 76.92307692307692 0.0
363 84.61538461538461 0.0
364 88.46153846153847 0.0
365 65.38461538461539 0.0
366 84.61538461538461 0.0
367 92.3076923076923 0.0
368 73.07692307692308 0.0
369 69.23076923076923 0.0
370 57.69230769230769 0.0
371 69.23076923076923 0.0
372 73.07692307692308 0.0
373 61.53846153846154 0.0
374 76.92307692307692 0.0
375 76.92307692307692 0.0
376 84.61538461538461 0.0
377 76.92307692307692 0.0
378 65.38461538461539 0.0
379 88.46153846153847 0.0
380 73.07692307692308 0.0
381 80.76923076923077 0.0
382 80.76923076923077 0.0
383 84.61538461538461 0.0
384 84.61538461538461 0.0
385 76.92307692307692 0.0
386 69.23076923076923 0.0
387 69.23076923076923 0.0
388 69.23076923076923 0.0
389 92.3076923076923 0.0
390 76.92307692307692 0.0
391 76.92307692307692 0.0
392 84.61538461538461 0.0
393 76.92307692307692 0.0
394 92.3076923076923 0.0
395 76.92307692307692 0.0
396 84.61538461538461 0.0
397 92.3076923076923 0.0
398 69.23076923076923 0.0
399 61.53846153846154 0.0
400 61.53846153846154 0.0
401 73.07692307692308 0.0
402 88.46153846153847 0.0
403 88.46153846153847 0.0
404 88.46153846153847 0.0
405 92.3076923076923 0.0
406 100.0 0.0
407 84.61538461538461 0.0
408 69.23076923076923 0.0
409 73.07692307692308 0.0
410 84.61538461538461 0.0
411 73.07692307692308 0.0
412 76.92307692307692 0.0
413 100.0 0.0
414 76.92307692307692 0.0
415 92.3076923076923 0.0
416 100.0 0.0
417 84.61538461538461 0.0
418 92.3076923076923 0.0
419 76.92307692307692 0.0
420 76.92307692307692 0.0
421 73.07692307692308 0.0
422 84.61538461538461 0.0
423 76.92307692307692 0.0
424 76.92307692307692 0.0
425 73.07692307692308 0.0
426 80.76923076923077 0.0
427 80.76923076923077 0.0
428 65.38461538461539 0.0
429 69.23076923076923 0.0
430 80.76923076923077 0.0
431 88.46153846153847 0.0
432 76.92307692307692 0.0
433 88.46153846153847 0.0
434 84.61538461538461 0.0
435 84.61538461538461 0.0
436 76.92307692307692 0.0
437 80.76923076923077 0.0
438 84.61538461538461 0.0
439 92.3076923076923 0.0
440 73.07692307692308 0.0
441 69.23076923076923 0.0
442 76.92307692307692 0.0
443 69.23076923076923 0.0
444 61.53846153846154 0.0
445 73.07692307692308 0.0
446 76.92307692307692 0.0
447 61.53846153846154 0.0
448 76.92307692307692 0.0
449 84.61538461538461 0.0
450 80.76923076923077 0.0
451 84.61538461538461 0.0
452 84.61538461538461 0.0
453 69.23076923076923 0.0
454 76.92307692307692 0.0
455 76.92307692307692 0.0
456 80.76923076923077 0.0
457 84.61538461538461 0.0
458 69.23076923076923 0.0
459 76.92307692307692 0.0
460 84.61538461538461 0.0
461 92.3076923076923 0.0
462 84.61538461538461 0.0
463 76.92307692307692 0.0
464 69.23076923076923 0.0
465 69.23076923076923 0.0
466 73.07692307692308 0.0
467 76.92307692307692 0.0
468 76.92307692307692 0.0
469 92.3076923076923 0.0
470 76.92307692307692 0.0
471 76.92307692307692 0.0
472 80.76923076923077 0.0
473 73.07692307692308 0.0
474 84.61538461538461 0.0
475 73.07692307692308 0.0
476 88.46153846153847 0.0
477 76.92307692307692 0.0
478 80.76923076923077 0.0
479 92.3076923076923 0.0
480 80.76923076923077 0.0
481 57.69230769230769 0.0
482 69.23076923076923 0.0
483 92.3076923076923 0.0
484 100.0 0.0
485 100.0 0.0
486 84.61538461538461 0.0
487 92.3076923076923 0.0
488 84.61538461538461 0.0
489 84.61538461538461 0.0
490 80.76923076923077 0.0
491 76.92307692307692 0.0
492 76.92307692307692 0.0
493 69.23076923076923 0.0
494 65.38461538461539 0.0
495 92.3076923076923 0.0
496 92.3076923076923 0.0
497 76.92307692307692 0.0
498 76.92307692307692 0.0
499 69.23076923076923 0.0
500 69.23076923076923 0.0
501 84.61538461538461 0.0
502 61.53846153846154 0.0
503 73.07692307692308 0.0
504 73.07692307692308 0.0
505 80.76923076923077 0.0
506 69.23076923076923 0.0
507 80.76923076923077 0.0
508 84.61538461538461 0.0
509 76.92307692307692 0.0
510 61.53846153846154 0.0
511 92.3076923076923 0.0
512 100.0 0.0
513 84.61538461538461 0.0
514 92.3076923076923 0.0
515 92.3076923076923 0.0
516 92.3076923076923 0.0
517 92.3076923076923 0.0
518 92.3076923076923 0.0
519 100.0 0.0
520 92.3076923076923 0.0
521 84.61538461538461 0.0
522 100.0 0.0
523 100.0 0.0
524 84.61538461538461 0.0
525 76.92307692307692 0.0
526 76.92307692307692 0.0
527 73.07692307692308 0.0
528 80.76923076923077 0.0
529 80.76923076923077 0.0
530 61.53846153846154 0.0
531 61.53846153846154 0.0
532 69.23076923076923 0.0
533 76.92307692307692 0.0
534 57.69230769230769 0.0
535 69.23076923076923 0.0
536 84.61538461538461 0.0
537 84.61538461538461 0.0
538 84.61538461538461 0.0
539 100.0 0.0
540 92.3076923076923 0.0
541 84.61538461538461 0.0
542 76.92307692307692 0.0
543 69.23076923076923 0.0
544 76.92307692307692 0.0
545 100.0 0.0
546 100.0 0.0
547 100.0 0.0
548 92.3076923076923 0.0
549 84.61538461538461 0.0
550 84.61538461538461 0.0
551 100.0 0.0
552 100.0 0.0
553 100.0 0.0
554 100.0 0.0
555 69.23076923076923 0.0
556 69.23076923076923 0.0
557 84.61538461538461 0.0
558 53.84615384615385 0.0
559 65.38461538461539 0.0
560 73.07692307692308 0.0
561 73.07692307692308 0.0
562 84.61538461538461 0.0
563 80.76923076923077 0.0
564 80.76923076923077 0.0
565 73.07692307692308 0.0
566 84.61538461538461 0.0
567 84.61538461538461 0.0
568 80.76923076923077 0.0
569 76.92307692307692 0.0
570 76.92307692307692 0.0
571 92.3076923076923 0.0
572 84.61538461538461 0.0
573 76.92307692307692 0.0
574 92.3076923076923 0.0
575 92.3076923076923 0.0
576 80.76923076923077 0.0
577 69.23076923076923 0.0
578 76.92307692307692 0.0
579 84.61538461538461 0.0
580 84.61538461538461 0.0
581 92.3076923076923 0.0
582 84.61538461538461 0.0
583 100.0 0.0
584 100.0 0.0
585 100.0 0.0
586 92.3076923076923 0.0
587 92.3076923076923 0.0
588 76.92307692307692 0.0
589 100.0 0.0
590 80.76923076923077 0.0
591 76.92307692307692 0.0
592 76.92307692307692 0.0
593 61.53846153846154 0.0
594 69.23076923076923 0.0
595 88.46153846153847 0.0
596 84.61538461538461 0.0
597 76.92307692307692 0.0
598 76.92307692307692 0.0
599 92.3076923076923 0.0
600 84.61538461538461 0.0
601 92.3076923076923 0.0
602 84.61538461538461 0.0
603 84.61538461538461 0.0
604 100.0 0.0
605 76.92307692307692 0.0
606 84.61538461538461 0.0
607 65.38461538461539 0.0
608 65.38461538461539 0.0
609 73.07692307692308 0.0
610 69.23076923076923 0.0
611 80.76923076923077 0.0
612 92.3076923076923 0.0
613 84.61538461538461 0.0
614 88.46153846153847 0.0
615 76.92307692307692 0.0
616 92.3076923076923 0.0
617 100.0 0.0
618 84.61538461538461 0.0
619 84.61538461538461 0.0
620 61.53846153846154 0.0
621 69.23076923076923 0.0
622 92.3076923076923 0.0
623 92.3076923076923 0.0
624 92.3076923076923 0.0
625 76.92307692307692 0.0
626 73.07692307692308 0.0
627 84.61538461538461 0.0
628 76.92307692307692 0.0
629 65.38461538461539 0.0
630 84.61538461538461 0.0
631 84.61538461538461 0.0
632 92.3076923076923 0.0
633 84.61538461538461 0.0
634 73.07692307692308 0.0
635 76.92307692307692 0.0
636 92.3076923076923 0.0
637 69.23076923076923 0.0
638 92.3076923076923 0.0
639 84.61538461538461 0.0
640 69.23076923076923 0.0
641 80.76923076923077 0.0
642 76.92307692307692 0.0
643 84.61538461538461 0.0
644 84.61538461538461 0.0
645 92.3076923076923 0.0
646 100.0 0.0
647 92.3076923076923 0.0
648 100.0 0.0
649 92.3076923076923 0.0
650 92.3076923076923 0.0
651 76.92307692307692 0.0
652 73.07692307692308 0.0
653 76.92307692307692 0.0
654 61.53846153846154 0.0
655 84.61538461538461 0.0
656 76.92307692307692 0.0
657 92.3076923076923 0.0
658 76.92307692307692 0.0
659 73.07692307692308 0.0
660 73.07692307692308 0.0
661 76.92307692307692 0.0
662 69.23076923076923 0.0
663 61.53846153846154 0.0
664 76.92307692307692 0.0
665 76.92307692307692 0.0
666 76.92307692307692 0.0
667 100.0 0.0
668 92.3076923076923 0.0
669 92.3076923076923 0.0
670 92.3076923076923 0.0
671 100.0 0.0
672 88.46153846153847 0.0
673 84.61538461538461 0.0
674 73.07692307692308 0.0
675 61.53846153846154 0.0
676 92.3076923076923 0.0
677 84.61538461538461 0.0
678 80.76923076923077 0.0
679 92.3076923076923 0.0
680 92.3076923076923 0.0
681 100.0 0.0
682 100.0 0.0
683 92.3076923076923 0.0
684 100.0 0.0
685 100.0 0.0
686 92.3076923076923 0.0
687 100.0 0.0
688 92.3076923076923 0.0
689 92.3076923076923 0.0
690 80.76923076923077 0.0
691 92.3076923076923 0.0
692 92.3076923076923 0.0
693 69.23076923076923 0.0
694 61.53846153846154 0.0
695 92.3076923076923 0.0
696 80.76923076923077 0.0
697 88.46153846153847 0.0
698 88.46153846153847 0.0
699 80.76923076923077 0.0
700 76.92307692307692 0.0
701 92.3076923076923 0.0
702 100.0 0.0
703 92.3076923076923 0.0
704 84.61538461538461 0.0
705 92.3076923076923 0.0
706 80.76923076923077 0.0
707 76.92307692307692 0.0
708 80.76923076923077 0.0
709 73.07692307692308 0.0
710 84.61538461538461 0.0
711 88.46153846153847 0.0
712 80.76923076923077 0.0
713 73.07692307692308 0.0
714 73.07692307692308 0.0
715 88.46153846153847 0.0
716 92.3076923076923 0.0
717 84.61538461538461 0.0
718 73.07692307692308 0.0
719 84.61538461538461 0.0
720 92.3076923076923 0.0
721 88.46153846153847 0.0
722 84.61538461538461 0.0
723 92.3076923076923 0.0
724 76.92307692307692 0.0
725 92.3076923076923 0.0
726 84.61538461538461 0.0
727 84.61538461538461 0.0
728 84.61538461538461 0.0
729 92.3076923076923 0.0
730 92.3076923076923 0.0
731 76.92307692307692 0.0
732 69.23076923076923 0.0
733 69.23076923076923 0.0
734 88.46153846153847 0.0
735 76.92307692307692 0.0
736 80.76923076923077 0.0
737 88.46153846153847 0.0
738 73.07692307692308 0.0
739 84.61538461538461 0.0
740 84.61538461538461 0.0
741 69.23076923076923 0.0
742 84.61538461538461 0.0
743 65.38461538461539 0.0
744 88.46153846153847 0.0
745 69.23076923076923 0.0
746 69.23076923076923 0.0
747 76.92307692307692 0.0
748 100.0 0.0
749 80.76923076923077 0.0
750 92.3076923076923 0.0
751 69.23076923076923 0.0
752 76.92307692307692 0.0
753 76.92307692307692 0.0
754 92.3076923076923 0.0
755 100.0 0.0
756 76.92307692307692 0.0
757 80.76923076923077 0.0
758 92.3076923076923 0.0
759 92.3076923076923 0.0
760 84.61538461538461 0.0
761 69.23076923076923 0.0
762 69.23076923076923 0.0
763 80.76923076923077 0.0
764 69.23076923076923 0.0
765 61.53846153846154 0.0
766 69.23076923076923 0.0
767 65.38461538461539 0.0
768 84.61538461538461 0.0
769 76.92307692307692 0.0
770 92.3076923076923 0.0
771 84.61538461538461 0.0
772 84.61538461538461 0.0
773 92.3076923076923 0.0
774 84.61538461538461 0.0
775 76.92307692307692 0.0
776 76.92307692307692 0.0
777 73.07692307692308 0.0
778 84.61538461538461 0.0
779 84.61538461538461 0.0
780 92.3076923076923 0.0
781 92.3076923076923 0.0
782 92.3076923076923 0.0
783 92.3076923076923 0.0
784 92.3076923076923 0.0
785 76.92307692307692 0.0
786 76.92307692307692 0.0
787 65.38461538461539 0.0
788 61.53846153846154 0.0
789 76.92307692307692 0.0
790 61.53846153846154 0.0
791 76.92307692307692 0.0
792 76.92307692307692 0.0
793 69.23076923076923 0.0
794 69.23076923076923 0.0
795 84.61538461538461 0.0
796 80.76923076923077 0.0
797 76.92307692307692 0.0
798 61.53846153846154 0.0
799 73.07692307692308 0.0
800 76.92307692307692 0.0
801 73.07692307692308 0.0
802 73.07692307692308 0.0
803 80.76923076923077 0.0
804 100.0 0.0
805 92.3076923076923 0.0
806 92.3076923076923 0.0
807 69.23076923076923 0.0
808 92.3076923076923 0.0
809 88.46153846153847 0.0
810 84.61538461538461 0.0
811 76.92307692307692 0.0
812 84.61538461538461 0.0
813 76.92307692307692 0.0
814 84.61538461538461 0.0
815 84.61538461538461 0.0
816 76.92307692307692 0.0
817 76.92307692307692 0.0
818 69.23076923076923 0.0
819 65.38461538461539 0.0
820 65.38461538461539 0.0
821 92.3076923076923 0.0
822 73.07692307692308 0.0
823 76.92307692307692 0.0
824 92.3076923076923 0.0
825 73.07692307692308 0.0
826 69.23076923076923 0.0
827 84.61538461538461 0.0
828 80.76923076923077 0.0
829 80.76923076923077 0.0
830 73.07692307692308 0.0
831 84.61538461538461 0.0
832 84.61538461538461 0.0
833 76.92307692307692 0.0
834 100.0 0.0
835 100.0 0.0
836 92.3076923076923 0.0
837 84.61538461538461 0.0
838 88.46153846153847 0.0
839 80.76923076923077 0.0
840 92.3076923076923 0.0
841 65.38461538461539 0.0
842 73.07692307692308 0.0
843 69.23076923076923 0.0
844 80.76923076923077 0.0
845 84.61538461538461 0.0
846 80.76923076923077 0.0
847 84.61538461538461 0.0
848 88.46153846153847 0.0
849 76.92307692307692 0.0
850 92.3076923076923 0.0
851 100.0 0.0
852 88.46153846153847 0.0
853 92.3076923076923 0.0
854 92.3076923076923 0.0
855 92.3076923076923 0.0
856 84.61538461538461 0.0
857 76.92307692307692 0.0
858 76.92307692307692 0.0
859 92.3076923076923 0.0
860 92.3076923076923 0.0
861 92.3076923076923 0.0
862 92.3076923076923 0.0
863 84.61538461538461 0.0
864 84.61538461538461 0.0
865 84.61538461538461 0.0
866 84.61538461538461 0.0
867 76.92307692307692 0.0
868 65.38461538461539 0.0
869 65.38461538461539 0.0
870 65.38461538461539 0.0
871 65.38461538461539 0.0
872 61.53846153846154 0.0
873 80.76923076923077 0.0
874 76.92307692307692 0.0
875 84.61538461538461 0.0
876 100.0 0.0
877 100.0 0.0
878 76.92307692307692 0.0
879 92.3076923076923 0.0
880 73.07692307692308 0.0
881 73.07692307692308 0.0
882 84.61538461538461 0.0
883 84.61538461538461 0.0
884 73.07692307692308 0.0
885 73.07692307692308 0.0
886 69.23076923076923 0.0
887 76.92307692307692 0.0
888 76.92307692307692 0.0
889 92.3076923076923 0.0
890 92.3076923076923 0.0
891 92.3076923076923 0.0
892 92.3076923076923 0.0
893 84.61538461538461 0.0
894 100.0 0.0
895 84.61538461538461 0.0
896 100.0 0.0
897 100.0 0.0
898 100.0 0.0
899 100.0 0.0
900 100.0 0.0
901 92.3076923076923 0.0
902 100.0 0.0
903 92.3076923076923 0.0
904 92.3076923076923 0.0
905 100.0 0.0
906 92.3076923076923 0.0
907 80.76923076923077 0.0
908 84.61538461538461 0.0
909 88.46153846153847 0.0
910 73.07692307692308 0.0
911 73.07692307692308 0.0
912 80.76923076923077 0.0
913 76.92307692307692 0.0
914 92.3076923076923 0.0
915 92.3076923076923 0.0
916 84.61538461538461 0.0
917 92.3076923076923 0.0
918 84.61538461538461 0.0
919 88.46153846153847 0.0
920 84.61538461538461 0.0
921 92.3076923076923 0.0
922 92.3076923076923 0.0
923 76.92307692307692 0.0
924 76.92307692307692 0.0
925 84.61538461538461 0.0
926 84.61538461538461 0.0
927 69.23076923076923 0.0
928 76.92307692307692 0.0
929 69.23076923076923 0.0
930 69.23076923076923 0.0
931 76.92307692307692 0.0
932 76.92307692307692 0.0
933 76.92307692307692 0.0
934 76.92307692307692 0.0
935 73.07692307692308 0.0
936 80.76923076923077 0.0
937 100.0 0.0
938 84.61538461538461 0.0
939 92.3076923076923 0.0
940 92.3076923076923 0.0
941 84.61538461538461 0.0
942 84.61538461538461 0.0
943 92.3076923076923 0.0
944 84.61538461538461 0.0
945 92.3076923076923 0.0
946 84.61538461538461 0.0
947 84.61538461538461 0.0
948 73.07692307692308 0.0
949 73.07692307692308 0.0
950 84.61538461538461 0.0
951 92.3076923076923 0.0
952 84.61538461538461 0.0
953 92.3076923076923 0.0
954 84.61538461538461 0.0
955 92.3076923076923 0.0
956 100.0 0.0
957 84.61538461538461 0.0
958 92.3076923076923 0.0
959 92.3076923076923 0.0
960 69.23076923076923 0.0
961 84.61538461538461 0.0
962 100.0 0.0
963 100.0 0.0
964 69.23076923076923 0.0
965 76.92307692307692 0.0
966 92.3076923076923 0.0
967 84.61538461538461 0.0
968 92.3076923076923 0.0
969 92.3076923076923 0.0
970 84.61538461538461 0.0
971 100.0 0.0
972 92.3076923076923 0.0
973 92.3076923076923 0.0
974 84.61538461538461 0.0
975 92.3076923076923 0.0
976 84.61538461538461 0.0
977 88.46153846153847 0.0
978 88.46153846153847 0.0
979 88.46153846153847 0.0
980 61.53846153846154 0.0
981 80.76923076923077 0.0
982 69.23076923076923 0.0
983 84.61538461538461 0.0
984 92.3076923076923 0.0
985 92.3076923076923 0.0
986 76.92307692307692 0.0
987 76.92307692307692 0.0
988 92.3076923076923 0.0
989 61.53846153846154 0.0
990 76.92307692307692 0.0
991 76.92307692307692 0.0
992 84.61538461538461 0.0
993 76.92307692307692 0.0
994 84.61538461538461 0.0
995 69.23076923076923 0.0
996 84.61538461538461 0.0
997 76.92307692307692 0.0
998 80.76923076923077 0.0
999 65.38461538461539 0.0
