#resid average_duration max_duration persistent_contacts
1 2.851063829787234 12 47
10 3.230769230769231 7 39
11 3.0638297872340425 9 47
12 3.604651162790698 8 43
13 3.0 9 36
14 3.4375 8 32
15 3.2419354838709675 10 62
16 2.9705882352941178 6 34
17 3.122448979591837 15 49
18 3.4 15 60
19 3.119047619047619 9 42
2 2.953488372093023 9 43
20 3.1020408163265305 9 49
21 3.2777777777777777 9 54
22 3.2058823529411766 9 68
23 2.525 6 40
24 3.5 10 36
25 3.0625 10 48
26 2.7567567567567566 6 37
3 3.5434782608695654 11 46
4 3.1372549019607843 8 51
5 2.9622641509433962 7 53
6 3.103448275862069 11 29
7 3.28 12 50
8 3.0930232558139537 9 43
9 3.4285714285714284 10 28
#TOTAL_CONTACTS 2602 for 1000 frames
