#frame monomers_% popc_isolated_%
0 23.076923076923077 0.0
1 26.923076923076923 0.0
2 26.923076923076923 0.0
3 30.76923076923077 0.0
4 26.923076923076923 0.0
5 30.76923076923077 0.0
6 26.923076923076923 0.0
7 26.923076923076923 0.0
8 19.23076923076923 0.0
9 19.23076923076923 0.0
10 26.923076923076923 0.0
11 23.076923076923077 0.0
12 30.76923076923077 0.0
13 15.384615384615385 0.0
14 19.23076923076923 0.0
15 15.384615384615385 0.0
16 23.076923076923077 0.0
17 23.076923076923077 0.0
18 34.61538461538461 0.0
19 34.61538461538461 0.0
20 23.076923076923077 0.0
21 23.076923076923077 0.0
22 30.76923076923077 0.0
23 26.923076923076923 0.0
24 23.076923076923077 0.0
25 23.076923076923077 0.0
26 19.23076923076923 0.0
27 23.076923076923077 0.0
28 34.61538461538461 0.0
29 30.76923076923077 0.0
30 30.76923076923077 0.0
31 26.923076923076923 0.0
32 26.923076923076923 0.0
33 26.923076923076923 0.0
34 30.76923076923077 0.0
35 42.30769230769231 0.0
36 26.923076923076923 0.0
37 30.76923076923077 0.0
38 23.076923076923077 0.0
39 26.923076923076923 0.0
40 26.923076923076923 0.0
41 38.46153846153846 0.0
42 26.923076923076923 0.0
43 19.23076923076923 0.0
44 15.384615384615385 0.0
45 19.23076923076923 0.0
46 23.076923076923077 0.0
47 30.76923076923077 0.0
48 23.076923076923077 0.0
49 11.538461538461538 0.0
50 15.384615384615385 0.0
51 11.538461538461538 0.0
52 19.23076923076923 0.0
53 19.23076923076923 0.0
54 19.23076923076923 0.0
55 23.076923076923077 0.0
56 19.23076923076923 0.0
57 15.384615384615385 0.0
58 15.384615384615385 0.0
59 15.384615384615385 0.0
60 3.8461538461538463 0.0
61 11.538461538461538 0.0
62 3.8461538461538463 0.0
63 23.076923076923077 0.0
64 15.384615384615385 0.0
65 11.538461538461538 0.0
66 3.8461538461538463 0.0
67 26.923076923076923 0.0
68 11.538461538461538 0.0
69 19.23076923076923 0.0
70 19.23076923076923 0.0
71 15.384615384615385 0.0
72 19.23076923076923 0.0
73 11.538461538461538 0.0
74 19.23076923076923 0.0
75 11.538461538461538 0.0
76 19.23076923076923 0.0
77 11.538461538461538 0.0
78 19.23076923076923 0.0
79 11.538461538461538 0.0
80 15.384615384615385 0.0
81 19.23076923076923 0.0
82 15.384615384615385 0.0
83 15.384615384615385 0.0
84 7.6923076923076925 0.0
85 15.384615384615385 0.0
86 19.23076923076923 0.0
87 19.23076923076923 0.0
88 19.23076923076923 0.0
89 23.076923076923077 0.0
90 19.23076923076923 0.0
91 19.23076923076923 0.0
92 15.384615384615385 0.0
93 15.384615384615385 0.0
94 19.23076923076923 0.0
95 15.384615384615385 0.0
96 15.384615384615385 0.0
97 15.384615384615385 0.0
98 19.23076923076923 0.0
99 7.6923076923076925 0.0
100 15.384615384615385 0.0
101 11.538461538461538 0.0
102 15.384615384615385 0.0
103 23.076923076923077 0.0
104 23.076923076923077 0.0
105 19.23076923076923 0.0
106 19.23076923076923 0.0
107 26.923076923076923 0.0
108 26.923076923076923 0.0
109 23.076923076923077 0.0
110 19.23076923076923 0.0
111 23.076923076923077 0.0
112 19.23076923076923 0.0
113 23.076923076923077 0.0
114 15.384615384615385 0.0
115 26.923076923076923 0.0
116 19.23076923076923 0.0
117 19.23076923076923 0.0
118 23.076923076923077 0.0
119 19.23076923076923 0.0
120 19.23076923076923 0.0
121 26.923076923076923 0.0
122 26.923076923076923 0.0
123 30.76923076923077 0.0
124 26.923076923076923 0.0
125 26.923076923076923 0.0
126 19.23076923076923 0.0
127 23.076923076923077 0.0
128 23.076923076923077 0.0
129 26.923076923076923 0.0
130 26.923076923076923 0.0
131 26.923076923076923 0.0
132 23.076923076923077 0.0
133 15.384615384615385 0.0
134 15.384615384615385 0.0
135 19.23076923076923 0.0
136 15.384615384615385 0.0
137 30.76923076923077 0.0
138 26.923076923076923 0.0
139 23.076923076923077 0.0
140 26.923076923076923 0.0
141 23.076923076923077 0.0
142 26.923076923076923 0.0
143 34.61538461538461 0.0
144 26.923076923076923 0.0
145 26.923076923076923 0.0
146 15.384615384615385 0.0
147 19.23076923076923 0.0
148 19.23076923076923 0.0
149 23.076923076923077 0.0
150 23.076923076923077 0.0
151 15.384615384615385 0.0
152 19.23076923076923 0.0
153 23.076923076923077 0.0
154 26.923076923076923 0.0
155 19.23076923076923 0.0
156 15.384615384615385 0.0
157 34.61538461538461 0.0
158 26.923076923076923 0.0
159 26.923076923076923 0.0
160 23.076923076923077 0.0
161 38.46153846153846 0.0
162 30.76923076923077 0.0
163 19.23076923076923 0.0
164 26.923076923076923 0.0
165 38.46153846153846 0.0
166 38.46153846153846 0.0
167 30.76923076923077 0.0
168 26.923076923076923 0.0
169 23.076923076923077 0.0
170 23.076923076923077 0.0
171 23.076923076923077 0.0
172 26.923076923076923 0.0
173 30.76923076923077 0.0
174 34.61538461538461 0.0
175 34.61538461538461 0.0
176 30.76923076923077 0.0
177 23.076923076923077 0.0
178 26.923076923076923 0.0
179 30.76923076923077 0.0
180 26.923076923076923 0.0
181 34.61538461538461 0.0
182 23.076923076923077 0.0
183 30.76923076923077 0.0
184 26.923076923076923 0.0
185 34.61538461538461 0.0
186 26.923076923076923 0.0
187 26.923076923076923 0.0
188 23.076923076923077 0.0
189 23.076923076923077 0.0
190 26.923076923076923 0.0
191 19.23076923076923 0.0
192 26.923076923076923 0.0
193 30.76923076923077 0.0
194 26.923076923076923 0.0
195 26.923076923076923 0.0
196 23.076923076923077 0.0
197 26.923076923076923 0.0
198 23.076923076923077 0.0
199 19.23076923076923 0.0
200 26.923076923076923 0.0
201 23.076923076923077 0.0
202 19.23076923076923 0.0
203 19.23076923076923 0.0
204 30.76923076923077 0.0
205 26.923076923076923 0.0
206 30.76923076923077 0.0
207 30.76923076923077 0.0
208 30.76923076923077 0.0
209 34.61538461538461 0.0
210 30.76923076923077 0.0
211 30.76923076923077 0.0
212 34.61538461538461 0.0
213 23.076923076923077 0.0
214 23.076923076923077 0.0
215 23.076923076923077 0.0
216 23.076923076923077 0.0
217 26.923076923076923 0.0
218 30.76923076923077 0.0
219 26.923076923076923 0.0
220 26.923076923076923 0.0
221 34.61538461538461 0.0
222 26.923076923076923 0.0
223 30.76923076923077 0.0
224 30.76923076923077 0.0
225 30.76923076923077 0.0
226 34.61538461538461 0.0
227 26.923076923076923 0.0
228 30.76923076923077 0.0
229 34.61538461538461 0.0
230 38.46153846153846 0.0
231 30.76923076923077 0.0
232 23.076923076923077 0.0
233 26.923076923076923 0.0
234 23.076923076923077 0.0
235 30.76923076923077 0.0
236 23.076923076923077 0.0
237 34.61538461538461 0.0
238 30.76923076923077 0.0
239 30.76923076923077 0.0
240 34.61538461538461 0.0
241 38.46153846153846 0.0
242 30.76923076923077 0.0
243 34.61538461538461 0.0
244 30.76923076923077 0.0
245 34.61538461538461 0.0
246 30.76923076923077 0.0
247 26.923076923076923 0.0
248 26.923076923076923 0.0
249 38.46153846153846 0.0
250 26.923076923076923 0.0
251 26.923076923076923 0.0
252 26.923076923076923 0.0
253 30.76923076923077 0.0
254 34.61538461538461 0.0
255 23.076923076923077 0.0
256 23.076923076923077 0.0
257 34.61538461538461 0.0
258 15.384615384615385 0.0
259 34.61538461538461 0.0
260 15.384615384615385 0.0
261 19.23076923076923 0.0
262 15.384615384615385 0.0
263 23.076923076923077 0.0
264 23.076923076923077 0.0
265 26.923076923076923 0.0
266 23.076923076923077 0.0
267 19.23076923076923 0.0
268 15.384615384615385 0.0
269 15.384615384615385 0.0
270 15.384615384615385 0.0
271 15.384615384615385 0.0
272 15.384615384615385 0.0
273 23.076923076923077 0.0
274 15.384615384615385 0.0
275 19.23076923076923 0.0
276 15.384615384615385 0.0
277 15.384615384615385 0.0
278 15.384615384615385 0.0
279 19.23076923076923 0.0
280 23.076923076923077 0.0
281 15.384615384615385 0.0
282 15.384615384615385 0.0
283 15.384615384615385 0.0
284 15.384615384615385 0.0
285 15.384615384615385 0.0
286 15.384615384615385 0.0
287 23.076923076923077 0.0
288 23.076923076923077 0.0
289 23.076923076923077 0.0
290 19.23076923076923 0.0
291 19.23076923076923 0.0
292 19.23076923076923 0.0
293 23.076923076923077 0.0
294 26.923076923076923 0.0
295 23.076923076923077 0.0
296 26.923076923076923 0.0
297 23.076923076923077 0.0
298 26.923076923076923 0.0
299 30.76923076923077 0.0
300 23.076923076923077 0.0
301 19.23076923076923 0.0
302 26.923076923076923 0.0
303 30.76923076923077 0.0
304 26.923076923076923 0.0
305 30.76923076923077 0.0
306 30.76923076923077 0.0
307 19.23076923076923 0.0
308 15.384615384615385 0.0
309 26.923076923076923 0.0
310 26.923076923076923 0.0
311 23.076923076923077 0.0
312 26.923076923076923 0.0
313 26.923076923076923 0.0
314 30.76923076923077 0.0
315 26.923076923076923 0.0
316 26.923076923076923 0.0
317 34.61538461538461 0.0
318 26.923076923076923 0.0
319 26.923076923076923 0.0
320 23.076923076923077 0.0
321 30.76923076923077 0.0
322 30.76923076923077 0.0
323 30.76923076923077 0.0
324 23.076923076923077 0.0
325 26.923076923076923 0.0
326 30.76923076923077 0.0
327 30.76923076923077 0.0
328 30.76923076923077 0.0
329 34.61538461538461 0.0
330 30.76923076923077 0.0
331 23.076923076923077 0.0
332 30.76923076923077 0.0
333 26.923076923076923 0.0
334 34.61538461538461 0.0
335 34.61538461538461 0.0
336 34.61538461538461 0.0
337 34.61538461538461 0.0
338 34.61538461538461 0.0
339 30.76923076923077 0.0
340 30.76923076923077 0.0
341 26.923076923076923 0.0
342 30.76923076923077 0.0
343 30.76923076923077 0.0
344 26.923076923076923 0.0
345 23.076923076923077 0.0
346 30.76923076923077 0.0
347 34.61538461538461 0.0
348 30.76923076923077 0.0
349 30.76923076923077 0.0
350 26.923076923076923 0.0
351 19.23076923076923 0.0
352 26.923076923076923 0.0
353 23.076923076923077 0.0
354 23.076923076923077 0.0
355 26.923076923076923 0.0
356 26.923076923076923 0.0
357 26.923076923076923 0.0
358 26.923076923076923 0.0
359 19.23076923076923 0.0
360 30.76923076923077 0.0
361 30.76923076923077 0.0
362 30.76923076923077 0.0
363 34.61538461538461 0.0
364 30.76923076923077 0.0
365 26.923076923076923 0.0
366 23.076923076923077 0.0
367 26.923076923076923 0.0
368 26.923076923076923 0.0
369 23.076923076923077 0.0
370 30.76923076923077 0.0
371 26.923076923076923 0.0
372 30.76923076923077 0.0
373 19.23076923076923 0.0
374 26.923076923076923 0.0
375 15.384615384615385 0.0
376 23.076923076923077 0.0
377 23.076923076923077 0.0
378 23.076923076923077 0.0
379 23.076923076923077 0.0
380 26.923076923076923 0.0
381 26.923076923076923 0.0
382 15.384615384615385 0.0
383 19.23076923076923 0.0
384 23.076923076923077 0.0
385 11.538461538461538 0.0
386 23.076923076923077 0.0
387 23.076923076923077 0.0
388 26.923076923076923 0.0
389 23.076923076923077 0.0
390 23.076923076923077 0.0
391 26.923076923076923 0.0
392 23.076923076923077 0.0
393 19.23076923076923 0.0
394 30.76923076923077 0.0
395 23.076923076923077 0.0
396 26.923076923076923 0.0
397 23.076923076923077 0.0
398 15.384615384615385 0.0
399 30.76923076923077 0.0
400 30.76923076923077 0.0
401 30.76923076923077 0.0
402 26.923076923076923 0.0
403 34.61538461538461 0.0
404 23.076923076923077 0.0
405 34.61538461538461 0.0
406 26.923076923076923 0.0
407 23.076923076923077 0.0
408 23.076923076923077 0.0
409 23.076923076923077 0.0
410 19.23076923076923 0.0
411 19.23076923076923 0.0
412 19.23076923076923 0.0
413 23.076923076923077 0.0
414 19.23076923076923 0.0
415 23.076923076923077 0.0
416 23.076923076923077 0.0
417 26.923076923076923 0.0
418 23.076923076923077 0.0
419 26.923076923076923 0.0
420 26.923076923076923 0.0
421 26.923076923076923 0.0
422 23.076923076923077 0.0
423 26.923076923076923 0.0
424 23.076923076923077 0.0
425 23.076923076923077 0.0
426 19.23076923076923 0.0
427 19.23076923076923 0.0
428 23.076923076923077 0.0
429 19.23076923076923 0.0
430 23.076923076923077 0.0
431 19.23076923076923 0.0
432 15.384615384615385 0.0
433 23.076923076923077 0.0
434 23.076923076923077 0.0
435 15.384615384615385 0.0
436 15.384615384615385 0.0
437 15.384615384615385 0.0
438 23.076923076923077 0.0
439 23.076923076923077 0.0
440 19.23076923076923 0.0
441 19.23076923076923 0.0
442 19.23076923076923 0.0
443 19.23076923076923 0.0
444 19.23076923076923 0.0
445 23.076923076923077 0.0
446 23.076923076923077 0.0
447 19.23076923076923 0.0
448 23.076923076923077 0.0
449 23.076923076923077 0.0
450 23.076923076923077 0.0
451 19.23076923076923 0.0
452 15.384615384615385 0.0
453 15.384615384615385 0.0
454 15.384615384615385 0.0
455 15.384615384615385 0.0
456 19.23076923076923 0.0
457 15.384615384615385 0.0
458 19.23076923076923 0.0
459 15.384615384615385 0.0
460 15.384615384615385 0.0
461 19.23076923076923 0.0
462 23.076923076923077 0.0
463 30.76923076923077 0.0
464 19.23076923076923 0.0
465 23.076923076923077 0.0
466 23.076923076923077 0.0
467 15.384615384615385 0.0
468 19.23076923076923 0.0
469 11.538461538461538 0.0
470 26.923076923076923 0.0
471 19.23076923076923 0.0
472 19.23076923076923 0.0
473 15.384615384615385 0.0
474 19.23076923076923 0.0
475 19.23076923076923 0.0
476 23.076923076923077 0.0
477 19.23076923076923 0.0
478 19.23076923076923 0.0
479 15.384615384615385 0.0
480 23.076923076923077 0.0
481 23.076923076923077 0.0
482 23.076923076923077 0.0
483 19.23076923076923 0.0
484 23.076923076923077 0.0
485 19.23076923076923 0.0
486 23.076923076923077 0.0
487 15.384615384615385 0.0
488 19.23076923076923 0.0
489 19.23076923076923 0.0
490 15.384615384615385 0.0
491 15.384615384615385 0.0
492 19.23076923076923 0.0
493 19.23076923076923 0.0
494 19.23076923076923 0.0
495 7.6923076923076925 0.0
496 11.538461538461538 0.0
497 11.538461538461538 0.0
498 15.384615384615385 0.0
499 11.538461538461538 0.0
500 15.384615384615385 0.0
501 19.23076923076923 0.0
502 23.076923076923077 0.0
503 15.384615384615385 0.0
504 19.23076923076923 0.0
505 15.384615384615385 0.0
506 15.384615384615385 0.0
507 11.538461538461538 0.0
508 11.538461538461538 0.0
509 11.538461538461538 0.0
510 15.384615384615385 0.0
511 7.6923076923076925 0.0
512 15.384615384615385 0.0
513 19.23076923076923 0.0
514 11.538461538461538 0.0
515 11.538461538461538 0.0
516 15.384615384615385 0.0
517 23.076923076923077 0.0
518 15.384615384615385 0.0
519 19.23076923076923 0.0
520 19.23076923076923 0.0
521 19.23076923076923 0.0
522 15.384615384615385 0.0
523 30.76923076923077 0.0
524 23.076923076923077 0.0
525 26.923076923076923 0.0
526 26.923076923076923 0.0
527 26.923076923076923 0.0
528 26.923076923076923 0.0
529 23.076923076923077 0.0
530 19.23076923076923 0.0
531 23.076923076923077 0.0
532 34.61538461538461 0.0
533 23.076923076923077 0.0
534 34.61538461538461 0.0
535 23.076923076923077 0.0
536 26.923076923076923 0.0
537 34.61538461538461 0.0
538 26.923076923076923 0.0
539 23.076923076923077 0.0
540 19.23076923076923 0.0
541 23.076923076923077 0.0
542 26.923076923076923 0.0
543 23.076923076923077 0.0
544 26.923076923076923 0.0
545 26.923076923076923 0.0
546 7.6923076923076925 0.0
547 26.923076923076923 0.0
548 26.923076923076923 0.0
549 26.923076923076923 0.0
550 23.076923076923077 0.0
551 11.538461538461538 0.0
552 26.923076923076923 0.0
553 23.076923076923077 0.0
554 23.076923076923077 0.0
555 19.23076923076923 0.0
556 19.23076923076923 0.0
557 26.923076923076923 0.0
558 19.23076923076923 0.0
559 19.23076923076923 0.0
560 23.076923076923077 0.0
561 26.923076923076923 0.0
562 23.076923076923077 0.0
563 26.923076923076923 0.0
564 26.923076923076923 0.0
565 19.23076923076923 0.0
566 26.923076923076923 0.0
567 23.076923076923077 0.0
568 26.923076923076923 0.0
569 26.923076923076923 0.0
570 23.076923076923077 0.0
571 23.076923076923077 0.0
572 34.61538461538461 0.0
573 23.076923076923077 0.0
574 23.076923076923077 0.0
575 23.076923076923077 0.0
576 26.923076923076923 0.0
577 19.23076923076923 0.0
578 19.23076923076923 0.0
579 19.23076923076923 0.0
580 26.923076923076923 0.0
581 26.923076923076923 0.0
582 26.923076923076923 0.0
583 23.076923076923077 0.0
584 30.76923076923077 0.0
585 19.23076923076923 0.0
586 30.76923076923077 0.0
587 34.61538461538461 0.0
588 34.61538461538461 0.0
589 23.076923076923077 0.0
590 23.076923076923077 0.0
591 30.76923076923077 0.0
592 38.46153846153846 0.0
593 38.46153846153846 0.0
594 26.923076923076923 0.0
595 34.61538461538461 0.0
596 23.076923076923077 0.0
597 38.46153846153846 0.0
598 26.923076923076923 0.0
599 23.076923076923077 0.0
600 34.61538461538461 0.0
601 30.76923076923077 0.0
602 30.76923076923077 0.0
603 26.923076923076923 0.0
604 26.923076923076923 0.0
605 38.46153846153846 0.0
606 42.30769230769231 0.0
607 38.46153846153846 0.0
608 30.76923076923077 0.0
609 42.30769230769231 0.0
610 30.76923076923077 0.0
611 26.923076923076923 0.0
612 30.76923076923077 0.0
613 23.076923076923077 0.0
614 15.384615384615385 0.0
615 19.23076923076923 0.0
616 26.923076923076923 0.0
617 30.76923076923077 0.0
618 23.076923076923077 0.0
619 23.076923076923077 0.0
620 34.61538461538461 0.0
621 23.076923076923077 0.0
622 26.923076923076923 0.0
623 30.76923076923077 0.0
624 23.076923076923077 0.0
625 26.923076923076923 0.0
626 15.384615384615385 0.0
627 15.384615384615385 0.0
628 26.923076923076923 0.0
629 23.076923076923077 0.0
630 23.076923076923077 0.0
631 23.076923076923077 0.0
632 19.23076923076923 0.0
633 26.923076923076923 0.0
634 23.076923076923077 0.0
635 19.23076923076923 0.0
636 23.076923076923077 0.0
637 19.23076923076923 0.0
638 15.384615384615385 0.0
639 23.076923076923077 0.0
640 15.384615384615385 0.0
641 19.23076923076923 0.0
642 19.23076923076923 0.0
643 19.23076923076923 0.0
644 19.23076923076923 0.0
645 15.384615384615385 0.0
646 23.076923076923077 0.0
647 19.23076923076923 0.0
648 19.23076923076923 0.0
649 15.384615384615385 0.0
650 15.384615384615385 0.0
651 23.076923076923077 0.0
652 19.23076923076923 0.0
653 19.23076923076923 0.0
654 30.76923076923077 0.0
655 19.23076923076923 0.0
656 23.076923076923077 0.0
657 15.384615384615385 0.0
658 30.76923076923077 0.0
659 30.76923076923077 0.0
660 26.923076923076923 0.0
661 38.46153846153846 0.0
662 15.384615384615385 0.0
663 23.076923076923077 0.0
664 42.30769230769231 0.0
665 26.923076923076923 0.0
666 23.076923076923077 0.0
667 34.61538461538461 0.0
668 19.23076923076923 0.0
669 15.384615384615385 0.0
670 23.076923076923077 0.0
671 15.384615384615385 0.0
672 15.384615384615385 0.0
673 15.384615384615385 0.0
674 23.076923076923077 0.0
675 23.076923076923077 0.0
676 26.923076923076923 0.0
677 23.076923076923077 0.0
678 34.61538461538461 0.0
679 34.61538461538461 0.0
680 42.30769230769231 0.0
681 42.30769230769231 0.0
682 26.923076923076923 0.0
683 42.30769230769231 0.0
684 34.61538461538461 0.0
685 42.30769230769231 0.0
686 30.76923076923077 0.0
687 30.76923076923077 0.0
688 30.76923076923077 0.0
689 34.61538461538461 0.0
690 23.076923076923077 0.0
691 19.23076923076923 0.0
692 30.76923076923077 0.0
693 30.76923076923077 0.0
694 34.61538461538461 0.0
695 30.76923076923077 0.0
696 30.76923076923077 0.0
697 30.76923076923077 0.0
698 26.923076923076923 0.0
699 34.61538461538461 0.0
700 34.61538461538461 0.0
701 34.61538461538461 0.0
702 34.61538461538461 0.0
703 34.61538461538461 0.0
704 34.61538461538461 0.0
705 30.76923076923077 0.0
706 34.61538461538461 0.0
707 23.076923076923077 0.0
708 34.61538461538461 0.0
709 30.76923076923077 0.0
710 34.61538461538461 0.0
711 30.76923076923077 0.0
712 26.923076923076923 0.0
713 30.76923076923077 0.0
714 30.76923076923077 0.0
715 30.76923076923077 0.0
716 34.61538461538461 0.0
717 34.61538461538461 0.0
718 34.61538461538461 0.0
719 26.923076923076923 0.0
720 26.923076923076923 0.0
721 34.61538461538461 0.0
722 26.923076923076923 0.0
723 26.923076923076923 0.0
724 26.923076923076923 0.0
725 23.076923076923077 0.0
726 30.76923076923077 0.0
727 38.46153846153846 0.0
728 38.46153846153846 0.0
729 38.46153846153846 0.0
730 34.61538461538461 0.0
731 34.61538461538461 0.0
732 34.61538461538461 0.0
733 38.46153846153846 0.0
734 34.61538461538461 0.0
735 34.61538461538461 0.0
736 30.76923076923077 0.0
737 26.923076923076923 0.0
738 38.46153846153846 0.0
739 50.0 0.0
740 53.84615384615385 0.0
741 53.84615384615385 0.0
742 50.0 0.0
743 50.0 0.0
744 53.84615384615385 0.0
745 57.69230769230769 0.0
746 53.84615384615385 0.0
747 53.84615384615385 0.0
748 50.0 0.0
749 53.84615384615385 0.0
750 46.15384615384615 0.0
751 46.15384615384615 0.0
752 38.46153846153846 0.0
753 38.46153846153846 0.0
754 38.46153846153846 0.0
755 34.61538461538461 0.0
756 26.923076923076923 0.0
757 34.61538461538461 0.0
758 26.923076923076923 0.0
759 34.61538461538461 0.0
760 34.61538461538461 0.0
761 38.46153846153846 0.0
762 30.76923076923077 0.0
763 38.46153846153846 0.0
764 38.46153846153846 0.0
765 30.76923076923077 0.0
766 46.15384615384615 0.0
767 26.923076923076923 0.0
768 34.61538461538461 0.0
769 38.46153846153846 0.0
770 34.61538461538461 0.0
771 34.61538461538461 0.0
772 30.76923076923077 0.0
773 46.15384615384615 0.0
774 38.46153846153846 0.0
775 30.76923076923077 0.0
776 42.30769230769231 0.0
777 38.46153846153846 0.0
778 46.15384615384615 0.0
779 30.76923076923077 0.0
780 34.61538461538461 0.0
781 30.76923076923077 0.0
782 46.15384615384615 0.0
783 30.76923076923077 0.0
784 26.923076923076923 0.0
785 30.76923076923077 0.0
786 30.76923076923077 0.0
787 26.923076923076923 0.0
788 30.76923076923077 0.0
789 26.923076923076923 0.0
790 23.076923076923077 0.0
791 26.923076923076923 0.0
792 30.76923076923077 0.0
793 26.923076923076923 0.0
794 30.76923076923077 0.0
795 23.076923076923077 0.0
796 26.923076923076923 0.0
797 23.076923076923077 0.0
798 23.076923076923077 0.0
799 19.23076923076923 0.0
800 30.76923076923077 0.0
801 26.923076923076923 0.0
802 26.923076923076923 0.0
803 23.076923076923077 0.0
804 23.076923076923077 0.0
805 30.76923076923077 0.0
806 26.923076923076923 0.0
807 46.15384615384615 0.0
808 34.61538461538461 0.0
809 46.15384615384615 0.0
810 38.46153846153846 0.0
811 46.15384615384615 0.0
812 42.30769230769231 0.0
813 38.46153846153846 0.0
814 38.46153846153846 0.0
815 38.46153846153846 0.0
816 42.30769230769231 0.0
817 30.76923076923077 0.0
818 34.61538461538461 0.0
819 38.46153846153846 0.0
820 38.46153846153846 0.0
821 34.61538461538461 0.0
822 38.46153846153846 0.0
823 38.46153846153846 0.0
824 38.46153846153846 0.0
825 34.61538461538461 0.0
826 42.30769230769231 0.0
827 50.0 0.0
828 46.15384615384615 0.0
829 46.15384615384615 0.0
830 34.61538461538461 0.0
831 46.15384615384615 0.0
832 50.0 0.0
833 42.30769230769231 0.0
834 42.30769230769231 0.0
835 42.30769230769231 0.0
836 50.0 0.0
837 46.15384615384615 0.0
838 42.30769230769231 0.0
839 38.46153846153846 0.0
840 50.0 0.0
841 50.0 0.0
842 46.15384615384615 0.0
843 50.0 0.0
844 42.30769230769231 0.0
845 42.30769230769231 0.0
846 38.46153846153846 0.0
847 50.0 0.0
848 34.61538461538461 0.0
849 42.30769230769231 0.0
850 50.0 0.0
851 57.69230769230769 0.0
852 57.69230769230769 0.0
853 50.0 0.0
854 57.69230769230769 0.0
855 50.0 0.0
856 50.0 0.0
857 57.69230769230769 0.0
858 42.30769230769231 0.0
859 50.0 0.0
860 50.0 0.0
861 50.0 0.0
862 50.0 0.0
863 50.0 0.0
864 57.69230769230769 0.0
865 50.0 0.0
866 50.0 0.0
867 53.84615384615385 0.0
868 46.15384615384615 0.0
869 53.84615384615385 0.0
870 38.46153846153846 0.0
871 57.69230769230769 0.0
872 57.69230769230769 0.0
873 46.15384615384615 0.0
874 42.30769230769231 0.0
875 53.84615384615385 0.0
876 46.15384615384615 0.0
877 38.46153846153846 0.0
878 50.0 0.0
879 46.15384615384615 0.0
880 53.84615384615385 0.0
881 50.0 0.0
882 50.0 0.0
883 53.84615384615385 0.0
884 53.84615384615385 0.0
885 46.15384615384615 0.0
886 53.84615384615385 0.0
887 50.0 0.0
888 42.30769230769231 0.0
889 42.30769230769231 0.0
890 38.46153846153846 0.0
891 42.30769230769231 0.0
892 38.46153846153846 0.0
893 42.30769230769231 0.0
894 42.30769230769231 0.0
895 46.15384615384615 0.0
896 57.69230769230769 0.0
897 42.30769230769231 0.0
898 42.30769230769231 0.0
899 46.15384615384615 0.0
900 38.46153846153846 0.0
901 38.46153846153846 0.0
902 26.923076923076923 0.0
903 46.15384615384615 0.0
904 42.30769230769231 0.0
905 42.30769230769231 0.0
906 50.0 0.0
907 42.30769230769231 0.0
908 42.30769230769231 0.0
909 38.46153846153846 0.0
910 42.30769230769231 0.0
911 38.46153846153846 0.0
912 50.0 0.0
913 46.15384615384615 0.0
914 50.0 0.0
915 38.46153846153846 0.0
916 34.61538461538461 0.0
917 38.46153846153846 0.0
918 34.61538461538461 0.0
919 34.61538461538461 0.0
920 30.76923076923077 0.0
921 34.61538461538461 0.0
922 34.61538461538461 0.0
923 46.15384615384615 0.0
924 42.30769230769231 0.0
925 38.46153846153846 0.0
926 42.30769230769231 0.0
927 42.30769230769231 0.0
928 30.76923076923077 0.0
929 34.61538461538461 0.0
930 46.15384615384615 0.0
931 34.61538461538461 0.0
932 38.46153846153846 0.0
933 34.61538461538461 0.0
934 34.61538461538461 0.0
935 46.15384615384615 0.0
936 42.30769230769231 0.0
937 34.61538461538461 0.0
938 38.46153846153846 0.0
939 42.30769230769231 0.0
940 46.15384615384615 0.0
941 34.61538461538461 0.0
942 38.46153846153846 0.0
943 38.46153846153846 0.0
944 46.15384615384615 0.0
945 42.30769230769231 0.0
946 42.30769230769231 0.0
947 42.30769230769231 0.0
948 42.30769230769231 0.0
949 26.923076923076923 0.0
950 38.46153846153846 0.0
951 30.76923076923077 0.0
952 38.46153846153846 0.0
953 42.30769230769231 0.0
954 38.46153846153846 0.0
955 30.76923076923077 0.0
956 42.30769230769231 0.0
957 38.46153846153846 0.0
958 46.15384615384615 0.0
959 42.30769230769231 0.0
960 42.30769230769231 0.0
961 30.76923076923077 0.0
962 30.76923076923077 0.0
963 38.46153846153846 0.0
964 42.30769230769231 0.0
965 23.076923076923077 0.0
966 26.923076923076923 0.0
967 19.23076923076923 0.0
968 34.61538461538461 0.0
969 38.46153846153846 0.0
970 34.61538461538461 0.0
971 34.61538461538461 0.0
972 34.61538461538461 0.0
973 34.61538461538461 0.0
974 34.61538461538461 0.0
975 38.46153846153846 0.0
976 34.61538461538461 0.0
977 38.46153846153846 0.0
978 34.61538461538461 0.0
979 38.46153846153846 0.0
980 38.46153846153846 0.0
981 38.46153846153846 0.0
982 30.76923076923077 0.0
983 34.61538461538461 0.0
984 42.30769230769231 0.0
985 38.46153846153846 0.0
986 38.46153846153846 0.0
987 34.61538461538461 0.0
988 42.30769230769231 0.0
989 34.61538461538461 0.0
990 34.61538461538461 0.0
991 30.76923076923077 0.0
992 30.76923076923077 0.0
993 34.61538461538461 0.0
994 34.61538461538461 0.0
995 30.76923076923077 0.0
996 34.61538461538461 0.0
997 30.76923076923077 0.0
998 34.61538461538461 0.0
999 38.46153846153846 0.0
