#frame monomers_% popc_isolated_%
0 15.384615384615385 0.0
1 19.23076923076923 0.0
2 19.23076923076923 0.0
3 23.076923076923077 0.0
4 23.076923076923077 0.0
5 15.384615384615385 0.0
6 19.23076923076923 0.0
7 23.076923076923077 0.0
8 23.076923076923077 0.0
9 23.076923076923077 0.0
10 23.076923076923077 0.0
11 23.076923076923077 0.0
12 23.076923076923077 0.0
13 23.076923076923077 0.0
14 19.23076923076923 0.0
15 19.23076923076923 0.0
16 19.23076923076923 0.0
17 19.23076923076923 0.0
18 19.23076923076923 0.0
19 19.23076923076923 0.0
20 19.23076923076923 0.0
21 19.23076923076923 0.0
22 19.23076923076923 0.0
23 19.23076923076923 0.0
24 23.076923076923077 0.0
25 23.076923076923077 0.0
26 19.23076923076923 0.0
27 19.23076923076923 0.0
28 19.23076923076923 0.0
29 19.23076923076923 0.0
30 15.384615384615385 0.0
31 15.384615384615385 0.0
32 19.23076923076923 0.0
33 15.384615384615385 0.0
34 15.384615384615385 0.0
35 19.23076923076923 0.0
36 19.23076923076923 0.0
37 19.23076923076923 0.0
38 19.23076923076923 0.0
39 23.076923076923077 0.0
40 19.23076923076923 0.0
41 23.076923076923077 0.0
42 23.076923076923077 0.0
43 26.923076923076923 0.0
44 15.384615384615385 0.0
45 26.923076923076923 0.0
46 19.23076923076923 0.0
47 15.384615384615385 0.0
48 19.23076923076923 0.0
49 15.384615384615385 0.0
50 19.23076923076923 0.0
51 19.23076923076923 0.0
52 19.23076923076923 0.0
53 19.23076923076923 0.0
54 23.076923076923077 0.0
55 23.076923076923077 0.0
56 15.384615384615385 0.0
57 19.23076923076923 0.0
58 19.23076923076923 0.0
59 19.23076923076923 0.0
60 19.23076923076923 0.0
61 19.23076923076923 0.0
62 15.384615384615385 0.0
63 23.076923076923077 0.0
64 19.23076923076923 0.0
65 19.23076923076923 0.0
66 19.23076923076923 0.0
67 19.23076923076923 0.0
68 19.23076923076923 0.0
69 11.538461538461538 0.0
70 11.538461538461538 0.0
71 11.538461538461538 0.0
72 19.23076923076923 0.0
73 19.23076923076923 0.0
74 19.23076923076923 0.0
75 11.538461538461538 0.0
76 11.538461538461538 0.0
77 19.23076923076923 0.0
78 15.384615384615385 0.0
79 19.23076923076923 0.0
80 19.23076923076923 0.0
81 19.23076923076923 0.0
82 19.23076923076923 0.0
83 15.384615384615385 0.0
84 23.076923076923077 0.0
85 26.923076923076923 0.0
86 23.076923076923077 0.0
87 26.923076923076923 0.0
88 30.76923076923077 0.0
89 26.923076923076923 0.0
90 26.923076923076923 0.0
91 26.923076923076923 0.0
92 23.076923076923077 0.0
93 23.076923076923077 0.0
94 23.076923076923077 0.0
95 19.23076923076923 0.0
96 23.076923076923077 0.0
97 19.23076923076923 0.0
98 23.076923076923077 0.0
99 23.076923076923077 0.0
100 19.23076923076923 0.0
101 19.23076923076923 0.0
102 23.076923076923077 0.0
103 19.23076923076923 0.0
104 23.076923076923077 0.0
105 23.076923076923077 0.0
106 23.076923076923077 0.0
107 19.23076923076923 0.0
108 23.076923076923077 0.0
109 23.076923076923077 0.0
110 23.076923076923077 0.0
111 23.076923076923077 0.0
112 23.076923076923077 0.0
113 30.76923076923077 0.0
114 30.76923076923077 0.0
115 26.923076923076923 0.0
116 26.923076923076923 0.0
117 26.923076923076923 0.0
118 26.923076923076923 0.0
119 23.076923076923077 0.0
120 19.23076923076923 0.0
121 19.23076923076923 0.0
122 19.23076923076923 0.0
123 19.23076923076923 0.0
124 15.384615384615385 0.0
125 23.076923076923077 0.0
126 15.384615384615385 0.0
127 19.23076923076923 0.0
128 15.384615384615385 0.0
129 11.538461538461538 0.0
130 15.384615384615385 0.0
131 11.538461538461538 0.0
132 11.538461538461538 0.0
133 11.538461538461538 0.0
134 15.384615384615385 0.0
135 15.384615384615385 0.0
136 11.538461538461538 0.0
137 15.384615384615385 0.0
138 15.384615384615385 0.0
139 19.23076923076923 0.0
140 15.384615384615385 0.0
141 19.23076923076923 0.0
142 15.384615384615385 0.0
143 19.23076923076923 0.0
144 11.538461538461538 0.0
145 15.384615384615385 0.0
146 15.384615384615385 0.0
147 15.384615384615385 0.0
148 15.384615384615385 0.0
149 26.923076923076923 0.0
150 23.076923076923077 0.0
151 15.384615384615385 0.0
152 19.23076923076923 0.0
153 11.538461538461538 0.0
154 11.538461538461538 0.0
155 19.23076923076923 0.0
156 11.538461538461538 0.0
157 15.384615384615385 0.0
158 15.384615384615385 0.0
159 15.384615384615385 0.0
160 19.23076923076923 0.0
161 19.23076923076923 0.0
162 15.384615384615385 0.0
163 19.23076923076923 0.0
164 19.23076923076923 0.0
165 15.384615384615385 0.0
166 15.384615384615385 0.0
167 23.076923076923077 0.0
168 19.23076923076923 0.0
169 11.538461538461538 0.0
170 11.538461538461538 0.0
171 11.538461538461538 0.0
172 15.384615384615385 0.0
173 15.384615384615385 0.0
174 23.076923076923077 0.0
175 11.538461538461538 0.0
176 23.076923076923077 0.0
177 23.076923076923077 0.0
178 19.23076923076923 0.0
179 19.23076923076923 0.0
180 15.384615384615385 0.0
181 23.076923076923077 0.0
182 11.538461538461538 0.0
183 15.384615384615385 0.0
184 19.23076923076923 0.0
185 23.076923076923077 0.0
186 30.76923076923077 0.0
187 30.76923076923077 0.0
188 15.384615384615385 0.0
189 26.923076923076923 0.0
190 15.384615384615385 0.0
191 30.76923076923077 0.0
192 19.23076923076923 0.0
193 19.23076923076923 0.0
194 19.23076923076923 0.0
195 19.23076923076923 0.0
196 15.384615384615385 0.0
197 26.923076923076923 0.0
198 26.923076923076923 0.0
199 23.076923076923077 0.0
200 19.23076923076923 0.0
201 23.076923076923077 0.0
202 26.923076923076923 0.0
203 30.76923076923077 0.0
204 30.76923076923077 0.0
205 23.076923076923077 0.0
206 30.76923076923077 0.0
207 19.23076923076923 0.0
208 26.923076923076923 0.0
209 19.23076923076923 0.0
210 11.538461538461538 0.0
211 11.538461538461538 0.0
212 15.384615384615385 0.0
213 19.23076923076923 0.0
214 26.923076923076923 0.0
215 19.23076923076923 0.0
216 26.923076923076923 0.0
217 15.384615384615385 0.0
218 19.23076923076923 0.0
219 23.076923076923077 0.0
220 19.23076923076923 0.0
221 19.23076923076923 0.0
222 23.076923076923077 0.0
223 23.076923076923077 0.0
224 19.23076923076923 0.0
225 15.384615384615385 0.0
226 19.23076923076923 0.0
227 15.384615384615385 0.0
228 19.23076923076923 0.0
229 19.23076923076923 0.0
230 23.076923076923077 0.0
231 26.923076923076923 0.0
232 26.923076923076923 0.0
233 26.923076923076923 0.0
234 19.23076923076923 0.0
235 19.23076923076923 0.0
236 15.384615384615385 0.0
237 15.384615384615385 0.0
238 15.384615384615385 0.0
239 15.384615384615385 0.0
240 15.384615384615385 0.0
241 23.076923076923077 0.0
242 26.923076923076923 0.0
243 19.23076923076923 0.0
244 15.384615384615385 0.0
245 19.23076923076923 0.0
246 23.076923076923077 0.0
247 15.384615384615385 0.0
248 19.23076923076923 0.0
249 23.076923076923077 0.0
250 19.23076923076923 0.0
251 19.23076923076923 0.0
252 30.76923076923077 0.0
253 23.076923076923077 0.0
254 23.076923076923077 0.0
255 30.76923076923077 0.0
256 26.923076923076923 0.0
257 19.23076923076923 0.0
258 19.23076923076923 0.0
259 23.076923076923077 0.0
260 30.76923076923077 0.0
261 23.076923076923077 0.0
262 26.923076923076923 0.0
263 23.076923076923077 0.0
264 23.076923076923077 0.0
265 23.076923076923077 0.0
266 30.76923076923077 0.0
267 23.076923076923077 0.0
268 19.23076923076923 0.0
269 15.384615384615385 0.0
270 23.076923076923077 0.0
271 23.076923076923077 0.0
272 23.076923076923077 0.0
273 23.076923076923077 0.0
274 23.076923076923077 0.0
275 26.923076923076923 0.0
276 23.076923076923077 0.0
277 23.076923076923077 0.0
278 23.076923076923077 0.0
279 23.076923076923077 0.0
280 23.076923076923077 0.0
281 26.923076923076923 0.0
282 26.923076923076923 0.0
283 23.076923076923077 0.0
284 19.23076923076923 0.0
285 23.076923076923077 0.0
286 19.23076923076923 0.0
287 19.23076923076923 0.0
288 26.923076923076923 0.0
289 19.23076923076923 0.0
290 23.076923076923077 0.0
291 23.076923076923077 0.0
292 26.923076923076923 0.0
293 23.076923076923077 0.0
294 26.923076923076923 0.0
295 19.23076923076923 0.0
296 34.61538461538461 0.0
297 23.076923076923077 0.0
298 23.076923076923077 0.0
299 26.923076923076923 0.0
300 26.923076923076923 0.0
301 19.23076923076923 0.0
302 34.61538461538461 0.0
303 26.923076923076923 0.0
304 30.76923076923077 0.0
305 19.23076923076923 0.0
306 19.23076923076923 0.0
307 15.384615384615385 0.0
308 19.23076923076923 0.0
309 30.76923076923077 0.0
310 26.923076923076923 0.0
311 26.923076923076923 0.0
312 26.923076923076923 0.0
313 23.076923076923077 0.0
314 23.076923076923077 0.0
315 19.23076923076923 0.0
316 30.76923076923077 0.0
317 30.76923076923077 0.0
318 26.923076923076923 0.0
319 19.23076923076923 0.0
320 26.923076923076923 0.0
321 30.76923076923077 0.0
322 34.61538461538461 0.0
323 30.76923076923077 0.0
324 26.923076923076923 0.0
325 34.61538461538461 0.0
326 34.61538461538461 0.0
327 30.76923076923077 0.0
328 23.076923076923077 0.0
329 30.76923076923077 0.0
330 26.923076923076923 0.0
331 26.923076923076923 0.0
332 34.61538461538461 0.0
333 38.46153846153846 0.0
334 26.923076923076923 0.0
335 30.76923076923077 0.0
336 30.76923076923077 0.0
337 30.76923076923077 0.0
338 34.61538461538461 0.0
339 30.76923076923077 0.0
340 34.61538461538461 0.0
341 34.61538461538461 0.0
342 30.76923076923077 0.0
343 26.923076923076923 0.0
344 42.30769230769231 0.0
345 34.61538461538461 0.0
346 34.61538461538461 0.0
347 34.61538461538461 0.0
348 34.61538461538461 0.0
349 30.76923076923077 0.0
350 30.76923076923077 0.0
351 30.76923076923077 0.0
352 30.76923076923077 0.0
353 30.76923076923077 0.0
354 23.076923076923077 0.0
355 19.23076923076923 0.0
356 30.76923076923077 0.0
357 23.076923076923077 0.0
358 19.23076923076923 0.0
359 26.923076923076923 0.0
360 30.76923076923077 0.0
361 26.923076923076923 0.0
362 23.076923076923077 0.0
363 34.61538461538461 0.0
364 23.076923076923077 0.0
365 19.23076923076923 0.0
366 26.923076923076923 0.0
367 30.76923076923077 0.0
368 23.076923076923077 0.0
369 23.076923076923077 0.0
370 23.076923076923077 0.0
371 26.923076923076923 0.0
372 23.076923076923077 0.0
373 30.76923076923077 0.0
374 26.923076923076923 0.0
375 23.076923076923077 0.0
376 26.923076923076923 0.0
377 26.923076923076923 0.0
378 26.923076923076923 0.0
379 26.923076923076923 0.0
380 26.923076923076923 0.0
381 26.923076923076923 0.0
382 30.76923076923077 0.0
383 26.923076923076923 0.0
384 19.23076923076923 0.0
385 23.076923076923077 0.0
386 19.23076923076923 0.0
387 23.076923076923077 0.0
388 30.76923076923077 0.0
389 19.23076923076923 0.0
390 19.23076923076923 0.0
391 15.384615384615385 0.0
392 15.384615384615385 0.0
393 15.384615384615385 0.0
394 7.6923076923076925 0.0
395 15.384615384615385 0.0
396 15.384615384615385 0.0
397 15.384615384615385 0.0
398 23.076923076923077 0.0
399 23.076923076923077 0.0
400 7.6923076923076925 0.0
401 15.384615384615385 0.0
402 15.384615384615385 0.0
403 23.076923076923077 0.0
404 19.23076923076923 0.0
405 15.384615384615385 0.0
406 15.384615384615385 0.0
407 19.23076923076923 0.0
408 15.384615384615385 0.0
409 23.076923076923077 0.0
410 23.076923076923077 0.0
411 11.538461538461538 0.0
412 15.384615384615385 0.0
413 23.076923076923077 0.0
414 23.076923076923077 0.0
415 26.923076923076923 0.0
416 26.923076923076923 0.0
417 23.076923076923077 0.0
418 30.76923076923077 0.0
419 34.61538461538461 0.0
420 30.76923076923077 0.0
421 26.923076923076923 0.0
422 26.923076923076923 0.0
423 23.076923076923077 0.0
424 26.923076923076923 0.0
425 26.923076923076923 0.0
426 26.923076923076923 0.0
427 34.61538461538461 0.0
428 34.61538461538461 0.0
429 34.61538461538461 0.0
430 26.923076923076923 0.0
431 34.61538461538461 0.0
432 34.61538461538461 0.0
433 26.923076923076923 0.0
434 30.76923076923077 0.0
435 26.923076923076923 0.0
436 26.923076923076923 0.0
437 23.076923076923077 0.0
438 23.076923076923077 0.0
439 30.76923076923077 0.0
440 30.76923076923077 0.0
441 26.923076923076923 0.0
442 30.76923076923077 0.0
443 30.76923076923077 0.0
444 15.384615384615385 0.0
445 26.923076923076923 0.0
446 30.76923076923077 0.0
447 23.076923076923077 0.0
448 23.076923076923077 0.0
449 19.23076923076923 0.0
450 30.76923076923077 0.0
451 26.923076923076923 0.0
452 26.923076923076923 0.0
453 26.923076923076923 0.0
454 26.923076923076923 0.0
455 19.23076923076923 0.0
456 26.923076923076923 0.0
457 15.384615384615385 0.0
458 15.384615384615385 0.0
459 11.538461538461538 0.0
460 23.076923076923077 0.0
461 23.076923076923077 0.0
462 30.76923076923077 0.0
463 15.384615384615385 0.0
464 30.76923076923077 0.0
465 26.923076923076923 0.0
466 26.923076923076923 0.0
467 15.384615384615385 0.0
468 23.076923076923077 0.0
469 19.23076923076923 0.0
470 11.538461538461538 0.0
471 30.76923076923077 0.0
472 26.923076923076923 0.0
473 26.923076923076923 0.0
474 26.923076923076923 0.0
475 23.076923076923077 0.0
476 19.23076923076923 0.0
477 19.23076923076923 0.0
478 23.076923076923077 0.0
479 23.076923076923077 0.0
480 23.076923076923077 0.0
481 23.076923076923077 0.0
482 23.076923076923077 0.0
483 19.23076923076923 0.0
484 23.076923076923077 0.0
485 23.076923076923077 0.0
486 26.923076923076923 0.0
487 23.076923076923077 0.0
488 23.076923076923077 0.0
489 23.076923076923077 0.0
490 15.384615384615385 0.0
491 23.076923076923077 0.0
492 26.923076923076923 0.0
493 23.076923076923077 0.0
494 26.923076923076923 0.0
495 23.076923076923077 0.0
496 34.61538461538461 0.0
497 23.076923076923077 0.0
498 26.923076923076923 0.0
499 23.076923076923077 0.0
500 23.076923076923077 0.0
501 34.61538461538461 0.0
502 30.76923076923077 0.0
503 26.923076923076923 0.0
504 26.923076923076923 0.0
505 30.76923076923077 0.0
506 34.61538461538461 0.0
507 30.76923076923077 0.0
508 30.76923076923077 0.0
509 30.76923076923077 0.0
510 38.46153846153846 0.0
511 23.076923076923077 0.0
512 34.61538461538461 0.0
513 38.46153846153846 0.0
514 34.61538461538461 0.0
515 38.46153846153846 0.0
516 38.46153846153846 0.0
517 30.76923076923077 0.0
518 30.76923076923077 0.0
519 23.076923076923077 0.0
520 26.923076923076923 0.0
521 23.076923076923077 0.0
522 26.923076923076923 0.0
523 30.76923076923077 0.0
524 34.61538461538461 0.0
525 26.923076923076923 0.0
526 23.076923076923077 0.0
527 26.923076923076923 0.0
528 26.923076923076923 0.0
529 34.61538461538461 0.0
530 30.76923076923077 0.0
531 30.76923076923077 0.0
532 30.76923076923077 0.0
533 26.923076923076923 0.0
534 30.76923076923077 0.0
535 30.76923076923077 0.0
536 34.61538461538461 0.0
537 26.923076923076923 0.0
538 26.923076923076923 0.0
539 38.46153846153846 0.0
540 30.76923076923077 0.0
541 26.923076923076923 0.0
542 26.923076923076923 0.0
543 26.923076923076923 0.0
544 26.923076923076923 0.0
545 30.76923076923077 0.0
546 26.923076923076923 0.0
547 26.923076923076923 0.0
548 26.923076923076923 0.0
549 15.384615384615385 0.0
550 15.384615384615385 0.0
551 23.076923076923077 0.0
552 23.076923076923077 0.0
553 26.923076923076923 0.0
554 26.923076923076923 0.0
555 23.076923076923077 0.0
556 23.076923076923077 0.0
557 23.076923076923077 0.0
558 23.076923076923077 0.0
559 23.076923076923077 0.0
560 23.076923076923077 0.0
561 26.923076923076923 0.0
562 30.76923076923077 0.0
563 23.076923076923077 0.0
564 19.23076923076923 0.0
565 30.76923076923077 0.0
566 26.923076923076923 0.0
567 23.076923076923077 0.0
568 23.076923076923077 0.0
569 30.76923076923077 0.0
570 19.23076923076923 0.0
571 26.923076923076923 0.0
572 26.923076923076923 0.0
573 26.923076923076923 0.0
574 34.61538461538461 0.0
575 26.923076923076923 0.0
576 26.923076923076923 0.0
577 15.384615384615385 0.0
578 26.923076923076923 0.0
579 26.923076923076923 0.0
580 23.076923076923077 0.0
581 30.76923076923077 0.0
582 30.76923076923077 0.0
583 30.76923076923077 0.0
584 19.23076923076923 0.0
585 19.23076923076923 0.0
586 19.23076923076923 0.0
587 23.076923076923077 0.0
588 19.23076923076923 0.0
589 30.76923076923077 0.0
590 23.076923076923077 0.0
591 19.23076923076923 0.0
592 26.923076923076923 0.0
593 26.923076923076923 0.0
594 26.923076923076923 0.0
595 26.923076923076923 0.0
596 38.46153846153846 0.0
597 38.46153846153846 0.0
598 34.61538461538461 0.0
599 34.61538461538461 0.0
600 26.923076923076923 0.0
601 38.46153846153846 0.0
602 30.76923076923077 0.0
603 26.923076923076923 0.0
604 30.76923076923077 0.0
605 26.923076923076923 0.0
606 30.76923076923077 0.0
607 30.76923076923077 0.0
608 30.76923076923077 0.0
609 23.076923076923077 0.0
610 26.923076923076923 0.0
611 23.076923076923077 0.0
612 30.76923076923077 0.0
613 34.61538461538461 0.0
614 23.076923076923077 0.0
615 23.076923076923077 0.0
616 26.923076923076923 0.0
617 26.923076923076923 0.0
618 30.76923076923077 0.0
619 26.923076923076923 0.0
620 34.61538461538461 0.0
621 38.46153846153846 0.0
622 34.61538461538461 0.0
623 30.76923076923077 0.0
624 30.76923076923077 0.0
625 34.61538461538461 0.0
626 30.76923076923077 0.0
627 38.46153846153846 0.0
628 34.61538461538461 0.0
629 30.76923076923077 0.0
630 23.076923076923077 0.0
631 34.61538461538461 0.0
632 30.76923076923077 0.0
633 26.923076923076923 0.0
634 19.23076923076923 0.0
635 19.23076923076923 0.0
636 23.076923076923077 0.0
637 19.23076923076923 0.0
638 19.23076923076923 0.0
639 19.23076923076923 0.0
640 19.23076923076923 0.0
641 19.23076923076923 0.0
642 23.076923076923077 0.0
643 19.23076923076923 0.0
644 23.076923076923077 0.0
645 23.076923076923077 0.0
646 19.23076923076923 0.0
647 15.384615384615385 0.0
648 26.923076923076923 0.0
649 26.923076923076923 0.0
650 26.923076923076923 0.0
651 23.076923076923077 0.0
652 26.923076923076923 0.0
653 23.076923076923077 0.0
654 23.076923076923077 0.0
655 30.76923076923077 0.0
656 23.076923076923077 0.0
657 19.23076923076923 0.0
658 23.076923076923077 0.0
659 38.46153846153846 0.0
660 38.46153846153846 0.0
661 30.76923076923077 0.0
662 30.76923076923077 0.0
663 30.76923076923077 0.0
664 30.76923076923077 0.0
665 26.923076923076923 0.0
666 30.76923076923077 0.0
667 34.61538461538461 0.0
668 38.46153846153846 0.0
669 26.923076923076923 0.0
670 26.923076923076923 0.0
671 38.46153846153846 0.0
672 38.46153846153846 0.0
673 23.076923076923077 0.0
674 30.76923076923077 0.0
675 38.46153846153846 0.0
676 26.923076923076923 0.0
677 38.46153846153846 0.0
678 26.923076923076923 0.0
679 30.76923076923077 0.0
680 30.76923076923077 0.0
681 26.923076923076923 0.0
682 30.76923076923077 0.0
683 23.076923076923077 0.0
684 26.923076923076923 0.0
685 26.923076923076923 0.0
686 26.923076923076923 0.0
687 38.46153846153846 0.0
688 34.61538461538461 0.0
689 30.76923076923077 0.0
690 34.61538461538461 0.0
691 26.923076923076923 0.0
692 34.61538461538461 0.0
693 26.923076923076923 0.0
694 34.61538461538461 0.0
695 30.76923076923077 0.0
696 30.76923076923077 0.0
697 26.923076923076923 0.0
698 30.76923076923077 0.0
699 30.76923076923077 0.0
700 30.76923076923077 0.0
701 34.61538461538461 0.0
702 30.76923076923077 0.0
703 34.61538461538461 0.0
704 23.076923076923077 0.0
705 30.76923076923077 0.0
706 30.76923076923077 0.0
707 26.923076923076923 0.0
708 34.61538461538461 0.0
709 34.61538461538461 0.0
710 26.923076923076923 0.0
711 26.923076923076923 0.0
712 30.76923076923077 0.0
713 34.61538461538461 0.0
714 30.76923076923077 0.0
715 30.76923076923077 0.0
716 30.76923076923077 0.0
717 34.61538461538461 0.0
718 30.76923076923077 0.0
719 30.76923076923077 0.0
720 34.61538461538461 0.0
721 34.61538461538461 0.0
722 26.923076923076923 0.0
723 26.923076923076923 0.0
724 30.76923076923077 0.0
725 30.76923076923077 0.0
726 26.923076923076923 0.0
727 30.76923076923077 0.0
728 30.76923076923077 0.0
729 30.76923076923077 0.0
730 30.76923076923077 0.0
731 34.61538461538461 0.0
732 30.76923076923077 0.0
733 34.61538461538461 0.0
734 26.923076923076923 0.0
735 30.76923076923077 0.0
736 23.076923076923077 0.0
737 26.923076923076923 0.0
738 23.076923076923077 0.0
739 23.076923076923077 0.0
740 26.923076923076923 0.0
741 23.076923076923077 0.0
742 26.923076923076923 0.0
743 34.61538461538461 0.0
744 34.61538461538461 0.0
745 34.61538461538461 0.0
746 30.76923076923077 0.0
747 30.76923076923077 0.0
748 34.61538461538461 0.0
749 38.46153846153846 0.0
750 38.46153846153846 0.0
751 34.61538461538461 0.0
752 34.61538461538461 0.0
753 34.61538461538461 0.0
754 34.61538461538461 0.0
755 30.76923076923077 0.0
756 34.61538461538461 0.0
757 30.76923076923077 0.0
758 34.61538461538461 0.0
759 34.61538461538461 0.0
760 34.61538461538461 0.0
761 34.61538461538461 0.0
762 34.61538461538461 0.0
763 30.76923076923077 0.0
764 34.61538461538461 0.0
765 30.76923076923077 0.0
766 26.923076923076923 0.0
767 26.923076923076923 0.0
768 30.76923076923077 0.0
769 30.76923076923077 0.0
770 30.76923076923077 0.0
771 26.923076923076923 0.0
772 30.76923076923077 0.0
773 30.76923076923077 0.0
774 34.61538461538461 0.0
775 30.76923076923077 0.0
776 34.61538461538461 0.0
777 34.61538461538461 0.0
778 34.61538461538461 0.0
779 26.923076923076923 0.0
780 30.76923076923077 0.0
781 30.76923076923077 0.0
782 26.923076923076923 0.0
783 30.76923076923077 0.0
784 30.76923076923077 0.0
785 30.76923076923077 0.0
786 30.76923076923077 0.0
787 30.76923076923077 0.0
788 26.923076923076923 0.0
789 26.923076923076923 0.0
790 30.76923076923077 0.0
791 30.76923076923077 0.0
792 26.923076923076923 0.0
793 26.923076923076923 0.0
794 30.76923076923077 0.0
795 26.923076923076923 0.0
796 26.923076923076923 0.0
797 26.923076923076923 0.0
798 26.923076923076923 0.0
799 30.76923076923077 0.0
800 30.76923076923077 0.0
801 26.923076923076923 0.0
802 30.76923076923077 0.0
803 30.76923076923077 0.0
804 26.923076923076923 0.0
805 26.923076923076923 0.0
806 34.61538461538461 0.0
807 34.61538461538461 0.0
808 34.61538461538461 0.0
809 26.923076923076923 0.0
810 34.61538461538461 0.0
811 34.61538461538461 0.0
812 26.923076923076923 0.0
813 34.61538461538461 0.0
814 34.61538461538461 0.0
815 34.61538461538461 0.0
816 26.923076923076923 0.0
817 26.923076923076923 0.0
818 30.76923076923077 0.0
819 30.76923076923077 0.0
820 23.076923076923077 0.0
821 30.76923076923077 0.0
822 23.076923076923077 0.0
823 26.923076923076923 0.0
824 26.923076923076923 0.0
825 26.923076923076923 0.0
826 23.076923076923077 0.0
827 23.076923076923077 0.0
828 30.76923076923077 0.0
829 23.076923076923077 0.0
830 26.923076923076923 0.0
831 26.923076923076923 0.0
832 26.923076923076923 0.0
833 26.923076923076923 0.0
834 30.76923076923077 0.0
835 30.76923076923077 0.0
836 23.076923076923077 0.0
837 30.76923076923077 0.0
838 34.61538461538461 0.0
839 34.61538461538461 0.0
840 23.076923076923077 0.0
841 26.923076923076923 0.0
842 30.76923076923077 0.0
843 30.76923076923077 0.0
844 30.76923076923077 0.0
845 30.76923076923077 0.0
846 26.923076923076923 0.0
847 26.923076923076923 0.0
848 34.61538461538461 0.0
849 26.923076923076923 0.0
850 26.923076923076923 0.0
851 34.61538461538461 0.0
852 30.76923076923077 0.0
853 26.923076923076923 0.0
854 30.76923076923077 0.0
855 30.76923076923077 0.0
856 26.923076923076923 0.0
857 30.76923076923077 0.0
858 23.076923076923077 0.0
859 26.923076923076923 0.0
860 30.76923076923077 0.0
861 30.76923076923077 0.0
862 26.923076923076923 0.0
863 26.923076923076923 0.0
864 26.923076923076923 0.0
865 38.46153846153846 0.0
866 34.61538461538461 0.0
867 30.76923076923077 0.0
868 34.61538461538461 0.0
869 30.76923076923077 0.0
870 42.30769230769231 0.0
871 34.61538461538461 0.0
872 30.76923076923077 0.0
873 34.61538461538461 0.0
874 30.76923076923077 0.0
875 34.61538461538461 0.0
876 38.46153846153846 0.0
877 38.46153846153846 0.0
878 38.46153846153846 0.0
879 34.61538461538461 0.0
880 38.46153846153846 0.0
881 34.61538461538461 0.0
882 38.46153846153846 0.0
883 34.61538461538461 0.0
884 38.46153846153846 0.0
885 38.46153846153846 0.0
886 30.76923076923077 0.0
887 34.61538461538461 0.0
888 42.30769230769231 0.0
889 38.46153846153846 0.0
890 38.46153846153846 0.0
891 38.46153846153846 0.0
892 30.76923076923077 0.0
893 26.923076923076923 0.0
894 34.61538461538461 0.0
895 26.923076923076923 0.0
896 26.923076923076923 0.0
897 26.923076923076923 0.0
898 26.923076923076923 0.0
899 34.61538461538461 0.0
900 30.76923076923077 0.0
901 26.923076923076923 0.0
902 26.923076923076923 0.0
903 30.76923076923077 0.0
904 46.15384615384615 0.0
905 34.61538461538461 0.0
906 38.46153846153846 0.0
907 34.61538461538461 0.0
908 46.15384615384615 0.0
909 38.46153846153846 0.0
910 38.46153846153846 0.0
911 38.46153846153846 0.0
912 42.30769230769231 0.0
913 34.61538461538461 0.0
914 46.15384615384615 0.0
915 46.15384615384615 0.0
916 42.30769230769231 0.0
917 38.46153846153846 0.0
918 46.15384615384615 0.0
919 46.15384615384615 0.0
920 42.30769230769231 0.0
921 46.15384615384615 0.0
922 42.30769230769231 0.0
923 42.30769230769231 0.0
924 42.30769230769231 0.0
925 42.30769230769231 0.0
926 38.46153846153846 0.0
927 42.30769230769231 0.0
928 38.46153846153846 0.0
929 38.46153846153846 0.0
930 34.61538461538461 0.0
931 46.15384615384615 0.0
932 34.61538461538461 0.0
933 38.46153846153846 0.0
934 34.61538461538461 0.0
935 30.76923076923077 0.0
936 42.30769230769231 0.0
937 30.76923076923077 0.0
938 38.46153846153846 0.0
939 38.46153846153846 0.0
940 38.46153846153846 0.0
941 42.30769230769231 0.0
942 34.61538461538461 0.0
943 34.61538461538461 0.0
944 30.76923076923077 0.0
945 38.46153846153846 0.0
946 38.46153846153846 0.0
947 34.61538461538461 0.0
948 34.61538461538461 0.0
949 38.46153846153846 0.0
950 34.61538461538461 0.0
951 42.30769230769231 0.0
952 30.76923076923077 0.0
953 19.23076923076923 0.0
954 34.61538461538461 0.0
955 30.76923076923077 0.0
956 30.76923076923077 0.0
957 23.076923076923077 0.0
958 30.76923076923077 0.0
959 30.76923076923077 0.0
960 30.76923076923077 0.0
961 34.61538461538461 0.0
962 34.61538461538461 0.0
963 42.30769230769231 0.0
964 34.61538461538461 0.0
965 30.76923076923077 0.0
966 42.30769230769231 0.0
967 34.61538461538461 0.0
968 34.61538461538461 0.0
969 38.46153846153846 0.0
970 30.76923076923077 0.0
971 34.61538461538461 0.0
972 42.30769230769231 0.0
973 30.76923076923077 0.0
974 30.76923076923077 0.0
975 38.46153846153846 0.0
976 42.30769230769231 0.0
977 30.76923076923077 0.0
978 34.61538461538461 0.0
979 30.76923076923077 0.0
980 30.76923076923077 0.0
981 34.61538461538461 0.0
982 34.61538461538461 0.0
983 34.61538461538461 0.0
984 42.30769230769231 0.0
985 30.76923076923077 0.0
986 23.076923076923077 0.0
987 30.76923076923077 0.0
988 30.76923076923077 0.0
989 30.76923076923077 0.0
990 34.61538461538461 0.0
991 30.76923076923077 0.0
992 34.61538461538461 0.0
993 30.76923076923077 0.0
994 26.923076923076923 0.0
995 26.923076923076923 0.0
996 34.61538461538461 0.0
997 42.30769230769231 0.0
998 38.46153846153846 0.0
999 30.76923076923077 0.0
