#frame monomers_% popc_isolated_%
0 38.46153846153846 0.0
1 42.30769230769231 0.0
2 42.30769230769231 0.0
3 34.61538461538461 1.5625
4 34.61538461538461 1.5625
5 30.76923076923077 1.5625
6 30.76923076923077 0.0
7 38.46153846153846 0.0
8 30.76923076923077 0.0
9 42.30769230769231 0.0
10 34.61538461538461 0.0
11 42.30769230769231 0.0
12 46.15384615384615 1.5625
13 34.61538461538461 0.0
14 30.76923076923077 0.0
15 42.30769230769231 1.5625
16 42.30769230769231 0.0
17 42.30769230769231 0.0
18 42.30769230769231 1.5625
19 26.923076923076923 0.0
20 23.076923076923077 3.125
21 30.76923076923077 0.0
22 38.46153846153846 1.5625
23 34.61538461538461 3.125
24 38.46153846153846 1.5625
25 30.76923076923077 1.5625
26 23.076923076923077 1.5625
27 30.76923076923077 1.5625
28 30.76923076923077 0.0
29 26.923076923076923 0.0
30 30.76923076923077 1.5625
31 34.61538461538461 1.5625
32 30.76923076923077 0.0
33 42.30769230769231 1.5625
34 34.61538461538461 1.5625
35 38.46153846153846 1.5625
36 26.923076923076923 1.5625
37 23.076923076923077 0.0
38 38.46153846153846 0.0
39 30.76923076923077 0.0
40 15.384615384615385 1.5625
41 26.923076923076923 0.0
42 23.076923076923077 0.0
43 23.076923076923077 0.0
44 30.76923076923077 0.0
45 26.923076923076923 0.0
46 34.61538461538461 0.0
47 34.61538461538461 0.0
48 34.61538461538461 0.0
49 34.61538461538461 1.5625
50 30.76923076923077 0.0
51 42.30769230769231 1.5625
52 23.076923076923077 0.0
53 34.61538461538461 0.0
54 30.76923076923077 1.5625
55 34.61538461538461 1.5625
56 53.84615384615385 3.125
57 34.61538461538461 0.0
58 26.923076923076923 1.5625
59 34.61538461538461 3.125
60 34.61538461538461 3.125
61 38.46153846153846 3.125
62 30.76923076923077 3.125
63 26.923076923076923 0.0
64 30.76923076923077 0.0
65 42.30769230769231 0.0
66 34.61538461538461 0.0
67 34.61538461538461 1.5625
68 26.923076923076923 1.5625
69 30.76923076923077 1.5625
70 30.76923076923077 3.125
71 38.46153846153846 1.5625
72 26.923076923076923 1.5625
73 26.923076923076923 3.125
74 23.076923076923077 3.125
75 42.30769230769231 4.6875
76 23.076923076923077 1.5625
77 30.76923076923077 3.125
78 34.61538461538461 1.5625
79 30.76923076923077 1.5625
80 23.076923076923077 0.0
81 30.76923076923077 0.0
82 30.76923076923077 0.0
83 26.923076923076923 0.0
84 19.23076923076923 0.0
85 34.61538461538461 0.0
86 23.076923076923077 0.0
87 34.61538461538461 1.5625
88 34.61538461538461 1.5625
89 30.76923076923077 3.125
90 38.46153846153846 1.5625
91 50.0 4.6875
92 38.46153846153846 3.125
93 34.61538461538461 3.125
94 38.46153846153846 1.5625
95 26.923076923076923 4.6875
96 30.76923076923077 1.5625
97 34.61538461538461 3.125
98 34.61538461538461 3.125
99 38.46153846153846 1.5625
100 38.46153846153846 1.5625
101 30.76923076923077 3.125
102 26.923076923076923 1.5625
103 26.923076923076923 1.5625
104 34.61538461538461 1.5625
105 46.15384615384615 0.0
106 38.46153846153846 0.0
107 34.61538461538461 0.0
108 42.30769230769231 1.5625
109 30.76923076923077 3.125
110 42.30769230769231 0.0
111 34.61538461538461 3.125
112 34.61538461538461 3.125
113 38.46153846153846 1.5625
114 26.923076923076923 1.5625
115 30.76923076923077 0.0
116 30.76923076923077 1.5625
117 34.61538461538461 1.5625
118 38.46153846153846 1.5625
119 46.15384615384615 1.5625
120 38.46153846153846 3.125
121 46.15384615384615 4.6875
122 42.30769230769231 4.6875
123 38.46153846153846 3.125
124 38.46153846153846 3.125
125 38.46153846153846 3.125
126 34.61538461538461 3.125
127 42.30769230769231 1.5625
128 30.76923076923077 1.5625
129 26.923076923076923 3.125
130 34.61538461538461 0.0
131 46.15384615384615 3.125
132 42.30769230769231 1.5625
133 38.46153846153846 3.125
134 30.76923076923077 1.5625
135 42.30769230769231 0.0
136 38.46153846153846 0.0
137 38.46153846153846 1.5625
138 30.76923076923077 0.0
139 42.30769230769231 3.125
140 61.53846153846154 1.5625
141 50.0 1.5625
142 57.69230769230769 0.0
143 57.69230769230769 0.0
144 46.15384615384615 0.0
145 57.69230769230769 1.5625
146 50.0 1.5625
147 46.15384615384615 1.5625
148 42.30769230769231 1.5625
149 50.0 0.0
150 46.15384615384615 1.5625
151 46.15384615384615 1.5625
152 50.0 1.5625
153 38.46153846153846 1.5625
154 46.15384615384615 1.5625
155 50.0 3.125
156 50.0 1.5625
157 42.30769230769231 1.5625
158 42.30769230769231 1.5625
159 30.76923076923077 1.5625
160 46.15384615384615 1.5625
161 53.84615384615385 1.5625
162 50.0 0.0
163 34.61538461538461 0.0
164 42.30769230769231 1.5625
165 34.61538461538461 1.5625
166 50.0 1.5625
167 50.0 1.5625
168 50.0 1.5625
169 46.15384615384615 1.5625
170 42.30769230769231 0.0
171 42.30769230769231 0.0
172 34.61538461538461 0.0
173 26.923076923076923 0.0
174 30.76923076923077 0.0
175 46.15384615384615 0.0
176 46.15384615384615 0.0
177 38.46153846153846 0.0
178 42.30769230769231 0.0
179 50.0 0.0
180 30.76923076923077 0.0
181 46.15384615384615 0.0
182 50.0 1.5625
183 38.46153846153846 1.5625
184 19.23076923076923 0.0
185 42.30769230769231 1.5625
186 34.61538461538461 1.5625
187 34.61538461538461 1.5625
188 30.76923076923077 0.0
189 30.76923076923077 0.0
190 30.76923076923077 0.0
191 30.76923076923077 0.0
192 30.76923076923077 0.0
193 26.923076923076923 1.5625
194 23.076923076923077 1.5625
195 23.076923076923077 0.0
196 26.923076923076923 0.0
197 34.61538461538461 0.0
198 19.23076923076923 1.5625
199 38.46153846153846 1.5625
200 34.61538461538461 0.0
201 30.76923076923077 0.0
202 30.76923076923077 0.0
203 23.076923076923077 0.0
204 19.23076923076923 0.0
205 30.76923076923077 0.0
206 23.076923076923077 0.0
207 30.76923076923077 0.0
208 30.76923076923077 0.0
209 30.76923076923077 0.0
210 42.30769230769231 0.0
211 38.46153846153846 0.0
212 34.61538461538461 0.0
213 30.76923076923077 0.0
214 30.76923076923077 0.0
215 42.30769230769231 0.0
216 30.76923076923077 0.0
217 23.076923076923077 1.5625
218 23.076923076923077 0.0
219 26.923076923076923 0.0
220 30.76923076923077 0.0
221 26.923076923076923 0.0
222 30.76923076923077 0.0
223 26.923076923076923 0.0
224 34.61538461538461 0.0
225 30.76923076923077 0.0
226 34.61538461538461 0.0
227 30.76923076923077 0.0
228 34.61538461538461 0.0
229 30.76923076923077 0.0
230 26.923076923076923 0.0
231 26.923076923076923 0.0
232 30.76923076923077 1.5625
233 30.76923076923077 1.5625
234 42.30769230769231 0.0
235 34.61538461538461 0.0
236 42.30769230769231 0.0
237 42.30769230769231 0.0
238 38.46153846153846 0.0
239 46.15384615384615 0.0
240 38.46153846153846 0.0
241 38.46153846153846 0.0
242 42.30769230769231 0.0
243 38.46153846153846 0.0
244 26.923076923076923 0.0
245 38.46153846153846 0.0
246 38.46153846153846 1.5625
247 38.46153846153846 0.0
248 30.76923076923077 0.0
249 30.76923076923077 0.0
250 38.46153846153846 0.0
251 26.923076923076923 0.0
252 30.76923076923077 0.0
253 42.30769230769231 0.0
254 26.923076923076923 0.0
255 53.84615384615385 0.0
256 50.0 1.5625
257 34.61538461538461 3.125
258 26.923076923076923 1.5625
259 38.46153846153846 0.0
260 50.0 0.0
261 38.46153846153846 0.0
262 26.923076923076923 0.0
263 30.76923076923077 0.0
264 34.61538461538461 0.0
265 53.84615384615385 0.0
266 46.15384615384615 0.0
267 26.923076923076923 0.0
268 26.923076923076923 1.5625
269 23.076923076923077 1.5625
270 19.23076923076923 0.0
271 30.76923076923077 0.0
272 34.61538461538461 0.0
273 30.76923076923077 0.0
274 38.46153846153846 0.0
275 34.61538461538461 0.0
276 26.923076923076923 0.0
277 30.76923076923077 0.0
278 19.23076923076923 0.0
279 23.076923076923077 0.0
280 23.076923076923077 0.0
281 26.923076923076923 0.0
282 23.076923076923077 0.0
283 34.61538461538461 0.0
284 19.23076923076923 0.0
285 30.76923076923077 0.0
286 23.076923076923077 0.0
287 19.23076923076923 0.0
288 26.923076923076923 0.0
289 30.76923076923077 0.0
290 30.76923076923077 0.0
291 38.46153846153846 0.0
292 30.76923076923077 0.0
293 38.46153846153846 0.0
294 34.61538461538461 0.0
295 30.76923076923077 0.0
296 30.76923076923077 0.0
297 34.61538461538461 0.0
298 26.923076923076923 0.0
299 26.923076923076923 0.0
300 26.923076923076923 0.0
301 34.61538461538461 0.0
302 30.76923076923077 0.0
303 34.61538461538461 0.0
304 30.76923076923077 0.0
305 34.61538461538461 0.0
306 26.923076923076923 0.0
307 30.76923076923077 0.0
308 30.76923076923077 0.0
309 46.15384615384615 0.0
310 46.15384615384615 0.0
311 34.61538461538461 0.0
312 34.61538461538461 0.0
313 46.15384615384615 0.0
314 34.61538461538461 0.0
315 34.61538461538461 0.0
316 42.30769230769231 0.0
317 53.84615384615385 0.0
318 42.30769230769231 0.0
319 42.30769230769231 0.0
320 42.30769230769231 0.0
321 42.30769230769231 0.0
322 46.15384615384615 0.0
323 42.30769230769231 1.5625
324 53.84615384615385 1.5625
325 38.46153846153846 0.0
326 34.61538461538461 0.0
327 38.46153846153846 0.0
328 42.30769230769231 1.5625
329 34.61538461538461 1.5625
330 38.46153846153846 1.5625
331 53.84615384615385 1.5625
332 50.0 3.125
333 53.84615384615385 3.125
334 46.15384615384615 1.5625
335 30.76923076923077 0.0
336 53.84615384615385 1.5625
337 42.30769230769231 1.5625
338 34.61538461538461 1.5625
339 23.076923076923077 1.5625
340 34.61538461538461 0.0
341 42.30769230769231 3.125
342 46.15384615384615 0.0
343 34.61538461538461 0.0
344 30.76923076923077 0.0
345 38.46153846153846 3.125
346 30.76923076923077 0.0
347 50.0 0.0
348 42.30769230769231 0.0
349 42.30769230769231 0.0
350 57.69230769230769 0.0
351 46.15384615384615 1.5625
352 57.69230769230769 0.0
353 50.0 0.0
354 61.53846153846154 1.5625
355 53.84615384615385 0.0
356 42.30769230769231 1.5625
357 34.61538461538461 3.125
358 26.923076923076923 1.5625
359 46.15384615384615 1.5625
360 50.0 0.0
361 34.61538461538461 0.0
362 38.46153846153846 1.5625
363 38.46153846153846 1.5625
364 38.46153846153846 0.0
365 34.61538461538461 0.0
366 38.46153846153846 0.0
367 26.923076923076923 1.5625
368 42.30769230769231 1.5625
369 42.30769230769231 0.0
370 30.76923076923077 0.0
371 50.0 0.0
372 57.69230769230769 0.0
373 50.0 1.5625
374 42.30769230769231 3.125
375 61.53846153846154 1.5625
376 46.15384615384615 1.5625
377 42.30769230769231 1.5625
378 46.15384615384615 1.5625
379 50.0 1.5625
380 46.15384615384615 1.5625
381 38.46153846153846 1.5625
382 38.46153846153846 1.5625
383 46.15384615384615 6.25
384 42.30769230769231 4.6875
385 38.46153846153846 4.6875
386 26.923076923076923 1.5625
387 38.46153846153846 1.5625
388 50.0 0.0
389 23.076923076923077 1.5625
390 30.76923076923077 1.5625
391 42.30769230769231 0.0
392 46.15384615384615 0.0
393 34.61538461538461 3.125
394 30.76923076923077 1.5625
395 30.76923076923077 0.0
396 30.76923076923077 0.0
397 26.923076923076923 0.0
398 26.923076923076923 1.5625
399 38.46153846153846 0.0
400 23.076923076923077 1.5625
401 34.61538461538461 1.5625
402 30.76923076923077 0.0
403 34.61538461538461 1.5625
404 15.384615384615385 1.5625
405 42.30769230769231 1.5625
406 34.61538461538461 0.0
407 30.76923076923077 1.5625
408 42.30769230769231 0.0
409 42.30769230769231 1.5625
410 30.76923076923077 0.0
411 38.46153846153846 1.5625
412 38.46153846153846 1.5625
413 30.76923076923077 0.0
414 19.23076923076923 1.5625
415 42.30769230769231 0.0
416 30.76923076923077 0.0
417 34.61538461538461 1.5625
418 30.76923076923077 1.5625
419 30.76923076923077 1.5625
420 30.76923076923077 0.0
421 23.076923076923077 0.0
422 34.61538461538461 0.0
423 46.15384615384615 1.5625
424 38.46153846153846 1.5625
425 38.46153846153846 0.0
426 38.46153846153846 0.0
427 42.30769230769231 1.5625
428 38.46153846153846 1.5625
429 38.46153846153846 1.5625
430 38.46153846153846 1.5625
431 30.76923076923077 1.5625
432 26.923076923076923 0.0
433 30.76923076923077 0.0
434 30.76923076923077 0.0
435 42.30769230769231 0.0
436 26.923076923076923 1.5625
437 34.61538461538461 0.0
438 42.30769230769231 0.0
439 34.61538461538461 0.0
440 34.61538461538461 0.0
441 34.61538461538461 0.0
442 34.61538461538461 0.0
443 26.923076923076923 0.0
444 23.076923076923077 0.0
445 26.923076923076923 0.0
446 30.76923076923077 0.0
447 23.076923076923077 0.0
448 23.076923076923077 1.5625
449 30.76923076923077 1.5625
450 30.76923076923077 0.0
451 26.923076923076923 0.0
452 30.76923076923077 0.0
453 26.923076923076923 0.0
454 26.923076923076923 1.5625
455 34.61538461538461 1.5625
456 26.923076923076923 0.0
457 23.076923076923077 3.125
458 26.923076923076923 0.0
459 15.384615384615385 0.0
460 19.23076923076923 1.5625
461 26.923076923076923 0.0
462 26.923076923076923 0.0
463 23.076923076923077 0.0
464 23.076923076923077 0.0
465 23.076923076923077 0.0
466 42.30769230769231 0.0
467 30.76923076923077 0.0
468 34.61538461538461 0.0
469 30.76923076923077 1.5625
470 19.23076923076923 1.5625
471 23.076923076923077 0.0
472 30.76923076923077 0.0
473 38.46153846153846 1.5625
474 19.23076923076923 3.125
475 30.76923076923077 0.0
476 26.923076923076923 0.0
477 30.76923076923077 0.0
478 34.61538461538461 0.0
479 38.46153846153846 0.0
480 30.76923076923077 0.0
481 30.76923076923077 1.5625
482 19.23076923076923 0.0
483 26.923076923076923 0.0
484 38.46153846153846 0.0
485 34.61538461538461 0.0
486 34.61538461538461 0.0
487 42.30769230769231 0.0
488 38.46153846153846 0.0
489 34.61538461538461 0.0
490 30.76923076923077 0.0
491 26.923076923076923 0.0
492 15.384615384615385 0.0
493 19.23076923076923 0.0
494 30.76923076923077 0.0
495 23.076923076923077 0.0
496 23.076923076923077 0.0
497 23.076923076923077 0.0
498 23.076923076923077 0.0
499 23.076923076923077 0.0
500 15.384615384615385 0.0
501 23.076923076923077 0.0
502 38.46153846153846 0.0
503 30.76923076923077 0.0
504 19.23076923076923 0.0
505 23.076923076923077 0.0
506 19.23076923076923 0.0
507 23.076923076923077 0.0
508 23.076923076923077 0.0
509 23.076923076923077 0.0
510 19.23076923076923 0.0
511 23.076923076923077 0.0
512 19.23076923076923 0.0
513 30.76923076923077 0.0
514 19.23076923076923 0.0
515 30.76923076923077 0.0
516 34.61538461538461 0.0
517 19.23076923076923 0.0
518 26.923076923076923 0.0
519 26.923076923076923 0.0
520 26.923076923076923 0.0
521 23.076923076923077 0.0
522 26.923076923076923 0.0
523 26.923076923076923 0.0
524 30.76923076923077 0.0
525 26.923076923076923 0.0
526 19.23076923076923 0.0
527 23.076923076923077 0.0
528 23.076923076923077 0.0
529 34.61538461538461 0.0
530 34.61538461538461 0.0
531 19.23076923076923 0.0
532 26.923076923076923 0.0
533 23.076923076923077 0.0
534 26.923076923076923 0.0
535 26.923076923076923 0.0
536 19.23076923076923 0.0
537 23.076923076923077 0.0
538 26.923076923076923 0.0
539 34.61538461538461 0.0
540 34.61538461538461 0.0
541 30.76923076923077 0.0
542 23.076923076923077 0.0
543 30.76923076923077 0.0
544 19.23076923076923 0.0
545 19.23076923076923 0.0
546 23.076923076923077 0.0
547 26.923076923076923 0.0
548 34.61538461538461 0.0
549 34.61538461538461 0.0
550 34.61538461538461 0.0
551 34.61538461538461 0.0
552 34.61538461538461 0.0
553 34.61538461538461 0.0
554 46.15384615384615 0.0
555 38.46153846153846 0.0
556 38.46153846153846 0.0
557 46.15384615384615 0.0
558 38.46153846153846 0.0
559 46.15384615384615 0.0
560 38.46153846153846 0.0
561 46.15384615384615 0.0
562 26.923076923076923 0.0
563 30.76923076923077 0.0
564 38.46153846153846 0.0
565 30.76923076923077 0.0
566 26.923076923076923 0.0
567 38.46153846153846 0.0
568 30.76923076923077 0.0
569 30.76923076923077 0.0
570 30.76923076923077 0.0
571 26.923076923076923 0.0
572 46.15384615384615 0.0
573 26.923076923076923 0.0
574 30.76923076923077 0.0
575 34.61538461538461 0.0
576 42.30769230769231 0.0
577 42.30769230769231 0.0
578 34.61538461538461 0.0
579 26.923076923076923 0.0
580 38.46153846153846 0.0
581 30.76923076923077 0.0
582 34.61538461538461 0.0
583 38.46153846153846 0.0
584 46.15384615384615 0.0
585 38.46153846153846 0.0
586 34.61538461538461 0.0
587 38.46153846153846 0.0
588 34.61538461538461 0.0
589 34.61538461538461 0.0
590 34.61538461538461 0.0
591 34.61538461538461 0.0
592 26.923076923076923 0.0
593 30.76923076923077 0.0
594 26.923076923076923 0.0
595 23.076923076923077 0.0
596 34.61538461538461 0.0
597 26.923076923076923 0.0
598 26.923076923076923 0.0
599 26.923076923076923 0.0
600 26.923076923076923 0.0
601 26.923076923076923 0.0
602 26.923076923076923 0.0
603 23.076923076923077 0.0
604 34.61538461538461 0.0
605 34.61538461538461 0.0
606 34.61538461538461 0.0
607 30.76923076923077 0.0
608 30.76923076923077 0.0
609 26.923076923076923 0.0
610 34.61538461538461 0.0
611 30.76923076923077 0.0
612 30.76923076923077 0.0
613 34.61538461538461 0.0
614 30.76923076923077 0.0
615 38.46153846153846 0.0
616 30.76923076923077 0.0
617 42.30769230769231 0.0
618 42.30769230769231 0.0
619 30.76923076923077 0.0
620 34.61538461538461 0.0
621 42.30769230769231 0.0
622 26.923076923076923 0.0
623 38.46153846153846 0.0
624 42.30769230769231 0.0
625 34.61538461538461 0.0
626 42.30769230769231 0.0
627 38.46153846153846 0.0
628 38.46153846153846 0.0
629 30.76923076923077 0.0
630 30.76923076923077 0.0
631 42.30769230769231 0.0
632 30.76923076923077 0.0
633 50.0 0.0
634 38.46153846153846 0.0
635 38.46153846153846 0.0
636 34.61538461538461 0.0
637 38.46153846153846 0.0
638 42.30769230769231 0.0
639 42.30769230769231 0.0
640 42.30769230769231 0.0
641 50.0 0.0
642 50.0 0.0
643 42.30769230769231 0.0
644 38.46153846153846 0.0
645 46.15384615384615 0.0
646 53.84615384615385 0.0
647 38.46153846153846 0.0
648 42.30769230769231 0.0
649 42.30769230769231 1.5625
650 46.15384615384615 1.5625
651 38.46153846153846 0.0
652 38.46153846153846 0.0
653 42.30769230769231 0.0
654 42.30769230769231 0.0
655 38.46153846153846 0.0
656 34.61538461538461 0.0
657 30.76923076923077 0.0
658 30.76923076923077 0.0
659 38.46153846153846 0.0
660 34.61538461538461 0.0
661 30.76923076923077 0.0
662 30.76923076923077 0.0
663 26.923076923076923 0.0
664 42.30769230769231 0.0
665 38.46153846153846 0.0
666 38.46153846153846 0.0
667 42.30769230769231 0.0
668 23.076923076923077 0.0
669 42.30769230769231 0.0
670 53.84615384615385 0.0
671 38.46153846153846 0.0
672 38.46153846153846 0.0
673 38.46153846153846 0.0
674 38.46153846153846 0.0
675 38.46153846153846 0.0
676 38.46153846153846 0.0
677 34.61538461538461 0.0
678 38.46153846153846 0.0
679 38.46153846153846 0.0
680 38.46153846153846 0.0
681 34.61538461538461 0.0
682 34.61538461538461 0.0
683 30.76923076923077 0.0
684 38.46153846153846 0.0
685 34.61538461538461 0.0
686 34.61538461538461 0.0
687 30.76923076923077 0.0
688 34.61538461538461 0.0
689 30.76923076923077 0.0
690 30.76923076923077 0.0
691 30.76923076923077 0.0
692 34.61538461538461 0.0
693 38.46153846153846 0.0
694 34.61538461538461 0.0
695 30.76923076923077 0.0
696 23.076923076923077 0.0
697 19.23076923076923 0.0
698 23.076923076923077 0.0
699 26.923076923076923 0.0
700 15.384615384615385 0.0
701 23.076923076923077 0.0
702 34.61538461538461 0.0
703 30.76923076923077 0.0
704 38.46153846153846 0.0
705 34.61538461538461 0.0
706 38.46153846153846 0.0
707 30.76923076923077 0.0
708 23.076923076923077 0.0
709 38.46153846153846 0.0
710 30.76923076923077 0.0
711 34.61538461538461 0.0
712 30.76923076923077 0.0
713 34.61538461538461 0.0
714 30.76923076923077 0.0
715 19.23076923076923 0.0
716 30.76923076923077 0.0
717 30.76923076923077 0.0
718 23.076923076923077 0.0
719 19.23076923076923 0.0
720 26.923076923076923 0.0
721 26.923076923076923 0.0
722 26.923076923076923 0.0
723 26.923076923076923 0.0
724 26.923076923076923 0.0
725 23.076923076923077 0.0
726 23.076923076923077 0.0
727 23.076923076923077 0.0
728 15.384615384615385 0.0
729 30.76923076923077 0.0
730 23.076923076923077 0.0
731 23.076923076923077 0.0
732 23.076923076923077 0.0
733 30.76923076923077 0.0
734 26.923076923076923 0.0
735 30.76923076923077 0.0
736 19.23076923076923 0.0
737 19.23076923076923 0.0
738 19.23076923076923 0.0
739 23.076923076923077 0.0
740 30.76923076923077 0.0
741 34.61538461538461 0.0
742 26.923076923076923 0.0
743 23.076923076923077 0.0
744 26.923076923076923 0.0
745 23.076923076923077 0.0
746 42.30769230769231 0.0
747 23.076923076923077 0.0
748 34.61538461538461 0.0
749 19.23076923076923 0.0
750 23.076923076923077 0.0
751 30.76923076923077 0.0
752 26.923076923076923 0.0
753 26.923076923076923 0.0
754 26.923076923076923 0.0
755 30.76923076923077 0.0
756 26.923076923076923 0.0
757 26.923076923076923 0.0
758 30.76923076923077 0.0
759 34.61538461538461 0.0
760 19.23076923076923 0.0
761 30.76923076923077 0.0
762 30.76923076923077 0.0
763 30.76923076923077 0.0
764 26.923076923076923 0.0
765 26.923076923076923 0.0
766 26.923076923076923 0.0
767 30.76923076923077 0.0
768 26.923076923076923 0.0
769 19.23076923076923 0.0
770 30.76923076923077 0.0
771 30.76923076923077 0.0
772 26.923076923076923 0.0
773 23.076923076923077 0.0
774 34.61538461538461 0.0
775 30.76923076923077 0.0
776 34.61538461538461 0.0
777 19.23076923076923 0.0
778 34.61538461538461 0.0
779 30.76923076923077 0.0
780 34.61538461538461 0.0
781 30.76923076923077 0.0
782 34.61538461538461 0.0
783 23.076923076923077 0.0
784 30.76923076923077 0.0
785 30.76923076923077 0.0
786 30.76923076923077 0.0
787 30.76923076923077 0.0
788 26.923076923076923 0.0
789 30.76923076923077 0.0
790 30.76923076923077 0.0
791 30.76923076923077 0.0
792 30.76923076923077 0.0
793 26.923076923076923 0.0
794 30.76923076923077 0.0
795 30.76923076923077 0.0
796 30.76923076923077 0.0
797 30.76923076923077 0.0
798 30.76923076923077 0.0
799 26.923076923076923 0.0
800 30.76923076923077 0.0
801 30.76923076923077 0.0
802 30.76923076923077 0.0
803 23.076923076923077 0.0
804 30.76923076923077 0.0
805 26.923076923076923 0.0
806 26.923076923076923 0.0
807 30.76923076923077 0.0
808 34.61538461538461 0.0
809 26.923076923076923 0.0
810 26.923076923076923 0.0
811 26.923076923076923 0.0
812 26.923076923076923 0.0
813 26.923076923076923 0.0
814 34.61538461538461 0.0
815 26.923076923076923 0.0
816 26.923076923076923 0.0
817 26.923076923076923 0.0
818 26.923076923076923 0.0
819 26.923076923076923 0.0
820 30.76923076923077 0.0
821 30.76923076923077 0.0
822 26.923076923076923 0.0
823 26.923076923076923 0.0
824 30.76923076923077 0.0
825 30.76923076923077 0.0
826 26.923076923076923 0.0
827 30.76923076923077 0.0
828 34.61538461538461 0.0
829 30.76923076923077 0.0
830 30.76923076923077 0.0
831 30.76923076923077 0.0
832 30.76923076923077 0.0
833 26.923076923076923 0.0
834 34.61538461538461 0.0
835 38.46153846153846 0.0
836 30.76923076923077 0.0
837 30.76923076923077 0.0
838 34.61538461538461 0.0
839 34.61538461538461 0.0
840 34.61538461538461 0.0
841 26.923076923076923 0.0
842 26.923076923076923 0.0
843 30.76923076923077 0.0
844 30.76923076923077 0.0
845 34.61538461538461 0.0
846 30.76923076923077 0.0
847 34.61538461538461 0.0
848 34.61538461538461 0.0
849 34.61538461538461 0.0
850 30.76923076923077 0.0
851 30.76923076923077 0.0
852 30.76923076923077 0.0
853 38.46153846153846 0.0
854 34.61538461538461 0.0
855 38.46153846153846 0.0
856 38.46153846153846 0.0
857 38.46153846153846 0.0
858 34.61538461538461 0.0
859 38.46153846153846 0.0
860 38.46153846153846 0.0
861 38.46153846153846 0.0
862 38.46153846153846 0.0
863 38.46153846153846 0.0
864 34.61538461538461 0.0
865 34.61538461538461 0.0
866 38.46153846153846 0.0
867 34.61538461538461 0.0
868 34.61538461538461 0.0
869 38.46153846153846 0.0
870 34.61538461538461 0.0
871 34.61538461538461 0.0
872 34.61538461538461 0.0
873 34.61538461538461 0.0
874 34.61538461538461 0.0
875 34.61538461538461 0.0
876 34.61538461538461 0.0
877 30.76923076923077 0.0
878 34.61538461538461 0.0
879 34.61538461538461 0.0
880 26.923076923076923 0.0
881 26.923076923076923 0.0
882 34.61538461538461 0.0
883 34.61538461538461 0.0
884 34.61538461538461 0.0
885 34.61538461538461 0.0
886 26.923076923076923 0.0
887 34.61538461538461 0.0
888 34.61538461538461 0.0
889 30.76923076923077 0.0
890 34.61538461538461 0.0
891 34.61538461538461 0.0
892 34.61538461538461 0.0
893 23.076923076923077 0.0
894 30.76923076923077 0.0
895 19.23076923076923 0.0
896 26.923076923076923 0.0
897 30.76923076923077 0.0
898 26.923076923076923 0.0
899 26.923076923076923 0.0
900 19.23076923076923 0.0
901 15.384615384615385 0.0
902 23.076923076923077 0.0
903 23.076923076923077 0.0
904 23.076923076923077 0.0
905 23.076923076923077 0.0
906 23.076923076923077 0.0
907 23.076923076923077 0.0
908 15.384615384615385 0.0
909 15.384615384615385 0.0
910 23.076923076923077 0.0
911 30.76923076923077 0.0
912 30.76923076923077 0.0
913 30.76923076923077 0.0
914 30.76923076923077 0.0
915 23.076923076923077 0.0
916 38.46153846153846 0.0
917 30.76923076923077 0.0
918 30.76923076923077 0.0
919 34.61538461538461 0.0
920 30.76923076923077 0.0
921 26.923076923076923 0.0
922 34.61538461538461 0.0
923 30.76923076923077 0.0
924 34.61538461538461 0.0
925 30.76923076923077 0.0
926 34.61538461538461 0.0
927 30.76923076923077 0.0
928 30.76923076923077 0.0
929 26.923076923076923 0.0
930 30.76923076923077 0.0
931 30.76923076923077 0.0
932 26.923076923076923 0.0
933 30.76923076923077 0.0
934 26.923076923076923 0.0
935 30.76923076923077 0.0
936 26.923076923076923 0.0
937 38.46153846153846 0.0
938 38.46153846153846 0.0
939 34.61538461538461 0.0
940 42.30769230769231 0.0
941 34.61538461538461 0.0
942 38.46153846153846 0.0
943 34.61538461538461 0.0
944 34.61538461538461 0.0
945 26.923076923076923 0.0
946 34.61538461538461 0.0
947 42.30769230769231 0.0
948 38.46153846153846 0.0
949 38.46153846153846 0.0
950 34.61538461538461 0.0
951 34.61538461538461 0.0
952 38.46153846153846 0.0
953 42.30769230769231 0.0
954 38.46153846153846 0.0
955 42.30769230769231 0.0
956 42.30769230769231 0.0
957 34.61538461538461 0.0
958 38.46153846153846 0.0
959 46.15384615384615 0.0
960 42.30769230769231 0.0
961 46.15384615384615 0.0
962 42.30769230769231 0.0
963 42.30769230769231 0.0
964 42.30769230769231 0.0
965 38.46153846153846 0.0
966 42.30769230769231 0.0
967 42.30769230769231 0.0
968 42.30769230769231 0.0
969 42.30769230769231 0.0
970 42.30769230769231 0.0
971 42.30769230769231 0.0
972 38.46153846153846 0.0
973 34.61538461538461 0.0
974 34.61538461538461 0.0
975 38.46153846153846 0.0
976 38.46153846153846 0.0
977 38.46153846153846 0.0
978 30.76923076923077 0.0
979 38.46153846153846 0.0
980 46.15384615384615 0.0
981 38.46153846153846 0.0
982 42.30769230769231 0.0
983 46.15384615384615 0.0
984 53.84615384615385 0.0
985 53.84615384615385 0.0
986 46.15384615384615 0.0
987 53.84615384615385 0.0
988 53.84615384615385 0.0
989 42.30769230769231 0.0
990 38.46153846153846 0.0
991 46.15384615384615 0.0
992 50.0 0.0
993 42.30769230769231 0.0
994 53.84615384615385 0.0
995 50.0 0.0
996 50.0 0.0
997 46.15384615384615 0.0
998 42.30769230769231 0.0
999 42.30769230769231 0.0
