#frame monomers_% popc_isolated_%
0 38.46153846153846 0.0
1 42.30769230769231 0.0
2 38.46153846153846 0.0
3 46.15384615384615 1.5625
4 50.0 1.5625
5 42.30769230769231 0.0
6 50.0 1.5625
7 50.0 1.5625
8 42.30769230769231 3.125
9 50.0 1.5625
10 46.15384615384615 1.5625
11 30.76923076923077 1.5625
12 42.30769230769231 0.0
13 50.0 1.5625
14 42.30769230769231 1.5625
15 38.46153846153846 1.5625
16 57.69230769230769 1.5625
17 50.0 1.5625
18 42.30769230769231 1.5625
19 34.61538461538461 1.5625
20 30.76923076923077 0.0
21 42.30769230769231 0.0
22 38.46153846153846 0.0
23 46.15384615384615 0.0
24 38.46153846153846 1.5625
25 34.61538461538461 1.5625
26 38.46153846153846 3.125
27 38.46153846153846 4.6875
28 57.69230769230769 0.0
29 34.61538461538461 4.6875
30 38.46153846153846 4.6875
31 38.46153846153846 3.125
32 50.0 3.125
33 46.15384615384615 1.5625
34 46.15384615384615 1.5625
35 46.15384615384615 1.5625
36 57.69230769230769 1.5625
37 34.61538461538461 1.5625
38 42.30769230769231 1.5625
39 57.69230769230769 0.0
40 50.0 0.0
41 46.15384615384615 0.0
42 53.84615384615385 0.0
43 53.84615384615385 0.0
44 53.84615384615385 0.0
45 57.69230769230769 0.0
46 50.0 0.0
47 61.53846153846154 0.0
48 50.0 0.0
49 50.0 0.0
50 53.84615384615385 0.0
51 53.84615384615385 1.5625
52 38.46153846153846 0.0
53 53.84615384615385 1.5625
54 46.15384615384615 1.5625
55 42.30769230769231 0.0
56 61.53846153846154 1.5625
57 42.30769230769231 1.5625
58 34.61538461538461 1.5625
59 34.61538461538461 0.0
60 46.15384615384615 0.0
61 34.61538461538461 0.0
62 50.0 0.0
63 38.46153846153846 0.0
64 50.0 0.0
65 53.84615384615385 0.0
66 46.15384615384615 0.0
67 50.0 0.0
68 50.0 1.5625
69 57.69230769230769 0.0
70 57.69230769230769 1.5625
71 46.15384615384615 1.5625
72 46.15384615384615 1.5625
73 46.15384615384615 0.0
74 53.84615384615385 0.0
75 46.15384615384615 0.0
76 42.30769230769231 0.0
77 53.84615384615385 0.0
78 50.0 1.5625
79 42.30769230769231 0.0
80 46.15384615384615 0.0
81 50.0 0.0
82 53.84615384615385 1.5625
83 53.84615384615385 1.5625
84 53.84615384615385 0.0
85 50.0 0.0
86 50.0 1.5625
87 46.15384615384615 1.5625
88 53.84615384615385 1.5625
89 53.84615384615385 0.0
90 38.46153846153846 1.5625
91 46.15384615384615 0.0
92 53.84615384615385 0.0
93 42.30769230769231 0.0
94 42.30769230769231 0.0
95 46.15384615384615 0.0
96 42.30769230769231 1.5625
97 46.15384615384615 1.5625
98 46.15384615384615 1.5625
99 50.0 0.0
100 50.0 1.5625
101 50.0 0.0
102 50.0 1.5625
103 53.84615384615385 0.0
104 53.84615384615385 0.0
105 53.84615384615385 1.5625
106 53.84615384615385 1.5625
107 50.0 1.5625
108 57.69230769230769 1.5625
109 57.69230769230769 1.5625
110 46.15384615384615 1.5625
111 46.15384615384615 1.5625
112 46.15384615384615 0.0
113 53.84615384615385 0.0
114 50.0 0.0
115 53.84615384615385 1.5625
116 50.0 0.0
117 50.0 0.0
118 53.84615384615385 1.5625
119 46.15384615384615 1.5625
120 57.69230769230769 0.0
121 50.0 1.5625
122 50.0 1.5625
123 46.15384615384615 1.5625
124 50.0 0.0
125 61.53846153846154 1.5625
126 61.53846153846154 0.0
127 57.69230769230769 0.0
128 57.69230769230769 1.5625
129 53.84615384615385 0.0
130 50.0 0.0
131 46.15384615384615 1.5625
132 50.0 1.5625
133 53.84615384615385 0.0
134 50.0 0.0
135 42.30769230769231 0.0
136 57.69230769230769 0.0
137 53.84615384615385 0.0
138 42.30769230769231 0.0
139 61.53846153846154 0.0
140 46.15384615384615 1.5625
141 34.61538461538461 1.5625
142 61.53846153846154 0.0
143 50.0 1.5625
144 46.15384615384615 0.0
145 53.84615384615385 1.5625
146 50.0 0.0
147 57.69230769230769 0.0
148 46.15384615384615 1.5625
149 46.15384615384615 1.5625
150 46.15384615384615 0.0
151 65.38461538461539 0.0
152 50.0 0.0
153 57.69230769230769 0.0
154 42.30769230769231 0.0
155 42.30769230769231 0.0
156 42.30769230769231 0.0
157 42.30769230769231 0.0
158 38.46153846153846 0.0
159 46.15384615384615 0.0
160 42.30769230769231 0.0
161 53.84615384615385 0.0
162 50.0 0.0
163 50.0 0.0
164 50.0 0.0
165 50.0 1.5625
166 50.0 1.5625
167 42.30769230769231 1.5625
168 46.15384615384615 1.5625
169 50.0 1.5625
170 53.84615384615385 0.0
171 53.84615384615385 0.0
172 50.0 1.5625
173 50.0 0.0
174 46.15384615384615 1.5625
175 42.30769230769231 1.5625
176 50.0 1.5625
177 50.0 0.0
178 38.46153846153846 0.0
179 50.0 0.0
180 53.84615384615385 0.0
181 34.61538461538461 0.0
182 46.15384615384615 1.5625
183 42.30769230769231 0.0
184 34.61538461538461 0.0
185 30.76923076923077 0.0
186 34.61538461538461 1.5625
187 34.61538461538461 0.0
188 34.61538461538461 0.0
189 30.76923076923077 0.0
190 26.923076923076923 1.5625
191 30.76923076923077 0.0
192 30.76923076923077 0.0
193 30.76923076923077 0.0
194 30.76923076923077 0.0
195 50.0 1.5625
196 42.30769230769231 1.5625
197 46.15384615384615 0.0
198 46.15384615384615 1.5625
199 30.76923076923077 0.0
200 38.46153846153846 1.5625
201 53.84615384615385 3.125
202 53.84615384615385 3.125
203 53.84615384615385 1.5625
204 50.0 1.5625
205 46.15384615384615 0.0
206 57.69230769230769 0.0
207 53.84615384615385 0.0
208 38.46153846153846 0.0
209 53.84615384615385 0.0
210 42.30769230769231 1.5625
211 61.53846153846154 0.0
212 50.0 1.5625
213 42.30769230769231 3.125
214 50.0 0.0
215 50.0 1.5625
216 50.0 1.5625
217 42.30769230769231 0.0
218 50.0 1.5625
219 42.30769230769231 1.5625
220 50.0 3.125
221 42.30769230769231 0.0
222 46.15384615384615 1.5625
223 50.0 1.5625
224 53.84615384615385 1.5625
225 30.76923076923077 0.0
226 38.46153846153846 0.0
227 38.46153846153846 1.5625
228 38.46153846153846 0.0
229 30.76923076923077 0.0
230 46.15384615384615 0.0
231 46.15384615384615 0.0
232 38.46153846153846 1.5625
233 38.46153846153846 0.0
234 30.76923076923077 0.0
235 34.61538461538461 1.5625
236 38.46153846153846 1.5625
237 30.76923076923077 1.5625
238 46.15384615384615 0.0
239 38.46153846153846 1.5625
240 38.46153846153846 1.5625
241 34.61538461538461 1.5625
242 30.76923076923077 1.5625
243 42.30769230769231 1.5625
244 57.69230769230769 1.5625
245 34.61538461538461 1.5625
246 26.923076923076923 1.5625
247 38.46153846153846 1.5625
248 34.61538461538461 1.5625
249 38.46153846153846 3.125
250 46.15384615384615 0.0
251 38.46153846153846 0.0
252 53.84615384615385 1.5625
253 50.0 0.0
254 53.84615384615385 0.0
255 42.30769230769231 0.0
256 38.46153846153846 0.0
257 26.923076923076923 0.0
258 46.15384615384615 0.0
259 46.15384615384615 0.0
260 42.30769230769231 0.0
261 38.46153846153846 0.0
262 38.46153846153846 1.5625
263 46.15384615384615 1.5625
264 30.76923076923077 1.5625
265 42.30769230769231 0.0
266 34.61538461538461 1.5625
267 42.30769230769231 1.5625
268 46.15384615384615 0.0
269 30.76923076923077 1.5625
270 50.0 1.5625
271 34.61538461538461 1.5625
272 42.30769230769231 3.125
273 46.15384615384615 1.5625
274 42.30769230769231 3.125
275 50.0 3.125
276 38.46153846153846 3.125
277 42.30769230769231 3.125
278 50.0 3.125
279 46.15384615384615 3.125
280 42.30769230769231 3.125
281 42.30769230769231 3.125
282 57.69230769230769 3.125
283 42.30769230769231 3.125
284 34.61538461538461 4.6875
285 30.76923076923077 4.6875
286 46.15384615384615 3.125
287 50.0 1.5625
288 46.15384615384615 3.125
289 30.76923076923077 3.125
290 38.46153846153846 3.125
291 30.76923076923077 3.125
292 38.46153846153846 4.6875
293 38.46153846153846 4.6875
294 42.30769230769231 1.5625
295 46.15384615384615 1.5625
296 42.30769230769231 1.5625
297 38.46153846153846 0.0
298 34.61538461538461 1.5625
299 34.61538461538461 0.0
300 38.46153846153846 0.0
301 34.61538461538461 1.5625
302 34.61538461538461 1.5625
303 26.923076923076923 0.0
304 42.30769230769231 0.0
305 38.46153846153846 0.0
306 50.0 0.0
307 42.30769230769231 1.5625
308 50.0 3.125
309 42.30769230769231 0.0
310 38.46153846153846 0.0
311 46.15384615384615 0.0
312 46.15384615384615 0.0
313 46.15384615384615 1.5625
314 38.46153846153846 1.5625
315 42.30769230769231 0.0
316 34.61538461538461 1.5625
317 30.76923076923077 1.5625
318 26.923076923076923 0.0
319 34.61538461538461 0.0
320 30.76923076923077 0.0
321 26.923076923076923 0.0
322 38.46153846153846 1.5625
323 38.46153846153846 1.5625
324 42.30769230769231 1.5625
325 34.61538461538461 1.5625
326 34.61538461538461 1.5625
327 38.46153846153846 0.0
328 30.76923076923077 0.0
329 53.84615384615385 0.0
330 53.84615384615385 0.0
331 57.69230769230769 0.0
332 53.84615384615385 0.0
333 42.30769230769231 0.0
334 46.15384615384615 0.0
335 38.46153846153846 1.5625
336 42.30769230769231 0.0
337 50.0 0.0
338 46.15384615384615 0.0
339 46.15384615384615 0.0
340 46.15384615384615 0.0
341 46.15384615384615 0.0
342 53.84615384615385 0.0
343 46.15384615384615 0.0
344 53.84615384615385 0.0
345 50.0 0.0
346 57.69230769230769 0.0
347 50.0 0.0
348 50.0 0.0
349 53.84615384615385 0.0
350 42.30769230769231 0.0
351 34.61538461538461 0.0
352 26.923076923076923 0.0
353 23.076923076923077 0.0
354 42.30769230769231 0.0
355 46.15384615384615 0.0
356 50.0 0.0
357 50.0 0.0
358 50.0 0.0
359 53.84615384615385 0.0
360 46.15384615384615 0.0
361 30.76923076923077 0.0
362 34.61538461538461 0.0
363 38.46153846153846 0.0
364 38.46153846153846 0.0
365 30.76923076923077 0.0
366 30.76923076923077 0.0
367 34.61538461538461 0.0
368 26.923076923076923 0.0
369 46.15384615384615 0.0
370 34.61538461538461 0.0
371 34.61538461538461 0.0
372 42.30769230769231 0.0
373 34.61538461538461 0.0
374 38.46153846153846 0.0
375 30.76923076923077 0.0
376 30.76923076923077 0.0
377 42.30769230769231 0.0
378 42.30769230769231 0.0
379 30.76923076923077 0.0
380 38.46153846153846 0.0
381 38.46153846153846 0.0
382 42.30769230769231 0.0
383 34.61538461538461 0.0
384 26.923076923076923 0.0
385 38.46153846153846 0.0
386 46.15384615384615 0.0
387 42.30769230769231 0.0
388 34.61538461538461 0.0
389 23.076923076923077 0.0
390 19.23076923076923 0.0
391 38.46153846153846 0.0
392 30.76923076923077 0.0
393 30.76923076923077 0.0
394 38.46153846153846 0.0
395 23.076923076923077 0.0
396 30.76923076923077 0.0
397 30.76923076923077 0.0
398 30.76923076923077 0.0
399 26.923076923076923 0.0
400 42.30769230769231 0.0
401 34.61538461538461 0.0
402 42.30769230769231 0.0
403 30.76923076923077 0.0
404 34.61538461538461 0.0
405 30.76923076923077 0.0
406 42.30769230769231 0.0
407 26.923076923076923 0.0
408 30.76923076923077 0.0
409 30.76923076923077 0.0
410 30.76923076923077 0.0
411 15.384615384615385 0.0
412 23.076923076923077 0.0
413 23.076923076923077 0.0
414 15.384615384615385 0.0
415 15.384615384615385 0.0
416 15.384615384615385 0.0
417 26.923076923076923 0.0
418 26.923076923076923 0.0
419 30.76923076923077 0.0
420 26.923076923076923 0.0
421 26.923076923076923 0.0
422 23.076923076923077 0.0
423 23.076923076923077 0.0
424 34.61538461538461 0.0
425 30.76923076923077 0.0
426 38.46153846153846 0.0
427 38.46153846153846 0.0
428 42.30769230769231 0.0
429 30.76923076923077 0.0
430 38.46153846153846 0.0
431 42.30769230769231 0.0
432 38.46153846153846 1.5625
433 38.46153846153846 0.0
434 38.46153846153846 0.0
435 38.46153846153846 0.0
436 34.61538461538461 0.0
437 42.30769230769231 0.0
438 38.46153846153846 0.0
439 34.61538461538461 0.0
440 42.30769230769231 0.0
441 42.30769230769231 0.0
442 34.61538461538461 0.0
443 26.923076923076923 0.0
444 38.46153846153846 0.0
445 34.61538461538461 0.0
446 38.46153846153846 0.0
447 42.30769230769231 0.0
448 38.46153846153846 0.0
449 38.46153846153846 0.0
450 42.30769230769231 0.0
451 38.46153846153846 0.0
452 30.76923076923077 0.0
453 38.46153846153846 0.0
454 34.61538461538461 0.0
455 30.76923076923077 0.0
456 30.76923076923077 0.0
457 26.923076923076923 0.0
458 26.923076923076923 0.0
459 34.61538461538461 0.0
460 30.76923076923077 0.0
461 26.923076923076923 0.0
462 30.76923076923077 0.0
463 34.61538461538461 0.0
464 23.076923076923077 1.5625
465 26.923076923076923 1.5625
466 30.76923076923077 0.0
467 30.76923076923077 0.0
468 30.76923076923077 0.0
469 34.61538461538461 0.0
470 23.076923076923077 0.0
471 34.61538461538461 0.0
472 30.76923076923077 0.0
473 30.76923076923077 0.0
474 34.61538461538461 0.0
475 26.923076923076923 0.0
476 34.61538461538461 0.0
477 34.61538461538461 0.0
478 34.61538461538461 0.0
479 26.923076923076923 0.0
480 26.923076923076923 0.0
481 26.923076923076923 0.0
482 42.30769230769231 0.0
483 46.15384615384615 0.0
484 46.15384615384615 0.0
485 50.0 0.0
486 42.30769230769231 0.0
487 50.0 0.0
488 50.0 0.0
489 30.76923076923077 1.5625
490 26.923076923076923 1.5625
491 38.46153846153846 0.0
492 30.76923076923077 0.0
493 23.076923076923077 0.0
494 19.23076923076923 0.0
495 30.76923076923077 0.0
496 38.46153846153846 1.5625
497 38.46153846153846 1.5625
498 26.923076923076923 1.5625
499 50.0 0.0
500 30.76923076923077 0.0
501 38.46153846153846 0.0
502 38.46153846153846 0.0
503 42.30769230769231 0.0
504 38.46153846153846 1.5625
505 30.76923076923077 0.0
506 34.61538461538461 1.5625
507 42.30769230769231 1.5625
508 38.46153846153846 0.0
509 46.15384615384615 0.0
510 38.46153846153846 0.0
511 42.30769230769231 0.0
512 46.15384615384615 0.0
513 34.61538461538461 1.5625
514 30.76923076923077 1.5625
515 34.61538461538461 1.5625
516 34.61538461538461 0.0
517 46.15384615384615 0.0
518 42.30769230769231 1.5625
519 42.30769230769231 0.0
520 34.61538461538461 0.0
521 42.30769230769231 0.0
522 38.46153846153846 1.5625
523 38.46153846153846 3.125
524 46.15384615384615 4.6875
525 26.923076923076923 0.0
526 34.61538461538461 0.0
527 42.30769230769231 0.0
528 42.30769230769231 0.0
529 46.15384615384615 0.0
530 42.30769230769231 1.5625
531 50.0 1.5625
532 42.30769230769231 1.5625
533 50.0 1.5625
534 57.69230769230769 1.5625
535 57.69230769230769 0.0
536 42.30769230769231 0.0
537 38.46153846153846 0.0
538 38.46153846153846 1.5625
539 19.23076923076923 1.5625
540 26.923076923076923 1.5625
541 30.76923076923077 0.0
542 42.30769230769231 0.0
543 26.923076923076923 0.0
544 23.076923076923077 1.5625
545 26.923076923076923 0.0
546 50.0 1.5625
547 30.76923076923077 0.0
548 26.923076923076923 0.0
549 34.61538461538461 0.0
550 50.0 0.0
551 50.0 0.0
552 42.30769230769231 0.0
553 34.61538461538461 0.0
554 38.46153846153846 0.0
555 38.46153846153846 0.0
556 38.46153846153846 0.0
557 38.46153846153846 0.0
558 34.61538461538461 0.0
559 38.46153846153846 0.0
560 34.61538461538461 0.0
561 34.61538461538461 0.0
562 26.923076923076923 0.0
563 26.923076923076923 0.0
564 34.61538461538461 0.0
565 23.076923076923077 0.0
566 19.23076923076923 0.0
567 30.76923076923077 0.0
568 26.923076923076923 0.0
569 42.30769230769231 0.0
570 38.46153846153846 0.0
571 42.30769230769231 0.0
572 30.76923076923077 0.0
573 38.46153846153846 0.0
574 42.30769230769231 0.0
575 34.61538461538461 0.0
576 30.76923076923077 0.0
577 30.76923076923077 0.0
578 34.61538461538461 1.5625
579 23.076923076923077 0.0
580 30.76923076923077 0.0
581 26.923076923076923 0.0
582 30.76923076923077 0.0
583 15.384615384615385 0.0
584 19.23076923076923 0.0
585 23.076923076923077 0.0
586 19.23076923076923 0.0
587 26.923076923076923 0.0
588 19.23076923076923 0.0
589 26.923076923076923 0.0
590 26.923076923076923 0.0
591 30.76923076923077 0.0
592 19.23076923076923 0.0
593 26.923076923076923 0.0
594 26.923076923076923 0.0
595 26.923076923076923 0.0
596 26.923076923076923 0.0
597 23.076923076923077 0.0
598 23.076923076923077 0.0
599 23.076923076923077 0.0
600 30.76923076923077 0.0
601 34.61538461538461 0.0
602 30.76923076923077 0.0
603 26.923076923076923 0.0
604 19.23076923076923 0.0
605 23.076923076923077 0.0
606 19.23076923076923 0.0
607 30.76923076923077 0.0
608 26.923076923076923 0.0
609 26.923076923076923 0.0
610 30.76923076923077 0.0
611 30.76923076923077 0.0
612 19.23076923076923 0.0
613 23.076923076923077 0.0
614 26.923076923076923 0.0
615 23.076923076923077 0.0
616 34.61538461538461 0.0
617 26.923076923076923 0.0
618 23.076923076923077 0.0
619 19.23076923076923 0.0
620 15.384615384615385 0.0
621 30.76923076923077 0.0
622 23.076923076923077 0.0
623 42.30769230769231 0.0
624 23.076923076923077 0.0
625 26.923076923076923 0.0
626 38.46153846153846 0.0
627 30.76923076923077 0.0
628 19.23076923076923 0.0
629 26.923076923076923 0.0
630 23.076923076923077 0.0
631 26.923076923076923 0.0
632 26.923076923076923 0.0
633 30.76923076923077 0.0
634 26.923076923076923 0.0
635 23.076923076923077 0.0
636 23.076923076923077 0.0
637 26.923076923076923 0.0
638 23.076923076923077 0.0
639 23.076923076923077 0.0
640 23.076923076923077 0.0
641 26.923076923076923 0.0
642 23.076923076923077 0.0
643 26.923076923076923 0.0
644 26.923076923076923 0.0
645 23.076923076923077 0.0
646 23.076923076923077 0.0
647 19.23076923076923 0.0
648 26.923076923076923 0.0
649 23.076923076923077 0.0
650 26.923076923076923 0.0
651 30.76923076923077 0.0
652 19.23076923076923 0.0
653 19.23076923076923 0.0
654 19.23076923076923 0.0
655 23.076923076923077 0.0
656 30.76923076923077 0.0
657 23.076923076923077 0.0
658 30.76923076923077 0.0
659 26.923076923076923 0.0
660 42.30769230769231 0.0
661 46.15384615384615 0.0
662 26.923076923076923 0.0
663 34.61538461538461 0.0
664 23.076923076923077 0.0
665 34.61538461538461 0.0
666 15.384615384615385 0.0
667 23.076923076923077 0.0
668 34.61538461538461 0.0
669 26.923076923076923 0.0
670 26.923076923076923 0.0
671 23.076923076923077 0.0
672 34.61538461538461 0.0
673 23.076923076923077 0.0
674 19.23076923076923 0.0
675 34.61538461538461 0.0
676 26.923076923076923 0.0
677 26.923076923076923 0.0
678 23.076923076923077 0.0
679 11.538461538461538 0.0
680 30.76923076923077 0.0
681 19.23076923076923 0.0
682 30.76923076923077 0.0
683 34.61538461538461 0.0
684 19.23076923076923 0.0
685 26.923076923076923 0.0
686 26.923076923076923 0.0
687 23.076923076923077 0.0
688 26.923076923076923 0.0
689 26.923076923076923 0.0
690 23.076923076923077 0.0
691 30.76923076923077 0.0
692 23.076923076923077 0.0
693 34.61538461538461 0.0
694 30.76923076923077 0.0
695 26.923076923076923 0.0
696 23.076923076923077 0.0
697 38.46153846153846 0.0
698 26.923076923076923 1.5625
699 23.076923076923077 0.0
700 34.61538461538461 0.0
701 34.61538461538461 0.0
702 34.61538461538461 0.0
703 23.076923076923077 0.0
704 30.76923076923077 0.0
705 26.923076923076923 0.0
706 34.61538461538461 0.0
707 30.76923076923077 0.0
708 23.076923076923077 0.0
709 23.076923076923077 0.0
710 30.76923076923077 0.0
711 26.923076923076923 0.0
712 30.76923076923077 0.0
713 26.923076923076923 0.0
714 26.923076923076923 0.0
715 19.23076923076923 0.0
716 19.23076923076923 0.0
717 19.23076923076923 1.5625
718 23.076923076923077 0.0
719 15.384615384615385 0.0
720 23.076923076923077 0.0
721 26.923076923076923 0.0
722 30.76923076923077 1.5625
723 30.76923076923077 0.0
724 26.923076923076923 0.0
725 19.23076923076923 0.0
726 19.23076923076923 0.0
727 19.23076923076923 0.0
728 30.76923076923077 0.0
729 26.923076923076923 0.0
730 30.76923076923077 0.0
731 26.923076923076923 0.0
732 23.076923076923077 0.0
733 19.23076923076923 0.0
734 30.76923076923077 0.0
735 19.23076923076923 0.0
736 19.23076923076923 0.0
737 34.61538461538461 0.0
738 19.23076923076923 0.0
739 23.076923076923077 0.0
740 26.923076923076923 0.0
741 23.076923076923077 1.5625
742 19.23076923076923 0.0
743 26.923076923076923 0.0
744 23.076923076923077 1.5625
745 30.76923076923077 1.5625
746 23.076923076923077 1.5625
747 26.923076923076923 3.125
748 23.076923076923077 1.5625
749 30.76923076923077 1.5625
750 23.076923076923077 1.5625
751 30.76923076923077 1.5625
752 23.076923076923077 1.5625
753 34.61538461538461 1.5625
754 30.76923076923077 1.5625
755 19.23076923076923 1.5625
756 26.923076923076923 1.5625
757 30.76923076923077 1.5625
758 30.76923076923077 1.5625
759 26.923076923076923 1.5625
760 23.076923076923077 1.5625
761 23.076923076923077 0.0
762 23.076923076923077 0.0
763 19.23076923076923 1.5625
764 30.76923076923077 1.5625
765 23.076923076923077 1.5625
766 23.076923076923077 1.5625
767 26.923076923076923 0.0
768 26.923076923076923 0.0
769 26.923076923076923 0.0
770 26.923076923076923 0.0
771 23.076923076923077 0.0
772 19.23076923076923 0.0
773 26.923076923076923 0.0
774 15.384615384615385 0.0
775 26.923076923076923 1.5625
776 26.923076923076923 1.5625
777 30.76923076923077 0.0
778 34.61538461538461 1.5625
779 23.076923076923077 0.0
780 34.61538461538461 0.0
781 15.384615384615385 0.0
782 23.076923076923077 1.5625
783 30.76923076923077 0.0
784 38.46153846153846 0.0
785 19.23076923076923 1.5625
786 23.076923076923077 0.0
787 26.923076923076923 0.0
788 23.076923076923077 0.0
789 26.923076923076923 0.0
790 26.923076923076923 0.0
791 30.76923076923077 1.5625
792 26.923076923076923 0.0
793 26.923076923076923 0.0
794 26.923076923076923 0.0
795 30.76923076923077 0.0
796 23.076923076923077 1.5625
797 30.76923076923077 0.0
798 30.76923076923077 0.0
799 23.076923076923077 0.0
800 23.076923076923077 0.0
801 23.076923076923077 0.0
802 26.923076923076923 0.0
803 11.538461538461538 0.0
804 23.076923076923077 1.5625
805 26.923076923076923 1.5625
806 26.923076923076923 0.0
807 34.61538461538461 0.0
808 30.76923076923077 0.0
809 26.923076923076923 0.0
810 26.923076923076923 0.0
811 26.923076923076923 1.5625
812 30.76923076923077 0.0
813 38.46153846153846 1.5625
814 38.46153846153846 1.5625
815 42.30769230769231 1.5625
816 46.15384615384615 1.5625
817 34.61538461538461 1.5625
818 34.61538461538461 0.0
819 30.76923076923077 1.5625
820 30.76923076923077 1.5625
821 23.076923076923077 1.5625
822 38.46153846153846 1.5625
823 34.61538461538461 1.5625
824 34.61538461538461 1.5625
825 34.61538461538461 1.5625
826 42.30769230769231 1.5625
827 11.538461538461538 1.5625
828 23.076923076923077 1.5625
829 42.30769230769231 0.0
830 30.76923076923077 0.0
831 26.923076923076923 0.0
832 23.076923076923077 0.0
833 26.923076923076923 0.0
834 34.61538461538461 0.0
835 38.46153846153846 0.0
836 19.23076923076923 0.0
837 38.46153846153846 0.0
838 30.76923076923077 0.0
839 26.923076923076923 0.0
840 30.76923076923077 0.0
841 26.923076923076923 0.0
842 30.76923076923077 0.0
843 30.76923076923077 0.0
844 34.61538461538461 0.0
845 30.76923076923077 0.0
846 34.61538461538461 0.0
847 34.61538461538461 0.0
848 42.30769230769231 0.0
849 38.46153846153846 0.0
850 34.61538461538461 0.0
851 34.61538461538461 0.0
852 34.61538461538461 1.5625
853 46.15384615384615 0.0
854 34.61538461538461 0.0
855 42.30769230769231 0.0
856 46.15384615384615 1.5625
857 38.46153846153846 0.0
858 34.61538461538461 0.0
859 38.46153846153846 0.0
860 42.30769230769231 0.0
861 34.61538461538461 1.5625
862 34.61538461538461 0.0
863 26.923076923076923 0.0
864 34.61538461538461 1.5625
865 34.61538461538461 1.5625
866 42.30769230769231 0.0
867 26.923076923076923 0.0
868 38.46153846153846 0.0
869 30.76923076923077 0.0
870 46.15384615384615 1.5625
871 38.46153846153846 1.5625
872 38.46153846153846 0.0
873 26.923076923076923 0.0
874 42.30769230769231 0.0
875 38.46153846153846 0.0
876 42.30769230769231 0.0
877 38.46153846153846 0.0
878 34.61538461538461 0.0
879 23.076923076923077 0.0
880 30.76923076923077 0.0
881 42.30769230769231 0.0
882 46.15384615384615 0.0
883 42.30769230769231 0.0
884 46.15384615384615 0.0
885 42.30769230769231 0.0
886 26.923076923076923 0.0
887 42.30769230769231 1.5625
888 34.61538461538461 1.5625
889 42.30769230769231 1.5625
890 42.30769230769231 0.0
891 38.46153846153846 1.5625
892 38.46153846153846 0.0
893 23.076923076923077 0.0
894 38.46153846153846 0.0
895 26.923076923076923 0.0
896 30.76923076923077 0.0
897 26.923076923076923 0.0
898 38.46153846153846 1.5625
899 38.46153846153846 1.5625
900 38.46153846153846 0.0
901 46.15384615384615 1.5625
902 46.15384615384615 1.5625
903 38.46153846153846 1.5625
904 38.46153846153846 1.5625
905 38.46153846153846 1.5625
906 46.15384615384615 1.5625
907 38.46153846153846 1.5625
908 34.61538461538461 1.5625
909 26.923076923076923 1.5625
910 30.76923076923077 0.0
911 34.61538461538461 1.5625
912 34.61538461538461 1.5625
913 26.923076923076923 1.5625
914 53.84615384615385 0.0
915 53.84615384615385 0.0
916 53.84615384615385 0.0
917 42.30769230769231 0.0
918 46.15384615384615 0.0
919 46.15384615384615 0.0
920 46.15384615384615 0.0
921 50.0 1.5625
922 46.15384615384615 0.0
923 50.0 0.0
924 50.0 0.0
925 50.0 0.0
926 50.0 0.0
927 46.15384615384615 0.0
928 50.0 0.0
929 42.30769230769231 0.0
930 50.0 0.0
931 46.15384615384615 1.5625
932 38.46153846153846 0.0
933 38.46153846153846 0.0
934 46.15384615384615 0.0
935 46.15384615384615 0.0
936 38.46153846153846 0.0
937 38.46153846153846 0.0
938 50.0 0.0
939 50.0 0.0
940 42.30769230769231 0.0
941 42.30769230769231 0.0
942 46.15384615384615 0.0
943 46.15384615384615 1.5625
944 46.15384615384615 1.5625
945 42.30769230769231 1.5625
946 46.15384615384615 1.5625
947 46.15384615384615 1.5625
948 23.076923076923077 1.5625
949 50.0 0.0
950 42.30769230769231 1.5625
951 50.0 1.5625
952 46.15384615384615 1.5625
953 42.30769230769231 3.125
954 53.84615384615385 1.5625
955 38.46153846153846 4.6875
956 50.0 0.0
957 46.15384615384615 0.0
958 53.84615384615385 1.5625
959 50.0 1.5625
960 42.30769230769231 3.125
961 46.15384615384615 1.5625
962 42.30769230769231 3.125
963 38.46153846153846 1.5625
964 42.30769230769231 1.5625
965 50.0 1.5625
966 38.46153846153846 1.5625
967 34.61538461538461 1.5625
968 42.30769230769231 1.5625
969 50.0 0.0
970 53.84615384615385 3.125
971 46.15384615384615 4.6875
972 50.0 1.5625
973 57.69230769230769 3.125
974 42.30769230769231 1.5625
975 46.15384615384615 1.5625
976 38.46153846153846 1.5625
977 34.61538461538461 0.0
978 30.76923076923077 0.0
979 26.923076923076923 0.0
980 26.923076923076923 1.5625
981 26.923076923076923 1.5625
982 38.46153846153846 0.0
983 34.61538461538461 0.0
984 26.923076923076923 0.0
985 34.61538461538461 0.0
986 34.61538461538461 0.0
987 42.30769230769231 0.0
988 46.15384615384615 0.0
989 34.61538461538461 0.0
990 38.46153846153846 0.0
991 53.84615384615385 0.0
992 46.15384615384615 0.0
993 42.30769230769231 0.0
994 50.0 0.0
995 46.15384615384615 0.0
996 34.61538461538461 0.0
997 42.30769230769231 0.0
998 42.30769230769231 0.0
999 30.76923076923077 0.0
