#frame monomers_% popc_isolated_%
0 38.46153846153846 0.0
1 42.30769230769231 0.0
2 38.46153846153846 0.0
3 42.30769230769231 0.0
4 46.15384615384615 0.0
5 46.15384615384615 0.0
6 34.61538461538461 0.0
7 34.61538461538461 0.0
8 38.46153846153846 0.0
9 42.30769230769231 0.0
10 38.46153846153846 0.0
11 46.15384615384615 0.0
12 30.76923076923077 0.0
13 38.46153846153846 0.0
14 26.923076923076923 0.0
15 34.61538461538461 0.0
16 38.46153846153846 0.0
17 46.15384615384615 0.0
18 38.46153846153846 0.0
19 38.46153846153846 0.0
20 42.30769230769231 0.0
21 34.61538461538461 0.0
22 38.46153846153846 0.0
23 38.46153846153846 0.0
24 38.46153846153846 0.0
25 34.61538461538461 0.0
26 42.30769230769231 0.0
27 50.0 0.0
28 34.61538461538461 0.0
29 46.15384615384615 0.0
30 42.30769230769231 0.0
31 42.30769230769231 0.0
32 53.84615384615385 0.0
33 42.30769230769231 0.0
34 57.69230769230769 0.0
35 46.15384615384615 0.0
36 46.15384615384615 0.0
37 42.30769230769231 1.5625
38 53.84615384615385 1.5625
39 46.15384615384615 1.5625
40 53.84615384615385 1.5625
41 38.46153846153846 1.5625
42 34.61538461538461 1.5625
43 38.46153846153846 1.5625
44 26.923076923076923 1.5625
45 23.076923076923077 1.5625
46 30.76923076923077 1.5625
47 30.76923076923077 1.5625
48 53.84615384615385 1.5625
49 38.46153846153846 1.5625
50 53.84615384615385 0.0
51 42.30769230769231 0.0
52 53.84615384615385 1.5625
53 34.61538461538461 1.5625
54 53.84615384615385 1.5625
55 50.0 1.5625
56 38.46153846153846 0.0
57 42.30769230769231 0.0
58 50.0 1.5625
59 38.46153846153846 1.5625
60 46.15384615384615 1.5625
61 34.61538461538461 0.0
62 30.76923076923077 0.0
63 34.61538461538461 0.0
64 30.76923076923077 0.0
65 30.76923076923077 0.0
66 34.61538461538461 0.0
67 26.923076923076923 0.0
68 19.23076923076923 0.0
69 19.23076923076923 0.0
70 38.46153846153846 0.0
71 34.61538461538461 0.0
72 38.46153846153846 0.0
73 38.46153846153846 0.0
74 34.61538461538461 0.0
75 34.61538461538461 0.0
76 30.76923076923077 0.0
77 26.923076923076923 0.0
78 19.23076923076923 0.0
79 34.61538461538461 0.0
80 34.61538461538461 0.0
81 26.923076923076923 0.0
82 26.923076923076923 0.0
83 26.923076923076923 0.0
84 23.076923076923077 0.0
85 30.76923076923077 0.0
86 34.61538461538461 0.0
87 30.76923076923077 0.0
88 34.61538461538461 0.0
89 26.923076923076923 0.0
90 34.61538461538461 0.0
91 38.46153846153846 0.0
92 34.61538461538461 0.0
93 26.923076923076923 0.0
94 42.30769230769231 0.0
95 57.69230769230769 0.0
96 50.0 0.0
97 34.61538461538461 0.0
98 46.15384615384615 0.0
99 42.30769230769231 0.0
100 38.46153846153846 0.0
101 34.61538461538461 0.0
102 34.61538461538461 0.0
103 38.46153846153846 0.0
104 46.15384615384615 0.0
105 30.76923076923077 0.0
106 38.46153846153846 0.0
107 38.46153846153846 0.0
108 50.0 0.0
109 38.46153846153846 0.0
110 42.30769230769231 0.0
111 42.30769230769231 0.0
112 42.30769230769231 0.0
113 34.61538461538461 0.0
114 34.61538461538461 0.0
115 46.15384615384615 0.0
116 38.46153846153846 0.0
117 50.0 0.0
118 38.46153846153846 0.0
119 53.84615384615385 0.0
120 38.46153846153846 0.0
121 30.76923076923077 0.0
122 34.61538461538461 0.0
123 30.76923076923077 0.0
124 30.76923076923077 0.0
125 34.61538461538461 0.0
126 34.61538461538461 0.0
127 46.15384615384615 0.0
128 38.46153846153846 0.0
129 34.61538461538461 0.0
130 46.15384615384615 0.0
131 42.30769230769231 0.0
132 53.84615384615385 0.0
133 50.0 0.0
134 46.15384615384615 0.0
135 46.15384615384615 0.0
136 50.0 0.0
137 38.46153846153846 0.0
138 46.15384615384615 0.0
139 42.30769230769231 0.0
140 46.15384615384615 0.0
141 38.46153846153846 0.0
142 46.15384615384615 0.0
143 65.38461538461539 0.0
144 53.84615384615385 0.0
145 46.15384615384615 0.0
146 57.69230769230769 0.0
147 46.15384615384615 0.0
148 46.15384615384615 0.0
149 50.0 0.0
150 42.30769230769231 0.0
151 34.61538461538461 0.0
152 46.15384615384615 0.0
153 38.46153846153846 0.0
154 46.15384615384615 0.0
155 42.30769230769231 0.0
156 53.84615384615385 0.0
157 42.30769230769231 0.0
158 42.30769230769231 0.0
159 38.46153846153846 0.0
160 38.46153846153846 0.0
161 26.923076923076923 0.0
162 50.0 0.0
163 46.15384615384615 0.0
164 53.84615384615385 0.0
165 42.30769230769231 0.0
166 42.30769230769231 0.0
167 42.30769230769231 0.0
168 50.0 0.0
169 42.30769230769231 0.0
170 50.0 0.0
171 38.46153846153846 0.0
172 46.15384615384615 0.0
173 46.15384615384615 0.0
174 34.61538461538461 0.0
175 42.30769230769231 0.0
176 42.30769230769231 0.0
177 46.15384615384615 0.0
178 46.15384615384615 0.0
179 46.15384615384615 0.0
180 34.61538461538461 0.0
181 42.30769230769231 0.0
182 46.15384615384615 0.0
183 46.15384615384615 0.0
184 46.15384615384615 0.0
185 46.15384615384615 0.0
186 61.53846153846154 0.0
187 46.15384615384615 0.0
188 34.61538461538461 0.0
189 42.30769230769231 0.0
190 46.15384615384615 0.0
191 46.15384615384615 0.0
192 30.76923076923077 0.0
193 53.84615384615385 0.0
194 46.15384615384615 0.0
195 46.15384615384615 0.0
196 42.30769230769231 0.0
197 26.923076923076923 0.0
198 38.46153846153846 0.0
199 26.923076923076923 0.0
200 42.30769230769231 0.0
201 42.30769230769231 0.0
202 34.61538461538461 0.0
203 50.0 0.0
204 65.38461538461539 0.0
205 50.0 0.0
206 65.38461538461539 0.0
207 61.53846153846154 0.0
208 53.84615384615385 0.0
209 53.84615384615385 0.0
210 50.0 0.0
211 50.0 0.0
212 50.0 0.0
213 50.0 0.0
214 53.84615384615385 0.0
215 42.30769230769231 0.0
216 50.0 0.0
217 46.15384615384615 0.0
218 34.61538461538461 1.5625
219 26.923076923076923 0.0
220 34.61538461538461 0.0
221 26.923076923076923 0.0
222 23.076923076923077 0.0
223 30.76923076923077 0.0
224 38.46153846153846 0.0
225 38.46153846153846 0.0
226 34.61538461538461 0.0
227 50.0 0.0
228 50.0 0.0
229 38.46153846153846 0.0
230 53.84615384615385 1.5625
231 46.15384615384615 0.0
232 46.15384615384615 1.5625
233 46.15384615384615 1.5625
234 34.61538461538461 0.0
235 46.15384615384615 1.5625
236 42.30769230769231 0.0
237 53.84615384615385 1.5625
238 46.15384615384615 0.0
239 46.15384615384615 0.0
240 42.30769230769231 0.0
241 57.69230769230769 0.0
242 50.0 0.0
243 57.69230769230769 0.0
244 57.69230769230769 1.5625
245 57.69230769230769 1.5625
246 42.30769230769231 1.5625
247 42.30769230769231 1.5625
248 53.84615384615385 0.0
249 57.69230769230769 1.5625
250 50.0 0.0
251 34.61538461538461 0.0
252 50.0 0.0
253 42.30769230769231 0.0
254 38.46153846153846 0.0
255 23.076923076923077 0.0
256 42.30769230769231 0.0
257 46.15384615384615 0.0
258 38.46153846153846 0.0
259 34.61538461538461 0.0
260 38.46153846153846 0.0
261 23.076923076923077 0.0
262 30.76923076923077 0.0
263 30.76923076923077 0.0
264 23.076923076923077 0.0
265 38.46153846153846 0.0
266 30.76923076923077 0.0
267 38.46153846153846 0.0
268 38.46153846153846 1.5625
269 30.76923076923077 0.0
270 38.46153846153846 0.0
271 38.46153846153846 0.0
272 38.46153846153846 0.0
273 34.61538461538461 1.5625
274 38.46153846153846 0.0
275 38.46153846153846 1.5625
276 38.46153846153846 1.5625
277 38.46153846153846 0.0
278 30.76923076923077 3.125
279 30.76923076923077 3.125
280 38.46153846153846 3.125
281 23.076923076923077 3.125
282 42.30769230769231 4.6875
283 42.30769230769231 3.125
284 42.30769230769231 0.0
285 42.30769230769231 1.5625
286 42.30769230769231 4.6875
287 30.76923076923077 1.5625
288 30.76923076923077 1.5625
289 38.46153846153846 0.0
290 42.30769230769231 1.5625
291 26.923076923076923 1.5625
292 34.61538461538461 1.5625
293 34.61538461538461 1.5625
294 50.0 1.5625
295 50.0 1.5625
296 30.76923076923077 1.5625
297 42.30769230769231 4.6875
298 34.61538461538461 1.5625
299 26.923076923076923 0.0
300 30.76923076923077 3.125
301 38.46153846153846 0.0
302 38.46153846153846 0.0
303 30.76923076923077 0.0
304 26.923076923076923 0.0
305 34.61538461538461 0.0
306 38.46153846153846 1.5625
307 30.76923076923077 0.0
308 42.30769230769231 0.0
309 50.0 0.0
310 42.30769230769231 1.5625
311 53.84615384615385 0.0
312 53.84615384615385 0.0
313 38.46153846153846 0.0
314 30.76923076923077 0.0
315 46.15384615384615 0.0
316 34.61538461538461 0.0
317 34.61538461538461 0.0
318 38.46153846153846 0.0
319 23.076923076923077 0.0
320 46.15384615384615 0.0
321 38.46153846153846 1.5625
322 42.30769230769231 0.0
323 46.15384615384615 0.0
324 46.15384615384615 0.0
325 30.76923076923077 0.0
326 53.84615384615385 0.0
327 57.69230769230769 0.0
328 50.0 1.5625
329 50.0 0.0
330 57.69230769230769 1.5625
331 53.84615384615385 0.0
332 46.15384615384615 1.5625
333 61.53846153846154 0.0
334 57.69230769230769 0.0
335 38.46153846153846 0.0
336 50.0 0.0
337 46.15384615384615 1.5625
338 50.0 3.125
339 42.30769230769231 0.0
340 42.30769230769231 0.0
341 34.61538461538461 0.0
342 42.30769230769231 1.5625
343 34.61538461538461 1.5625
344 38.46153846153846 3.125
345 38.46153846153846 3.125
346 42.30769230769231 4.6875
347 46.15384615384615 1.5625
348 46.15384615384615 0.0
349 34.61538461538461 3.125
350 38.46153846153846 3.125
351 34.61538461538461 0.0
352 30.76923076923077 3.125
353 38.46153846153846 0.0
354 34.61538461538461 1.5625
355 42.30769230769231 0.0
356 34.61538461538461 1.5625
357 38.46153846153846 0.0
358 38.46153846153846 0.0
359 42.30769230769231 0.0
360 34.61538461538461 0.0
361 42.30769230769231 0.0
362 42.30769230769231 0.0
363 50.0 0.0
364 53.84615384615385 0.0
365 50.0 0.0
366 57.69230769230769 0.0
367 42.30769230769231 0.0
368 53.84615384615385 0.0
369 50.0 0.0
370 38.46153846153846 0.0
371 50.0 0.0
372 61.53846153846154 0.0
373 50.0 0.0
374 57.69230769230769 0.0
375 57.69230769230769 0.0
376 53.84615384615385 0.0
377 38.46153846153846 0.0
378 53.84615384615385 0.0
379 46.15384615384615 1.5625
380 38.46153846153846 0.0
381 42.30769230769231 1.5625
382 61.53846153846154 0.0
383 61.53846153846154 0.0
384 50.0 3.125
385 50.0 3.125
386 53.84615384615385 3.125
387 61.53846153846154 3.125
388 53.84615384615385 1.5625
389 46.15384615384615 1.5625
390 42.30769230769231 1.5625
391 46.15384615384615 1.5625
392 61.53846153846154 1.5625
393 53.84615384615385 0.0
394 46.15384615384615 0.0
395 46.15384615384615 1.5625
396 46.15384615384615 0.0
397 46.15384615384615 0.0
398 38.46153846153846 0.0
399 46.15384615384615 3.125
400 42.30769230769231 1.5625
401 34.61538461538461 1.5625
402 42.30769230769231 3.125
403 34.61538461538461 3.125
404 42.30769230769231 3.125
405 42.30769230769231 3.125
406 42.30769230769231 1.5625
407 50.0 1.5625
408 50.0 1.5625
409 42.30769230769231 0.0
410 42.30769230769231 3.125
411 42.30769230769231 0.0
412 38.46153846153846 0.0
413 34.61538461538461 0.0
414 42.30769230769231 1.5625
415 46.15384615384615 1.5625
416 38.46153846153846 0.0
417 46.15384615384615 0.0
418 38.46153846153846 0.0
419 38.46153846153846 0.0
420 38.46153846153846 1.5625
421 38.46153846153846 1.5625
422 38.46153846153846 0.0
423 42.30769230769231 1.5625
424 38.46153846153846 1.5625
425 38.46153846153846 3.125
426 46.15384615384615 0.0
427 34.61538461538461 0.0
428 38.46153846153846 0.0
429 38.46153846153846 1.5625
430 38.46153846153846 0.0
431 42.30769230769231 0.0
432 42.30769230769231 1.5625
433 65.38461538461539 3.125
434 42.30769230769231 3.125
435 53.84615384615385 1.5625
436 61.53846153846154 3.125
437 46.15384615384615 1.5625
438 61.53846153846154 0.0
439 57.69230769230769 1.5625
440 46.15384615384615 0.0
441 57.69230769230769 1.5625
442 57.69230769230769 1.5625
443 53.84615384615385 3.125
444 50.0 3.125
445 46.15384615384615 0.0
446 46.15384615384615 1.5625
447 50.0 1.5625
448 50.0 1.5625
449 46.15384615384615 1.5625
450 38.46153846153846 3.125
451 46.15384615384615 3.125
452 53.84615384615385 3.125
453 53.84615384615385 3.125
454 42.30769230769231 3.125
455 61.53846153846154 0.0
456 61.53846153846154 1.5625
457 42.30769230769231 1.5625
458 57.69230769230769 3.125
459 46.15384615384615 3.125
460 50.0 3.125
461 53.84615384615385 1.5625
462 46.15384615384615 1.5625
463 53.84615384615385 1.5625
464 57.69230769230769 3.125
465 46.15384615384615 1.5625
466 53.84615384615385 1.5625
467 42.30769230769231 1.5625
468 50.0 1.5625
469 42.30769230769231 1.5625
470 61.53846153846154 1.5625
471 61.53846153846154 1.5625
472 57.69230769230769 3.125
473 46.15384615384615 0.0
474 53.84615384615385 1.5625
475 42.30769230769231 0.0
476 46.15384615384615 0.0
477 42.30769230769231 0.0
478 50.0 0.0
479 38.46153846153846 0.0
480 34.61538461538461 0.0
481 42.30769230769231 1.5625
482 46.15384615384615 1.5625
483 57.69230769230769 1.5625
484 46.15384615384615 1.5625
485 57.69230769230769 0.0
486 38.46153846153846 0.0
487 42.30769230769231 1.5625
488 50.0 1.5625
489 46.15384615384615 1.5625
490 50.0 1.5625
491 50.0 1.5625
492 53.84615384615385 1.5625
493 50.0 1.5625
494 50.0 1.5625
495 57.69230769230769 1.5625
496 50.0 1.5625
497 50.0 1.5625
498 50.0 1.5625
499 42.30769230769231 0.0
500 46.15384615384615 1.5625
501 57.69230769230769 0.0
502 46.15384615384615 0.0
503 46.15384615384615 1.5625
504 42.30769230769231 0.0
505 57.69230769230769 0.0
506 57.69230769230769 1.5625
507 53.84615384615385 1.5625
508 53.84615384615385 0.0
509 57.69230769230769 1.5625
510 53.84615384615385 1.5625
511 50.0 1.5625
512 42.30769230769231 1.5625
513 38.46153846153846 1.5625
514 38.46153846153846 0.0
515 46.15384615384615 0.0
516 53.84615384615385 0.0
517 50.0 0.0
518 38.46153846153846 1.5625
519 46.15384615384615 0.0
520 46.15384615384615 0.0
521 53.84615384615385 0.0
522 42.30769230769231 0.0
523 46.15384615384615 0.0
524 53.84615384615385 0.0
525 65.38461538461539 0.0
526 46.15384615384615 0.0
527 53.84615384615385 0.0
528 53.84615384615385 0.0
529 61.53846153846154 0.0
530 65.38461538461539 0.0
531 65.38461538461539 0.0
532 53.84615384615385 0.0
533 57.69230769230769 0.0
534 46.15384615384615 0.0
535 46.15384615384615 0.0
536 53.84615384615385 0.0
537 57.69230769230769 0.0
538 57.69230769230769 0.0
539 50.0 0.0
540 46.15384615384615 0.0
541 46.15384615384615 0.0
542 53.84615384615385 0.0
543 57.69230769230769 0.0
544 53.84615384615385 0.0
545 38.46153846153846 0.0
546 46.15384615384615 0.0
547 42.30769230769231 0.0
548 50.0 0.0
549 53.84615384615385 0.0
550 50.0 0.0
551 42.30769230769231 0.0
552 50.0 0.0
553 53.84615384615385 1.5625
554 50.0 0.0
555 50.0 3.125
556 61.53846153846154 0.0
557 61.53846153846154 0.0
558 53.84615384615385 0.0
559 42.30769230769231 0.0
560 42.30769230769231 0.0
561 42.30769230769231 0.0
562 38.46153846153846 0.0
563 46.15384615384615 0.0
564 50.0 0.0
565 53.84615384615385 0.0
566 50.0 0.0
567 42.30769230769231 0.0
568 50.0 0.0
569 53.84615384615385 0.0
570 50.0 0.0
571 57.69230769230769 0.0
572 53.84615384615385 0.0
573 50.0 0.0
574 53.84615384615385 0.0
575 53.84615384615385 0.0
576 61.53846153846154 0.0
577 53.84615384615385 0.0
578 57.69230769230769 0.0
579 53.84615384615385 0.0
580 61.53846153846154 0.0
581 65.38461538461539 0.0
582 53.84615384615385 0.0
583 53.84615384615385 0.0
584 42.30769230769231 0.0
585 57.69230769230769 0.0
586 38.46153846153846 0.0
587 57.69230769230769 0.0
588 42.30769230769231 0.0
589 34.61538461538461 0.0
590 46.15384615384615 0.0
591 42.30769230769231 0.0
592 38.46153846153846 0.0
593 42.30769230769231 1.5625
594 38.46153846153846 0.0
595 38.46153846153846 1.5625
596 30.76923076923077 1.5625
597 26.923076923076923 0.0
598 34.61538461538461 0.0
599 34.61538461538461 1.5625
600 38.46153846153846 1.5625
601 38.46153846153846 1.5625
602 34.61538461538461 0.0
603 30.76923076923077 1.5625
604 26.923076923076923 0.0
605 34.61538461538461 0.0
606 23.076923076923077 0.0
607 30.76923076923077 0.0
608 26.923076923076923 0.0
609 26.923076923076923 0.0
610 42.30769230769231 0.0
611 34.61538461538461 0.0
612 42.30769230769231 0.0
613 38.46153846153846 0.0
614 46.15384615384615 0.0
615 46.15384615384615 0.0
616 38.46153846153846 0.0
617 50.0 0.0
618 38.46153846153846 0.0
619 38.46153846153846 0.0
620 38.46153846153846 0.0
621 42.30769230769231 0.0
622 53.84615384615385 0.0
623 46.15384615384615 0.0
624 34.61538461538461 0.0
625 30.76923076923077 0.0
626 42.30769230769231 0.0
627 50.0 0.0
628 34.61538461538461 0.0
629 38.46153846153846 0.0
630 38.46153846153846 0.0
631 46.15384615384615 0.0
632 46.15384615384615 0.0
633 42.30769230769231 0.0
634 46.15384615384615 0.0
635 38.46153846153846 0.0
636 30.76923076923077 0.0
637 42.30769230769231 0.0
638 46.15384615384615 0.0
639 46.15384615384615 0.0
640 46.15384615384615 0.0
641 38.46153846153846 0.0
642 38.46153846153846 0.0
643 38.46153846153846 0.0
644 42.30769230769231 0.0
645 38.46153846153846 0.0
646 38.46153846153846 0.0
647 38.46153846153846 0.0
648 38.46153846153846 0.0
649 34.61538461538461 0.0
650 42.30769230769231 0.0
651 46.15384615384615 0.0
652 38.46153846153846 0.0
653 34.61538461538461 0.0
654 34.61538461538461 0.0
655 38.46153846153846 0.0
656 38.46153846153846 0.0
657 30.76923076923077 0.0
658 38.46153846153846 0.0
659 46.15384615384615 0.0
660 34.61538461538461 1.5625
661 46.15384615384615 1.5625
662 38.46153846153846 1.5625
663 42.30769230769231 0.0
664 38.46153846153846 1.5625
665 42.30769230769231 1.5625
666 46.15384615384615 0.0
667 26.923076923076923 1.5625
668 34.61538461538461 1.5625
669 38.46153846153846 3.125
670 38.46153846153846 3.125
671 46.15384615384615 0.0
672 34.61538461538461 3.125
673 34.61538461538461 1.5625
674 50.0 1.5625
675 46.15384615384615 1.5625
676 34.61538461538461 1.5625
677 38.46153846153846 1.5625
678 46.15384615384615 1.5625
679 30.76923076923077 1.5625
680 38.46153846153846 1.5625
681 38.46153846153846 1.5625
682 42.30769230769231 1.5625
683 38.46153846153846 3.125
684 38.46153846153846 0.0
685 30.76923076923077 1.5625
686 38.46153846153846 1.5625
687 38.46153846153846 1.5625
688 30.76923076923077 6.25
689 42.30769230769231 1.5625
690 34.61538461538461 1.5625
691 30.76923076923077 4.6875
692 26.923076923076923 3.125
693 38.46153846153846 1.5625
694 34.61538461538461 0.0
695 30.76923076923077 0.0
696 38.46153846153846 1.5625
697 42.30769230769231 1.5625
698 42.30769230769231 0.0
699 42.30769230769231 0.0
700 34.61538461538461 1.5625
701 34.61538461538461 1.5625
702 38.46153846153846 1.5625
703 34.61538461538461 1.5625
704 38.46153846153846 3.125
705 42.30769230769231 1.5625
706 42.30769230769231 0.0
707 42.30769230769231 0.0
708 34.61538461538461 0.0
709 34.61538461538461 3.125
710 38.46153846153846 0.0
711 38.46153846153846 0.0
712 38.46153846153846 0.0
713 46.15384615384615 0.0
714 34.61538461538461 1.5625
715 34.61538461538461 3.125
716 53.84615384615385 0.0
717 46.15384615384615 3.125
718 53.84615384615385 3.125
719 50.0 3.125
720 38.46153846153846 3.125
721 46.15384615384615 1.5625
722 38.46153846153846 3.125
723 50.0 0.0
724 42.30769230769231 3.125
725 42.30769230769231 0.0
726 53.84615384615385 4.6875
727 46.15384615384615 6.25
728 57.69230769230769 1.5625
729 50.0 3.125
730 53.84615384615385 0.0
731 50.0 1.5625
732 57.69230769230769 1.5625
733 61.53846153846154 0.0
734 53.84615384615385 1.5625
735 57.69230769230769 1.5625
736 46.15384615384615 1.5625
737 38.46153846153846 1.5625
738 42.30769230769231 1.5625
739 53.84615384615385 0.0
740 50.0 1.5625
741 53.84615384615385 3.125
742 53.84615384615385 0.0
743 46.15384615384615 3.125
744 57.69230769230769 1.5625
745 61.53846153846154 1.5625
746 53.84615384615385 0.0
747 42.30769230769231 1.5625
748 42.30769230769231 1.5625
749 65.38461538461539 1.5625
750 61.53846153846154 1.5625
751 57.69230769230769 1.5625
752 61.53846153846154 0.0
753 50.0 1.5625
754 61.53846153846154 0.0
755 50.0 1.5625
756 53.84615384615385 3.125
757 50.0 1.5625
758 53.84615384615385 0.0
759 50.0 1.5625
760 46.15384615384615 3.125
761 38.46153846153846 1.5625
762 50.0 1.5625
763 53.84615384615385 3.125
764 57.69230769230769 3.125
765 57.69230769230769 1.5625
766 46.15384615384615 1.5625
767 50.0 0.0
768 30.76923076923077 0.0
769 53.84615384615385 0.0
770 57.69230769230769 1.5625
771 50.0 0.0
772 46.15384615384615 0.0
773 46.15384615384615 0.0
774 46.15384615384615 0.0
775 46.15384615384615 1.5625
776 53.84615384615385 0.0
777 53.84615384615385 0.0
778 50.0 0.0
779 38.46153846153846 0.0
780 53.84615384615385 0.0
781 53.84615384615385 0.0
782 50.0 0.0
783 38.46153846153846 0.0
784 50.0 0.0
785 50.0 0.0
786 50.0 1.5625
787 38.46153846153846 1.5625
788 38.46153846153846 0.0
789 38.46153846153846 1.5625
790 46.15384615384615 1.5625
791 26.923076923076923 0.0
792 34.61538461538461 0.0
793 42.30769230769231 1.5625
794 42.30769230769231 1.5625
795 30.76923076923077 1.5625
796 42.30769230769231 0.0
797 38.46153846153846 0.0
798 42.30769230769231 0.0
799 50.0 0.0
800 34.61538461538461 1.5625
801 50.0 1.5625
802 38.46153846153846 3.125
803 50.0 3.125
804 50.0 1.5625
805 50.0 3.125
806 46.15384615384615 1.5625
807 42.30769230769231 1.5625
808 38.46153846153846 0.0
809 34.61538461538461 0.0
810 38.46153846153846 1.5625
811 34.61538461538461 0.0
812 26.923076923076923 0.0
813 30.76923076923077 0.0
814 38.46153846153846 0.0
815 34.61538461538461 0.0
816 42.30769230769231 0.0
817 34.61538461538461 0.0
818 34.61538461538461 0.0
819 34.61538461538461 0.0
820 38.46153846153846 1.5625
821 46.15384615384615 0.0
822 42.30769230769231 0.0
823 38.46153846153846 0.0
824 46.15384615384615 0.0
825 46.15384615384615 0.0
826 38.46153846153846 0.0
827 42.30769230769231 0.0
828 46.15384615384615 0.0
829 50.0 0.0
830 46.15384615384615 0.0
831 38.46153846153846 1.5625
832 38.46153846153846 0.0
833 42.30769230769231 3.125
834 46.15384615384615 1.5625
835 34.61538461538461 1.5625
836 38.46153846153846 1.5625
837 34.61538461538461 0.0
838 30.76923076923077 1.5625
839 42.30769230769231 3.125
840 38.46153846153846 3.125
841 38.46153846153846 1.5625
842 50.0 1.5625
843 46.15384615384615 3.125
844 53.84615384615385 3.125
845 57.69230769230769 1.5625
846 50.0 3.125
847 46.15384615384615 1.5625
848 53.84615384615385 0.0
849 46.15384615384615 0.0
850 46.15384615384615 1.5625
851 50.0 3.125
852 46.15384615384615 0.0
853 46.15384615384615 1.5625
854 46.15384615384615 1.5625
855 46.15384615384615 1.5625
856 34.61538461538461 1.5625
857 38.46153846153846 0.0
858 50.0 0.0
859 53.84615384615385 0.0
860 50.0 1.5625
861 42.30769230769231 0.0
862 46.15384615384615 0.0
863 46.15384615384615 0.0
864 53.84615384615385 0.0
865 46.15384615384615 0.0
866 53.84615384615385 0.0
867 50.0 1.5625
868 50.0 0.0
869 38.46153846153846 1.5625
870 46.15384615384615 0.0
871 30.76923076923077 1.5625
872 34.61538461538461 0.0
873 34.61538461538461 3.125
874 30.76923076923077 0.0
875 42.30769230769231 1.5625
876 38.46153846153846 0.0
877 34.61538461538461 0.0
878 42.30769230769231 0.0
879 38.46153846153846 0.0
880 38.46153846153846 0.0
881 50.0 0.0
882 50.0 0.0
883 34.61538461538461 0.0
884 38.46153846153846 1.5625
885 42.30769230769231 1.5625
886 42.30769230769231 1.5625
887 38.46153846153846 3.125
888 38.46153846153846 1.5625
889 38.46153846153846 3.125
890 42.30769230769231 0.0
891 30.76923076923077 0.0
892 38.46153846153846 0.0
893 42.30769230769231 1.5625
894 34.61538461538461 1.5625
895 38.46153846153846 0.0
896 34.61538461538461 3.125
897 42.30769230769231 1.5625
898 30.76923076923077 4.6875
899 30.76923076923077 3.125
900 34.61538461538461 3.125
901 34.61538461538461 1.5625
902 34.61538461538461 1.5625
903 30.76923076923077 1.5625
904 34.61538461538461 1.5625
905 34.61538461538461 1.5625
906 34.61538461538461 1.5625
907 38.46153846153846 1.5625
908 34.61538461538461 1.5625
909 38.46153846153846 1.5625
910 30.76923076923077 3.125
911 34.61538461538461 3.125
912 34.61538461538461 0.0
913 42.30769230769231 0.0
914 34.61538461538461 0.0
915 38.46153846153846 1.5625
916 38.46153846153846 0.0
917 30.76923076923077 0.0
918 30.76923076923077 1.5625
919 38.46153846153846 0.0
920 34.61538461538461 0.0
921 38.46153846153846 0.0
922 38.46153846153846 0.0
923 38.46153846153846 0.0
924 42.30769230769231 0.0
925 46.15384615384615 0.0
926 42.30769230769231 0.0
927 46.15384615384615 0.0
928 46.15384615384615 0.0
929 34.61538461538461 0.0
930 42.30769230769231 0.0
931 38.46153846153846 0.0
932 34.61538461538461 0.0
933 34.61538461538461 1.5625
934 34.61538461538461 0.0
935 30.76923076923077 0.0
936 34.61538461538461 0.0
937 26.923076923076923 0.0
938 34.61538461538461 0.0
939 34.61538461538461 1.5625
940 34.61538461538461 1.5625
941 26.923076923076923 0.0
942 19.23076923076923 1.5625
943 30.76923076923077 1.5625
944 42.30769230769231 0.0
945 34.61538461538461 0.0
946 42.30769230769231 0.0
947 26.923076923076923 1.5625
948 26.923076923076923 0.0
949 19.23076923076923 1.5625
950 26.923076923076923 0.0
951 30.76923076923077 1.5625
952 23.076923076923077 3.125
953 30.76923076923077 1.5625
954 26.923076923076923 1.5625
955 30.76923076923077 0.0
956 23.076923076923077 1.5625
957 34.61538461538461 0.0
958 34.61538461538461 0.0
959 38.46153846153846 0.0
960 30.76923076923077 0.0
961 30.76923076923077 0.0
962 26.923076923076923 0.0
963 38.46153846153846 0.0
964 50.0 0.0
965 42.30769230769231 0.0
966 30.76923076923077 0.0
967 30.76923076923077 0.0
968 26.923076923076923 0.0
969 38.46153846153846 0.0
970 34.61538461538461 0.0
971 30.76923076923077 0.0
972 38.46153846153846 0.0
973 30.76923076923077 0.0
974 42.30769230769231 0.0
975 26.923076923076923 0.0
976 34.61538461538461 0.0
977 34.61538461538461 0.0
978 38.46153846153846 0.0
979 38.46153846153846 0.0
980 34.61538461538461 0.0
981 34.61538461538461 0.0
982 34.61538461538461 1.5625
983 30.76923076923077 1.5625
984 42.30769230769231 0.0
985 26.923076923076923 0.0
986 26.923076923076923 1.5625
987 26.923076923076923 0.0
988 38.46153846153846 0.0
989 26.923076923076923 0.0
990 26.923076923076923 1.5625
991 46.15384615384615 0.0
992 34.61538461538461 1.5625
993 19.23076923076923 1.5625
994 23.076923076923077 1.5625
995 23.076923076923077 1.5625
996 19.23076923076923 1.5625
997 26.923076923076923 1.5625
998 34.61538461538461 1.5625
999 34.61538461538461 1.5625
