#frame monomers_% popc_isolated_%
0 34.61538461538461 0.0
1 26.923076923076923 0.0
2 30.76923076923077 0.0
3 30.76923076923077 0.0
4 34.61538461538461 0.0
5 38.46153846153846 0.0
6 34.61538461538461 0.0
7 46.15384615384615 0.0
8 50.0 0.0
9 38.46153846153846 0.0
10 42.30769230769231 0.0
11 46.15384615384615 0.0
12 46.15384615384615 0.0
13 46.15384615384615 0.0
14 42.30769230769231 0.0
15 34.61538461538461 0.0
16 34.61538461538461 0.0
17 46.15384615384615 0.0
18 38.46153846153846 0.0
19 34.61538461538461 0.0
20 42.30769230769231 0.0
21 38.46153846153846 0.0
22 46.15384615384615 0.0
23 42.30769230769231 0.0
24 50.0 0.0
25 46.15384615384615 0.0
26 50.0 0.0
27 38.46153846153846 0.0
28 38.46153846153846 0.0
29 42.30769230769231 0.0
30 46.15384615384615 0.0
31 50.0 0.0
32 42.30769230769231 0.0
33 46.15384615384615 0.0
34 53.84615384615385 0.0
35 46.15384615384615 0.0
36 42.30769230769231 0.0
37 61.53846153846154 0.0
38 50.0 0.0
39 50.0 0.0
40 38.46153846153846 0.0
41 34.61538461538461 0.0
42 38.46153846153846 0.0
43 42.30769230769231 0.0
44 34.61538461538461 0.0
45 42.30769230769231 0.0
46 30.76923076923077 0.0
47 38.46153846153846 0.0
48 26.923076923076923 0.0
49 34.61538461538461 0.0
50 26.923076923076923 0.0
51 23.076923076923077 0.0
52 34.61538461538461 0.0
53 30.76923076923077 0.0
54 34.61538461538461 0.0
55 42.30769230769231 0.0
56 34.61538461538461 0.0
57 30.76923076923077 0.0
58 38.46153846153846 0.0
59 50.0 0.0
60 34.61538461538461 0.0
61 50.0 0.0
62 38.46153846153846 0.0
63 38.46153846153846 0.0
64 30.76923076923077 0.0
65 38.46153846153846 0.0
66 42.30769230769231 0.0
67 38.46153846153846 0.0
68 50.0 0.0
69 53.84615384615385 0.0
70 42.30769230769231 0.0
71 34.61538461538461 0.0
72 38.46153846153846 0.0
73 42.30769230769231 0.0
74 46.15384615384615 0.0
75 46.15384615384615 0.0
76 42.30769230769231 0.0
77 42.30769230769231 0.0
78 42.30769230769231 0.0
79 34.61538461538461 0.0
80 42.30769230769231 0.0
81 34.61538461538461 0.0
82 38.46153846153846 0.0
83 38.46153846153846 0.0
84 42.30769230769231 0.0
85 42.30769230769231 0.0
86 34.61538461538461 0.0
87 38.46153846153846 0.0
88 30.76923076923077 0.0
89 34.61538461538461 0.0
90 42.30769230769231 0.0
91 26.923076923076923 0.0
92 26.923076923076923 0.0
93 34.61538461538461 0.0
94 34.61538461538461 0.0
95 38.46153846153846 0.0
96 42.30769230769231 0.0
97 30.76923076923077 0.0
98 30.76923076923077 0.0
99 38.46153846153846 0.0
100 46.15384615384615 0.0
101 42.30769230769231 0.0
102 42.30769230769231 0.0
103 26.923076923076923 0.0
104 30.76923076923077 0.0
105 30.76923076923077 0.0
106 38.46153846153846 0.0
107 23.076923076923077 0.0
108 34.61538461538461 0.0
109 38.46153846153846 0.0
110 30.76923076923077 0.0
111 26.923076923076923 0.0
112 23.076923076923077 0.0
113 23.076923076923077 0.0
114 26.923076923076923 0.0
115 30.76923076923077 0.0
116 23.076923076923077 0.0
117 30.76923076923077 0.0
118 30.76923076923077 0.0
119 23.076923076923077 0.0
120 42.30769230769231 0.0
121 30.76923076923077 0.0
122 30.76923076923077 0.0
123 26.923076923076923 0.0
124 34.61538461538461 0.0
125 30.76923076923077 0.0
126 34.61538461538461 0.0
127 46.15384615384615 0.0
128 50.0 0.0
129 38.46153846153846 0.0
130 42.30769230769231 0.0
131 38.46153846153846 0.0
132 34.61538461538461 0.0
133 30.76923076923077 0.0
134 30.76923076923077 0.0
135 23.076923076923077 0.0
136 19.23076923076923 0.0
137 30.76923076923077 0.0
138 23.076923076923077 0.0
139 26.923076923076923 0.0
140 30.76923076923077 0.0
141 30.76923076923077 0.0
142 30.76923076923077 0.0
143 26.923076923076923 0.0
144 26.923076923076923 0.0
145 38.46153846153846 0.0
146 30.76923076923077 0.0
147 30.76923076923077 0.0
148 38.46153846153846 0.0
149 38.46153846153846 0.0
150 42.30769230769231 0.0
151 26.923076923076923 0.0
152 30.76923076923077 0.0
153 30.76923076923077 0.0
154 34.61538461538461 0.0
155 26.923076923076923 0.0
156 38.46153846153846 0.0
157 34.61538461538461 0.0
158 30.76923076923077 0.0
159 30.76923076923077 0.0
160 38.46153846153846 0.0
161 34.61538461538461 0.0
162 42.30769230769231 0.0
163 30.76923076923077 0.0
164 34.61538461538461 0.0
165 34.61538461538461 0.0
166 26.923076923076923 0.0
167 34.61538461538461 0.0
168 23.076923076923077 0.0
169 19.23076923076923 0.0
170 23.076923076923077 0.0
171 42.30769230769231 0.0
172 23.076923076923077 0.0
173 26.923076923076923 0.0
174 23.076923076923077 0.0
175 26.923076923076923 0.0
176 19.23076923076923 0.0
177 19.23076923076923 0.0
178 23.076923076923077 0.0
179 23.076923076923077 0.0
180 23.076923076923077 0.0
181 26.923076923076923 0.0
182 23.076923076923077 0.0
183 26.923076923076923 0.0
184 23.076923076923077 0.0
185 23.076923076923077 0.0
186 23.076923076923077 0.0
187 26.923076923076923 0.0
188 26.923076923076923 0.0
189 26.923076923076923 0.0
190 23.076923076923077 0.0
191 26.923076923076923 0.0
192 23.076923076923077 0.0
193 26.923076923076923 0.0
194 23.076923076923077 0.0
195 23.076923076923077 0.0
196 19.23076923076923 0.0
197 19.23076923076923 0.0
198 19.23076923076923 0.0
199 23.076923076923077 0.0
200 23.076923076923077 0.0
201 19.23076923076923 0.0
202 23.076923076923077 0.0
203 26.923076923076923 0.0
204 38.46153846153846 0.0
205 23.076923076923077 0.0
206 23.076923076923077 0.0
207 23.076923076923077 0.0
208 23.076923076923077 0.0
209 23.076923076923077 0.0
210 30.76923076923077 0.0
211 26.923076923076923 0.0
212 23.076923076923077 0.0
213 26.923076923076923 0.0
214 26.923076923076923 0.0
215 26.923076923076923 0.0
216 23.076923076923077 0.0
217 23.076923076923077 0.0
218 23.076923076923077 0.0
219 26.923076923076923 0.0
220 26.923076923076923 0.0
221 23.076923076923077 0.0
222 26.923076923076923 0.0
223 23.076923076923077 0.0
224 19.23076923076923 0.0
225 19.23076923076923 0.0
226 23.076923076923077 0.0
227 23.076923076923077 0.0
228 30.76923076923077 0.0
229 30.76923076923077 0.0
230 26.923076923076923 0.0
231 23.076923076923077 0.0
232 30.76923076923077 0.0
233 23.076923076923077 0.0
234 42.30769230769231 0.0
235 30.76923076923077 0.0
236 23.076923076923077 0.0
237 19.23076923076923 0.0
238 26.923076923076923 0.0
239 30.76923076923077 0.0
240 26.923076923076923 0.0
241 23.076923076923077 0.0
242 30.76923076923077 0.0
243 30.76923076923077 0.0
244 23.076923076923077 0.0
245 23.076923076923077 0.0
246 19.23076923076923 0.0
247 19.23076923076923 0.0
248 23.076923076923077 0.0
249 19.23076923076923 0.0
250 30.76923076923077 0.0
251 30.76923076923077 0.0
252 34.61538461538461 0.0
253 23.076923076923077 0.0
254 30.76923076923077 0.0
255 30.76923076923077 0.0
256 34.61538461538461 0.0
257 30.76923076923077 0.0
258 38.46153846153846 0.0
259 42.30769230769231 0.0
260 42.30769230769231 0.0
261 30.76923076923077 0.0
262 30.76923076923077 0.0
263 38.46153846153846 0.0
264 38.46153846153846 0.0
265 38.46153846153846 0.0
266 38.46153846153846 0.0
267 30.76923076923077 0.0
268 26.923076923076923 0.0
269 26.923076923076923 0.0
270 15.384615384615385 0.0
271 26.923076923076923 0.0
272 30.76923076923077 0.0
273 26.923076923076923 0.0
274 23.076923076923077 0.0
275 34.61538461538461 0.0
276 30.76923076923077 0.0
277 34.61538461538461 0.0
278 34.61538461538461 0.0
279 30.76923076923077 0.0
280 23.076923076923077 0.0
281 30.76923076923077 0.0
282 30.76923076923077 0.0
283 34.61538461538461 1.5625
284 26.923076923076923 0.0
285 15.384615384615385 0.0
286 19.23076923076923 0.0
287 42.30769230769231 0.0
288 30.76923076923077 0.0
289 23.076923076923077 0.0
290 19.23076923076923 0.0
291 42.30769230769231 0.0
292 26.923076923076923 0.0
293 26.923076923076923 0.0
294 30.76923076923077 0.0
295 26.923076923076923 0.0
296 26.923076923076923 0.0
297 38.46153846153846 0.0
298 30.76923076923077 0.0
299 38.46153846153846 0.0
300 38.46153846153846 0.0
301 34.61538461538461 0.0
302 46.15384615384615 0.0
303 46.15384615384615 0.0
304 38.46153846153846 0.0
305 46.15384615384615 0.0
306 42.30769230769231 0.0
307 42.30769230769231 0.0
308 42.30769230769231 0.0
309 34.61538461538461 0.0
310 38.46153846153846 0.0
311 46.15384615384615 0.0
312 42.30769230769231 0.0
313 38.46153846153846 0.0
314 30.76923076923077 0.0
315 34.61538461538461 0.0
316 42.30769230769231 0.0
317 38.46153846153846 0.0
318 38.46153846153846 0.0
319 38.46153846153846 0.0
320 26.923076923076923 0.0
321 34.61538461538461 0.0
322 34.61538461538461 0.0
323 38.46153846153846 0.0
324 46.15384615384615 0.0
325 42.30769230769231 0.0
326 42.30769230769231 0.0
327 30.76923076923077 0.0
328 38.46153846153846 0.0
329 46.15384615384615 0.0
330 42.30769230769231 0.0
331 42.30769230769231 0.0
332 50.0 0.0
333 50.0 0.0
334 50.0 0.0
335 46.15384615384615 0.0
336 53.84615384615385 0.0
337 46.15384615384615 0.0
338 46.15384615384615 0.0
339 50.0 0.0
340 50.0 0.0
341 38.46153846153846 0.0
342 50.0 0.0
343 42.30769230769231 0.0
344 38.46153846153846 0.0
345 42.30769230769231 0.0
346 46.15384615384615 0.0
347 50.0 0.0
348 46.15384615384615 0.0
349 38.46153846153846 0.0
350 42.30769230769231 0.0
351 53.84615384615385 0.0
352 38.46153846153846 0.0
353 46.15384615384615 0.0
354 42.30769230769231 0.0
355 42.30769230769231 0.0
356 38.46153846153846 0.0
357 46.15384615384615 0.0
358 42.30769230769231 0.0
359 61.53846153846154 0.0
360 46.15384615384615 0.0
361 46.15384615384615 0.0
362 46.15384615384615 0.0
363 53.84615384615385 0.0
364 50.0 0.0
365 53.84615384615385 0.0
366 50.0 0.0
367 42.30769230769231 0.0
368 53.84615384615385 0.0
369 42.30769230769231 0.0
370 50.0 0.0
371 30.76923076923077 0.0
372 34.61538461538461 0.0
373 23.076923076923077 0.0
374 38.46153846153846 0.0
375 34.61538461538461 0.0
376 42.30769230769231 0.0
377 50.0 0.0
378 38.46153846153846 0.0
379 42.30769230769231 0.0
380 30.76923076923077 0.0
381 38.46153846153846 0.0
382 30.76923076923077 0.0
383 34.61538461538461 0.0
384 30.76923076923077 0.0
385 34.61538461538461 0.0
386 38.46153846153846 0.0
387 34.61538461538461 0.0
388 26.923076923076923 0.0
389 34.61538461538461 0.0
390 26.923076923076923 0.0
391 50.0 0.0
392 30.76923076923077 0.0
393 30.76923076923077 0.0
394 38.46153846153846 0.0
395 42.30769230769231 0.0
396 38.46153846153846 0.0
397 42.30769230769231 0.0
398 19.23076923076923 0.0
399 46.15384615384615 0.0
400 38.46153846153846 0.0
401 34.61538461538461 0.0
402 38.46153846153846 0.0
403 46.15384615384615 0.0
404 46.15384615384615 0.0
405 50.0 0.0
406 46.15384615384615 0.0
407 30.76923076923077 0.0
408 26.923076923076923 0.0
409 42.30769230769231 0.0
410 38.46153846153846 0.0
411 46.15384615384615 0.0
412 46.15384615384615 0.0
413 50.0 0.0
414 46.15384615384615 0.0
415 42.30769230769231 0.0
416 46.15384615384615 0.0
417 38.46153846153846 0.0
418 34.61538461538461 0.0
419 42.30769230769231 0.0
420 42.30769230769231 0.0
421 38.46153846153846 0.0
422 50.0 0.0
423 34.61538461538461 0.0
424 42.30769230769231 0.0
425 26.923076923076923 0.0
426 42.30769230769231 0.0
427 50.0 0.0
428 34.61538461538461 0.0
429 34.61538461538461 0.0
430 42.30769230769231 0.0
431 50.0 0.0
432 50.0 0.0
433 46.15384615384615 0.0
434 50.0 0.0
435 42.30769230769231 0.0
436 38.46153846153846 0.0
437 42.30769230769231 0.0
438 50.0 0.0
439 50.0 0.0
440 42.30769230769231 0.0
441 50.0 0.0
442 34.61538461538461 0.0
443 34.61538461538461 0.0
444 38.46153846153846 0.0
445 46.15384615384615 0.0
446 42.30769230769231 0.0
447 42.30769230769231 0.0
448 57.69230769230769 0.0
449 42.30769230769231 0.0
450 50.0 0.0
451 34.61538461538461 0.0
452 50.0 0.0
453 53.84615384615385 0.0
454 50.0 0.0
455 53.84615384615385 0.0
456 50.0 0.0
457 50.0 0.0
458 46.15384615384615 0.0
459 46.15384615384615 0.0
460 38.46153846153846 0.0
461 38.46153846153846 0.0
462 30.76923076923077 0.0
463 38.46153846153846 0.0
464 46.15384615384615 0.0
465 46.15384615384615 0.0
466 30.76923076923077 0.0
467 42.30769230769231 0.0
468 34.61538461538461 0.0
469 34.61538461538461 0.0
470 26.923076923076923 0.0
471 46.15384615384615 0.0
472 34.61538461538461 0.0
473 38.46153846153846 0.0
474 26.923076923076923 0.0
475 30.76923076923077 0.0
476 34.61538461538461 0.0
477 34.61538461538461 0.0
478 34.61538461538461 0.0
479 34.61538461538461 0.0
480 34.61538461538461 0.0
481 38.46153846153846 0.0
482 26.923076923076923 0.0
483 19.23076923076923 0.0
484 30.76923076923077 0.0
485 23.076923076923077 0.0
486 15.384615384615385 0.0
487 26.923076923076923 0.0
488 30.76923076923077 0.0
489 26.923076923076923 0.0
490 23.076923076923077 0.0
491 23.076923076923077 0.0
492 26.923076923076923 0.0
493 26.923076923076923 0.0
494 19.23076923076923 0.0
495 34.61538461538461 0.0
496 30.76923076923077 0.0
497 34.61538461538461 0.0
498 34.61538461538461 0.0
499 26.923076923076923 0.0
500 30.76923076923077 0.0
501 26.923076923076923 0.0
502 30.76923076923077 0.0
503 38.46153846153846 0.0
504 38.46153846153846 0.0
505 30.76923076923077 0.0
506 26.923076923076923 0.0
507 30.76923076923077 0.0
508 23.076923076923077 0.0
509 30.76923076923077 0.0
510 26.923076923076923 0.0
511 34.61538461538461 0.0
512 34.61538461538461 0.0
513 38.46153846153846 0.0
514 34.61538461538461 0.0
515 34.61538461538461 0.0
516 30.76923076923077 0.0
517 30.76923076923077 0.0
518 26.923076923076923 0.0
519 30.76923076923077 0.0
520 30.76923076923077 0.0
521 30.76923076923077 0.0
522 26.923076923076923 0.0
523 26.923076923076923 0.0
524 30.76923076923077 0.0
525 34.61538461538461 0.0
526 34.61538461538461 0.0
527 38.46153846153846 0.0
528 46.15384615384615 0.0
529 30.76923076923077 0.0
530 30.76923076923077 0.0
531 38.46153846153846 0.0
532 38.46153846153846 0.0
533 30.76923076923077 0.0
534 34.61538461538461 0.0
535 38.46153846153846 0.0
536 34.61538461538461 0.0
537 34.61538461538461 0.0
538 42.30769230769231 0.0
539 34.61538461538461 0.0
540 34.61538461538461 0.0
541 30.76923076923077 0.0
542 38.46153846153846 0.0
543 26.923076923076923 0.0
544 38.46153846153846 0.0
545 38.46153846153846 0.0
546 34.61538461538461 0.0
547 38.46153846153846 0.0
548 26.923076923076923 0.0
549 30.76923076923077 0.0
550 30.76923076923077 0.0
551 34.61538461538461 0.0
552 30.76923076923077 0.0
553 23.076923076923077 0.0
554 30.76923076923077 0.0
555 30.76923076923077 0.0
556 34.61538461538461 0.0
557 26.923076923076923 0.0
558 30.76923076923077 0.0
559 30.76923076923077 0.0
560 42.30769230769231 0.0
561 34.61538461538461 0.0
562 38.46153846153846 0.0
563 53.84615384615385 0.0
564 26.923076923076923 0.0
565 26.923076923076923 0.0
566 30.76923076923077 0.0
567 30.76923076923077 0.0
568 42.30769230769231 0.0
569 34.61538461538461 0.0
570 34.61538461538461 0.0
571 30.76923076923077 0.0
572 38.46153846153846 0.0
573 42.30769230769231 0.0
574 42.30769230769231 0.0
575 34.61538461538461 0.0
576 42.30769230769231 0.0
577 34.61538461538461 0.0
578 34.61538461538461 0.0
579 34.61538461538461 0.0
580 30.76923076923077 0.0
581 38.46153846153846 0.0
582 23.076923076923077 0.0
583 19.23076923076923 0.0
584 30.76923076923077 0.0
585 42.30769230769231 0.0
586 38.46153846153846 0.0
587 30.76923076923077 0.0
588 30.76923076923077 0.0
589 19.23076923076923 0.0
590 42.30769230769231 0.0
591 26.923076923076923 0.0
592 23.076923076923077 0.0
593 34.61538461538461 0.0
594 23.076923076923077 0.0
595 30.76923076923077 0.0
596 30.76923076923077 0.0
597 26.923076923076923 0.0
598 23.076923076923077 0.0
599 42.30769230769231 0.0
600 30.76923076923077 0.0
601 30.76923076923077 0.0
602 30.76923076923077 0.0
603 26.923076923076923 0.0
604 26.923076923076923 0.0
605 19.23076923076923 0.0
606 19.23076923076923 0.0
607 19.23076923076923 0.0
608 19.23076923076923 0.0
609 19.23076923076923 0.0
610 15.384615384615385 0.0
611 23.076923076923077 0.0
612 26.923076923076923 0.0
613 26.923076923076923 0.0
614 34.61538461538461 0.0
615 23.076923076923077 0.0
616 34.61538461538461 0.0
617 19.23076923076923 0.0
618 23.076923076923077 0.0
619 23.076923076923077 0.0
620 23.076923076923077 0.0
621 19.23076923076923 0.0
622 19.23076923076923 0.0
623 23.076923076923077 0.0
624 26.923076923076923 0.0
625 26.923076923076923 0.0
626 26.923076923076923 0.0
627 26.923076923076923 0.0
628 26.923076923076923 0.0
629 23.076923076923077 0.0
630 26.923076923076923 0.0
631 30.76923076923077 0.0
632 23.076923076923077 0.0
633 42.30769230769231 0.0
634 23.076923076923077 0.0
635 26.923076923076923 0.0
636 26.923076923076923 0.0
637 19.23076923076923 0.0
638 19.23076923076923 0.0
639 26.923076923076923 0.0
640 23.076923076923077 0.0
641 26.923076923076923 0.0
642 23.076923076923077 0.0
643 38.46153846153846 0.0
644 26.923076923076923 0.0
645 19.23076923076923 0.0
646 30.76923076923077 0.0
647 15.384615384615385 0.0
648 19.23076923076923 0.0
649 23.076923076923077 0.0
650 38.46153846153846 0.0
651 34.61538461538461 0.0
652 38.46153846153846 0.0
653 38.46153846153846 0.0
654 38.46153846153846 0.0
655 34.61538461538461 0.0
656 30.76923076923077 0.0
657 30.76923076923077 0.0
658 30.76923076923077 0.0
659 23.076923076923077 0.0
660 26.923076923076923 0.0
661 23.076923076923077 0.0
662 38.46153846153846 0.0
663 30.76923076923077 0.0
664 23.076923076923077 0.0
665 23.076923076923077 0.0
666 23.076923076923077 0.0
667 30.76923076923077 0.0
668 30.76923076923077 0.0
669 23.076923076923077 0.0
670 34.61538461538461 0.0
671 38.46153846153846 0.0
672 38.46153846153846 0.0
673 26.923076923076923 0.0
674 23.076923076923077 0.0
675 26.923076923076923 0.0
676 38.46153846153846 0.0
677 34.61538461538461 0.0
678 30.76923076923077 0.0
679 30.76923076923077 0.0
680 42.30769230769231 0.0
681 30.76923076923077 0.0
682 30.76923076923077 0.0
683 30.76923076923077 0.0
684 30.76923076923077 0.0
685 30.76923076923077 0.0
686 34.61538461538461 0.0
687 30.76923076923077 0.0
688 38.46153846153846 0.0
689 38.46153846153846 0.0
690 34.61538461538461 0.0
691 38.46153846153846 0.0
692 34.61538461538461 0.0
693 34.61538461538461 0.0
694 34.61538461538461 0.0
695 34.61538461538461 0.0
696 23.076923076923077 0.0
697 38.46153846153846 0.0
698 38.46153846153846 0.0
699 15.384615384615385 0.0
700 26.923076923076923 0.0
701 15.384615384615385 0.0
702 15.384615384615385 0.0
703 23.076923076923077 0.0
704 30.76923076923077 0.0
705 30.76923076923077 0.0
706 34.61538461538461 0.0
707 30.76923076923077 0.0
708 26.923076923076923 0.0
709 23.076923076923077 0.0
710 34.61538461538461 0.0
711 30.76923076923077 0.0
712 34.61538461538461 0.0
713 23.076923076923077 0.0
714 26.923076923076923 0.0
715 19.23076923076923 0.0
716 26.923076923076923 0.0
717 30.76923076923077 0.0
718 26.923076923076923 0.0
719 23.076923076923077 0.0
720 26.923076923076923 0.0
721 34.61538461538461 0.0
722 34.61538461538461 0.0
723 26.923076923076923 0.0
724 19.23076923076923 0.0
725 30.76923076923077 0.0
726 23.076923076923077 0.0
727 30.76923076923077 0.0
728 23.076923076923077 0.0
729 34.61538461538461 0.0
730 26.923076923076923 0.0
731 34.61538461538461 0.0
732 38.46153846153846 0.0
733 34.61538461538461 0.0
734 30.76923076923077 0.0
735 34.61538461538461 0.0
736 23.076923076923077 0.0
737 19.23076923076923 0.0
738 26.923076923076923 0.0
739 38.46153846153846 0.0
740 34.61538461538461 0.0
741 26.923076923076923 0.0
742 26.923076923076923 0.0
743 34.61538461538461 0.0
744 19.23076923076923 0.0
745 26.923076923076923 0.0
746 42.30769230769231 0.0
747 34.61538461538461 0.0
748 38.46153846153846 0.0
749 34.61538461538461 0.0
750 34.61538461538461 0.0
751 38.46153846153846 0.0
752 26.923076923076923 0.0
753 23.076923076923077 0.0
754 30.76923076923077 0.0
755 23.076923076923077 0.0
756 26.923076923076923 0.0
757 30.76923076923077 0.0
758 23.076923076923077 0.0
759 34.61538461538461 0.0
760 30.76923076923077 0.0
761 30.76923076923077 0.0
762 34.61538461538461 0.0
763 26.923076923076923 0.0
764 19.23076923076923 0.0
765 23.076923076923077 0.0
766 30.76923076923077 0.0
767 26.923076923076923 0.0
768 34.61538461538461 0.0
769 30.76923076923077 0.0
770 34.61538461538461 0.0
771 26.923076923076923 0.0
772 26.923076923076923 0.0
773 30.76923076923077 0.0
774 19.23076923076923 0.0
775 30.76923076923077 0.0
776 26.923076923076923 0.0
777 30.76923076923077 0.0
778 23.076923076923077 0.0
779 26.923076923076923 0.0
780 23.076923076923077 0.0
781 30.76923076923077 0.0
782 23.076923076923077 0.0
783 15.384615384615385 0.0
784 19.23076923076923 0.0
785 19.23076923076923 0.0
786 26.923076923076923 0.0
787 34.61538461538461 0.0
788 19.23076923076923 0.0
789 19.23076923076923 0.0
790 23.076923076923077 0.0
791 26.923076923076923 0.0
792 30.76923076923077 0.0
793 26.923076923076923 0.0
794 26.923076923076923 0.0
795 23.076923076923077 0.0
796 34.61538461538461 0.0
797 30.76923076923077 0.0
798 34.61538461538461 0.0
799 34.61538461538461 0.0
800 34.61538461538461 0.0
801 30.76923076923077 0.0
802 34.61538461538461 0.0
803 34.61538461538461 0.0
804 26.923076923076923 0.0
805 26.923076923076923 0.0
806 34.61538461538461 0.0
807 30.76923076923077 0.0
808 30.76923076923077 0.0
809 15.384615384615385 0.0
810 34.61538461538461 0.0
811 34.61538461538461 0.0
812 19.23076923076923 0.0
813 30.76923076923077 0.0
814 23.076923076923077 0.0
815 34.61538461538461 0.0
816 30.76923076923077 0.0
817 23.076923076923077 0.0
818 26.923076923076923 0.0
819 26.923076923076923 0.0
820 34.61538461538461 0.0
821 26.923076923076923 0.0
822 26.923076923076923 0.0
823 26.923076923076923 0.0
824 34.61538461538461 0.0
825 38.46153846153846 0.0
826 26.923076923076923 0.0
827 26.923076923076923 0.0
828 30.76923076923077 0.0
829 30.76923076923077 0.0
830 34.61538461538461 0.0
831 23.076923076923077 0.0
832 30.76923076923077 0.0
833 30.76923076923077 0.0
834 26.923076923076923 0.0
835 30.76923076923077 0.0
836 30.76923076923077 0.0
837 26.923076923076923 0.0
838 34.61538461538461 0.0
839 30.76923076923077 0.0
840 30.76923076923077 0.0
841 30.76923076923077 0.0
842 30.76923076923077 0.0
843 30.76923076923077 0.0
844 30.76923076923077 0.0
845 38.46153846153846 0.0
846 38.46153846153846 0.0
847 38.46153846153846 0.0
848 38.46153846153846 0.0
849 38.46153846153846 0.0
850 34.61538461538461 0.0
851 38.46153846153846 0.0
852 34.61538461538461 0.0
853 30.76923076923077 0.0
854 46.15384615384615 0.0
855 34.61538461538461 0.0
856 34.61538461538461 0.0
857 34.61538461538461 0.0
858 46.15384615384615 0.0
859 38.46153846153846 0.0
860 46.15384615384615 0.0
861 38.46153846153846 0.0
862 38.46153846153846 0.0
863 34.61538461538461 0.0
864 26.923076923076923 0.0
865 23.076923076923077 0.0
866 26.923076923076923 0.0
867 23.076923076923077 0.0
868 19.23076923076923 0.0
869 34.61538461538461 0.0
870 26.923076923076923 0.0
871 34.61538461538461 0.0
872 42.30769230769231 0.0
873 38.46153846153846 0.0
874 42.30769230769231 0.0
875 34.61538461538461 0.0
876 46.15384615384615 0.0
877 34.61538461538461 0.0
878 38.46153846153846 0.0
879 38.46153846153846 0.0
880 34.61538461538461 0.0
881 42.30769230769231 0.0
882 34.61538461538461 0.0
883 46.15384615384615 0.0
884 38.46153846153846 0.0
885 50.0 0.0
886 46.15384615384615 0.0
887 46.15384615384615 0.0
888 50.0 0.0
889 34.61538461538461 0.0
890 46.15384615384615 0.0
891 42.30769230769231 0.0
892 42.30769230769231 0.0
893 46.15384615384615 0.0
894 50.0 0.0
895 46.15384615384615 0.0
896 46.15384615384615 0.0
897 46.15384615384615 0.0
898 46.15384615384615 0.0
899 46.15384615384615 0.0
900 46.15384615384615 0.0
901 38.46153846153846 0.0
902 46.15384615384615 0.0
903 46.15384615384615 0.0
904 38.46153846153846 0.0
905 50.0 0.0
906 38.46153846153846 0.0
907 42.30769230769231 0.0
908 46.15384615384615 0.0
909 46.15384615384615 0.0
910 38.46153846153846 0.0
911 50.0 0.0
912 46.15384615384615 0.0
913 46.15384615384615 0.0
914 46.15384615384615 0.0
915 50.0 0.0
916 50.0 0.0
917 42.30769230769231 0.0
918 46.15384615384615 0.0
919 42.30769230769231 0.0
920 42.30769230769231 0.0
921 46.15384615384615 0.0
922 42.30769230769231 0.0
923 38.46153846153846 0.0
924 46.15384615384615 0.0
925 34.61538461538461 0.0
926 46.15384615384615 0.0
927 42.30769230769231 0.0
928 38.46153846153846 0.0
929 46.15384615384615 0.0
930 46.15384615384615 0.0
931 46.15384615384615 0.0
932 46.15384615384615 0.0
933 46.15384615384615 0.0
934 42.30769230769231 0.0
935 46.15384615384615 0.0
936 42.30769230769231 0.0
937 42.30769230769231 0.0
938 42.30769230769231 0.0
939 38.46153846153846 0.0
940 38.46153846153846 0.0
941 46.15384615384615 0.0
942 46.15384615384615 0.0
943 42.30769230769231 0.0
944 42.30769230769231 0.0
945 34.61538461538461 0.0
946 42.30769230769231 0.0
947 38.46153846153846 0.0
948 38.46153846153846 0.0
949 42.30769230769231 0.0
950 38.46153846153846 0.0
951 30.76923076923077 0.0
952 42.30769230769231 0.0
953 30.76923076923077 0.0
954 38.46153846153846 0.0
955 38.46153846153846 0.0
956 46.15384615384615 0.0
957 30.76923076923077 0.0
958 42.30769230769231 0.0
959 30.76923076923077 0.0
960 38.46153846153846 0.0
961 50.0 0.0
962 30.76923076923077 0.0
963 30.76923076923077 0.0
964 30.76923076923077 0.0
965 34.61538461538461 0.0
966 30.76923076923077 0.0
967 30.76923076923077 0.0
968 30.76923076923077 0.0
969 30.76923076923077 0.0
970 30.76923076923077 0.0
971 30.76923076923077 0.0
972 34.61538461538461 0.0
973 34.61538461538461 0.0
974 30.76923076923077 0.0
975 34.61538461538461 0.0
976 26.923076923076923 0.0
977 26.923076923076923 0.0
978 34.61538461538461 0.0
979 30.76923076923077 0.0
980 34.61538461538461 0.0
981 34.61538461538461 0.0
982 38.46153846153846 0.0
983 34.61538461538461 0.0
984 30.76923076923077 0.0
985 34.61538461538461 0.0
986 42.30769230769231 0.0
987 30.76923076923077 0.0
988 34.61538461538461 0.0
989 34.61538461538461 0.0
990 26.923076923076923 0.0
991 34.61538461538461 0.0
992 38.46153846153846 0.0
993 42.30769230769231 0.0
994 42.30769230769231 0.0
995 42.30769230769231 0.0
996 42.30769230769231 0.0
997 34.61538461538461 0.0
998 34.61538461538461 0.0
999 46.15384615384615 0.0
