#frame monomers_% popc_isolated_%
0 30.76923076923077 0.0
1 26.923076923076923 0.0
2 34.61538461538461 0.0
3 38.46153846153846 0.0
4 42.30769230769231 0.0
5 34.61538461538461 0.0
6 42.30769230769231 0.0
7 42.30769230769231 0.0
8 38.46153846153846 0.0
9 34.61538461538461 0.0
10 34.61538461538461 0.0
11 38.46153846153846 0.0
12 34.61538461538461 0.0
13 34.61538461538461 0.0
14 42.30769230769231 0.0
15 34.61538461538461 0.0
16 42.30769230769231 0.0
17 42.30769230769231 0.0
18 34.61538461538461 0.0
19 38.46153846153846 0.0
20 42.30769230769231 0.0
21 50.0 0.0
22 53.84615384615385 0.0
23 50.0 0.0
24 46.15384615384615 0.0
25 34.61538461538461 0.0
26 34.61538461538461 0.0
27 34.61538461538461 0.0
28 30.76923076923077 0.0
29 30.76923076923077 0.0
30 42.30769230769231 0.0
31 26.923076923076923 0.0
32 42.30769230769231 0.0
33 42.30769230769231 0.0
34 34.61538461538461 0.0
35 53.84615384615385 0.0
36 46.15384615384615 0.0
37 46.15384615384615 0.0
38 38.46153846153846 0.0
39 38.46153846153846 0.0
40 42.30769230769231 0.0
41 42.30769230769231 0.0
42 42.30769230769231 0.0
43 42.30769230769231 0.0
44 42.30769230769231 0.0
45 38.46153846153846 0.0
46 34.61538461538461 0.0
47 34.61538461538461 0.0
48 34.61538461538461 0.0
49 38.46153846153846 0.0
50 34.61538461538461 0.0
51 38.46153846153846 0.0
52 46.15384615384615 0.0
53 46.15384615384615 0.0
54 46.15384615384615 0.0
55 46.15384615384615 0.0
56 38.46153846153846 0.0
57 46.15384615384615 0.0
58 46.15384615384615 0.0
59 53.84615384615385 0.0
60 46.15384615384615 0.0
61 38.46153846153846 0.0
62 34.61538461538461 0.0
63 34.61538461538461 0.0
64 46.15384615384615 0.0
65 53.84615384615385 0.0
66 46.15384615384615 0.0
67 46.15384615384615 0.0
68 57.69230769230769 0.0
69 50.0 0.0
70 42.30769230769231 0.0
71 46.15384615384615 0.0
72 42.30769230769231 0.0
73 42.30769230769231 0.0
74 42.30769230769231 0.0
75 34.61538461538461 0.0
76 42.30769230769231 0.0
77 42.30769230769231 0.0
78 42.30769230769231 0.0
79 42.30769230769231 0.0
80 34.61538461538461 0.0
81 30.76923076923077 0.0
82 30.76923076923077 0.0
83 30.76923076923077 0.0
84 42.30769230769231 0.0
85 26.923076923076923 0.0
86 42.30769230769231 0.0
87 42.30769230769231 0.0
88 30.76923076923077 0.0
89 30.76923076923077 0.0
90 34.61538461538461 0.0
91 42.30769230769231 0.0
92 38.46153846153846 0.0
93 46.15384615384615 0.0
94 34.61538461538461 0.0
95 34.61538461538461 0.0
96 38.46153846153846 0.0
97 34.61538461538461 0.0
98 34.61538461538461 0.0
99 34.61538461538461 0.0
100 30.76923076923077 0.0
101 26.923076923076923 0.0
102 30.76923076923077 0.0
103 34.61538461538461 0.0
104 34.61538461538461 0.0
105 34.61538461538461 0.0
106 34.61538461538461 0.0
107 34.61538461538461 0.0
108 34.61538461538461 0.0
109 34.61538461538461 0.0
110 34.61538461538461 0.0
111 30.76923076923077 0.0
112 30.76923076923077 0.0
113 30.76923076923077 0.0
114 34.61538461538461 0.0
115 34.61538461538461 0.0
116 34.61538461538461 0.0
117 30.76923076923077 0.0
118 30.76923076923077 0.0
119 34.61538461538461 0.0
120 34.61538461538461 0.0
121 34.61538461538461 0.0
122 42.30769230769231 0.0
123 38.46153846153846 0.0
124 34.61538461538461 0.0
125 38.46153846153846 0.0
126 34.61538461538461 0.0
127 42.30769230769231 0.0
128 38.46153846153846 0.0
129 26.923076923076923 0.0
130 23.076923076923077 0.0
131 23.076923076923077 0.0
132 26.923076923076923 0.0
133 26.923076923076923 0.0
134 26.923076923076923 0.0
135 23.076923076923077 0.0
136 23.076923076923077 0.0
137 23.076923076923077 0.0
138 23.076923076923077 0.0
139 23.076923076923077 0.0
140 19.23076923076923 0.0
141 30.76923076923077 0.0
142 23.076923076923077 0.0
143 26.923076923076923 0.0
144 23.076923076923077 0.0
145 26.923076923076923 0.0
146 26.923076923076923 0.0
147 26.923076923076923 0.0
148 26.923076923076923 0.0
149 19.23076923076923 0.0
150 23.076923076923077 0.0
151 34.61538461538461 0.0
152 26.923076923076923 0.0
153 23.076923076923077 0.0
154 26.923076923076923 0.0
155 30.76923076923077 0.0
156 23.076923076923077 0.0
157 30.76923076923077 0.0
158 30.76923076923077 0.0
159 26.923076923076923 0.0
160 23.076923076923077 0.0
161 34.61538461538461 0.0
162 30.76923076923077 0.0
163 26.923076923076923 0.0
164 30.76923076923077 0.0
165 30.76923076923077 0.0
166 30.76923076923077 0.0
167 30.76923076923077 0.0
168 23.076923076923077 0.0
169 26.923076923076923 0.0
170 34.61538461538461 0.0
171 23.076923076923077 0.0
172 30.76923076923077 0.0
173 30.76923076923077 0.0
174 30.76923076923077 0.0
175 23.076923076923077 0.0
176 26.923076923076923 0.0
177 34.61538461538461 0.0
178 34.61538461538461 0.0
179 30.76923076923077 0.0
180 38.46153846153846 0.0
181 34.61538461538461 0.0
182 34.61538461538461 0.0
183 38.46153846153846 0.0
184 38.46153846153846 0.0
185 30.76923076923077 0.0
186 34.61538461538461 0.0
187 38.46153846153846 0.0
188 38.46153846153846 0.0
189 30.76923076923077 0.0
190 34.61538461538461 0.0
191 26.923076923076923 0.0
192 38.46153846153846 0.0
193 34.61538461538461 0.0
194 34.61538461538461 0.0
195 38.46153846153846 0.0
196 38.46153846153846 0.0
197 34.61538461538461 0.0
198 34.61538461538461 0.0
199 34.61538461538461 0.0
200 34.61538461538461 0.0
201 26.923076923076923 0.0
202 26.923076923076923 0.0
203 26.923076923076923 0.0
204 34.61538461538461 0.0
205 34.61538461538461 0.0
206 26.923076923076923 0.0
207 30.76923076923077 0.0
208 38.46153846153846 0.0
209 30.76923076923077 0.0
210 34.61538461538461 0.0
211 34.61538461538461 0.0
212 23.076923076923077 0.0
213 30.76923076923077 0.0
214 30.76923076923077 0.0
215 34.61538461538461 0.0
216 30.76923076923077 0.0
217 30.76923076923077 0.0
218 30.76923076923077 0.0
219 19.23076923076923 0.0
220 30.76923076923077 0.0
221 26.923076923076923 0.0
222 34.61538461538461 0.0
223 26.923076923076923 0.0
224 38.46153846153846 0.0
225 30.76923076923077 0.0
226 26.923076923076923 0.0
227 34.61538461538461 0.0
228 30.76923076923077 0.0
229 30.76923076923077 0.0
230 30.76923076923077 0.0
231 30.76923076923077 0.0
232 38.46153846153846 0.0
233 38.46153846153846 0.0
234 30.76923076923077 0.0
235 23.076923076923077 0.0
236 42.30769230769231 0.0
237 30.76923076923077 0.0
238 34.61538461538461 0.0
239 30.76923076923077 0.0
240 42.30769230769231 0.0
241 34.61538461538461 0.0
242 38.46153846153846 0.0
243 26.923076923076923 0.0
244 26.923076923076923 0.0
245 34.61538461538461 0.0
246 26.923076923076923 0.0
247 30.76923076923077 0.0
248 38.46153846153846 0.0
249 34.61538461538461 0.0
250 23.076923076923077 0.0
251 19.23076923076923 0.0
252 30.76923076923077 0.0
253 38.46153846153846 0.0
254 23.076923076923077 0.0
255 26.923076923076923 0.0
256 23.076923076923077 0.0
257 30.76923076923077 0.0
258 26.923076923076923 0.0
259 23.076923076923077 0.0
260 23.076923076923077 0.0
261 23.076923076923077 0.0
262 23.076923076923077 0.0
263 23.076923076923077 0.0
264 23.076923076923077 0.0
265 23.076923076923077 0.0
266 23.076923076923077 0.0
267 30.76923076923077 0.0
268 26.923076923076923 0.0
269 34.61538461538461 0.0
270 38.46153846153846 0.0
271 26.923076923076923 0.0
272 30.76923076923077 0.0
273 19.23076923076923 0.0
274 30.76923076923077 0.0
275 26.923076923076923 0.0
276 23.076923076923077 0.0
277 30.76923076923077 0.0
278 30.76923076923077 0.0
279 34.61538461538461 0.0
280 26.923076923076923 0.0
281 30.76923076923077 0.0
282 34.61538461538461 0.0
283 38.46153846153846 0.0
284 30.76923076923077 0.0
285 26.923076923076923 0.0
286 30.76923076923077 0.0
287 42.30769230769231 0.0
288 34.61538461538461 0.0
289 38.46153846153846 0.0
290 38.46153846153846 0.0
291 42.30769230769231 0.0
292 34.61538461538461 0.0
293 34.61538461538461 0.0
294 42.30769230769231 0.0
295 38.46153846153846 0.0
296 46.15384615384615 0.0
297 38.46153846153846 0.0
298 42.30769230769231 0.0
299 42.30769230769231 0.0
300 50.0 0.0
301 42.30769230769231 0.0
302 42.30769230769231 0.0
303 42.30769230769231 0.0
304 46.15384615384615 0.0
305 42.30769230769231 0.0
306 46.15384615384615 0.0
307 34.61538461538461 0.0
308 38.46153846153846 0.0
309 46.15384615384615 0.0
310 46.15384615384615 0.0
311 46.15384615384615 0.0
312 38.46153846153846 0.0
313 34.61538461538461 0.0
314 42.30769230769231 0.0
315 46.15384615384615 0.0
316 42.30769230769231 0.0
317 38.46153846153846 0.0
318 42.30769230769231 0.0
319 46.15384615384615 0.0
320 46.15384615384615 0.0
321 46.15384615384615 0.0
322 46.15384615384615 0.0
323 46.15384615384615 0.0
324 38.46153846153846 0.0
325 38.46153846153846 0.0
326 38.46153846153846 0.0
327 30.76923076923077 0.0
328 38.46153846153846 0.0
329 34.61538461538461 0.0
330 34.61538461538461 0.0
331 38.46153846153846 0.0
332 30.76923076923077 0.0
333 34.61538461538461 0.0
334 34.61538461538461 0.0
335 38.46153846153846 0.0
336 38.46153846153846 0.0
337 34.61538461538461 0.0
338 34.61538461538461 0.0
339 23.076923076923077 0.0
340 26.923076923076923 0.0
341 38.46153846153846 0.0
342 30.76923076923077 0.0
343 30.76923076923077 0.0
344 23.076923076923077 0.0
345 23.076923076923077 0.0
346 26.923076923076923 0.0
347 26.923076923076923 0.0
348 34.61538461538461 0.0
349 30.76923076923077 0.0
350 23.076923076923077 0.0
351 30.76923076923077 0.0
352 30.76923076923077 0.0
353 26.923076923076923 0.0
354 30.76923076923077 0.0
355 30.76923076923077 0.0
356 30.76923076923077 0.0
357 30.76923076923077 0.0
358 34.61538461538461 0.0
359 38.46153846153846 0.0
360 23.076923076923077 0.0
361 34.61538461538461 0.0
362 30.76923076923077 0.0
363 34.61538461538461 0.0
364 34.61538461538461 0.0
365 26.923076923076923 0.0
366 30.76923076923077 0.0
367 30.76923076923077 0.0
368 30.76923076923077 0.0
369 38.46153846153846 0.0
370 26.923076923076923 0.0
371 42.30769230769231 0.0
372 46.15384615384615 0.0
373 46.15384615384615 0.0
374 38.46153846153846 0.0
375 34.61538461538461 0.0
376 34.61538461538461 0.0
377 42.30769230769231 0.0
378 42.30769230769231 0.0
379 46.15384615384615 0.0
380 30.76923076923077 0.0
381 42.30769230769231 0.0
382 46.15384615384615 0.0
383 38.46153846153846 0.0
384 34.61538461538461 0.0
385 34.61538461538461 0.0
386 34.61538461538461 0.0
387 34.61538461538461 0.0
388 34.61538461538461 0.0
389 38.46153846153846 0.0
390 34.61538461538461 0.0
391 34.61538461538461 0.0
392 46.15384615384615 0.0
393 46.15384615384615 0.0
394 46.15384615384615 0.0
395 34.61538461538461 0.0
396 34.61538461538461 0.0
397 34.61538461538461 0.0
398 46.15384615384615 0.0
399 34.61538461538461 0.0
400 38.46153846153846 0.0
401 38.46153846153846 0.0
402 30.76923076923077 0.0
403 30.76923076923077 0.0
404 42.30769230769231 0.0
405 38.46153846153846 0.0
406 38.46153846153846 0.0
407 30.76923076923077 0.0
408 26.923076923076923 0.0
409 30.76923076923077 0.0
410 30.76923076923077 0.0
411 38.46153846153846 0.0
412 38.46153846153846 0.0
413 38.46153846153846 0.0
414 38.46153846153846 0.0
415 30.76923076923077 0.0
416 30.76923076923077 0.0
417 30.76923076923077 0.0
418 30.76923076923077 0.0
419 34.61538461538461 0.0
420 30.76923076923077 0.0
421 30.76923076923077 0.0
422 34.61538461538461 0.0
423 26.923076923076923 0.0
424 30.76923076923077 0.0
425 30.76923076923077 0.0
426 34.61538461538461 0.0
427 34.61538461538461 0.0
428 34.61538461538461 0.0
429 38.46153846153846 0.0
430 42.30769230769231 0.0
431 38.46153846153846 0.0
432 30.76923076923077 0.0
433 30.76923076923077 0.0
434 30.76923076923077 0.0
435 34.61538461538461 0.0
436 34.61538461538461 0.0
437 42.30769230769231 0.0
438 42.30769230769231 0.0
439 42.30769230769231 0.0
440 30.76923076923077 0.0
441 34.61538461538461 0.0
442 30.76923076923077 0.0
443 34.61538461538461 0.0
444 38.46153846153846 0.0
445 38.46153846153846 0.0
446 42.30769230769231 0.0
447 30.76923076923077 0.0
448 38.46153846153846 0.0
449 42.30769230769231 0.0
450 34.61538461538461 0.0
451 46.15384615384615 0.0
452 50.0 0.0
453 46.15384615384615 0.0
454 42.30769230769231 0.0
455 38.46153846153846 0.0
456 34.61538461538461 0.0
457 46.15384615384615 0.0
458 30.76923076923077 0.0
459 34.61538461538461 0.0
460 34.61538461538461 0.0
461 30.76923076923077 0.0
462 26.923076923076923 0.0
463 30.76923076923077 0.0
464 30.76923076923077 0.0
465 30.76923076923077 0.0
466 34.61538461538461 0.0
467 34.61538461538461 0.0
468 42.30769230769231 0.0
469 42.30769230769231 0.0
470 42.30769230769231 0.0
471 46.15384615384615 0.0
472 34.61538461538461 0.0
473 34.61538461538461 0.0
474 34.61538461538461 0.0
475 34.61538461538461 0.0
476 34.61538461538461 0.0
477 34.61538461538461 0.0
478 34.61538461538461 0.0
479 34.61538461538461 0.0
480 34.61538461538461 0.0
481 38.46153846153846 0.0
482 34.61538461538461 0.0
483 34.61538461538461 0.0
484 34.61538461538461 0.0
485 38.46153846153846 0.0
486 30.76923076923077 0.0
487 26.923076923076923 0.0
488 38.46153846153846 0.0
489 34.61538461538461 0.0
490 34.61538461538461 0.0
491 34.61538461538461 0.0
492 34.61538461538461 0.0
493 30.76923076923077 0.0
494 34.61538461538461 0.0
495 34.61538461538461 0.0
496 42.30769230769231 0.0
497 30.76923076923077 0.0
498 30.76923076923077 0.0
499 34.61538461538461 0.0
500 19.23076923076923 0.0
501 19.23076923076923 0.0
502 19.23076923076923 0.0
503 19.23076923076923 0.0
504 19.23076923076923 0.0
505 19.23076923076923 0.0
506 23.076923076923077 0.0
507 23.076923076923077 0.0
508 23.076923076923077 0.0
509 26.923076923076923 0.0
510 23.076923076923077 0.0
511 26.923076923076923 0.0
512 26.923076923076923 0.0
513 23.076923076923077 0.0
514 23.076923076923077 0.0
515 26.923076923076923 0.0
516 15.384615384615385 0.0
517 15.384615384615385 0.0
518 19.23076923076923 0.0
519 19.23076923076923 0.0
520 30.76923076923077 0.0
521 38.46153846153846 0.0
522 30.76923076923077 0.0
523 30.76923076923077 0.0
524 23.076923076923077 0.0
525 26.923076923076923 0.0
526 30.76923076923077 0.0
527 30.76923076923077 0.0
528 30.76923076923077 0.0
529 38.46153846153846 0.0
530 30.76923076923077 0.0
531 38.46153846153846 0.0
532 38.46153846153846 0.0
533 34.61538461538461 0.0
534 34.61538461538461 0.0
535 38.46153846153846 0.0
536 30.76923076923077 0.0
537 23.076923076923077 0.0
538 23.076923076923077 0.0
539 15.384615384615385 0.0
540 23.076923076923077 0.0
541 23.076923076923077 0.0
542 23.076923076923077 0.0
543 38.46153846153846 0.0
544 23.076923076923077 0.0
545 23.076923076923077 0.0
546 30.76923076923077 0.0
547 34.61538461538461 0.0
548 26.923076923076923 0.0
549 30.76923076923077 0.0
550 26.923076923076923 0.0
551 34.61538461538461 0.0
552 34.61538461538461 0.0
553 34.61538461538461 0.0
554 34.61538461538461 0.0
555 34.61538461538461 0.0
556 34.61538461538461 0.0
557 34.61538461538461 0.0
558 34.61538461538461 0.0
559 42.30769230769231 0.0
560 30.76923076923077 0.0
561 34.61538461538461 0.0
562 34.61538461538461 0.0
563 42.30769230769231 0.0
564 42.30769230769231 0.0
565 26.923076923076923 0.0
566 30.76923076923077 0.0
567 30.76923076923077 0.0
568 26.923076923076923 0.0
569 38.46153846153846 0.0
570 34.61538461538461 0.0
571 42.30769230769231 0.0
572 38.46153846153846 0.0
573 34.61538461538461 0.0
574 34.61538461538461 0.0
575 34.61538461538461 0.0
576 42.30769230769231 0.0
577 50.0 0.0
578 50.0 0.0
579 38.46153846153846 0.0
580 34.61538461538461 0.0
581 30.76923076923077 0.0
582 38.46153846153846 0.0
583 34.61538461538461 0.0
584 46.15384615384615 0.0
585 53.84615384615385 0.0
586 30.76923076923077 0.0
587 38.46153846153846 0.0
588 26.923076923076923 0.0
589 26.923076923076923 0.0
590 30.76923076923077 0.0
591 26.923076923076923 0.0
592 34.61538461538461 0.0
593 34.61538461538461 0.0
594 42.30769230769231 0.0
595 34.61538461538461 0.0
596 34.61538461538461 0.0
597 34.61538461538461 0.0
598 30.76923076923077 0.0
599 38.46153846153846 0.0
600 30.76923076923077 0.0
601 30.76923076923077 0.0
602 30.76923076923077 0.0
603 30.76923076923077 0.0
604 30.76923076923077 0.0
605 30.76923076923077 0.0
606 30.76923076923077 0.0
607 34.61538461538461 0.0
608 38.46153846153846 0.0
609 30.76923076923077 0.0
610 30.76923076923077 0.0
611 30.76923076923077 0.0
612 30.76923076923077 0.0
613 30.76923076923077 0.0
614 34.61538461538461 0.0
615 26.923076923076923 0.0
616 26.923076923076923 0.0
617 30.76923076923077 0.0
618 30.76923076923077 0.0
619 30.76923076923077 0.0
620 38.46153846153846 0.0
621 34.61538461538461 0.0
622 34.61538461538461 0.0
623 34.61538461538461 0.0
624 34.61538461538461 0.0
625 34.61538461538461 0.0
626 46.15384615384615 0.0
627 38.46153846153846 0.0
628 42.30769230769231 0.0
629 46.15384615384615 0.0
630 46.15384615384615 0.0
631 38.46153846153846 0.0
632 46.15384615384615 0.0
633 46.15384615384615 0.0
634 42.30769230769231 0.0
635 46.15384615384615 0.0
636 38.46153846153846 0.0
637 46.15384615384615 0.0
638 38.46153846153846 0.0
639 38.46153846153846 0.0
640 46.15384615384615 0.0
641 42.30769230769231 0.0
642 38.46153846153846 0.0
643 38.46153846153846 0.0
644 42.30769230769231 0.0
645 42.30769230769231 0.0
646 34.61538461538461 0.0
647 34.61538461538461 0.0
648 34.61538461538461 0.0
649 34.61538461538461 0.0
650 30.76923076923077 0.0
651 38.46153846153846 0.0
652 38.46153846153846 0.0
653 46.15384615384615 0.0
654 50.0 0.0
655 50.0 0.0
656 46.15384615384615 0.0
657 46.15384615384615 0.0
658 46.15384615384615 0.0
659 50.0 0.0
660 42.30769230769231 0.0
661 38.46153846153846 0.0
662 50.0 0.0
663 57.69230769230769 0.0
664 53.84615384615385 0.0
665 46.15384615384615 0.0
666 46.15384615384615 0.0
667 46.15384615384615 0.0
668 42.30769230769231 0.0
669 53.84615384615385 0.0
670 53.84615384615385 0.0
671 53.84615384615385 0.0
672 57.69230769230769 0.0
673 46.15384615384615 0.0
674 50.0 0.0
675 38.46153846153846 0.0
676 38.46153846153846 0.0
677 42.30769230769231 0.0
678 53.84615384615385 0.0
679 46.15384615384615 0.0
680 34.61538461538461 0.0
681 42.30769230769231 0.0
682 34.61538461538461 0.0
683 38.46153846153846 0.0
684 46.15384615384615 0.0
685 46.15384615384615 0.0
686 30.76923076923077 0.0
687 46.15384615384615 0.0
688 30.76923076923077 0.0
689 46.15384615384615 0.0
690 38.46153846153846 0.0
691 42.30769230769231 0.0
692 46.15384615384615 0.0
693 34.61538461538461 0.0
694 53.84615384615385 0.0
695 46.15384615384615 0.0
696 42.30769230769231 0.0
697 30.76923076923077 0.0
698 46.15384615384615 0.0
699 38.46153846153846 0.0
700 42.30769230769231 0.0
701 26.923076923076923 0.0
702 34.61538461538461 0.0
703 34.61538461538461 0.0
704 38.46153846153846 0.0
705 42.30769230769231 0.0
706 23.076923076923077 0.0
707 46.15384615384615 0.0
708 34.61538461538461 0.0
709 38.46153846153846 0.0
710 42.30769230769231 0.0
711 50.0 0.0
712 42.30769230769231 0.0
713 42.30769230769231 0.0
714 53.84615384615385 0.0
715 26.923076923076923 0.0
716 38.46153846153846 0.0
717 50.0 0.0
718 46.15384615384615 0.0
719 42.30769230769231 0.0
720 42.30769230769231 0.0
721 34.61538461538461 0.0
722 30.76923076923077 0.0
723 38.46153846153846 0.0
724 34.61538461538461 0.0
725 53.84615384615385 0.0
726 42.30769230769231 0.0
727 34.61538461538461 0.0
728 42.30769230769231 0.0
729 38.46153846153846 0.0
730 42.30769230769231 0.0
731 38.46153846153846 0.0
732 53.84615384615385 0.0
733 61.53846153846154 0.0
734 53.84615384615385 0.0
735 61.53846153846154 0.0
736 38.46153846153846 0.0
737 46.15384615384615 0.0
738 46.15384615384615 0.0
739 57.69230769230769 0.0
740 46.15384615384615 0.0
741 42.30769230769231 0.0
742 42.30769230769231 0.0
743 34.61538461538461 0.0
744 46.15384615384615 0.0
745 53.84615384615385 0.0
746 50.0 0.0
747 53.84615384615385 0.0
748 53.84615384615385 0.0
749 42.30769230769231 0.0
750 46.15384615384615 0.0
751 46.15384615384615 0.0
752 42.30769230769231 0.0
753 53.84615384615385 0.0
754 50.0 0.0
755 53.84615384615385 0.0
756 50.0 0.0
757 50.0 0.0
758 50.0 0.0
759 46.15384615384615 0.0
760 50.0 0.0
761 57.69230769230769 0.0
762 53.84615384615385 0.0
763 53.84615384615385 0.0
764 53.84615384615385 0.0
765 53.84615384615385 0.0
766 50.0 0.0
767 53.84615384615385 0.0
768 50.0 0.0
769 46.15384615384615 0.0
770 46.15384615384615 0.0
771 46.15384615384615 0.0
772 50.0 0.0
773 46.15384615384615 0.0
774 50.0 0.0
775 50.0 0.0
776 53.84615384615385 0.0
777 50.0 0.0
778 53.84615384615385 0.0
779 42.30769230769231 0.0
780 46.15384615384615 0.0
781 50.0 0.0
782 46.15384615384615 0.0
783 38.46153846153846 0.0
784 34.61538461538461 0.0
785 42.30769230769231 0.0
786 50.0 0.0
787 30.76923076923077 0.0
788 34.61538461538461 0.0
789 34.61538461538461 0.0
790 15.384615384615385 0.0
791 34.61538461538461 0.0
792 26.923076923076923 0.0
793 26.923076923076923 0.0
794 34.61538461538461 0.0
795 23.076923076923077 0.0
796 26.923076923076923 0.0
797 30.76923076923077 0.0
798 34.61538461538461 0.0
799 42.30769230769231 0.0
800 30.76923076923077 0.0
801 26.923076923076923 0.0
802 42.30769230769231 0.0
803 34.61538461538461 0.0
804 50.0 0.0
805 26.923076923076923 0.0
806 34.61538461538461 0.0
807 30.76923076923077 0.0
808 30.76923076923077 0.0
809 38.46153846153846 0.0
810 38.46153846153846 0.0
811 34.61538461538461 0.0
812 34.61538461538461 0.0
813 34.61538461538461 0.0
814 30.76923076923077 0.0
815 34.61538461538461 0.0
816 26.923076923076923 0.0
817 30.76923076923077 0.0
818 30.76923076923077 0.0
819 30.76923076923077 0.0
820 26.923076923076923 0.0
821 30.76923076923077 0.0
822 26.923076923076923 0.0
823 38.46153846153846 0.0
824 38.46153846153846 0.0
825 38.46153846153846 0.0
826 42.30769230769231 0.0
827 38.46153846153846 0.0
828 46.15384615384615 0.0
829 46.15384615384615 0.0
830 42.30769230769231 0.0
831 42.30769230769231 0.0
832 34.61538461538461 0.0
833 42.30769230769231 0.0
834 42.30769230769231 0.0
835 34.61538461538461 0.0
836 42.30769230769231 0.0
837 30.76923076923077 0.0
838 46.15384615384615 0.0
839 42.30769230769231 0.0
840 38.46153846153846 0.0
841 42.30769230769231 0.0
842 38.46153846153846 0.0
843 30.76923076923077 0.0
844 30.76923076923077 0.0
845 26.923076923076923 0.0
846 26.923076923076923 0.0
847 19.23076923076923 0.0
848 19.23076923076923 0.0
849 26.923076923076923 0.0
850 34.61538461538461 0.0
851 23.076923076923077 0.0
852 30.76923076923077 0.0
853 23.076923076923077 0.0
854 26.923076923076923 0.0
855 23.076923076923077 0.0
856 26.923076923076923 0.0
857 30.76923076923077 0.0
858 23.076923076923077 0.0
859 23.076923076923077 0.0
860 26.923076923076923 0.0
861 30.76923076923077 0.0
862 23.076923076923077 0.0
863 30.76923076923077 0.0
864 34.61538461538461 0.0
865 34.61538461538461 0.0
866 30.76923076923077 0.0
867 30.76923076923077 0.0
868 30.76923076923077 0.0
869 30.76923076923077 0.0
870 26.923076923076923 0.0
871 30.76923076923077 0.0
872 34.61538461538461 0.0
873 42.30769230769231 0.0
874 42.30769230769231 0.0
875 34.61538461538461 0.0
876 23.076923076923077 0.0
877 38.46153846153846 0.0
878 34.61538461538461 0.0
879 34.61538461538461 0.0
880 30.76923076923077 0.0
881 23.076923076923077 0.0
882 30.76923076923077 0.0
883 19.23076923076923 0.0
884 26.923076923076923 0.0
885 26.923076923076923 0.0
886 23.076923076923077 0.0
887 23.076923076923077 0.0
888 34.61538461538461 0.0
889 19.23076923076923 0.0
890 19.23076923076923 0.0
891 19.23076923076923 0.0
892 26.923076923076923 0.0
893 30.76923076923077 0.0
894 19.23076923076923 0.0
895 30.76923076923077 0.0
896 15.384615384615385 0.0
897 26.923076923076923 0.0
898 23.076923076923077 0.0
899 30.76923076923077 0.0
900 26.923076923076923 0.0
901 15.384615384615385 0.0
902 26.923076923076923 0.0
903 23.076923076923077 0.0
904 19.23076923076923 0.0
905 19.23076923076923 0.0
906 19.23076923076923 0.0
907 23.076923076923077 0.0
908 23.076923076923077 0.0
909 26.923076923076923 0.0
910 30.76923076923077 0.0
911 23.076923076923077 0.0
912 26.923076923076923 0.0
913 26.923076923076923 0.0
914 26.923076923076923 0.0
915 19.23076923076923 0.0
916 23.076923076923077 0.0
917 15.384615384615385 0.0
918 19.23076923076923 0.0
919 11.538461538461538 0.0
920 26.923076923076923 0.0
921 26.923076923076923 0.0
922 38.46153846153846 0.0
923 38.46153846153846 0.0
924 30.76923076923077 0.0
925 34.61538461538461 0.0
926 34.61538461538461 0.0
927 30.76923076923077 0.0
928 38.46153846153846 0.0
929 34.61538461538461 0.0
930 34.61538461538461 0.0
931 26.923076923076923 0.0
932 26.923076923076923 0.0
933 26.923076923076923 0.0
934 23.076923076923077 0.0
935 34.61538461538461 0.0
936 38.46153846153846 0.0
937 46.15384615384615 0.0
938 38.46153846153846 0.0
939 46.15384615384615 0.0
940 30.76923076923077 0.0
941 42.30769230769231 0.0
942 38.46153846153846 0.0
943 30.76923076923077 0.0
944 38.46153846153846 0.0
945 34.61538461538461 0.0
946 38.46153846153846 0.0
947 34.61538461538461 0.0
948 34.61538461538461 0.0
949 38.46153846153846 0.0
950 38.46153846153846 0.0
951 34.61538461538461 0.0
952 30.76923076923077 0.0
953 38.46153846153846 0.0
954 38.46153846153846 0.0
955 34.61538461538461 0.0
956 38.46153846153846 0.0
957 30.76923076923077 0.0
958 38.46153846153846 0.0
959 38.46153846153846 0.0
960 34.61538461538461 0.0
961 34.61538461538461 0.0
962 38.46153846153846 0.0
963 38.46153846153846 0.0
964 34.61538461538461 0.0
965 34.61538461538461 0.0
966 34.61538461538461 0.0
967 30.76923076923077 0.0
968 38.46153846153846 0.0
969 34.61538461538461 0.0
970 34.61538461538461 0.0
971 38.46153846153846 0.0
972 38.46153846153846 0.0
973 26.923076923076923 0.0
974 34.61538461538461 0.0
975 26.923076923076923 0.0
976 34.61538461538461 0.0
977 26.923076923076923 0.0
978 34.61538461538461 0.0
979 38.46153846153846 0.0
980 30.76923076923077 0.0
981 34.61538461538461 0.0
982 30.76923076923077 0.0
983 30.76923076923077 0.0
984 30.76923076923077 0.0
985 26.923076923076923 0.0
986 23.076923076923077 0.0
987 30.76923076923077 0.0
988 30.76923076923077 0.0
989 19.23076923076923 0.0
990 30.76923076923077 0.0
991 30.76923076923077 0.0
992 26.923076923076923 0.0
993 23.076923076923077 0.0
994 30.76923076923077 0.0
995 26.923076923076923 0.0
996 26.923076923076923 0.0
997 26.923076923076923 0.0
998 30.76923076923077 0.0
999 19.23076923076923 0.0
