#resid average_duration max_duration persistent_contacts
1 8.42056074766355 106 107
10 8.880597014925373 128 67
11 16.258064516129032 365 62
12 11.504761904761905 199 105
13 10.63448275862069 420 145
14 19.647058823529413 405 102
15 17.192307692307693 317 78
16 13.833333333333334 365 66
17 15.443298969072165 258 97
18 9.421052631578947 210 95
19 6.5777777777777775 86 45
2 7.588785046728972 76 107
20 27.710526315789473 484 76
21 13.678899082568808 360 109
22 14.729166666666666 239 96
23 19.476190476190474 317 63
24 32.8 420 50
25 5.659090909090909 39 44
26 9.947368421052632 61 19
3 16.238095238095237 259 84
4 18.627906976744185 432 86
5 25.300970873786408 484 103
6 11.151898734177216 210 79
7 2.25 4 12
8 10.02 199 150
9 8.070588235294117 108 85
#TOTAL_CONTACTS 16113 for 1000 frames
