#resid average_duration max_duration persistent_contacts
1 14.580645161290322 210 93
10 23.069767441860463 297 43
11 3.375 9 32
12 18.29 266 100
13 17.130434782608695 85 23
14 16.585585585585587 390 111
15 12.885714285714286 136 35
16 9.103896103896103 136 77
17 14.392592592592592 210 135
18 8.165354330708661 140 127
19 24.88 682 50
2 38.77777777777778 257 9
20 3.4545454545454546 15 33
21 43.666666666666664 682 30
22 24.169811320754718 510 53
23 19.431372549019606 510 51
24 12.724137931034482 257 58
25 19.705882352941178 479 34
26 8.161290322580646 85 31
3 5.932203389830509 53 59
4 4.068181818181818 22 44
5 5.571428571428571 34 21
6 12.875 266 104
7 22.52112676056338 424 71
8 13.485714285714286 297 35
9 19.72972972972973 479 37
#TOTAL_CONTACTS 11969 for 1000 frames
