#resid average_duration max_duration persistent_contacts
1 8.1875 86 32
10 14.655172413793103 227 58
11 4.6173913043478265 66 115
12 3.7 8 10
13 19.15277777777778 277 72
14 18.27857142857143 422 140
15 22.48 562 100
16 12.96 249 50
17 14.778761061946902 277 113
18 10.96875 249 64
19 13.18867924528302 193 53
2 22.625 562 56
20 19.742424242424242 359 66
21 10.697368421052632 90 76
22 12.44 176 100
23 14.282051282051283 223 39
24 7.714285714285714 91 98
25 22.972972972972972 422 111
26 13.4375 319 64
3 12.287671232876713 395 73
4 6.555555555555555 57 45
5 7.897058823529412 73 68
6 21.607142857142858 223 28
7 11.608695652173912 359 138
8 12.872093023255815 319 86
9 20.551724137931036 308 87
#TOTAL_CONTACTS 14973 for 1000 frames
