#resid average_duration max_duration persistent_contacts
1 4.464285714285714 32 84
10 12.704545454545455 149 88
11 32.029411764705884 410 34
12 14.643835616438356 354 73
13 24.482142857142858 337 56
14 20.59375 287 32
15 27.907692307692308 402 65
16 7.073170731707317 57 41
17 6.805555555555555 34 36
18 5.2105263157894735 32 57
19 13.028169014084508 118 71
2 17.8 303 60
20 19.40909090909091 287 22
21 4.5 24 36
22 23.956521739130434 373 46
23 14.546875 410 64
24 5.957142857142857 35 70
25 5.3076923076923075 28 26
26 17.304878048780488 402 82
3 35.15384615384615 398 52
4 8.22 71 50
5 13.956521739130435 444 92
6 13.927536231884059 294 69
7 23.419354838709676 354 62
8 49.970588235294116 444 34
9 27.09259259259259 249 54
#TOTAL_CONTACTS 12940 for 1000 frames
