#resid average_duration max_duration persistent_contacts
1 28.906976744186046 403 43
10 11.032786885245901 112 122
11 32.58620689655172 519 58
12 11.935483870967742 150 31
13 19.30252100840336 367 119
14 16.7 177 20
15 14.732824427480915 367 131
16 20.263736263736263 312 91
17 16.785714285714285 189 84
18 16.289156626506024 253 83
19 12.02247191011236 112 89
2 11.172413793103448 150 58
20 14.075 177 40
21 18.330578512396695 519 121
22 8.443181818181818 93 88
23 8.75 46 8
24 16.215827338129497 253 139
25 19.392156862745097 312 102
26 38.205882352941174 403 34
3 7.495798319327731 65 119
4 40.375 237 16
5 13.272727272727273 231 143
6 3.5 14 24
7 41.92307692307692 237 13
8 10.113772455089821 96 167
9 14.2 208 95
#TOTAL_CONTACTS 17159 for 1000 frames
