#frame monomers_% popc_isolated_%
0 73.07692307692308 0.0
1 84.61538461538461 0.0
2 100.0 0.0
3 100.0 0.0
4 100.0 0.0
5 92.3076923076923 0.0
6 92.3076923076923 0.0
7 100.0 0.0
8 100.0 0.0
9 100.0 0.0
10 100.0 0.0
11 92.3076923076923 0.0
12 92.3076923076923 0.0
13 92.3076923076923 0.0
14 80.76923076923077 0.0
15 92.3076923076923 0.0
16 100.0 0.0
17 100.0 0.0
18 92.3076923076923 0.0
19 84.61538461538461 0.0
20 69.23076923076923 0.0
21 76.92307692307692 0.0
22 84.61538461538461 0.0
23 88.46153846153847 0.0
24 80.76923076923077 0.0
25 80.76923076923077 0.0
26 84.61538461538461 0.0
27 92.3076923076923 0.0
28 92.3076923076923 0.0
29 88.46153846153847 0.0
30 76.92307692307692 0.0
31 73.07692307692308 0.0
32 76.92307692307692 0.0
33 88.46153846153847 0.0
34 92.3076923076923 0.0
35 84.61538461538461 0.0
36 84.61538461538461 0.0
37 92.3076923076923 0.0
38 92.3076923076923 0.0
39 92.3076923076923 0.0
40 84.61538461538461 0.0
41 92.3076923076923 0.0
42 100.0 0.0
43 92.3076923076923 0.0
44 100.0 0.0
45 92.3076923076923 0.0
46 84.61538461538461 0.0
47 76.92307692307692 0.0
48 84.61538461538461 0.0
49 69.23076923076923 0.0
50 92.3076923076923 0.0
51 73.07692307692308 0.0
52 73.07692307692308 0.0
53 84.61538461538461 0.0
54 92.3076923076923 0.0
55 100.0 0.0
56 92.3076923076923 0.0
57 84.61538461538461 0.0
58 84.61538461538461 0.0
59 84.61538461538461 0.0
60 84.61538461538461 0.0
61 92.3076923076923 0.0
62 92.3076923076923 0.0
63 92.3076923076923 0.0
64 84.61538461538461 0.0
65 100.0 0.0
66 92.3076923076923 0.0
67 92.3076923076923 0.0
68 100.0 0.0
69 92.3076923076923 0.0
70 69.23076923076923 0.0
71 76.92307692307692 0.0
72 84.61538461538461 0.0
73 61.53846153846154 0.0
74 84.61538461538461 0.0
75 76.92307692307692 0.0
76 84.61538461538461 0.0
77 100.0 0.0
78 80.76923076923077 0.0
79 84.61538461538461 0.0
80 80.76923076923077 0.0
81 92.3076923076923 0.0
82 92.3076923076923 0.0
83 84.61538461538461 0.0
84 92.3076923076923 0.0
85 84.61538461538461 0.0
86 84.61538461538461 0.0
87 76.92307692307692 0.0
88 92.3076923076923 0.0
89 84.61538461538461 0.0
90 84.61538461538461 0.0
91 92.3076923076923 0.0
92 84.61538461538461 0.0
93 76.92307692307692 0.0
94 76.92307692307692 0.0
95 88.46153846153847 0.0
96 84.61538461538461 0.0
97 92.3076923076923 0.0
98 92.3076923076923 0.0
99 92.3076923076923 0.0
100 100.0 0.0
101 92.3076923076923 0.0
102 84.61538461538461 0.0
103 92.3076923076923 0.0
104 88.46153846153847 0.0
105 84.61538461538461 0.0
106 80.76923076923077 0.0
107 84.61538461538461 0.0
108 92.3076923076923 0.0
109 92.3076923076923 0.0
110 100.0 0.0
111 92.3076923076923 0.0
112 92.3076923076923 0.0
113 92.3076923076923 0.0
114 92.3076923076923 0.0
115 92.3076923076923 0.0
116 84.61538461538461 0.0
117 100.0 0.0
118 92.3076923076923 0.0
119 92.3076923076923 0.0
120 92.3076923076923 0.0
121 92.3076923076923 0.0
122 76.92307692307692 0.0
123 76.92307692307692 0.0
124 61.53846153846154 0.0
125 76.92307692307692 0.0
126 84.61538461538461 0.0
127 84.61538461538461 0.0
128 84.61538461538461 0.0
129 84.61538461538461 0.0
130 92.3076923076923 0.0
131 84.61538461538461 0.0
132 92.3076923076923 0.0
133 100.0 0.0
134 100.0 0.0
135 92.3076923076923 0.0
136 100.0 0.0
137 92.3076923076923 0.0
138 80.76923076923077 0.0
139 92.3076923076923 0.0
140 76.92307692307692 0.0
141 76.92307692307692 0.0
142 84.61538461538461 0.0
143 84.61538461538461 0.0
144 61.53846153846154 0.0
145 100.0 0.0
146 76.92307692307692 0.0
147 84.61538461538461 0.0
148 76.92307692307692 0.0
149 92.3076923076923 0.0
150 92.3076923076923 0.0
151 100.0 0.0
152 92.3076923076923 0.0
153 100.0 0.0
154 92.3076923076923 0.0
155 84.61538461538461 0.0
156 92.3076923076923 0.0
157 92.3076923076923 0.0
158 100.0 0.0
159 80.76923076923077 0.0
160 84.61538461538461 0.0
161 76.92307692307692 0.0
162 84.61538461538461 0.0
163 84.61538461538461 0.0
164 76.92307692307692 0.0
165 76.92307692307692 0.0
166 76.92307692307692 0.0
167 69.23076923076923 0.0
168 84.61538461538461 0.0
169 84.61538461538461 0.0
170 76.92307692307692 0.0
171 61.53846153846154 0.0
172 84.61538461538461 0.0
173 84.61538461538461 0.0
174 92.3076923076923 0.0
175 76.92307692307692 0.0
176 92.3076923076923 0.0
177 84.61538461538461 0.0
178 84.61538461538461 0.0
179 76.92307692307692 0.0
180 84.61538461538461 0.0
181 73.07692307692308 0.0
182 84.61538461538461 0.0
183 76.92307692307692 0.0
184 69.23076923076923 0.0
185 84.61538461538461 0.0
186 76.92307692307692 0.0
187 76.92307692307692 0.0
188 69.23076923076923 0.0
189 92.3076923076923 0.0
190 92.3076923076923 0.0
191 84.61538461538461 0.0
192 84.61538461538461 0.0
193 84.61538461538461 0.0
194 76.92307692307692 0.0
195 76.92307692307692 0.0
196 69.23076923076923 0.0
197 76.92307692307692 0.0
198 92.3076923076923 0.0
199 92.3076923076923 0.0
200 100.0 0.0
201 100.0 0.0
202 100.0 0.0
203 84.61538461538461 0.0
204 100.0 0.0
205 92.3076923076923 0.0
206 92.3076923076923 0.0
207 84.61538461538461 0.0
208 84.61538461538461 0.0
209 84.61538461538461 0.0
210 84.61538461538461 0.0
211 92.3076923076923 0.0
212 100.0 0.0
213 100.0 0.0
214 84.61538461538461 0.0
215 84.61538461538461 0.0
216 92.3076923076923 0.0
217 92.3076923076923 0.0
218 84.61538461538461 0.0
219 84.61538461538461 0.0
220 100.0 0.0
221 92.3076923076923 0.0
222 88.46153846153847 0.0
223 84.61538461538461 0.0
224 84.61538461538461 0.0
225 100.0 0.0
226 92.3076923076923 0.0
227 100.0 0.0
228 76.92307692307692 0.0
229 92.3076923076923 0.0
230 92.3076923076923 0.0
231 92.3076923076923 0.0
232 92.3076923076923 0.0
233 100.0 0.0
234 100.0 0.0
235 92.3076923076923 0.0
236 65.38461538461539 0.0
237 100.0 0.0
238 76.92307692307692 0.0
239 73.07692307692308 0.0
240 80.76923076923077 0.0
241 65.38461538461539 0.0
242 65.38461538461539 0.0
243 65.38461538461539 0.0
244 69.23076923076923 0.0
245 80.76923076923077 0.0
246 73.07692307692308 0.0
247 88.46153846153847 0.0
248 84.61538461538461 0.0
249 80.76923076923077 0.0
250 84.61538461538461 0.0
251 76.92307692307692 0.0
252 76.92307692307692 0.0
253 69.23076923076923 0.0
254 84.61538461538461 0.0
255 76.92307692307692 0.0
256 84.61538461538461 0.0
257 73.07692307692308 0.0
258 88.46153846153847 0.0
259 84.61538461538461 0.0
260 100.0 0.0
261 92.3076923076923 0.0
262 84.61538461538461 0.0
263 88.46153846153847 0.0
264 84.61538461538461 0.0
265 100.0 0.0
266 80.76923076923077 0.0
267 76.92307692307692 0.0
268 73.07692307692308 0.0
269 80.76923076923077 0.0
270 84.61538461538461 0.0
271 84.61538461538461 0.0
272 84.61538461538461 0.0
273 80.76923076923077 0.0
274 100.0 0.0
275 84.61538461538461 0.0
276 76.92307692307692 0.0
277 92.3076923076923 0.0
278 92.3076923076923 0.0
279 92.3076923076923 0.0
280 92.3076923076923 0.0
281 84.61538461538461 0.0
282 100.0 0.0
283 80.76923076923077 0.0
284 92.3076923076923 0.0
285 92.3076923076923 0.0
286 92.3076923076923 0.0
287 84.61538461538461 0.0
288 84.61538461538461 0.0
289 80.76923076923077 0.0
290 76.92307692307692 0.0
291 84.61538461538461 0.0
292 84.61538461538461 0.0
293 76.92307692307692 0.0
294 61.53846153846154 0.0
295 61.53846153846154 0.0
296 73.07692307692308 0.0
297 76.92307692307692 0.0
298 92.3076923076923 0.0
299 80.76923076923077 0.0
300 65.38461538461539 0.0
301 84.61538461538461 0.0
302 84.61538461538461 0.0
303 76.92307692307692 0.0
304 84.61538461538461 0.0
305 80.76923076923077 0.0
306 80.76923076923077 0.0
307 80.76923076923077 0.0
308 73.07692307692308 0.0
309 76.92307692307692 0.0
310 92.3076923076923 0.0
311 84.61538461538461 0.0
312 76.92307692307692 0.0
313 69.23076923076923 0.0
314 84.61538461538461 0.0
315 69.23076923076923 0.0
316 76.92307692307692 0.0
317 84.61538461538461 0.0
318 100.0 0.0
319 76.92307692307692 0.0
320 84.61538461538461 0.0
321 84.61538461538461 0.0
322 84.61538461538461 0.0
323 69.23076923076923 0.0
324 92.3076923076923 0.0
325 73.07692307692308 0.0
326 84.61538461538461 0.0
327 80.76923076923077 0.0
328 80.76923076923077 0.0
329 84.61538461538461 0.0
330 73.07692307692308 0.0
331 80.76923076923077 0.0
332 65.38461538461539 0.0
333 69.23076923076923 0.0
334 80.76923076923077 0.0
335 76.92307692307692 0.0
336 76.92307692307692 0.0
337 80.76923076923077 0.0
338 92.3076923076923 0.0
339 92.3076923076923 0.0
340 84.61538461538461 0.0
341 76.92307692307692 0.0
342 88.46153846153847 0.0
343 88.46153846153847 0.0
344 80.76923076923077 0.0
345 92.3076923076923 0.0
346 80.76923076923077 0.0
347 84.61538461538461 0.0
348 92.3076923076923 0.0
349 84.61538461538461 0.0
350 84.61538461538461 0.0
351 80.76923076923077 0.0
352 76.92307692307692 0.0
353 73.07692307692308 0.0
354 92.3076923076923 0.0
355 100.0 0.0
356 100.0 0.0
357 100.0 0.0
358 92.3076923076923 0.0
359 100.0 0.0
360 100.0 0.0
361 100.0 0.0
362 76.92307692307692 0.0
363 92.3076923076923 0.0
364 88.46153846153847 0.0
365 84.61538461538461 0.0
366 100.0 0.0
367 100.0 0.0
368 84.61538461538461 0.0
369 76.92307692307692 0.0
370 100.0 0.0
371 84.61538461538461 0.0
372 100.0 0.0
373 92.3076923076923 0.0
374 80.76923076923077 0.0
375 80.76923076923077 0.0
376 76.92307692307692 0.0
377 92.3076923076923 0.0
378 100.0 0.0
379 92.3076923076923 0.0
380 73.07692307692308 0.0
381 76.92307692307692 0.0
382 76.92307692307692 0.0
383 84.61538461538461 0.0
384 69.23076923076923 0.0
385 69.23076923076923 0.0
386 80.76923076923077 0.0
387 84.61538461538461 0.0
388 84.61538461538461 0.0
389 76.92307692307692 0.0
390 76.92307692307692 0.0
391 73.07692307692308 0.0
392 80.76923076923077 0.0
393 84.61538461538461 0.0
394 92.3076923076923 0.0
395 84.61538461538461 0.0
396 84.61538461538461 0.0
397 92.3076923076923 0.0
398 100.0 0.0
399 100.0 0.0
400 92.3076923076923 0.0
401 84.61538461538461 0.0
402 100.0 0.0
403 84.61538461538461 0.0
404 92.3076923076923 0.0
405 84.61538461538461 0.0
406 88.46153846153847 0.0
407 73.07692307692308 0.0
408 84.61538461538461 0.0
409 84.61538461538461 0.0
410 76.92307692307692 0.0
411 76.92307692307692 0.0
412 92.3076923076923 0.0
413 84.61538461538461 0.0
414 84.61538461538461 0.0
415 84.61538461538461 0.0
416 84.61538461538461 0.0
417 100.0 0.0
418 100.0 0.0
419 92.3076923076923 0.0
420 92.3076923076923 0.0
421 88.46153846153847 0.0
422 84.61538461538461 0.0
423 92.3076923076923 0.0
424 100.0 0.0
425 100.0 0.0
426 100.0 0.0
427 100.0 0.0
428 92.3076923076923 0.0
429 100.0 0.0
430 100.0 0.0
431 84.61538461538461 0.0
432 92.3076923076923 0.0
433 100.0 0.0
434 92.3076923076923 0.0
435 88.46153846153847 0.0
436 73.07692307692308 0.0
437 92.3076923076923 0.0
438 84.61538461538461 0.0
439 84.61538461538461 0.0
440 80.76923076923077 0.0
441 80.76923076923077 0.0
442 92.3076923076923 0.0
443 92.3076923076923 0.0
444 92.3076923076923 0.0
445 92.3076923076923 0.0
446 92.3076923076923 0.0
447 92.3076923076923 0.0
448 84.61538461538461 0.0
449 69.23076923076923 0.0
450 69.23076923076923 0.0
451 69.23076923076923 0.0
452 76.92307692307692 0.0
453 84.61538461538461 0.0
454 92.3076923076923 0.0
455 84.61538461538461 0.0
456 84.61538461538461 0.0
457 92.3076923076923 0.0
458 80.76923076923077 0.0
459 92.3076923076923 0.0
460 80.76923076923077 0.0
461 76.92307692307692 0.0
462 92.3076923076923 0.0
463 84.61538461538461 0.0
464 69.23076923076923 0.0
465 73.07692307692308 0.0
466 69.23076923076923 0.0
467 65.38461538461539 0.0
468 73.07692307692308 0.0
469 84.61538461538461 0.0
470 92.3076923076923 0.0
471 84.61538461538461 0.0
472 80.76923076923077 0.0
473 84.61538461538461 0.0
474 92.3076923076923 0.0
475 84.61538461538461 0.0
476 84.61538461538461 0.0
477 84.61538461538461 0.0
478 88.46153846153847 0.0
479 76.92307692307692 0.0
480 100.0 0.0
481 84.61538461538461 0.0
482 88.46153846153847 0.0
483 88.46153846153847 0.0
484 88.46153846153847 0.0
485 88.46153846153847 0.0
486 80.76923076923077 0.0
487 88.46153846153847 0.0
488 92.3076923076923 0.0
489 84.61538461538461 0.0
490 92.3076923076923 0.0
491 92.3076923076923 0.0
492 100.0 0.0
493 100.0 0.0
494 100.0 0.0
495 100.0 0.0
496 92.3076923076923 0.0
497 100.0 0.0
498 100.0 0.0
499 100.0 0.0
500 100.0 0.0
501 100.0 0.0
502 100.0 0.0
503 100.0 0.0
504 92.3076923076923 0.0
505 100.0 0.0
506 92.3076923076923 0.0
507 76.92307692307692 0.0
508 92.3076923076923 0.0
509 92.3076923076923 0.0
510 92.3076923076923 0.0
511 84.61538461538461 0.0
512 84.61538461538461 0.0
513 73.07692307692308 0.0
514 69.23076923076923 0.0
515 69.23076923076923 0.0
516 92.3076923076923 0.0
517 84.61538461538461 0.0
518 88.46153846153847 0.0
519 80.76923076923077 0.0
520 80.76923076923077 0.0
521 61.53846153846154 0.0
522 61.53846153846154 0.0
523 76.92307692307692 0.0
524 69.23076923076923 0.0
525 92.3076923076923 0.0
526 76.92307692307692 0.0
527 61.53846153846154 0.0
528 73.07692307692308 0.0
529 76.92307692307692 0.0
530 69.23076923076923 0.0
531 76.92307692307692 0.0
532 65.38461538461539 0.0
533 88.46153846153847 0.0
534 88.46153846153847 0.0
535 73.07692307692308 0.0
536 92.3076923076923 0.0
537 92.3076923076923 0.0
538 76.92307692307692 0.0
539 92.3076923076923 0.0
540 88.46153846153847 0.0
541 80.76923076923077 0.0
542 88.46153846153847 0.0
543 100.0 0.0
544 84.61538461538461 0.0
545 92.3076923076923 0.0
546 100.0 0.0
547 84.61538461538461 0.0
548 92.3076923076923 0.0
549 100.0 0.0
550 76.92307692307692 0.0
551 92.3076923076923 0.0
552 92.3076923076923 0.0
553 92.3076923076923 0.0
554 84.61538461538461 0.0
555 100.0 0.0
556 92.3076923076923 0.0
557 84.61538461538461 0.0
558 92.3076923076923 0.0
559 100.0 0.0
560 100.0 0.0
561 100.0 0.0
562 92.3076923076923 0.0
563 84.61538461538461 0.0
564 92.3076923076923 0.0
565 80.76923076923077 0.0
566 84.61538461538461 0.0
567 84.61538461538461 0.0
568 84.61538461538461 0.0
569 76.92307692307692 0.0
570 76.92307692307692 0.0
571 92.3076923076923 0.0
572 92.3076923076923 0.0
573 92.3076923076923 0.0
574 92.3076923076923 0.0
575 84.61538461538461 0.0
576 92.3076923076923 0.0
577 100.0 0.0
578 92.3076923076923 0.0
579 100.0 0.0
580 100.0 0.0
581 100.0 0.0
582 92.3076923076923 0.0
583 100.0 0.0
584 84.61538461538461 0.0
585 76.92307692307692 0.0
586 76.92307692307692 0.0
587 88.46153846153847 0.0
588 92.3076923076923 0.0
589 92.3076923076923 0.0
590 84.61538461538461 0.0
591 100.0 0.0
592 76.92307692307692 0.0
593 92.3076923076923 0.0
594 92.3076923076923 0.0
595 92.3076923076923 0.0
596 84.61538461538461 0.0
597 92.3076923076923 0.0
598 92.3076923076923 0.0
599 92.3076923076923 0.0
600 84.61538461538461 0.0
601 92.3076923076923 0.0
602 92.3076923076923 0.0
603 92.3076923076923 0.0
604 84.61538461538461 0.0
605 92.3076923076923 0.0
606 84.61538461538461 0.0
607 92.3076923076923 0.0
608 92.3076923076923 0.0
609 76.92307692307692 0.0
610 92.3076923076923 0.0
611 84.61538461538461 0.0
612 76.92307692307692 0.0
613 84.61538461538461 0.0
614 92.3076923076923 0.0
615 73.07692307692308 0.0
616 73.07692307692308 0.0
617 92.3076923076923 0.0
618 92.3076923076923 0.0
619 92.3076923076923 0.0
620 100.0 0.0
621 100.0 0.0
622 100.0 0.0
623 100.0 0.0
624 92.3076923076923 0.0
625 100.0 0.0
626 100.0 0.0
627 100.0 0.0
628 84.61538461538461 0.0
629 84.61538461538461 0.0
630 76.92307692307692 0.0
631 92.3076923076923 0.0
632 84.61538461538461 0.0
633 92.3076923076923 0.0
634 92.3076923076923 0.0
635 84.61538461538461 0.0
636 84.61538461538461 0.0
637 92.3076923076923 0.0
638 84.61538461538461 0.0
639 100.0 0.0
640 92.3076923076923 0.0
641 84.61538461538461 0.0
642 92.3076923076923 0.0
643 84.61538461538461 0.0
644 76.92307692307692 0.0
645 92.3076923076923 0.0
646 92.3076923076923 0.0
647 92.3076923076923 0.0
648 92.3076923076923 0.0
649 73.07692307692308 0.0
650 84.61538461538461 0.0
651 84.61538461538461 0.0
652 76.92307692307692 0.0
653 69.23076923076923 0.0
654 100.0 0.0
655 76.92307692307692 0.0
656 92.3076923076923 0.0
657 100.0 0.0
658 92.3076923076923 0.0
659 84.61538461538461 0.0
660 92.3076923076923 0.0
661 76.92307692307692 0.0
662 84.61538461538461 0.0
663 76.92307692307692 0.0
664 73.07692307692308 0.0
665 92.3076923076923 0.0
666 76.92307692307692 0.0
667 76.92307692307692 0.0
668 76.92307692307692 0.0
669 92.3076923076923 0.0
670 100.0 0.0
671 84.61538461538461 0.0
672 92.3076923076923 0.0
673 61.53846153846154 0.0
674 76.92307692307692 0.0
675 92.3076923076923 0.0
676 92.3076923076923 0.0
677 84.61538461538461 0.0
678 92.3076923076923 0.0
679 76.92307692307692 0.0
680 92.3076923076923 0.0
681 84.61538461538461 0.0
682 92.3076923076923 0.0
683 92.3076923076923 0.0
684 92.3076923076923 0.0
685 92.3076923076923 0.0
686 92.3076923076923 0.0
687 92.3076923076923 0.0
688 92.3076923076923 0.0
689 100.0 0.0
690 100.0 0.0
691 88.46153846153847 0.0
692 100.0 0.0
693 100.0 0.0
694 100.0 0.0
695 92.3076923076923 0.0
696 100.0 0.0
697 92.3076923076923 0.0
698 84.61538461538461 0.0
699 92.3076923076923 0.0
700 84.61538461538461 0.0
701 92.3076923076923 0.0
702 92.3076923076923 0.0
703 100.0 0.0
704 92.3076923076923 0.0
705 84.61538461538461 0.0
706 100.0 0.0
707 100.0 0.0
708 100.0 0.0
709 92.3076923076923 0.0
710 100.0 0.0
711 100.0 0.0
712 100.0 0.0
713 100.0 0.0
714 92.3076923076923 0.0
715 92.3076923076923 0.0
716 92.3076923076923 0.0
717 84.61538461538461 0.0
718 100.0 0.0
719 100.0 0.0
720 92.3076923076923 0.0
721 100.0 0.0
722 92.3076923076923 0.0
723 100.0 0.0
724 100.0 0.0
725 100.0 0.0
726 100.0 0.0
727 84.61538461538461 0.0
728 84.61538461538461 0.0
729 92.3076923076923 0.0
730 92.3076923076923 0.0
731 100.0 0.0
732 100.0 0.0
733 92.3076923076923 0.0
734 84.61538461538461 0.0
735 84.61538461538461 0.0
736 92.3076923076923 0.0
737 100.0 0.0
738 100.0 0.0
739 100.0 0.0
740 92.3076923076923 0.0
741 100.0 0.0
742 100.0 0.0
743 92.3076923076923 0.0
744 92.3076923076923 0.0
745 92.3076923076923 0.0
746 92.3076923076923 0.0
747 92.3076923076923 0.0
748 92.3076923076923 0.0
749 100.0 0.0
750 92.3076923076923 0.0
751 92.3076923076923 0.0
752 92.3076923076923 0.0
753 84.61538461538461 0.0
754 84.61538461538461 0.0
755 92.3076923076923 0.0
756 84.61538461538461 0.0
757 92.3076923076923 0.0
758 92.3076923076923 0.0
759 84.61538461538461 0.0
760 92.3076923076923 0.0
761 100.0 0.0
762 92.3076923076923 0.0
763 76.92307692307692 0.0
764 92.3076923076923 0.0
765 84.61538461538461 0.0
766 76.92307692307692 0.0
767 84.61538461538461 0.0
768 92.3076923076923 0.0
769 92.3076923076923 0.0
770 92.3076923076923 0.0
771 92.3076923076923 0.0
772 84.61538461538461 0.0
773 92.3076923076923 0.0
774 92.3076923076923 0.0
775 92.3076923076923 0.0
776 100.0 0.0
777 92.3076923076923 0.0
778 76.92307692307692 0.0
779 69.23076923076923 0.0
780 92.3076923076923 0.0
781 92.3076923076923 0.0
782 84.61538461538461 0.0
783 69.23076923076923 0.0
784 69.23076923076923 0.0
785 92.3076923076923 0.0
786 100.0 0.0
787 84.61538461538461 0.0
788 92.3076923076923 0.0
789 84.61538461538461 0.0
790 84.61538461538461 0.0
791 76.92307692307692 0.0
792 84.61538461538461 0.0
793 92.3076923076923 0.0
794 92.3076923076923 0.0
795 100.0 0.0
796 92.3076923076923 0.0
797 92.3076923076923 0.0
798 84.61538461538461 0.0
799 84.61538461538461 0.0
800 92.3076923076923 0.0
801 100.0 0.0
802 100.0 0.0
803 92.3076923076923 0.0
804 100.0 0.0
805 84.61538461538461 0.0
806 92.3076923076923 0.0
807 100.0 0.0
808 84.61538461538461 0.0
809 84.61538461538461 0.0
810 100.0 0.0
811 76.92307692307692 0.0
812 84.61538461538461 0.0
813 84.61538461538461 0.0
814 76.92307692307692 0.0
815 69.23076923076923 0.0
816 84.61538461538461 0.0
817 84.61538461538461 0.0
818 100.0 0.0
819 100.0 0.0
820 100.0 0.0
821 92.3076923076923 0.0
822 92.3076923076923 0.0
823 92.3076923076923 0.0
824 76.92307692307692 0.0
825 84.61538461538461 0.0
826 84.61538461538461 0.0
827 92.3076923076923 0.0
828 92.3076923076923 0.0
829 92.3076923076923 0.0
830 100.0 0.0
831 100.0 0.0
832 84.61538461538461 0.0
833 92.3076923076923 0.0
834 92.3076923076923 0.0
835 76.92307692307692 0.0
836 100.0 0.0
837 84.61538461538461 0.0
838 92.3076923076923 0.0
839 100.0 0.0
840 100.0 0.0
841 92.3076923076923 0.0
842 92.3076923076923 0.0
843 92.3076923076923 0.0
844 100.0 0.0
845 92.3076923076923 0.0
846 100.0 0.0
847 100.0 0.0
848 100.0 0.0
849 84.61538461538461 0.0
850 69.23076923076923 0.0
851 92.3076923076923 0.0
852 100.0 0.0
853 100.0 0.0
854 100.0 0.0
855 100.0 0.0
856 100.0 0.0
857 80.76923076923077 0.0
858 88.46153846153847 0.0
859 73.07692307692308 0.0
860 76.92307692307692 0.0
861 76.92307692307692 0.0
862 92.3076923076923 0.0
863 92.3076923076923 0.0
864 88.46153846153847 0.0
865 84.61538461538461 0.0
866 84.61538461538461 0.0
867 100.0 0.0
868 76.92307692307692 0.0
869 84.61538461538461 0.0
870 92.3076923076923 0.0
871 92.3076923076923 0.0
872 100.0 0.0
873 84.61538461538461 0.0
874 92.3076923076923 0.0
875 92.3076923076923 0.0
876 76.92307692307692 0.0
877 100.0 0.0
878 84.61538461538461 0.0
879 84.61538461538461 0.0
880 80.76923076923077 0.0
881 80.76923076923077 0.0
882 88.46153846153847 0.0
883 76.92307692307692 0.0
884 92.3076923076923 0.0
885 84.61538461538461 0.0
886 92.3076923076923 0.0
887 88.46153846153847 0.0
888 100.0 0.0
889 92.3076923076923 0.0
890 100.0 0.0
891 92.3076923076923 0.0
892 100.0 0.0
893 69.23076923076923 0.0
894 69.23076923076923 0.0
895 100.0 0.0
896 100.0 0.0
897 100.0 0.0
898 84.61538461538461 0.0
899 92.3076923076923 0.0
900 73.07692307692308 0.0
901 84.61538461538461 0.0
902 84.61538461538461 0.0
903 69.23076923076923 0.0
904 69.23076923076923 0.0
905 92.3076923076923 0.0
906 92.3076923076923 0.0
907 100.0 0.0
908 100.0 0.0
909 84.61538461538461 0.0
910 76.92307692307692 0.0
911 84.61538461538461 0.0
912 84.61538461538461 0.0
913 92.3076923076923 0.0
914 92.3076923076923 0.0
915 100.0 0.0
916 92.3076923076923 0.0
917 92.3076923076923 0.0
918 92.3076923076923 0.0
919 92.3076923076923 0.0
920 92.3076923076923 0.0
921 84.61538461538461 0.0
922 92.3076923076923 0.0
923 100.0 0.0
924 84.61538461538461 0.0
925 76.92307692307692 0.0
926 92.3076923076923 0.0
927 84.61538461538461 0.0
928 100.0 0.0
929 84.61538461538461 0.0
930 100.0 0.0
931 92.3076923076923 0.0
932 92.3076923076923 0.0
933 84.61538461538461 0.0
934 92.3076923076923 0.0
935 100.0 0.0
936 92.3076923076923 0.0
937 92.3076923076923 0.0
938 84.61538461538461 0.0
939 84.61538461538461 0.0
940 92.3076923076923 0.0
941 92.3076923076923 0.0
942 84.61538461538461 0.0
943 92.3076923076923 0.0
944 100.0 0.0
945 92.3076923076923 0.0
946 92.3076923076923 0.0
947 76.92307692307692 0.0
948 84.61538461538461 0.0
949 84.61538461538461 0.0
950 100.0 0.0
951 100.0 0.0
952 92.3076923076923 0.0
953 76.92307692307692 0.0
954 76.92307692307692 0.0
955 69.23076923076923 0.0
956 69.23076923076923 0.0
957 73.07692307692308 0.0
958 73.07692307692308 0.0
959 69.23076923076923 0.0
960 76.92307692307692 0.0
961 84.61538461538461 0.0
962 84.61538461538461 0.0
963 76.92307692307692 0.0
964 84.61538461538461 0.0
965 92.3076923076923 0.0
966 76.92307692307692 0.0
967 88.46153846153847 0.0
968 84.61538461538461 0.0
969 76.92307692307692 0.0
970 76.92307692307692 0.0
971 92.3076923076923 0.0
972 84.61538461538461 0.0
973 92.3076923076923 0.0
974 84.61538461538461 0.0
975 84.61538461538461 0.0
976 80.76923076923077 0.0
977 84.61538461538461 0.0
978 80.76923076923077 0.0
979 76.92307692307692 0.0
980 100.0 0.0
981 100.0 0.0
982 100.0 0.0
983 100.0 0.0
984 100.0 0.0
985 100.0 0.0
986 100.0 0.0
987 100.0 0.0
988 100.0 0.0
989 100.0 0.0
990 100.0 0.0
991 100.0 0.0
992 100.0 0.0
993 92.3076923076923 0.0
994 92.3076923076923 0.0
995 92.3076923076923 0.0
996 100.0 0.0
997 100.0 0.0
998 100.0 0.0
999 100.0 0.0
