#frame monomers_% popc_isolated_%
0 84.61538461538461 0.0
1 84.61538461538461 0.0
2 92.3076923076923 0.0
3 100.0 0.0
4 92.3076923076923 0.0
5 76.92307692307692 0.0
6 100.0 0.0
7 84.61538461538461 0.0
8 84.61538461538461 0.0
9 100.0 0.0
10 92.3076923076923 0.0
11 100.0 0.0
12 92.3076923076923 0.0
13 84.61538461538461 0.0
14 100.0 0.0
15 92.3076923076923 0.0
16 92.3076923076923 0.0
17 84.61538461538461 0.0
18 100.0 0.0
19 92.3076923076923 0.0
20 100.0 0.0
21 92.3076923076923 0.0
22 92.3076923076923 0.0
23 92.3076923076923 0.0
24 84.61538461538461 0.0
25 84.61538461538461 0.0
26 76.92307692307692 0.0
27 84.61538461538461 0.0
28 76.92307692307692 0.0
29 84.61538461538461 0.0
30 92.3076923076923 0.0
31 84.61538461538461 0.0
32 76.92307692307692 0.0
33 84.61538461538461 0.0
34 92.3076923076923 0.0
35 92.3076923076923 0.0
36 92.3076923076923 0.0
37 84.61538461538461 0.0
38 92.3076923076923 0.0
39 84.61538461538461 0.0
40 92.3076923076923 0.0
41 92.3076923076923 0.0
42 92.3076923076923 0.0
43 92.3076923076923 0.0
44 100.0 0.0
45 92.3076923076923 0.0
46 84.61538461538461 0.0
47 100.0 0.0
48 84.61538461538461 0.0
49 84.61538461538461 0.0
50 80.76923076923077 0.0
51 92.3076923076923 0.0
52 92.3076923076923 0.0
53 84.61538461538461 0.0
54 84.61538461538461 0.0
55 92.3076923076923 0.0
56 84.61538461538461 0.0
57 92.3076923076923 0.0
58 92.3076923076923 0.0
59 100.0 0.0
60 100.0 0.0
61 92.3076923076923 0.0
62 100.0 0.0
63 92.3076923076923 0.0
64 92.3076923076923 0.0
65 84.61538461538461 0.0
66 92.3076923076923 0.0
67 100.0 0.0
68 92.3076923076923 0.0
69 92.3076923076923 0.0
70 100.0 0.0
71 92.3076923076923 0.0
72 92.3076923076923 0.0
73 92.3076923076923 0.0
74 84.61538461538461 0.0
75 76.92307692307692 0.0
76 84.61538461538461 0.0
77 92.3076923076923 0.0
78 100.0 0.0
79 92.3076923076923 0.0
80 92.3076923076923 0.0
81 100.0 0.0
82 88.46153846153847 0.0
83 84.61538461538461 0.0
84 84.61538461538461 0.0
85 76.92307692307692 0.0
86 92.3076923076923 0.0
87 84.61538461538461 0.0
88 92.3076923076923 0.0
89 100.0 0.0
90 100.0 0.0
91 92.3076923076923 0.0
92 100.0 0.0
93 92.3076923076923 0.0
94 92.3076923076923 0.0
95 84.61538461538461 0.0
96 84.61538461538461 0.0
97 84.61538461538461 0.0
98 92.3076923076923 0.0
99 100.0 0.0
100 84.61538461538461 0.0
101 84.61538461538461 0.0
102 92.3076923076923 0.0
103 92.3076923076923 0.0
104 100.0 0.0
105 92.3076923076923 0.0
106 92.3076923076923 0.0
107 84.61538461538461 0.0
108 76.92307692307692 0.0
109 84.61538461538461 0.0
110 92.3076923076923 0.0
111 92.3076923076923 0.0
112 92.3076923076923 0.0
113 92.3076923076923 0.0
114 92.3076923076923 0.0
115 92.3076923076923 0.0
116 100.0 0.0
117 84.61538461538461 0.0
118 100.0 0.0
119 100.0 0.0
120 92.3076923076923 0.0
121 84.61538461538461 0.0
122 84.61538461538461 0.0
123 100.0 0.0
124 100.0 0.0
125 100.0 0.0
126 100.0 0.0
127 100.0 0.0
128 92.3076923076923 0.0
129 92.3076923076923 0.0
130 100.0 0.0
131 100.0 0.0
132 84.61538461538461 0.0
133 92.3076923076923 0.0
134 100.0 0.0
135 92.3076923076923 0.0
136 84.61538461538461 0.0
137 92.3076923076923 0.0
138 92.3076923076923 0.0
139 69.23076923076923 0.0
140 92.3076923076923 0.0
141 100.0 0.0
142 92.3076923076923 0.0
143 92.3076923076923 0.0
144 92.3076923076923 0.0
145 92.3076923076923 0.0
146 84.61538461538461 0.0
147 92.3076923076923 0.0
148 92.3076923076923 0.0
149 84.61538461538461 0.0
150 84.61538461538461 0.0
151 100.0 0.0
152 92.3076923076923 0.0
153 88.46153846153847 0.0
154 100.0 0.0
155 92.3076923076923 0.0
156 84.61538461538461 0.0
157 84.61538461538461 0.0
158 100.0 0.0
159 100.0 0.0
160 100.0 0.0
161 92.3076923076923 0.0
162 100.0 0.0
163 92.3076923076923 0.0
164 100.0 0.0
165 73.07692307692308 0.0
166 73.07692307692308 0.0
167 73.07692307692308 0.0
168 61.53846153846154 0.0
169 76.92307692307692 0.0
170 57.69230769230769 0.0
171 61.53846153846154 0.0
172 84.61538461538461 0.0
173 73.07692307692308 0.0
174 80.76923076923077 0.0
175 76.92307692307692 0.0
176 92.3076923076923 0.0
177 92.3076923076923 0.0
178 92.3076923076923 0.0
179 92.3076923076923 0.0
180 80.76923076923077 0.0
181 92.3076923076923 0.0
182 92.3076923076923 0.0
183 84.61538461538461 0.0
184 92.3076923076923 0.0
185 100.0 0.0
186 84.61538461538461 0.0
187 84.61538461538461 0.0
188 100.0 0.0
189 92.3076923076923 0.0
190 100.0 0.0
191 88.46153846153847 0.0
192 80.76923076923077 0.0
193 92.3076923076923 0.0
194 100.0 0.0
195 100.0 0.0
196 92.3076923076923 0.0
197 100.0 0.0
198 92.3076923076923 0.0
199 92.3076923076923 0.0
200 100.0 0.0
201 92.3076923076923 0.0
202 84.61538461538461 0.0
203 92.3076923076923 0.0
204 92.3076923076923 0.0
205 84.61538461538461 0.0
206 92.3076923076923 0.0
207 92.3076923076923 0.0
208 84.61538461538461 0.0
209 84.61538461538461 0.0
210 92.3076923076923 0.0
211 84.61538461538461 0.0
212 92.3076923076923 0.0
213 84.61538461538461 0.0
214 92.3076923076923 0.0
215 84.61538461538461 0.0
216 76.92307692307692 0.0
217 84.61538461538461 0.0
218 84.61538461538461 0.0
219 92.3076923076923 0.0
220 84.61538461538461 0.0
221 84.61538461538461 0.0
222 92.3076923076923 0.0
223 92.3076923076923 0.0
224 92.3076923076923 0.0
225 100.0 0.0
226 100.0 0.0
227 100.0 0.0
228 92.3076923076923 0.0
229 92.3076923076923 0.0
230 92.3076923076923 0.0
231 84.61538461538461 0.0
232 92.3076923076923 0.0
233 84.61538461538461 0.0
234 76.92307692307692 0.0
235 76.92307692307692 0.0
236 76.92307692307692 0.0
237 76.92307692307692 0.0
238 76.92307692307692 0.0
239 84.61538461538461 0.0
240 84.61538461538461 0.0
241 84.61538461538461 0.0
242 92.3076923076923 0.0
243 92.3076923076923 0.0
244 88.46153846153847 0.0
245 88.46153846153847 0.0
246 100.0 0.0
247 100.0 0.0
248 100.0 0.0
249 92.3076923076923 0.0
250 92.3076923076923 0.0
251 100.0 0.0
252 84.61538461538461 0.0
253 92.3076923076923 0.0
254 92.3076923076923 0.0
255 100.0 0.0
256 84.61538461538461 0.0
257 92.3076923076923 0.0
258 84.61538461538461 0.0
259 80.76923076923077 0.0
260 84.61538461538461 0.0
261 92.3076923076923 0.0
262 92.3076923076923 0.0
263 92.3076923076923 0.0
264 92.3076923076923 0.0
265 76.92307692307692 0.0
266 92.3076923076923 0.0
267 84.61538461538461 0.0
268 84.61538461538461 0.0
269 69.23076923076923 0.0
270 100.0 0.0
271 92.3076923076923 0.0
272 92.3076923076923 0.0
273 92.3076923076923 0.0
274 84.61538461538461 0.0
275 92.3076923076923 0.0
276 92.3076923076923 0.0
277 100.0 0.0
278 100.0 0.0
279 100.0 0.0
280 84.61538461538461 0.0
281 92.3076923076923 0.0
282 100.0 0.0
283 92.3076923076923 0.0
284 92.3076923076923 0.0
285 84.61538461538461 0.0
286 92.3076923076923 0.0
287 69.23076923076923 0.0
288 92.3076923076923 0.0
289 76.92307692307692 0.0
290 92.3076923076923 0.0
291 84.61538461538461 0.0
292 84.61538461538461 0.0
293 92.3076923076923 0.0
294 73.07692307692308 0.0
295 84.61538461538461 0.0
296 73.07692307692308 0.0
297 84.61538461538461 0.0
298 80.76923076923077 0.0
299 84.61538461538461 0.0
300 84.61538461538461 0.0
301 84.61538461538461 0.0
302 80.76923076923077 0.0
303 76.92307692307692 0.0
304 80.76923076923077 0.0
305 80.76923076923077 0.0
306 92.3076923076923 0.0
307 92.3076923076923 0.0
308 84.61538461538461 0.0
309 76.92307692307692 0.0
310 69.23076923076923 0.0
311 92.3076923076923 0.0
312 80.76923076923077 0.0
313 80.76923076923077 0.0
314 84.61538461538461 0.0
315 76.92307692307692 0.0
316 76.92307692307692 0.0
317 69.23076923076923 0.0
318 73.07692307692308 0.0
319 76.92307692307692 0.0
320 69.23076923076923 0.0
321 80.76923076923077 0.0
322 84.61538461538461 0.0
323 88.46153846153847 0.0
324 84.61538461538461 0.0
325 84.61538461538461 0.0
326 80.76923076923077 0.0
327 80.76923076923077 0.0
328 69.23076923076923 0.0
329 73.07692307692308 0.0
330 92.3076923076923 0.0
331 92.3076923076923 0.0
332 92.3076923076923 0.0
333 84.61538461538461 0.0
334 84.61538461538461 0.0
335 84.61538461538461 0.0
336 100.0 0.0
337 92.3076923076923 0.0
338 100.0 0.0
339 100.0 0.0
340 100.0 0.0
341 92.3076923076923 0.0
342 84.61538461538461 0.0
343 84.61538461538461 0.0
344 76.92307692307692 0.0
345 76.92307692307692 0.0
346 76.92307692307692 0.0
347 100.0 0.0
348 100.0 0.0
349 100.0 0.0
350 84.61538461538461 0.0
351 84.61538461538461 0.0
352 92.3076923076923 0.0
353 84.61538461538461 0.0
354 100.0 0.0
355 100.0 0.0
356 92.3076923076923 0.0
357 92.3076923076923 0.0
358 84.61538461538461 0.0
359 92.3076923076923 0.0
360 100.0 0.0
361 76.92307692307692 0.0
362 76.92307692307692 0.0
363 76.92307692307692 0.0
364 84.61538461538461 0.0
365 84.61538461538461 0.0
366 92.3076923076923 0.0
367 92.3076923076923 0.0
368 92.3076923076923 0.0
369 84.61538461538461 0.0
370 92.3076923076923 0.0
371 100.0 0.0
372 84.61538461538461 0.0
373 92.3076923076923 0.0
374 92.3076923076923 0.0
375 80.76923076923077 0.0
376 80.76923076923077 0.0
377 80.76923076923077 0.0
378 76.92307692307692 0.0
379 84.61538461538461 0.0
380 92.3076923076923 0.0
381 92.3076923076923 0.0
382 92.3076923076923 0.0
383 92.3076923076923 0.0
384 92.3076923076923 0.0
385 92.3076923076923 0.0
386 92.3076923076923 0.0
387 92.3076923076923 0.0
388 92.3076923076923 0.0
389 92.3076923076923 0.0
390 84.61538461538461 0.0
391 84.61538461538461 0.0
392 92.3076923076923 0.0
393 92.3076923076923 0.0
394 92.3076923076923 0.0
395 92.3076923076923 0.0
396 92.3076923076923 0.0
397 76.92307692307692 0.0
398 92.3076923076923 0.0
399 100.0 0.0
400 88.46153846153847 0.0
401 92.3076923076923 0.0
402 84.61538461538461 0.0
403 100.0 0.0
404 100.0 0.0
405 100.0 0.0
406 100.0 0.0
407 92.3076923076923 0.0
408 92.3076923076923 0.0
409 84.61538461538461 0.0
410 84.61538461538461 0.0
411 92.3076923076923 0.0
412 92.3076923076923 0.0
413 92.3076923076923 0.0
414 92.3076923076923 0.0
415 92.3076923076923 0.0
416 100.0 0.0
417 92.3076923076923 0.0
418 92.3076923076923 0.0
419 92.3076923076923 0.0
420 76.92307692307692 0.0
421 92.3076923076923 0.0
422 92.3076923076923 0.0
423 100.0 0.0
424 92.3076923076923 0.0
425 100.0 0.0
426 92.3076923076923 0.0
427 92.3076923076923 0.0
428 100.0 0.0
429 92.3076923076923 0.0
430 84.61538461538461 0.0
431 76.92307692307692 0.0
432 92.3076923076923 0.0
433 100.0 0.0
434 100.0 0.0
435 100.0 0.0
436 100.0 0.0
437 92.3076923076923 0.0
438 92.3076923076923 0.0
439 100.0 0.0
440 100.0 0.0
441 92.3076923076923 0.0
442 88.46153846153847 0.0
443 100.0 0.0
444 92.3076923076923 0.0
445 100.0 0.0
446 84.61538461538461 0.0
447 84.61538461538461 0.0
448 84.61538461538461 0.0
449 84.61538461538461 0.0
450 84.61538461538461 0.0
451 92.3076923076923 0.0
452 84.61538461538461 0.0
453 76.92307692307692 0.0
454 84.61538461538461 0.0
455 84.61538461538461 0.0
456 76.92307692307692 0.0
457 76.92307692307692 0.0
458 84.61538461538461 0.0
459 76.92307692307692 0.0
460 76.92307692307692 0.0
461 92.3076923076923 0.0
462 76.92307692307692 0.0
463 84.61538461538461 0.0
464 84.61538461538461 0.0
465 73.07692307692308 0.0
466 76.92307692307692 0.0
467 84.61538461538461 0.0
468 92.3076923076923 0.0
469 100.0 0.0
470 88.46153846153847 0.0
471 84.61538461538461 0.0
472 76.92307692307692 0.0
473 76.92307692307692 0.0
474 76.92307692307692 0.0
475 76.92307692307692 0.0
476 69.23076923076923 0.0
477 84.61538461538461 0.0
478 80.76923076923077 0.0
479 76.92307692307692 0.0
480 84.61538461538461 0.0
481 92.3076923076923 0.0
482 92.3076923076923 0.0
483 100.0 0.0
484 92.3076923076923 0.0
485 100.0 0.0
486 88.46153846153847 0.0
487 92.3076923076923 0.0
488 84.61538461538461 0.0
489 84.61538461538461 0.0
490 100.0 0.0
491 100.0 0.0
492 92.3076923076923 0.0
493 84.61538461538461 0.0
494 76.92307692307692 0.0
495 76.92307692307692 0.0
496 84.61538461538461 0.0
497 84.61538461538461 0.0
498 69.23076923076923 0.0
499 69.23076923076923 0.0
500 92.3076923076923 0.0
501 100.0 0.0
502 100.0 0.0
503 84.61538461538461 0.0
504 84.61538461538461 0.0
505 92.3076923076923 0.0
506 80.76923076923077 0.0
507 92.3076923076923 0.0
508 100.0 0.0
509 92.3076923076923 0.0
510 88.46153846153847 0.0
511 88.46153846153847 0.0
512 92.3076923076923 0.0
513 92.3076923076923 0.0
514 92.3076923076923 0.0
515 84.61538461538461 0.0
516 84.61538461538461 0.0
517 84.61538461538461 0.0
518 92.3076923076923 0.0
519 92.3076923076923 0.0
520 84.61538461538461 0.0
521 84.61538461538461 0.0
522 92.3076923076923 0.0
523 92.3076923076923 0.0
524 100.0 0.0
525 92.3076923076923 0.0
526 76.92307692307692 0.0
527 84.61538461538461 0.0
528 92.3076923076923 0.0
529 84.61538461538461 0.0
530 92.3076923076923 0.0
531 76.92307692307692 0.0
532 84.61538461538461 0.0
533 84.61538461538461 0.0
534 84.61538461538461 0.0
535 84.61538461538461 0.0
536 100.0 0.0
537 100.0 0.0
538 92.3076923076923 0.0
539 76.92307692307692 0.0
540 76.92307692307692 0.0
541 76.92307692307692 0.0
542 92.3076923076923 0.0
543 100.0 0.0
544 100.0 0.0
545 92.3076923076923 0.0
546 84.61538461538461 0.0
547 92.3076923076923 0.0
548 92.3076923076923 0.0
549 92.3076923076923 0.0
550 92.3076923076923 0.0
551 88.46153846153847 0.0
552 73.07692307692308 0.0
553 73.07692307692308 0.0
554 92.3076923076923 0.0
555 92.3076923076923 0.0
556 92.3076923076923 0.0
557 92.3076923076923 0.0
558 65.38461538461539 0.0
559 80.76923076923077 0.0
560 80.76923076923077 0.0
561 84.61538461538461 0.0
562 76.92307692307692 0.0
563 84.61538461538461 0.0
564 92.3076923076923 0.0
565 100.0 0.0
566 100.0 0.0
567 100.0 0.0
568 92.3076923076923 0.0
569 84.61538461538461 0.0
570 92.3076923076923 0.0
571 76.92307692307692 0.0
572 76.92307692307692 0.0
573 92.3076923076923 0.0
574 76.92307692307692 0.0
575 100.0 0.0
576 84.61538461538461 0.0
577 92.3076923076923 0.0
578 92.3076923076923 0.0
579 100.0 0.0
580 92.3076923076923 0.0
581 100.0 0.0
582 84.61538461538461 0.0
583 76.92307692307692 0.0
584 92.3076923076923 0.0
585 76.92307692307692 0.0
586 73.07692307692308 0.0
587 76.92307692307692 0.0
588 84.61538461538461 0.0
589 92.3076923076923 0.0
590 92.3076923076923 0.0
591 73.07692307692308 0.0
592 73.07692307692308 0.0
593 80.76923076923077 0.0
594 84.61538461538461 0.0
595 92.3076923076923 0.0
596 76.92307692307692 0.0
597 65.38461538461539 0.0
598 84.61538461538461 0.0
599 84.61538461538461 0.0
600 84.61538461538461 0.0
601 84.61538461538461 0.0
602 76.92307692307692 0.0
603 84.61538461538461 0.0
604 84.61538461538461 0.0
605 92.3076923076923 0.0
606 84.61538461538461 0.0
607 92.3076923076923 0.0
608 84.61538461538461 0.0
609 100.0 0.0
610 100.0 0.0
611 100.0 0.0
612 100.0 0.0
613 100.0 0.0
614 84.61538461538461 0.0
615 92.3076923076923 0.0
616 84.61538461538461 0.0
617 84.61538461538461 0.0
618 84.61538461538461 0.0
619 76.92307692307692 0.0
620 92.3076923076923 0.0
621 84.61538461538461 0.0
622 84.61538461538461 0.0
623 69.23076923076923 0.0
624 92.3076923076923 0.0
625 92.3076923076923 0.0
626 100.0 0.0
627 100.0 0.0
628 84.61538461538461 0.0
629 84.61538461538461 0.0
630 100.0 0.0
631 92.3076923076923 0.0
632 76.92307692307692 0.0
633 84.61538461538461 0.0
634 76.92307692307692 0.0
635 80.76923076923077 0.0
636 84.61538461538461 0.0
637 84.61538461538461 0.0
638 84.61538461538461 0.0
639 84.61538461538461 0.0
640 100.0 0.0
641 92.3076923076923 0.0
642 92.3076923076923 0.0
643 100.0 0.0
644 92.3076923076923 0.0
645 92.3076923076923 0.0
646 76.92307692307692 0.0
647 92.3076923076923 0.0
648 92.3076923076923 0.0
649 92.3076923076923 0.0
650 84.61538461538461 0.0
651 92.3076923076923 0.0
652 84.61538461538461 0.0
653 84.61538461538461 0.0
654 92.3076923076923 0.0
655 92.3076923076923 0.0
656 84.61538461538461 0.0
657 84.61538461538461 0.0
658 76.92307692307692 0.0
659 84.61538461538461 0.0
660 92.3076923076923 0.0
661 92.3076923076923 0.0
662 100.0 0.0
663 100.0 0.0
664 100.0 0.0
665 100.0 0.0
666 100.0 0.0
667 100.0 0.0
668 100.0 0.0
669 84.61538461538461 0.0
670 84.61538461538461 0.0
671 76.92307692307692 0.0
672 100.0 0.0
673 100.0 0.0
674 100.0 0.0
675 92.3076923076923 0.0
676 88.46153846153847 0.0
677 84.61538461538461 0.0
678 84.61538461538461 0.0
679 80.76923076923077 0.0
680 84.61538461538461 0.0
681 65.38461538461539 0.0
682 84.61538461538461 0.0
683 92.3076923076923 0.0
684 84.61538461538461 0.0
685 92.3076923076923 0.0
686 84.61538461538461 0.0
687 92.3076923076923 0.0
688 100.0 0.0
689 92.3076923076923 0.0
690 84.61538461538461 0.0
691 84.61538461538461 0.0
692 92.3076923076923 0.0
693 84.61538461538461 0.0
694 92.3076923076923 0.0
695 92.3076923076923 0.0
696 84.61538461538461 0.0
697 92.3076923076923 0.0
698 100.0 0.0
699 100.0 0.0
700 100.0 0.0
701 92.3076923076923 0.0
702 92.3076923076923 0.0
703 100.0 0.0
704 92.3076923076923 0.0
705 92.3076923076923 0.0
706 92.3076923076923 0.0
707 76.92307692307692 0.0
708 76.92307692307692 0.0
709 76.92307692307692 0.0
710 92.3076923076923 0.0
711 100.0 0.0
712 100.0 0.0
713 84.61538461538461 0.0
714 92.3076923076923 0.0
715 84.61538461538461 0.0
716 76.92307692307692 0.0
717 100.0 0.0
718 100.0 0.0
719 76.92307692307692 0.0
720 84.61538461538461 0.0
721 84.61538461538461 0.0
722 92.3076923076923 0.0
723 88.46153846153847 0.0
724 84.61538461538461 0.0
725 100.0 0.0
726 84.61538461538461 0.0
727 69.23076923076923 0.0
728 80.76923076923077 0.0
729 76.92307692307692 0.0
730 76.92307692307692 0.0
731 92.3076923076923 0.0
732 80.76923076923077 0.0
733 84.61538461538461 0.0
734 92.3076923076923 0.0
735 100.0 0.0
736 92.3076923076923 0.0
737 92.3076923076923 0.0
738 92.3076923076923 0.0
739 100.0 0.0
740 92.3076923076923 0.0
741 76.92307692307692 0.0
742 92.3076923076923 0.0
743 100.0 0.0
744 92.3076923076923 0.0
745 92.3076923076923 0.0
746 84.61538461538461 0.0
747 76.92307692307692 0.0
748 76.92307692307692 0.0
749 84.61538461538461 0.0
750 92.3076923076923 0.0
751 92.3076923076923 0.0
752 69.23076923076923 0.0
753 73.07692307692308 0.0
754 84.61538461538461 0.0
755 92.3076923076923 0.0
756 84.61538461538461 0.0
757 88.46153846153847 0.0
758 69.23076923076923 0.0
759 57.69230769230769 0.0
760 69.23076923076923 0.0
761 76.92307692307692 0.0
762 92.3076923076923 0.0
763 92.3076923076923 0.0
764 92.3076923076923 0.0
765 92.3076923076923 0.0
766 84.61538461538461 0.0
767 69.23076923076923 0.0
768 76.92307692307692 0.0
769 84.61538461538461 0.0
770 80.76923076923077 0.0
771 76.92307692307692 0.0
772 92.3076923076923 0.0
773 84.61538461538461 0.0
774 92.3076923076923 0.0
775 92.3076923076923 0.0
776 92.3076923076923 0.0
777 84.61538461538461 0.0
778 84.61538461538461 0.0
779 84.61538461538461 0.0
780 92.3076923076923 0.0
781 100.0 0.0
782 76.92307692307692 0.0
783 100.0 0.0
784 92.3076923076923 0.0
785 76.92307692307692 0.0
786 76.92307692307692 0.0
787 92.3076923076923 0.0
788 88.46153846153847 0.0
789 84.61538461538461 0.0
790 92.3076923076923 0.0
791 92.3076923076923 0.0
792 92.3076923076923 0.0
793 65.38461538461539 0.0
794 84.61538461538461 0.0
795 84.61538461538461 0.0
796 76.92307692307692 0.0
797 73.07692307692308 0.0
798 73.07692307692308 0.0
799 76.92307692307692 0.0
800 69.23076923076923 0.0
801 80.76923076923077 0.0
802 76.92307692307692 0.0
803 76.92307692307692 0.0
804 76.92307692307692 0.0
805 92.3076923076923 0.0
806 92.3076923076923 0.0
807 100.0 0.0
808 92.3076923076923 0.0
809 100.0 0.0
810 92.3076923076923 0.0
811 100.0 0.0
812 84.61538461538461 0.0
813 76.92307692307692 0.0
814 100.0 0.0
815 100.0 0.0
816 92.3076923076923 0.0
817 100.0 0.0
818 100.0 0.0
819 100.0 0.0
820 92.3076923076923 0.0
821 100.0 0.0
822 84.61538461538461 0.0
823 100.0 0.0
824 100.0 0.0
825 92.3076923076923 0.0
826 84.61538461538461 0.0
827 100.0 0.0
828 92.3076923076923 0.0
829 84.61538461538461 0.0
830 80.76923076923077 0.0
831 92.3076923076923 0.0
832 92.3076923076923 0.0
833 92.3076923076923 0.0
834 76.92307692307692 0.0
835 92.3076923076923 0.0
836 100.0 0.0
837 84.61538461538461 0.0
838 92.3076923076923 0.0
839 84.61538461538461 0.0
840 92.3076923076923 0.0
841 100.0 0.0
842 100.0 0.0
843 100.0 0.0
844 100.0 0.0
845 100.0 0.0
846 100.0 0.0
847 92.3076923076923 0.0
848 92.3076923076923 0.0
849 100.0 0.0
850 100.0 0.0
851 100.0 0.0
852 100.0 0.0
853 76.92307692307692 0.0
854 100.0 0.0
855 100.0 0.0
856 92.3076923076923 0.0
857 92.3076923076923 0.0
858 88.46153846153847 0.0
859 100.0 0.0
860 100.0 0.0
861 100.0 0.0
862 100.0 0.0
863 92.3076923076923 0.0
864 100.0 0.0
865 92.3076923076923 0.0
866 92.3076923076923 0.0
867 100.0 0.0
868 100.0 0.0
869 100.0 0.0
870 92.3076923076923 0.0
871 84.61538461538461 0.0
872 84.61538461538461 0.0
873 84.61538461538461 0.0
874 84.61538461538461 0.0
875 84.61538461538461 0.0
876 84.61538461538461 0.0
877 88.46153846153847 0.0
878 92.3076923076923 0.0
879 92.3076923076923 0.0
880 84.61538461538461 0.0
881 84.61538461538461 0.0
882 92.3076923076923 0.0
883 100.0 0.0
884 92.3076923076923 0.0
885 92.3076923076923 0.0
886 92.3076923076923 0.0
887 100.0 0.0
888 100.0 0.0
889 92.3076923076923 0.0
890 92.3076923076923 0.0
891 92.3076923076923 0.0
892 92.3076923076923 0.0
893 92.3076923076923 0.0
894 100.0 0.0
895 76.92307692307692 0.0
896 84.61538461538461 0.0
897 76.92307692307692 0.0
898 69.23076923076923 0.0
899 84.61538461538461 0.0
900 69.23076923076923 0.0
901 61.53846153846154 0.0
902 80.76923076923077 0.0
903 76.92307692307692 0.0
904 80.76923076923077 0.0
905 84.61538461538461 0.0
906 92.3076923076923 0.0
907 80.76923076923077 0.0
908 80.76923076923077 0.0
909 84.61538461538461 0.0
910 84.61538461538461 0.0
911 84.61538461538461 0.0
912 84.61538461538461 0.0
913 92.3076923076923 0.0
914 84.61538461538461 0.0
915 92.3076923076923 0.0
916 100.0 0.0
917 92.3076923076923 0.0
918 92.3076923076923 0.0
919 92.3076923076923 0.0
920 84.61538461538461 0.0
921 84.61538461538461 0.0
922 69.23076923076923 0.0
923 61.53846153846154 0.0
924 76.92307692307692 0.0
925 84.61538461538461 0.0
926 61.53846153846154 0.0
927 65.38461538461539 0.0
928 84.61538461538461 0.0
929 76.92307692307692 0.0
930 92.3076923076923 0.0
931 84.61538461538461 0.0
932 76.92307692307692 0.0
933 69.23076923076923 0.0
934 84.61538461538461 0.0
935 92.3076923076923 0.0
936 100.0 0.0
937 100.0 0.0
938 92.3076923076923 0.0
939 92.3076923076923 0.0
940 92.3076923076923 0.0
941 84.61538461538461 0.0
942 84.61538461538461 0.0
943 76.92307692307692 0.0
944 92.3076923076923 0.0
945 69.23076923076923 0.0
946 100.0 0.0
947 100.0 0.0
948 100.0 0.0
949 92.3076923076923 0.0
950 100.0 0.0
951 100.0 0.0
952 100.0 0.0
953 76.92307692307692 0.0
954 76.92307692307692 0.0
955 92.3076923076923 0.0
956 76.92307692307692 0.0
957 92.3076923076923 0.0
958 100.0 0.0
959 92.3076923076923 0.0
960 100.0 0.0
961 92.3076923076923 0.0
962 92.3076923076923 0.0
963 100.0 0.0
964 100.0 0.0
965 76.92307692307692 0.0
966 92.3076923076923 0.0
967 84.61538461538461 0.0
968 100.0 0.0
969 92.3076923076923 0.0
970 100.0 0.0
971 100.0 0.0
972 92.3076923076923 0.0
973 92.3076923076923 0.0
974 92.3076923076923 0.0
975 92.3076923076923 0.0
976 100.0 0.0
977 84.61538461538461 0.0
978 92.3076923076923 0.0
979 100.0 0.0
980 92.3076923076923 0.0
981 84.61538461538461 0.0
982 84.61538461538461 0.0
983 84.61538461538461 0.0
984 76.92307692307692 0.0
985 84.61538461538461 0.0
986 84.61538461538461 0.0
987 92.3076923076923 0.0
988 84.61538461538461 0.0
989 92.3076923076923 0.0
990 92.3076923076923 0.0
991 84.61538461538461 0.0
992 84.61538461538461 0.0
993 84.61538461538461 0.0
994 100.0 0.0
995 100.0 0.0
996 92.3076923076923 0.0
997 100.0 0.0
998 92.3076923076923 0.0
999 84.61538461538461 0.0
