#resid average_duration max_duration persistent_contacts
1 3.259259259259259 9 27
10 3.6 8 15
11 3.75 14 28
12 3.657142857142857 15 35
13 2.9523809523809526 6 21
14 3.0625 8 32
15 3.066666666666667 14 30
16 4.25 9 4
17 3.3448275862068964 12 29
18 3.515151515151515 12 33
19 3.1 7 40
2 3.6666666666666665 15 18
20 3.185185185185185 9 27
21 3.5789473684210527 9 38
22 2.9615384615384617 7 26
23 2.925 6 40
24 3.111111111111111 7 9
25 3.4 8 30
26 3.5476190476190474 14 42
3 2.7916666666666665 6 24
4 3.09375 7 32
5 3.8421052631578947 12 19
6 3.588235294117647 9 17
7 3.25 8 20
8 3.891891891891892 14 37
9 3.108108108108108 8 37
#TOTAL_CONTACTS 1716 for 1000 frames
