#resid average_duration max_duration persistent_contacts
1 3.3333333333333335 10 15
10 3.090909090909091 12 22
11 3.125 7 32
12 2.7916666666666665 5 24
13 3.0416666666666665 6 24
14 3.235294117647059 8 34
15 4.0 24 42
16 4.083333333333333 24 36
17 3.238095238095238 10 42
18 3.5106382978723403 12 47
19 3.272727272727273 12 22
2 3.103448275862069 10 29
20 2.9565217391304346 6 23
21 2.793103448275862 5 29
22 4.225806451612903 12 31
23 2.84375 8 32
24 2.92 6 25
25 2.736842105263158 6 19
26 3.15625 6 32
3 3.0344827586206895 7 29
4 3.257142857142857 8 35
5 3.074074074074074 7 27
6 3.1818181818181817 7 22
7 3.6785714285714284 12 28
8 3.1470588235294117 12 34
9 3.085714285714286 12 35
#TOTAL_CONTACTS 1690 for 1000 frames
