#resid average_duration max_duration persistent_contacts
1 3.65625 13 32
10 4.153846153846154 17 26
11 3.3870967741935485 16 31
12 2.96 7 25
13 2.740740740740741 7 27
14 3.0 15 21
15 3.096774193548387 6 31
16 2.740740740740741 6 27
17 2.9047619047619047 7 21
18 3.4375 10 16
19 4.45 17 20
2 3.088235294117647 7 34
20 2.6842105263157894 8 38
21 2.75 5 24
22 3.0 7 20
23 2.857142857142857 8 35
24 4.033333333333333 13 30
25 2.88 5 25
26 3.0434782608695654 11 23
3 3.0681818181818183 15 44
4 3.4 10 35
5 3.372093023255814 16 43
6 3.0606060606060606 7 33
7 3.2857142857142856 8 21
8 3.1025641025641026 10 39
9 2.933333333333333 5 15
#TOTAL_CONTACTS 1693 for 1000 frames
