#resid average_duration max_duration persistent_contacts
1 7.256070640176601 149 1359
10 6.909649661954518 91 1627
11 7.12962962962963 155 1566
12 6.891874600127959 127 1563
13 6.999441028507546 209 1789
14 6.598142414860681 70 1615
15 7.265676567656766 135 1818
16 6.379245283018868 90 1590
17 6.966205837173579 127 1302
18 7.491318327974277 113 1555
19 7.527090301003344 135 1495
2 6.849044166117337 113 1517
20 7.409541511771995 174 1614
21 6.66707391569945 174 1637
22 7.828199863107461 110 1461
23 6.693823915900132 156 1522
24 7.492415402567095 135 1714
25 6.912466843501326 110 1508
26 7.360964138741917 89 1701
3 6.7923497267759565 155 1464
4 7.405072463768116 111 1380
5 7.132399745385105 113 1571
6 6.720355104629043 131 1577
7 7.11133069828722 149 1518
8 7.185834957764782 113 1539
9 7.244487678339818 209 1542
#TOTAL_CONTACTS 166134 for 10100 frames
