#resid average_duration max_duration persistent_contacts
1 7.815602836879433 135 141
10 12.306201550387597 106 258
11 13.019607843137255 239 357
12 12.62 135 300
13 7.813504823151125 90 311
14 5.552173913043478 38 230
15 13.29129129129129 214 333
16 7.36328125 68 256
17 9.747524752475247 105 404
18 5.375510204081633 25 245
19 10.554140127388536 101 314
2 5.608294930875576 30 217
20 14.44836956521739 214 368
21 5.38135593220339 39 236
22 8.931407942238268 101 277
23 12.495901639344263 239 244
24 11.755485893416928 232 319
25 11.535971223021583 124 278
26 9.415458937198068 63 207
3 5.5625 41 208
4 9.12874251497006 99 334
5 5.512295081967213 33 244
6 9.564912280701755 108 285
7 13.344827586206897 107 261
8 13.733333333333333 108 360
9 5.286852589641434 30 251
#TOTAL_CONTACTS 38418 for 10100 frames
