-67.5 1.065606e-06
-66.5 2.188744e-05
-65.5 7.217084e-05
-64.5 1.511745e-04
-63.5 1.839832e-04
-62.5 2.631428e-04
-61.5 4.162109e-04
-60.5 5.740418e-04
-59.5 6.613533e-04
-58.5 8.020836e-04
-57.5 9.797424e-04
-56.5 1.155761e-03
-55.5 1.344685e-03
-54.5 1.416147e-03
-53.5 1.399629e-03
-52.5 1.515714e-03
-51.5 1.773614e-03
-50.5 1.739527e-03
-49.5 2.067618e-03
-48.5 2.003968e-03
-47.5 2.101106e-03
-46.5 2.134864e-03
-45.5 2.663797e-03
-44.5 2.825086e-03
-43.5 2.929785e-03
-42.5 2.905075e-03
-41.5 2.898943e-03
-40.5 2.936608e-03
-39.5 2.862474e-03
-38.5 2.810799e-03
-37.5 2.703136e-03
-36.5 2.677409e-03
-35.5 2.817010e-03
-34.5 2.712780e-03
-33.5 2.797779e-03
-32.5 2.465497e-03
-31.5 2.458206e-03
-30.5 2.380177e-03
-29.5 2.054482e-03
-28.5 2.088080e-03
-27.5 1.941132e-03
-26.5 1.794856e-03
-25.5 1.467168e-03
-24.5 1.576446e-03
-23.5 1.447219e-03
-22.5 1.440042e-03
-21.5 1.941290e-03
-20.5 2.207945e-03
-19.5 2.597325e-03
-18.5 3.995183e-03
-17.5 7.235679e-03
-16.5 1.269966e-02
-15.5 2.086515e-02
-14.5 3.183537e-02
-13.5 4.256018e-02
-12.5 4.658092e-02
-11.5 4.351977e-02
-10.5 3.497995e-02
 -9.5 2.471775e-02
 -8.5 1.643281e-02
 -7.5 1.021981e-02
 -6.5 6.469877e-03
 -5.5 3.986286e-03
 -4.5 2.133791e-03
 -3.5 1.117303e-03
 -2.5 5.870683e-04
 -1.5 3.899680e-04
 -0.5 2.405236e-04
  0.5 4.583887e-04
  1.5 9.575717e-04
  2.5 1.750273e-03
  3.5 3.173878e-03
  4.5 5.417583e-03
  5.5 8.316116e-03
  6.5 1.280909e-02
  7.5 2.080601e-02
  8.5 3.219786e-02
  9.5 4.563935e-02
 10.5 6.185265e-02
 11.5 7.125265e-02
 12.5 7.269467e-02
 13.5 6.354475e-02
 14.5 4.980872e-02
 15.5 3.626097e-02
 16.5 2.550133e-02
 17.5 1.527699e-02
 18.5 9.380913e-03
 19.5 5.450106e-03
 20.5 3.181917e-03
 21.5 2.011338e-03
 22.5 1.500636e-03
 23.5 1.484965e-03
 24.5 1.178654e-03
 25.5 1.051013e-03
 26.5 1.181965e-03
 27.5 1.439647e-03
 28.5 1.611240e-03
 29.5 1.994118e-03
 30.5 1.814687e-03
 31.5 1.678664e-03
 32.5 1.537170e-03
 33.5 1.541980e-03
 34.5 1.612028e-03
 35.5 1.479791e-03
 36.5 1.386678e-03
 37.5 1.368947e-03
 38.5 1.562771e-03
 39.5 1.780030e-03
 40.5 1.754327e-03
 41.5 1.683325e-03
 42.5 1.728377e-03
 43.5 1.636029e-03
 44.5 1.540307e-03
 45.5 1.401010e-03
 46.5 1.456884e-03
 47.5 1.449377e-03
 48.5 1.277331e-03
 49.5 1.205879e-03
 50.5 9.558245e-04
 51.5 6.996127e-04
 52.5 6.638994e-04
 53.5 9.143228e-04
 54.5 1.084009e-03
 55.5 1.024459e-03
 56.5 9.673846e-04
 57.5 8.508567e-04
 58.5 7.868961e-04
 59.5 8.524660e-04
 60.5 7.447201e-04
 61.5 7.230834e-04
 62.5 6.175452e-04
 63.5 5.171851e-04
 64.5 3.481858e-04
 65.5 2.138646e-04
 66.5 9.257774e-05
 67.5 7.640520e-05
 68.5 2.886263e-05
 69.5 8.819135e-06
 70.5 9.917719e-07
