#frame monomers_% popc_isolated_%
0 42.30769230769231 0.0
1 42.30769230769231 0.0
2 38.46153846153846 0.0
3 46.15384615384615 0.0
4 53.84615384615385 0.0
5 38.46153846153846 0.0
6 38.46153846153846 0.0
7 38.46153846153846 0.0
8 38.46153846153846 0.0
9 42.30769230769231 0.0
10 30.76923076923077 0.0
11 38.46153846153846 0.0
12 26.923076923076923 0.0
13 38.46153846153846 0.0
14 26.923076923076923 0.0
15 38.46153846153846 0.0
16 30.76923076923077 0.0
17 23.076923076923077 0.0
18 34.61538461538461 0.0
19 34.61538461538461 0.0
20 38.46153846153846 0.0
21 26.923076923076923 0.0
22 26.923076923076923 0.0
23 30.76923076923077 0.0
24 23.076923076923077 0.0
25 26.923076923076923 0.0
26 42.30769230769231 0.0
27 34.61538461538461 0.0
28 26.923076923076923 0.0
29 34.61538461538461 0.0
30 26.923076923076923 0.0
31 26.923076923076923 0.0
32 26.923076923076923 0.0
33 23.076923076923077 0.0
34 19.23076923076923 0.0
35 15.384615384615385 0.0
36 19.23076923076923 0.0
37 30.76923076923077 0.0
38 19.23076923076923 0.0
39 23.076923076923077 0.0
40 23.076923076923077 0.0
41 23.076923076923077 0.0
42 23.076923076923077 0.0
43 19.23076923076923 0.0
44 19.23076923076923 0.0
45 15.384615384615385 0.0
46 26.923076923076923 0.0
47 23.076923076923077 0.0
48 30.76923076923077 0.0
49 23.076923076923077 0.0
50 23.076923076923077 0.0
51 26.923076923076923 0.0
52 23.076923076923077 0.0
53 30.76923076923077 0.0
54 26.923076923076923 0.0
55 15.384615384615385 0.0
56 23.076923076923077 0.0
57 23.076923076923077 0.0
58 19.23076923076923 0.0
59 34.61538461538461 0.0
60 23.076923076923077 0.0
61 26.923076923076923 0.0
62 30.76923076923077 0.0
63 26.923076923076923 0.0
64 30.76923076923077 0.0
65 23.076923076923077 0.0
66 23.076923076923077 0.0
67 19.23076923076923 0.0
68 15.384615384615385 0.0
69 23.076923076923077 0.0
70 19.23076923076923 0.0
71 23.076923076923077 0.0
72 23.076923076923077 0.0
73 38.46153846153846 0.0
74 15.384615384615385 0.0
75 26.923076923076923 0.0
76 23.076923076923077 0.0
77 23.076923076923077 0.0
78 30.76923076923077 0.0
79 19.23076923076923 0.0
80 11.538461538461538 0.0
81 15.384615384615385 0.0
82 11.538461538461538 0.0
83 23.076923076923077 0.0
84 23.076923076923077 0.0
85 26.923076923076923 0.0
86 19.23076923076923 0.0
87 19.23076923076923 0.0
88 23.076923076923077 0.0
89 19.23076923076923 0.0
90 26.923076923076923 0.0
91 23.076923076923077 0.0
92 34.61538461538461 0.0
93 38.46153846153846 0.0
94 34.61538461538461 0.0
95 38.46153846153846 0.0
96 30.76923076923077 0.0
97 46.15384615384615 0.0
98 34.61538461538461 0.0
99 38.46153846153846 0.0
100 46.15384615384615 0.0
101 30.76923076923077 0.0
102 38.46153846153846 0.0
103 38.46153846153846 0.0
104 38.46153846153846 0.0
105 42.30769230769231 0.0
106 38.46153846153846 0.0
107 38.46153846153846 0.0
108 34.61538461538461 0.0
109 34.61538461538461 0.0
110 38.46153846153846 0.0
111 19.23076923076923 0.0
112 30.76923076923077 0.0
113 34.61538461538461 0.0
114 42.30769230769231 0.0
115 34.61538461538461 0.0
116 30.76923076923077 0.0
117 23.076923076923077 0.0
118 23.076923076923077 0.0
119 30.76923076923077 0.0
120 30.76923076923077 0.0
121 23.076923076923077 0.0
122 34.61538461538461 0.0
123 26.923076923076923 0.0
124 23.076923076923077 0.0
125 26.923076923076923 0.0
126 30.76923076923077 0.0
127 34.61538461538461 0.0
128 30.76923076923077 0.0
129 42.30769230769231 0.0
130 42.30769230769231 0.0
131 26.923076923076923 0.0
132 26.923076923076923 0.0
133 26.923076923076923 0.0
134 26.923076923076923 0.0
135 26.923076923076923 0.0
136 30.76923076923077 0.0
137 30.76923076923077 0.0
138 15.384615384615385 0.0
139 19.23076923076923 0.0
140 26.923076923076923 0.0
141 19.23076923076923 0.0
142 19.23076923076923 0.0
143 15.384615384615385 0.0
144 30.76923076923077 0.0
145 30.76923076923077 0.0
146 30.76923076923077 0.0
147 23.076923076923077 0.0
148 23.076923076923077 0.0
149 19.23076923076923 0.0
150 23.076923076923077 0.0
151 19.23076923076923 0.0
152 19.23076923076923 0.0
153 15.384615384615385 0.0
154 15.384615384615385 0.0
155 19.23076923076923 0.0
156 19.23076923076923 0.0
157 23.076923076923077 0.0
158 19.23076923076923 0.0
159 23.076923076923077 0.0
160 15.384615384615385 0.0
161 30.76923076923077 0.0
162 15.384615384615385 0.0
163 19.23076923076923 0.0
164 19.23076923076923 0.0
165 34.61538461538461 0.0
166 26.923076923076923 0.0
167 11.538461538461538 0.0
168 7.6923076923076925 0.0
169 7.6923076923076925 0.0
170 7.6923076923076925 0.0
171 11.538461538461538 0.0
172 7.6923076923076925 0.0
173 15.384615384615385 0.0
174 19.23076923076923 0.0
175 11.538461538461538 0.0
176 19.23076923076923 0.0
177 7.6923076923076925 0.0
178 7.6923076923076925 0.0
179 11.538461538461538 0.0
180 15.384615384615385 0.0
181 7.6923076923076925 0.0
182 3.8461538461538463 0.0
183 7.6923076923076925 0.0
184 7.6923076923076925 0.0
185 7.6923076923076925 0.0
186 7.6923076923076925 0.0
187 7.6923076923076925 0.0
188 7.6923076923076925 0.0
189 7.6923076923076925 0.0
190 7.6923076923076925 0.0
191 0.0 0.0
192 0.0 0.0
193 11.538461538461538 0.0
194 11.538461538461538 0.0
195 11.538461538461538 0.0
196 15.384615384615385 0.0
197 30.76923076923077 0.0
198 11.538461538461538 0.0
199 19.23076923076923 0.0
200 23.076923076923077 0.0
201 23.076923076923077 0.0
202 19.23076923076923 0.0
203 26.923076923076923 0.0
204 19.23076923076923 0.0
205 19.23076923076923 0.0
206 23.076923076923077 0.0
207 26.923076923076923 0.0
208 11.538461538461538 0.0
209 30.76923076923077 0.0
210 23.076923076923077 0.0
211 30.76923076923077 0.0
212 30.76923076923077 0.0
213 26.923076923076923 0.0
214 30.76923076923077 0.0
215 34.61538461538461 0.0
216 23.076923076923077 0.0
217 30.76923076923077 0.0
218 11.538461538461538 0.0
219 15.384615384615385 0.0
220 26.923076923076923 0.0
221 19.23076923076923 0.0
222 15.384615384615385 0.0
223 15.384615384615385 0.0
224 11.538461538461538 0.0
225 23.076923076923077 0.0
226 15.384615384615385 0.0
227 15.384615384615385 0.0
228 15.384615384615385 0.0
229 23.076923076923077 0.0
230 30.76923076923077 0.0
231 19.23076923076923 0.0
232 19.23076923076923 0.0
233 15.384615384615385 0.0
234 23.076923076923077 0.0
235 26.923076923076923 0.0
236 19.23076923076923 0.0
237 26.923076923076923 0.0
238 30.76923076923077 0.0
239 19.23076923076923 0.0
240 19.23076923076923 0.0
241 26.923076923076923 0.0
242 34.61538461538461 0.0
243 26.923076923076923 0.0
244 19.23076923076923 0.0
245 34.61538461538461 0.0
246 26.923076923076923 0.0
247 38.46153846153846 0.0
248 30.76923076923077 0.0
249 30.76923076923077 0.0
250 26.923076923076923 0.0
251 23.076923076923077 0.0
252 23.076923076923077 0.0
253 34.61538461538461 0.0
254 26.923076923076923 0.0
255 30.76923076923077 0.0
256 26.923076923076923 0.0
257 26.923076923076923 0.0
258 30.76923076923077 0.0
259 26.923076923076923 0.0
260 19.23076923076923 0.0
261 19.23076923076923 0.0
262 26.923076923076923 0.0
263 11.538461538461538 0.0
264 15.384615384615385 0.0
265 23.076923076923077 0.0
266 15.384615384615385 0.0
267 11.538461538461538 0.0
268 7.6923076923076925 0.0
269 26.923076923076923 0.0
270 11.538461538461538 0.0
271 15.384615384615385 0.0
272 19.23076923076923 0.0
273 26.923076923076923 0.0
274 19.23076923076923 0.0
275 23.076923076923077 0.0
276 34.61538461538461 0.0
277 30.76923076923077 0.0
278 15.384615384615385 0.0
279 23.076923076923077 0.0
280 19.23076923076923 0.0
281 15.384615384615385 0.0
282 11.538461538461538 0.0
283 19.23076923076923 0.0
284 23.076923076923077 0.0
285 26.923076923076923 0.0
286 26.923076923076923 0.0
287 30.76923076923077 0.0
288 34.61538461538461 0.0
289 34.61538461538461 0.0
290 38.46153846153846 0.0
291 26.923076923076923 0.0
292 30.76923076923077 0.0
293 23.076923076923077 0.0
294 30.76923076923077 0.0
295 42.30769230769231 0.0
296 38.46153846153846 0.0
297 42.30769230769231 0.0
298 34.61538461538461 0.0
299 38.46153846153846 0.0
300 26.923076923076923 0.0
301 23.076923076923077 0.0
302 38.46153846153846 0.0
303 26.923076923076923 0.0
304 26.923076923076923 0.0
305 23.076923076923077 0.0
306 23.076923076923077 0.0
307 46.15384615384615 0.0
308 34.61538461538461 0.0
309 34.61538461538461 0.0
310 30.76923076923077 0.0
311 26.923076923076923 0.0
312 19.23076923076923 0.0
313 23.076923076923077 0.0
314 15.384615384615385 0.0
315 11.538461538461538 0.0
316 19.23076923076923 0.0
317 23.076923076923077 0.0
318 19.23076923076923 0.0
319 15.384615384615385 0.0
320 26.923076923076923 0.0
321 23.076923076923077 0.0
322 15.384615384615385 0.0
323 23.076923076923077 0.0
324 15.384615384615385 0.0
325 15.384615384615385 0.0
326 23.076923076923077 0.0
327 19.23076923076923 0.0
328 19.23076923076923 0.0
329 42.30769230769231 0.0
330 34.61538461538461 0.0
331 23.076923076923077 0.0
332 23.076923076923077 0.0
333 23.076923076923077 0.0
334 23.076923076923077 0.0
335 19.23076923076923 0.0
336 11.538461538461538 0.0
337 15.384615384615385 0.0
338 23.076923076923077 0.0
339 15.384615384615385 0.0
340 11.538461538461538 0.0
341 19.23076923076923 0.0
342 15.384615384615385 0.0
343 30.76923076923077 0.0
344 26.923076923076923 0.0
345 15.384615384615385 0.0
346 23.076923076923077 0.0
347 19.23076923076923 0.0
348 23.076923076923077 0.0
349 23.076923076923077 0.0
350 23.076923076923077 0.0
351 23.076923076923077 0.0
352 19.23076923076923 0.0
353 19.23076923076923 0.0
354 15.384615384615385 0.0
355 26.923076923076923 0.0
356 7.6923076923076925 0.0
357 26.923076923076923 0.0
358 30.76923076923077 0.0
359 23.076923076923077 0.0
360 19.23076923076923 0.0
361 11.538461538461538 0.0
362 15.384615384615385 0.0
363 23.076923076923077 0.0
364 11.538461538461538 0.0
365 11.538461538461538 0.0
366 11.538461538461538 0.0
367 19.23076923076923 0.0
368 23.076923076923077 0.0
369 11.538461538461538 0.0
370 19.23076923076923 0.0
371 23.076923076923077 0.0
372 23.076923076923077 0.0
373 26.923076923076923 0.0
374 23.076923076923077 0.0
375 23.076923076923077 0.0
376 23.076923076923077 0.0
377 23.076923076923077 0.0
378 30.76923076923077 0.0
379 30.76923076923077 0.0
380 19.23076923076923 0.0
381 30.76923076923077 0.0
382 30.76923076923077 0.0
383 23.076923076923077 0.0
384 34.61538461538461 0.0
385 26.923076923076923 0.0
386 23.076923076923077 0.0
387 23.076923076923077 0.0
388 34.61538461538461 0.0
389 30.76923076923077 0.0
390 30.76923076923077 0.0
391 23.076923076923077 0.0
392 46.15384615384615 0.0
393 30.76923076923077 0.0
394 34.61538461538461 0.0
395 30.76923076923077 0.0
396 42.30769230769231 0.0
397 34.61538461538461 0.0
398 38.46153846153846 0.0
399 26.923076923076923 0.0
400 34.61538461538461 0.0
401 26.923076923076923 0.0
402 26.923076923076923 0.0
403 23.076923076923077 0.0
404 30.76923076923077 0.0
405 30.76923076923077 0.0
406 23.076923076923077 0.0
407 30.76923076923077 0.0
408 26.923076923076923 0.0
409 30.76923076923077 0.0
410 38.46153846153846 0.0
411 34.61538461538461 0.0
412 26.923076923076923 0.0
413 30.76923076923077 0.0
414 26.923076923076923 0.0
415 19.23076923076923 0.0
416 19.23076923076923 0.0
417 19.23076923076923 0.0
418 15.384615384615385 0.0
419 23.076923076923077 0.0
420 26.923076923076923 0.0
421 26.923076923076923 0.0
422 23.076923076923077 0.0
423 30.76923076923077 0.0
424 30.76923076923077 0.0
425 34.61538461538461 0.0
426 26.923076923076923 0.0
427 23.076923076923077 0.0
428 23.076923076923077 0.0
429 19.23076923076923 0.0
430 19.23076923076923 0.0
431 30.76923076923077 0.0
432 34.61538461538461 0.0
433 26.923076923076923 0.0
434 15.384615384615385 0.0
435 19.23076923076923 0.0
436 30.76923076923077 0.0
437 34.61538461538461 0.0
438 23.076923076923077 0.0
439 26.923076923076923 0.0
440 23.076923076923077 0.0
441 26.923076923076923 0.0
442 30.76923076923077 0.0
443 23.076923076923077 0.0
444 34.61538461538461 0.0
445 42.30769230769231 0.0
446 42.30769230769231 0.0
447 30.76923076923077 0.0
448 34.61538461538461 0.0
449 30.76923076923077 0.0
450 23.076923076923077 0.0
451 34.61538461538461 0.0
452 19.23076923076923 0.0
453 23.076923076923077 0.0
454 30.76923076923077 0.0
455 34.61538461538461 0.0
456 34.61538461538461 0.0
457 19.23076923076923 0.0
458 19.23076923076923 0.0
459 26.923076923076923 0.0
460 19.23076923076923 0.0
461 30.76923076923077 0.0
462 30.76923076923077 0.0
463 19.23076923076923 0.0
464 30.76923076923077 0.0
465 30.76923076923077 0.0
466 30.76923076923077 0.0
467 26.923076923076923 0.0
468 34.61538461538461 0.0
469 30.76923076923077 0.0
470 30.76923076923077 0.0
471 23.076923076923077 0.0
472 38.46153846153846 0.0
473 34.61538461538461 0.0
474 26.923076923076923 0.0
475 34.61538461538461 0.0
476 30.76923076923077 0.0
477 34.61538461538461 0.0
478 26.923076923076923 0.0
479 30.76923076923077 0.0
480 34.61538461538461 0.0
481 30.76923076923077 0.0
482 46.15384615384615 0.0
483 30.76923076923077 0.0
484 26.923076923076923 0.0
485 42.30769230769231 0.0
486 38.46153846153846 0.0
487 42.30769230769231 0.0
488 26.923076923076923 0.0
489 38.46153846153846 0.0
490 34.61538461538461 0.0
491 42.30769230769231 0.0
492 30.76923076923077 0.0
493 30.76923076923077 0.0
494 34.61538461538461 0.0
495 38.46153846153846 0.0
496 42.30769230769231 0.0
497 34.61538461538461 0.0
498 30.76923076923077 0.0
499 34.61538461538461 0.0
500 30.76923076923077 0.0
501 26.923076923076923 0.0
502 30.76923076923077 0.0
503 30.76923076923077 0.0
504 11.538461538461538 0.0
505 19.23076923076923 0.0
506 26.923076923076923 0.0
507 34.61538461538461 0.0
508 23.076923076923077 0.0
509 19.23076923076923 0.0
510 30.76923076923077 0.0
511 34.61538461538461 0.0
512 34.61538461538461 0.0
513 26.923076923076923 0.0
514 26.923076923076923 0.0
515 34.61538461538461 0.0
516 34.61538461538461 0.0
517 26.923076923076923 0.0
518 26.923076923076923 0.0
519 23.076923076923077 0.0
520 23.076923076923077 0.0
521 30.76923076923077 0.0
522 46.15384615384615 0.0
523 26.923076923076923 0.0
524 34.61538461538461 0.0
525 19.23076923076923 0.0
526 26.923076923076923 0.0
527 30.76923076923077 0.0
528 23.076923076923077 0.0
529 30.76923076923077 0.0
530 30.76923076923077 0.0
531 23.076923076923077 0.0
532 19.23076923076923 0.0
533 23.076923076923077 0.0
534 23.076923076923077 0.0
535 23.076923076923077 0.0
536 30.76923076923077 0.0
537 26.923076923076923 0.0
538 15.384615384615385 0.0
539 19.23076923076923 0.0
540 15.384615384615385 0.0
541 30.76923076923077 0.0
542 26.923076923076923 0.0
543 23.076923076923077 0.0
544 15.384615384615385 0.0
545 23.076923076923077 0.0
546 23.076923076923077 0.0
547 23.076923076923077 0.0
548 30.76923076923077 0.0
549 19.23076923076923 0.0
550 26.923076923076923 0.0
551 30.76923076923077 0.0
552 26.923076923076923 0.0
553 23.076923076923077 0.0
554 34.61538461538461 0.0
555 34.61538461538461 0.0
556 19.23076923076923 0.0
557 19.23076923076923 0.0
558 34.61538461538461 0.0
559 26.923076923076923 0.0
560 30.76923076923077 0.0
561 30.76923076923077 0.0
562 26.923076923076923 0.0
563 26.923076923076923 0.0
564 34.61538461538461 0.0
565 30.76923076923077 0.0
566 38.46153846153846 0.0
567 38.46153846153846 0.0
568 38.46153846153846 0.0
569 26.923076923076923 0.0
570 42.30769230769231 0.0
571 34.61538461538461 0.0
572 30.76923076923077 0.0
573 34.61538461538461 0.0
574 34.61538461538461 0.0
575 30.76923076923077 0.0
576 38.46153846153846 0.0
577 42.30769230769231 0.0
578 34.61538461538461 0.0
579 38.46153846153846 0.0
580 42.30769230769231 0.0
581 38.46153846153846 0.0
582 34.61538461538461 0.0
583 42.30769230769231 0.0
584 42.30769230769231 0.0
585 50.0 0.0
586 46.15384615384615 0.0
587 38.46153846153846 0.0
588 38.46153846153846 0.0
589 26.923076923076923 0.0
590 34.61538461538461 0.0
591 30.76923076923077 0.0
592 42.30769230769231 0.0
593 15.384615384615385 0.0
594 42.30769230769231 0.0
595 26.923076923076923 0.0
596 42.30769230769231 0.0
597 26.923076923076923 0.0
598 30.76923076923077 0.0
599 30.76923076923077 0.0
600 34.61538461538461 0.0
601 53.84615384615385 0.0
602 42.30769230769231 0.0
603 53.84615384615385 0.0
604 38.46153846153846 0.0
605 53.84615384615385 0.0
606 42.30769230769231 0.0
607 34.61538461538461 0.0
608 42.30769230769231 0.0
609 23.076923076923077 0.0
610 30.76923076923077 0.0
611 42.30769230769231 0.0
612 23.076923076923077 0.0
613 42.30769230769231 0.0
614 46.15384615384615 0.0
615 34.61538461538461 0.0
616 26.923076923076923 0.0
617 38.46153846153846 0.0
618 34.61538461538461 0.0
619 15.384615384615385 0.0
620 15.384615384615385 0.0
621 23.076923076923077 0.0
622 15.384615384615385 0.0
623 46.15384615384615 0.0
624 42.30769230769231 0.0
625 38.46153846153846 0.0
626 42.30769230769231 0.0
627 30.76923076923077 0.0
628 34.61538461538461 0.0
629 46.15384615384615 0.0
630 42.30769230769231 0.0
631 26.923076923076923 0.0
632 34.61538461538461 0.0
633 38.46153846153846 0.0
634 26.923076923076923 0.0
635 30.76923076923077 0.0
636 26.923076923076923 0.0
637 23.076923076923077 0.0
638 23.076923076923077 0.0
639 26.923076923076923 0.0
640 26.923076923076923 0.0
641 34.61538461538461 0.0
642 26.923076923076923 0.0
643 42.30769230769231 0.0
644 34.61538461538461 0.0
645 26.923076923076923 0.0
646 30.76923076923077 0.0
647 34.61538461538461 0.0
648 30.76923076923077 0.0
649 34.61538461538461 0.0
650 30.76923076923077 0.0
651 30.76923076923077 0.0
652 30.76923076923077 0.0
653 34.61538461538461 0.0
654 23.076923076923077 0.0
655 19.23076923076923 0.0
656 23.076923076923077 0.0
657 26.923076923076923 0.0
658 23.076923076923077 0.0
659 23.076923076923077 0.0
660 34.61538461538461 0.0
661 38.46153846153846 0.0
662 30.76923076923077 0.0
663 38.46153846153846 0.0
664 38.46153846153846 0.0
665 26.923076923076923 0.0
666 30.76923076923077 0.0
667 30.76923076923077 0.0
668 42.30769230769231 0.0
669 34.61538461538461 0.0
670 42.30769230769231 0.0
671 50.0 0.0
672 50.0 0.0
673 46.15384615384615 0.0
674 34.61538461538461 0.0
675 50.0 0.0
676 46.15384615384615 0.0
677 46.15384615384615 0.0
678 50.0 0.0
679 34.61538461538461 0.0
680 46.15384615384615 0.0
681 42.30769230769231 0.0
682 38.46153846153846 0.0
683 34.61538461538461 0.0
684 30.76923076923077 0.0
685 46.15384615384615 0.0
686 38.46153846153846 0.0
687 34.61538461538461 0.0
688 53.84615384615385 0.0
689 53.84615384615385 0.0
690 42.30769230769231 0.0
691 38.46153846153846 0.0
692 38.46153846153846 0.0
693 34.61538461538461 0.0
694 34.61538461538461 0.0
695 26.923076923076923 0.0
696 46.15384615384615 0.0
697 34.61538461538461 0.0
698 15.384615384615385 0.0
699 19.23076923076923 0.0
700 23.076923076923077 0.0
701 30.76923076923077 0.0
702 30.76923076923077 0.0
703 34.61538461538461 0.0
704 26.923076923076923 0.0
705 38.46153846153846 0.0
706 30.76923076923077 0.0
707 30.76923076923077 0.0
708 19.23076923076923 0.0
709 23.076923076923077 0.0
710 26.923076923076923 0.0
711 11.538461538461538 0.0
712 15.384615384615385 0.0
713 11.538461538461538 0.0
714 26.923076923076923 0.0
715 23.076923076923077 0.0
716 15.384615384615385 0.0
717 30.76923076923077 0.0
718 23.076923076923077 0.0
719 19.23076923076923 0.0
720 19.23076923076923 0.0
721 11.538461538461538 0.0
722 11.538461538461538 0.0
723 11.538461538461538 0.0
724 15.384615384615385 0.0
725 19.23076923076923 0.0
726 19.23076923076923 0.0
727 11.538461538461538 0.0
728 19.23076923076923 0.0
729 19.23076923076923 0.0
730 15.384615384615385 0.0
731 15.384615384615385 0.0
732 11.538461538461538 0.0
733 11.538461538461538 0.0
734 23.076923076923077 0.0
735 11.538461538461538 0.0
736 19.23076923076923 0.0
737 11.538461538461538 0.0
738 15.384615384615385 0.0
739 15.384615384615385 0.0
740 19.23076923076923 0.0
741 23.076923076923077 0.0
742 23.076923076923077 0.0
743 23.076923076923077 0.0
744 26.923076923076923 0.0
745 23.076923076923077 0.0
746 26.923076923076923 0.0
747 23.076923076923077 0.0
748 34.61538461538461 0.0
749 38.46153846153846 0.0
750 38.46153846153846 0.0
751 42.30769230769231 0.0
752 34.61538461538461 0.0
753 30.76923076923077 0.0
754 38.46153846153846 0.0
755 34.61538461538461 0.0
756 42.30769230769231 0.0
757 38.46153846153846 0.0
758 34.61538461538461 0.0
759 30.76923076923077 0.0
760 26.923076923076923 0.0
761 38.46153846153846 0.0
762 34.61538461538461 0.0
763 23.076923076923077 0.0
764 23.076923076923077 0.0
765 26.923076923076923 0.0
766 23.076923076923077 0.0
767 34.61538461538461 0.0
768 26.923076923076923 0.0
769 38.46153846153846 0.0
770 38.46153846153846 0.0
771 26.923076923076923 0.0
772 23.076923076923077 0.0
773 26.923076923076923 0.0
774 26.923076923076923 0.0
775 19.23076923076923 0.0
776 23.076923076923077 0.0
777 23.076923076923077 0.0
778 26.923076923076923 0.0
779 23.076923076923077 0.0
780 30.76923076923077 0.0
781 38.46153846153846 0.0
782 34.61538461538461 0.0
783 30.76923076923077 0.0
784 53.84615384615385 0.0
785 42.30769230769231 0.0
786 34.61538461538461 0.0
787 42.30769230769231 0.0
788 30.76923076923077 0.0
789 34.61538461538461 0.0
790 30.76923076923077 0.0
791 38.46153846153846 0.0
792 15.384615384615385 0.0
793 26.923076923076923 0.0
794 34.61538461538461 0.0
795 34.61538461538461 0.0
796 34.61538461538461 0.0
797 26.923076923076923 0.0
798 38.46153846153846 0.0
799 38.46153846153846 0.0
800 38.46153846153846 0.0
801 30.76923076923077 0.0
802 30.76923076923077 0.0
803 30.76923076923077 0.0
804 34.61538461538461 0.0
805 30.76923076923077 0.0
806 34.61538461538461 0.0
807 15.384615384615385 0.0
808 30.76923076923077 0.0
809 26.923076923076923 0.0
810 38.46153846153846 0.0
811 38.46153846153846 0.0
812 26.923076923076923 0.0
813 30.76923076923077 0.0
814 34.61538461538461 0.0
815 34.61538461538461 0.0
816 19.23076923076923 0.0
817 26.923076923076923 0.0
818 26.923076923076923 0.0
819 23.076923076923077 0.0
820 23.076923076923077 0.0
821 26.923076923076923 0.0
822 38.46153846153846 0.0
823 34.61538461538461 0.0
824 19.23076923076923 0.0
825 34.61538461538461 0.0
826 38.46153846153846 0.0
827 23.076923076923077 0.0
828 38.46153846153846 0.0
829 50.0 0.0
830 30.76923076923077 0.0
831 38.46153846153846 0.0
832 34.61538461538461 0.0
833 34.61538461538461 0.0
834 34.61538461538461 0.0
835 23.076923076923077 0.0
836 23.076923076923077 0.0
837 23.076923076923077 0.0
838 23.076923076923077 0.0
839 19.23076923076923 0.0
840 15.384615384615385 0.0
841 34.61538461538461 0.0
842 23.076923076923077 0.0
843 15.384615384615385 0.0
844 34.61538461538461 0.0
845 11.538461538461538 0.0
846 23.076923076923077 0.0
847 15.384615384615385 0.0
848 19.23076923076923 0.0
849 15.384615384615385 0.0
850 23.076923076923077 0.0
851 34.61538461538461 0.0
852 15.384615384615385 0.0
853 26.923076923076923 0.0
854 26.923076923076923 0.0
855 15.384615384615385 0.0
856 19.23076923076923 0.0
857 11.538461538461538 0.0
858 15.384615384615385 0.0
859 30.76923076923077 0.0
860 23.076923076923077 0.0
861 30.76923076923077 0.0
862 34.61538461538461 0.0
863 38.46153846153846 0.0
864 30.76923076923077 0.0
865 42.30769230769231 0.0
866 38.46153846153846 0.0
867 19.23076923076923 0.0
868 38.46153846153846 0.0
869 34.61538461538461 0.0
870 42.30769230769231 0.0
871 26.923076923076923 0.0
872 38.46153846153846 0.0
873 46.15384615384615 0.0
874 23.076923076923077 0.0
875 19.23076923076923 0.0
876 34.61538461538461 0.0
877 23.076923076923077 0.0
878 19.23076923076923 0.0
879 23.076923076923077 0.0
880 26.923076923076923 0.0
881 42.30769230769231 0.0
882 38.46153846153846 0.0
883 30.76923076923077 0.0
884 42.30769230769231 0.0
885 34.61538461538461 0.0
886 30.76923076923077 0.0
887 26.923076923076923 0.0
888 23.076923076923077 0.0
889 26.923076923076923 0.0
890 23.076923076923077 0.0
891 30.76923076923077 0.0
892 30.76923076923077 0.0
893 30.76923076923077 0.0
894 23.076923076923077 0.0
895 23.076923076923077 0.0
896 26.923076923076923 0.0
897 23.076923076923077 0.0
898 19.23076923076923 0.0
899 19.23076923076923 0.0
900 11.538461538461538 0.0
901 26.923076923076923 0.0
902 19.23076923076923 0.0
903 19.23076923076923 0.0
904 23.076923076923077 0.0
905 26.923076923076923 0.0
906 26.923076923076923 0.0
907 26.923076923076923 0.0
908 26.923076923076923 0.0
909 19.23076923076923 0.0
910 15.384615384615385 0.0
911 23.076923076923077 0.0
912 26.923076923076923 0.0
913 26.923076923076923 0.0
914 19.23076923076923 0.0
915 19.23076923076923 0.0
916 34.61538461538461 0.0
917 34.61538461538461 0.0
918 26.923076923076923 0.0
919 38.46153846153846 0.0
920 34.61538461538461 0.0
921 34.61538461538461 0.0
922 30.76923076923077 0.0
923 30.76923076923077 0.0
924 26.923076923076923 0.0
925 30.76923076923077 0.0
926 26.923076923076923 0.0
927 23.076923076923077 0.0
928 26.923076923076923 0.0
929 26.923076923076923 0.0
930 30.76923076923077 0.0
931 34.61538461538461 0.0
932 34.61538461538461 0.0
933 38.46153846153846 0.0
934 34.61538461538461 0.0
935 38.46153846153846 0.0
936 38.46153846153846 0.0
937 11.538461538461538 0.0
938 23.076923076923077 0.0
939 26.923076923076923 0.0
940 19.23076923076923 0.0
941 19.23076923076923 0.0
942 19.23076923076923 0.0
943 23.076923076923077 0.0
944 19.23076923076923 0.0
945 15.384615384615385 0.0
946 19.23076923076923 0.0
947 15.384615384615385 0.0
948 15.384615384615385 0.0
949 19.23076923076923 0.0
950 19.23076923076923 0.0
951 11.538461538461538 0.0
952 23.076923076923077 0.0
953 19.23076923076923 0.0
954 19.23076923076923 0.0
955 15.384615384615385 0.0
956 11.538461538461538 0.0
957 15.384615384615385 0.0
958 11.538461538461538 0.0
959 7.6923076923076925 0.0
960 26.923076923076923 0.0
961 30.76923076923077 0.0
962 34.61538461538461 0.0
963 23.076923076923077 0.0
964 23.076923076923077 0.0
965 38.46153846153846 0.0
966 23.076923076923077 0.0
967 23.076923076923077 0.0
968 23.076923076923077 0.0
969 19.23076923076923 0.0
970 26.923076923076923 0.0
971 23.076923076923077 0.0
972 19.23076923076923 0.0
973 30.76923076923077 0.0
974 26.923076923076923 0.0
975 42.30769230769231 0.0
976 34.61538461538461 0.0
977 30.76923076923077 0.0
978 19.23076923076923 0.0
979 19.23076923076923 0.0
980 34.61538461538461 0.0
981 23.076923076923077 0.0
982 19.23076923076923 0.0
983 26.923076923076923 0.0
984 30.76923076923077 0.0
985 26.923076923076923 0.0
986 34.61538461538461 0.0
987 42.30769230769231 0.0
988 34.61538461538461 0.0
989 19.23076923076923 0.0
990 30.76923076923077 0.0
991 34.61538461538461 0.0
992 26.923076923076923 0.0
993 26.923076923076923 0.0
994 19.23076923076923 0.0
995 23.076923076923077 0.0
996 26.923076923076923 0.0
997 26.923076923076923 0.0
998 26.923076923076923 0.0
999 19.23076923076923 0.0
