#frame monomers_% popc_isolated_%
0 19.23076923076923 0.0
1 26.923076923076923 0.0
2 23.076923076923077 0.0
3 23.076923076923077 0.0
4 30.76923076923077 0.0
5 26.923076923076923 0.0
6 34.61538461538461 0.0
7 30.76923076923077 0.0
8 23.076923076923077 0.0
9 19.23076923076923 0.0
10 7.6923076923076925 0.0
11 3.8461538461538463 0.0
12 30.76923076923077 0.0
13 30.76923076923077 0.0
14 23.076923076923077 0.0
15 30.76923076923077 0.0
16 26.923076923076923 0.0
17 34.61538461538461 0.0
18 30.76923076923077 0.0
19 34.61538461538461 0.0
20 42.30769230769231 0.0
21 34.61538461538461 0.0
22 46.15384615384615 0.0
23 50.0 0.0
24 42.30769230769231 0.0
25 46.15384615384615 0.0
26 42.30769230769231 0.0
27 38.46153846153846 0.0
28 30.76923076923077 0.0
29 34.61538461538461 0.0
30 42.30769230769231 0.0
31 26.923076923076923 0.0
32 34.61538461538461 0.0
33 34.61538461538461 0.0
34 46.15384615384615 0.0
35 53.84615384615385 0.0
36 34.61538461538461 0.0
37 26.923076923076923 0.0
38 30.76923076923077 0.0
39 42.30769230769231 0.0
40 42.30769230769231 0.0
41 38.46153846153846 0.0
42 50.0 0.0
43 34.61538461538461 0.0
44 50.0 0.0
45 53.84615384615385 0.0
46 53.84615384615385 0.0
47 46.15384615384615 0.0
48 42.30769230769231 0.0
49 23.076923076923077 0.0
50 34.61538461538461 0.0
51 38.46153846153846 0.0
52 30.76923076923077 0.0
53 42.30769230769231 0.0
54 26.923076923076923 0.0
55 26.923076923076923 0.0
56 23.076923076923077 0.0
57 38.46153846153846 0.0
58 26.923076923076923 0.0
59 26.923076923076923 0.0
60 23.076923076923077 0.0
61 30.76923076923077 0.0
62 19.23076923076923 0.0
63 30.76923076923077 0.0
64 15.384615384615385 0.0
65 15.384615384615385 0.0
66 15.384615384615385 0.0
67 30.76923076923077 0.0
68 30.76923076923077 0.0
69 15.384615384615385 0.0
70 23.076923076923077 0.0
71 23.076923076923077 0.0
72 23.076923076923077 0.0
73 34.61538461538461 0.0
74 34.61538461538461 0.0
75 23.076923076923077 0.0
76 38.46153846153846 0.0
77 38.46153846153846 0.0
78 50.0 0.0
79 30.76923076923077 0.0
80 46.15384615384615 0.0
81 46.15384615384615 0.0
82 42.30769230769231 0.0
83 53.84615384615385 0.0
84 61.53846153846154 0.0
85 42.30769230769231 0.0
86 57.69230769230769 0.0
87 38.46153846153846 0.0
88 23.076923076923077 0.0
89 26.923076923076923 0.0
90 38.46153846153846 0.0
91 34.61538461538461 0.0
92 30.76923076923077 0.0
93 30.76923076923077 0.0
94 19.23076923076923 0.0
95 34.61538461538461 0.0
96 23.076923076923077 0.0
97 15.384615384615385 0.0
98 15.384615384615385 0.0
99 15.384615384615385 0.0
100 11.538461538461538 0.0
101 23.076923076923077 0.0
102 11.538461538461538 0.0
103 15.384615384615385 0.0
104 23.076923076923077 0.0
105 26.923076923076923 0.0
106 42.30769230769231 0.0
107 26.923076923076923 0.0
108 19.23076923076923 0.0
109 26.923076923076923 0.0
110 19.23076923076923 0.0
111 23.076923076923077 0.0
112 26.923076923076923 0.0
113 26.923076923076923 0.0
114 23.076923076923077 0.0
115 19.23076923076923 0.0
116 19.23076923076923 0.0
117 11.538461538461538 0.0
118 15.384615384615385 0.0
119 19.23076923076923 0.0
120 19.23076923076923 0.0
121 26.923076923076923 0.0
122 11.538461538461538 0.0
123 23.076923076923077 0.0
124 23.076923076923077 0.0
125 30.76923076923077 0.0
126 26.923076923076923 0.0
127 15.384615384615385 0.0
128 19.23076923076923 0.0
129 19.23076923076923 0.0
130 11.538461538461538 0.0
131 11.538461538461538 0.0
132 7.6923076923076925 0.0
133 11.538461538461538 0.0
134 15.384615384615385 0.0
135 23.076923076923077 0.0
136 19.23076923076923 0.0
137 15.384615384615385 0.0
138 30.76923076923077 0.0
139 19.23076923076923 0.0
140 23.076923076923077 0.0
141 26.923076923076923 0.0
142 26.923076923076923 0.0
143 15.384615384615385 0.0
144 23.076923076923077 0.0
145 23.076923076923077 0.0
146 23.076923076923077 0.0
147 11.538461538461538 0.0
148 26.923076923076923 0.0
149 11.538461538461538 0.0
150 26.923076923076923 0.0
151 19.23076923076923 0.0
152 19.23076923076923 0.0
153 11.538461538461538 0.0
154 34.61538461538461 0.0
155 26.923076923076923 0.0
156 30.76923076923077 0.0
157 15.384615384615385 0.0
158 7.6923076923076925 0.0
159 23.076923076923077 0.0
160 42.30769230769231 0.0
161 38.46153846153846 0.0
162 26.923076923076923 0.0
163 30.76923076923077 0.0
164 30.76923076923077 0.0
165 26.923076923076923 0.0
166 30.76923076923077 0.0
167 26.923076923076923 0.0
168 34.61538461538461 0.0
169 23.076923076923077 0.0
170 26.923076923076923 0.0
171 15.384615384615385 0.0
172 15.384615384615385 0.0
173 23.076923076923077 0.0
174 23.076923076923077 0.0
175 34.61538461538461 0.0
176 30.76923076923077 0.0
177 26.923076923076923 0.0
178 26.923076923076923 0.0
179 30.76923076923077 0.0
180 26.923076923076923 0.0
181 23.076923076923077 0.0
182 30.76923076923077 0.0
183 30.76923076923077 0.0
184 30.76923076923077 0.0
185 23.076923076923077 0.0
186 15.384615384615385 0.0
187 15.384615384615385 0.0
188 11.538461538461538 0.0
189 23.076923076923077 0.0
190 23.076923076923077 0.0
191 19.23076923076923 0.0
192 15.384615384615385 0.0
193 15.384615384615385 0.0
194 34.61538461538461 0.0
195 38.46153846153846 0.0
196 34.61538461538461 0.0
197 46.15384615384615 0.0
198 42.30769230769231 0.0
199 30.76923076923077 0.0
200 34.61538461538461 0.0
201 30.76923076923077 0.0
202 38.46153846153846 0.0
203 34.61538461538461 0.0
204 42.30769230769231 0.0
205 30.76923076923077 0.0
206 30.76923076923077 0.0
207 34.61538461538461 0.0
208 30.76923076923077 0.0
209 38.46153846153846 0.0
210 7.6923076923076925 0.0
211 7.6923076923076925 0.0
212 19.23076923076923 0.0
213 26.923076923076923 0.0
214 26.923076923076923 0.0
215 30.76923076923077 0.0
216 34.61538461538461 0.0
217 34.61538461538461 0.0
218 34.61538461538461 0.0
219 30.76923076923077 0.0
220 23.076923076923077 0.0
221 19.23076923076923 0.0
222 26.923076923076923 0.0
223 30.76923076923077 0.0
224 30.76923076923077 0.0
225 30.76923076923077 0.0
226 34.61538461538461 0.0
227 26.923076923076923 0.0
228 23.076923076923077 0.0
229 19.23076923076923 0.0
230 23.076923076923077 0.0
231 26.923076923076923 0.0
232 19.23076923076923 0.0
233 30.76923076923077 0.0
234 30.76923076923077 0.0
235 26.923076923076923 0.0
236 23.076923076923077 0.0
237 23.076923076923077 0.0
238 30.76923076923077 0.0
239 34.61538461538461 0.0
240 26.923076923076923 0.0
241 23.076923076923077 0.0
242 23.076923076923077 0.0
243 23.076923076923077 0.0
244 26.923076923076923 0.0
245 26.923076923076923 0.0
246 23.076923076923077 0.0
247 23.076923076923077 0.0
248 19.23076923076923 0.0
249 26.923076923076923 0.0
250 30.76923076923077 0.0
251 19.23076923076923 0.0
252 15.384615384615385 0.0
253 15.384615384615385 0.0
254 11.538461538461538 0.0
255 11.538461538461538 0.0
256 3.8461538461538463 0.0
257 7.6923076923076925 0.0
258 11.538461538461538 0.0
259 7.6923076923076925 0.0
260 11.538461538461538 0.0
261 11.538461538461538 0.0
262 11.538461538461538 0.0
263 15.384615384615385 0.0
264 19.23076923076923 0.0
265 11.538461538461538 0.0
266 11.538461538461538 0.0
267 15.384615384615385 0.0
268 15.384615384615385 0.0
269 19.23076923076923 0.0
270 19.23076923076923 0.0
271 15.384615384615385 0.0
272 23.076923076923077 0.0
273 23.076923076923077 0.0
274 19.23076923076923 0.0
275 23.076923076923077 0.0
276 23.076923076923077 0.0
277 26.923076923076923 0.0
278 30.76923076923077 0.0
279 34.61538461538461 0.0
280 26.923076923076923 0.0
281 23.076923076923077 0.0
282 30.76923076923077 0.0
283 26.923076923076923 0.0
284 26.923076923076923 0.0
285 34.61538461538461 0.0
286 30.76923076923077 0.0
287 26.923076923076923 0.0
288 34.61538461538461 0.0
289 34.61538461538461 0.0
290 38.46153846153846 0.0
291 46.15384615384615 0.0
292 26.923076923076923 0.0
293 30.76923076923077 0.0
294 30.76923076923077 0.0
295 34.61538461538461 0.0
296 38.46153846153846 0.0
297 42.30769230769231 0.0
298 42.30769230769231 0.0
299 19.23076923076923 0.0
300 26.923076923076923 0.0
301 23.076923076923077 0.0
302 23.076923076923077 0.0
303 23.076923076923077 0.0
304 23.076923076923077 0.0
305 23.076923076923077 0.0
306 23.076923076923077 0.0
307 30.76923076923077 0.0
308 23.076923076923077 0.0
309 30.76923076923077 0.0
310 26.923076923076923 0.0
311 26.923076923076923 0.0
312 19.23076923076923 0.0
313 19.23076923076923 0.0
314 19.23076923076923 0.0
315 15.384615384615385 0.0
316 19.23076923076923 0.0
317 19.23076923076923 0.0
318 11.538461538461538 0.0
319 11.538461538461538 0.0
320 11.538461538461538 0.0
321 7.6923076923076925 0.0
322 11.538461538461538 0.0
323 7.6923076923076925 0.0
324 11.538461538461538 0.0
325 3.8461538461538463 0.0
326 11.538461538461538 0.0
327 19.23076923076923 0.0
328 15.384615384615385 0.0
329 23.076923076923077 0.0
330 19.23076923076923 0.0
331 26.923076923076923 0.0
332 26.923076923076923 0.0
333 23.076923076923077 0.0
334 34.61538461538461 0.0
335 15.384615384615385 0.0
336 23.076923076923077 0.0
337 19.23076923076923 0.0
338 26.923076923076923 0.0
339 19.23076923076923 0.0
340 15.384615384615385 0.0
341 26.923076923076923 0.0
342 23.076923076923077 0.0
343 15.384615384615385 0.0
344 34.61538461538461 0.0
345 26.923076923076923 0.0
346 30.76923076923077 0.0
347 11.538461538461538 0.0
348 19.23076923076923 0.0
349 7.6923076923076925 0.0
350 11.538461538461538 0.0
351 15.384615384615385 0.0
352 23.076923076923077 0.0
353 26.923076923076923 0.0
354 15.384615384615385 0.0
355 26.923076923076923 0.0
356 23.076923076923077 0.0
357 26.923076923076923 0.0
358 19.23076923076923 0.0
359 23.076923076923077 0.0
360 38.46153846153846 0.0
361 30.76923076923077 0.0
362 38.46153846153846 0.0
363 42.30769230769231 0.0
364 34.61538461538461 0.0
365 34.61538461538461 0.0
366 42.30769230769231 0.0
367 23.076923076923077 0.0
368 38.46153846153846 0.0
369 38.46153846153846 0.0
370 34.61538461538461 0.0
371 46.15384615384615 0.0
372 30.76923076923077 0.0
373 42.30769230769231 0.0
374 34.61538461538461 0.0
375 23.076923076923077 0.0
376 42.30769230769231 0.0
377 34.61538461538461 0.0
378 38.46153846153846 0.0
379 23.076923076923077 0.0
380 30.76923076923077 0.0
381 53.84615384615385 0.0
382 30.76923076923077 0.0
383 50.0 0.0
384 42.30769230769231 0.0
385 34.61538461538461 0.0
386 42.30769230769231 0.0
387 38.46153846153846 0.0
388 42.30769230769231 0.0
389 42.30769230769231 0.0
390 34.61538461538461 0.0
391 30.76923076923077 0.0
392 34.61538461538461 0.0
393 26.923076923076923 0.0
394 26.923076923076923 0.0
395 34.61538461538461 0.0
396 42.30769230769231 0.0
397 42.30769230769231 0.0
398 30.76923076923077 0.0
399 30.76923076923077 0.0
400 30.76923076923077 0.0
401 38.46153846153846 0.0
402 42.30769230769231 0.0
403 42.30769230769231 0.0
404 30.76923076923077 0.0
405 26.923076923076923 0.0
406 23.076923076923077 0.0
407 30.76923076923077 0.0
408 42.30769230769231 0.0
409 26.923076923076923 0.0
410 26.923076923076923 0.0
411 30.76923076923077 0.0
412 15.384615384615385 0.0
413 26.923076923076923 0.0
414 30.76923076923077 0.0
415 26.923076923076923 0.0
416 30.76923076923077 0.0
417 34.61538461538461 0.0
418 26.923076923076923 0.0
419 26.923076923076923 0.0
420 34.61538461538461 0.0
421 19.23076923076923 0.0
422 30.76923076923077 0.0
423 23.076923076923077 0.0
424 26.923076923076923 0.0
425 26.923076923076923 0.0
426 19.23076923076923 0.0
427 26.923076923076923 0.0
428 19.23076923076923 0.0
429 23.076923076923077 0.0
430 26.923076923076923 0.0
431 26.923076923076923 0.0
432 23.076923076923077 0.0
433 30.76923076923077 0.0
434 19.23076923076923 0.0
435 23.076923076923077 0.0
436 11.538461538461538 0.0
437 15.384615384615385 0.0
438 26.923076923076923 0.0
439 26.923076923076923 0.0
440 11.538461538461538 0.0
441 11.538461538461538 0.0
442 23.076923076923077 0.0
443 23.076923076923077 0.0
444 23.076923076923077 0.0
445 30.76923076923077 0.0
446 26.923076923076923 0.0
447 26.923076923076923 0.0
448 30.76923076923077 0.0
449 30.76923076923077 0.0
450 19.23076923076923 0.0
451 15.384615384615385 0.0
452 23.076923076923077 0.0
453 7.6923076923076925 0.0
454 23.076923076923077 0.0
455 15.384615384615385 0.0
456 23.076923076923077 0.0
457 23.076923076923077 0.0
458 15.384615384615385 0.0
459 19.23076923076923 0.0
460 11.538461538461538 0.0
461 11.538461538461538 0.0
462 11.538461538461538 0.0
463 19.23076923076923 0.0
464 15.384615384615385 0.0
465 19.23076923076923 0.0
466 19.23076923076923 0.0
467 19.23076923076923 0.0
468 19.23076923076923 0.0
469 11.538461538461538 0.0
470 15.384615384615385 0.0
471 15.384615384615385 0.0
472 23.076923076923077 0.0
473 26.923076923076923 0.0
474 23.076923076923077 0.0
475 23.076923076923077 0.0
476 26.923076923076923 0.0
477 26.923076923076923 0.0
478 26.923076923076923 0.0
479 19.23076923076923 0.0
480 19.23076923076923 0.0
481 15.384615384615385 0.0
482 26.923076923076923 0.0
483 23.076923076923077 0.0
484 19.23076923076923 0.0
485 15.384615384615385 0.0
486 19.23076923076923 0.0
487 30.76923076923077 0.0
488 19.23076923076923 0.0
489 23.076923076923077 0.0
490 23.076923076923077 0.0
491 23.076923076923077 0.0
492 23.076923076923077 0.0
493 15.384615384615385 0.0
494 34.61538461538461 0.0
495 38.46153846153846 0.0
496 30.76923076923077 0.0
497 34.61538461538461 0.0
498 26.923076923076923 0.0
499 26.923076923076923 0.0
500 15.384615384615385 0.0
501 30.76923076923077 0.0
502 26.923076923076923 0.0
503 23.076923076923077 0.0
504 26.923076923076923 0.0
505 19.23076923076923 0.0
506 15.384615384615385 0.0
507 15.384615384615385 0.0
508 15.384615384615385 0.0
509 15.384615384615385 0.0
510 11.538461538461538 0.0
511 15.384615384615385 0.0
512 15.384615384615385 0.0
513 15.384615384615385 0.0
514 15.384615384615385 0.0
515 15.384615384615385 0.0
516 11.538461538461538 0.0
517 7.6923076923076925 0.0
518 11.538461538461538 0.0
519 11.538461538461538 0.0
520 11.538461538461538 0.0
521 11.538461538461538 0.0
522 15.384615384615385 0.0
523 11.538461538461538 0.0
524 26.923076923076923 0.0
525 19.23076923076923 0.0
526 26.923076923076923 0.0
527 23.076923076923077 0.0
528 23.076923076923077 0.0
529 19.23076923076923 0.0
530 26.923076923076923 0.0
531 23.076923076923077 0.0
532 15.384615384615385 0.0
533 15.384615384615385 0.0
534 23.076923076923077 0.0
535 19.23076923076923 0.0
536 26.923076923076923 0.0
537 11.538461538461538 0.0
538 19.23076923076923 0.0
539 19.23076923076923 0.0
540 23.076923076923077 0.0
541 23.076923076923077 0.0
542 23.076923076923077 0.0
543 15.384615384615385 0.0
544 19.23076923076923 0.0
545 23.076923076923077 0.0
546 15.384615384615385 0.0
547 19.23076923076923 0.0
548 19.23076923076923 0.0
549 23.076923076923077 0.0
550 26.923076923076923 0.0
551 26.923076923076923 0.0
552 19.23076923076923 0.0
553 7.6923076923076925 0.0
554 7.6923076923076925 0.0
555 15.384615384615385 0.0
556 30.76923076923077 0.0
557 38.46153846153846 0.0
558 34.61538461538461 0.0
559 23.076923076923077 0.0
560 26.923076923076923 0.0
561 23.076923076923077 0.0
562 15.384615384615385 0.0
563 26.923076923076923 0.0
564 15.384615384615385 0.0
565 7.6923076923076925 0.0
566 11.538461538461538 0.0
567 11.538461538461538 0.0
568 26.923076923076923 0.0
569 23.076923076923077 0.0
570 30.76923076923077 0.0
571 7.6923076923076925 0.0
572 11.538461538461538 0.0
573 15.384615384615385 0.0
574 3.8461538461538463 0.0
575 7.6923076923076925 0.0
576 26.923076923076923 0.0
577 15.384615384615385 0.0
578 19.23076923076923 0.0
579 11.538461538461538 0.0
580 11.538461538461538 0.0
581 11.538461538461538 0.0
582 3.8461538461538463 0.0
583 15.384615384615385 0.0
584 23.076923076923077 0.0
585 15.384615384615385 0.0
586 19.23076923076923 0.0
587 11.538461538461538 0.0
588 19.23076923076923 0.0
589 26.923076923076923 0.0
590 26.923076923076923 0.0
591 7.6923076923076925 0.0
592 19.23076923076923 0.0
593 7.6923076923076925 0.0
594 26.923076923076923 0.0
595 19.23076923076923 0.0
596 15.384615384615385 0.0
597 26.923076923076923 0.0
598 15.384615384615385 0.0
599 19.23076923076923 0.0
600 23.076923076923077 0.0
601 19.23076923076923 0.0
602 19.23076923076923 0.0
603 26.923076923076923 0.0
604 23.076923076923077 0.0
605 30.76923076923077 0.0
606 15.384615384615385 0.0
607 19.23076923076923 0.0
608 26.923076923076923 0.0
609 19.23076923076923 0.0
610 23.076923076923077 0.0
611 26.923076923076923 0.0
612 26.923076923076923 0.0
613 23.076923076923077 0.0
614 34.61538461538461 0.0
615 34.61538461538461 0.0
616 30.76923076923077 0.0
617 26.923076923076923 0.0
618 19.23076923076923 0.0
619 26.923076923076923 0.0
620 23.076923076923077 0.0
621 26.923076923076923 0.0
622 30.76923076923077 0.0
623 34.61538461538461 0.0
624 42.30769230769231 0.0
625 38.46153846153846 0.0
626 34.61538461538461 0.0
627 42.30769230769231 0.0
628 30.76923076923077 0.0
629 38.46153846153846 0.0
630 34.61538461538461 0.0
631 46.15384615384615 0.0
632 38.46153846153846 0.0
633 30.76923076923077 0.0
634 30.76923076923077 0.0
635 30.76923076923077 0.0
636 30.76923076923077 0.0
637 11.538461538461538 0.0
638 30.76923076923077 0.0
639 26.923076923076923 0.0
640 34.61538461538461 0.0
641 26.923076923076923 0.0
642 30.76923076923077 0.0
643 42.30769230769231 0.0
644 38.46153846153846 0.0
645 26.923076923076923 0.0
646 23.076923076923077 0.0
647 30.76923076923077 0.0
648 34.61538461538461 0.0
649 38.46153846153846 0.0
650 30.76923076923077 0.0
651 38.46153846153846 0.0
652 42.30769230769231 0.0
653 34.61538461538461 0.0
654 30.76923076923077 0.0
655 26.923076923076923 0.0
656 15.384615384615385 0.0
657 26.923076923076923 0.0
658 34.61538461538461 0.0
659 42.30769230769231 0.0
660 42.30769230769231 0.0
661 23.076923076923077 0.0
662 30.76923076923077 0.0
663 26.923076923076923 0.0
664 34.61538461538461 0.0
665 46.15384615384615 0.0
666 46.15384615384615 0.0
667 38.46153846153846 0.0
668 53.84615384615385 0.0
669 57.69230769230769 0.0
670 38.46153846153846 0.0
671 46.15384615384615 0.0
672 30.76923076923077 0.0
673 34.61538461538461 0.0
674 34.61538461538461 0.0
675 23.076923076923077 0.0
676 23.076923076923077 0.0
677 23.076923076923077 0.0
678 23.076923076923077 0.0
679 19.23076923076923 0.0
680 30.76923076923077 0.0
681 15.384615384615385 0.0
682 15.384615384615385 0.0
683 23.076923076923077 0.0
684 34.61538461538461 0.0
685 26.923076923076923 0.0
686 19.23076923076923 0.0
687 15.384615384615385 0.0
688 7.6923076923076925 0.0
689 11.538461538461538 0.0
690 15.384615384615385 0.0
691 19.23076923076923 0.0
692 23.076923076923077 0.0
693 11.538461538461538 0.0
694 15.384615384615385 0.0
695 23.076923076923077 0.0
696 26.923076923076923 0.0
697 23.076923076923077 0.0
698 23.076923076923077 0.0
699 15.384615384615385 0.0
700 19.23076923076923 0.0
701 23.076923076923077 0.0
702 23.076923076923077 0.0
703 23.076923076923077 0.0
704 11.538461538461538 0.0
705 11.538461538461538 0.0
706 19.23076923076923 0.0
707 26.923076923076923 0.0
708 26.923076923076923 0.0
709 15.384615384615385 0.0
710 26.923076923076923 0.0
711 11.538461538461538 0.0
712 15.384615384615385 0.0
713 23.076923076923077 0.0
714 15.384615384615385 0.0
715 26.923076923076923 0.0
716 23.076923076923077 0.0
717 26.923076923076923 0.0
718 19.23076923076923 0.0
719 19.23076923076923 0.0
720 19.23076923076923 0.0
721 26.923076923076923 0.0
722 19.23076923076923 0.0
723 26.923076923076923 0.0
724 26.923076923076923 0.0
725 23.076923076923077 0.0
726 26.923076923076923 0.0
727 19.23076923076923 0.0
728 15.384615384615385 0.0
729 19.23076923076923 0.0
730 26.923076923076923 0.0
731 15.384615384615385 0.0
732 30.76923076923077 0.0
733 23.076923076923077 0.0
734 30.76923076923077 0.0
735 26.923076923076923 0.0
736 15.384615384615385 0.0
737 19.23076923076923 0.0
738 23.076923076923077 0.0
739 19.23076923076923 0.0
740 23.076923076923077 0.0
741 26.923076923076923 0.0
742 30.76923076923077 0.0
743 23.076923076923077 0.0
744 19.23076923076923 0.0
745 23.076923076923077 0.0
746 30.76923076923077 0.0
747 23.076923076923077 0.0
748 19.23076923076923 0.0
749 15.384615384615385 0.0
750 26.923076923076923 0.0
751 26.923076923076923 0.0
752 23.076923076923077 0.0
753 23.076923076923077 0.0
754 26.923076923076923 0.0
755 19.23076923076923 0.0
756 30.76923076923077 0.0
757 26.923076923076923 0.0
758 23.076923076923077 0.0
759 46.15384615384615 0.0
760 34.61538461538461 0.0
761 26.923076923076923 0.0
762 23.076923076923077 0.0
763 23.076923076923077 0.0
764 19.23076923076923 0.0
765 30.76923076923077 0.0
766 15.384615384615385 0.0
767 23.076923076923077 0.0
768 26.923076923076923 0.0
769 26.923076923076923 0.0
770 23.076923076923077 0.0
771 19.23076923076923 0.0
772 19.23076923076923 0.0
773 34.61538461538461 0.0
774 30.76923076923077 0.0
775 34.61538461538461 0.0
776 23.076923076923077 0.0
777 34.61538461538461 0.0
778 30.76923076923077 0.0
779 34.61538461538461 0.0
780 34.61538461538461 0.0
781 26.923076923076923 0.0
782 23.076923076923077 0.0
783 23.076923076923077 0.0
784 19.23076923076923 0.0
785 30.76923076923077 0.0
786 38.46153846153846 0.0
787 34.61538461538461 0.0
788 34.61538461538461 0.0
789 38.46153846153846 0.0
790 38.46153846153846 0.0
791 30.76923076923077 0.0
792 26.923076923076923 0.0
793 26.923076923076923 0.0
794 30.76923076923077 0.0
795 38.46153846153846 0.0
796 30.76923076923077 0.0
797 46.15384615384615 0.0
798 30.76923076923077 0.0
799 30.76923076923077 0.0
800 30.76923076923077 0.0
801 46.15384615384615 0.0
802 42.30769230769231 0.0
803 34.61538461538461 0.0
804 46.15384615384615 0.0
805 26.923076923076923 0.0
806 50.0 0.0
807 38.46153846153846 0.0
808 34.61538461538461 0.0
809 42.30769230769231 0.0
810 34.61538461538461 0.0
811 26.923076923076923 0.0
812 42.30769230769231 0.0
813 38.46153846153846 0.0
814 46.15384615384615 0.0
815 34.61538461538461 0.0
816 34.61538461538461 0.0
817 34.61538461538461 0.0
818 26.923076923076923 0.0
819 34.61538461538461 0.0
820 30.76923076923077 0.0
821 50.0 0.0
822 38.46153846153846 0.0
823 38.46153846153846 0.0
824 38.46153846153846 0.0
825 30.76923076923077 0.0
826 38.46153846153846 0.0
827 38.46153846153846 0.0
828 30.76923076923077 0.0
829 46.15384615384615 0.0
830 26.923076923076923 0.0
831 42.30769230769231 0.0
832 38.46153846153846 0.0
833 34.61538461538461 0.0
834 30.76923076923077 0.0
835 30.76923076923077 0.0
836 34.61538461538461 0.0
837 34.61538461538461 0.0
838 53.84615384615385 0.0
839 57.69230769230769 0.0
840 50.0 0.0
841 30.76923076923077 0.0
842 30.76923076923077 0.0
843 34.61538461538461 0.0
844 34.61538461538461 0.0
845 30.76923076923077 0.0
846 42.30769230769231 0.0
847 26.923076923076923 0.0
848 30.76923076923077 0.0
849 19.23076923076923 0.0
850 42.30769230769231 0.0
851 38.46153846153846 0.0
852 46.15384615384615 0.0
853 42.30769230769231 0.0
854 46.15384615384615 0.0
855 50.0 0.0
856 42.30769230769231 0.0
857 46.15384615384615 0.0
858 38.46153846153846 0.0
859 42.30769230769231 0.0
860 38.46153846153846 0.0
861 30.76923076923077 0.0
862 26.923076923076923 0.0
863 23.076923076923077 0.0
864 30.76923076923077 0.0
865 26.923076923076923 0.0
866 42.30769230769231 0.0
867 30.76923076923077 0.0
868 38.46153846153846 0.0
869 38.46153846153846 0.0
870 42.30769230769231 0.0
871 42.30769230769231 0.0
872 38.46153846153846 0.0
873 30.76923076923077 0.0
874 46.15384615384615 0.0
875 38.46153846153846 0.0
876 42.30769230769231 0.0
877 26.923076923076923 0.0
878 46.15384615384615 0.0
879 30.76923076923077 0.0
880 34.61538461538461 0.0
881 30.76923076923077 0.0
882 23.076923076923077 0.0
883 26.923076923076923 0.0
884 34.61538461538461 0.0
885 26.923076923076923 0.0
886 30.76923076923077 0.0
887 26.923076923076923 0.0
888 19.23076923076923 0.0
889 15.384615384615385 0.0
890 26.923076923076923 0.0
891 30.76923076923077 0.0
892 30.76923076923077 0.0
893 15.384615384615385 0.0
894 23.076923076923077 0.0
895 23.076923076923077 0.0
896 11.538461538461538 0.0
897 15.384615384615385 0.0
898 23.076923076923077 0.0
899 23.076923076923077 0.0
900 19.23076923076923 0.0
901 23.076923076923077 0.0
902 15.384615384615385 0.0
903 15.384615384615385 0.0
904 11.538461538461538 0.0
905 19.23076923076923 0.0
906 23.076923076923077 0.0
907 23.076923076923077 0.0
908 11.538461538461538 0.0
909 19.23076923076923 0.0
910 11.538461538461538 0.0
911 23.076923076923077 0.0
912 26.923076923076923 0.0
913 26.923076923076923 0.0
914 30.76923076923077 0.0
915 30.76923076923077 0.0
916 30.76923076923077 0.0
917 30.76923076923077 0.0
918 19.23076923076923 0.0
919 19.23076923076923 0.0
920 30.76923076923077 0.0
921 26.923076923076923 0.0
922 15.384615384615385 0.0
923 19.23076923076923 0.0
924 23.076923076923077 0.0
925 26.923076923076923 0.0
926 26.923076923076923 0.0
927 19.23076923076923 0.0
928 7.6923076923076925 0.0
929 15.384615384615385 0.0
930 23.076923076923077 0.0
931 11.538461538461538 0.0
932 15.384615384615385 0.0
933 11.538461538461538 0.0
934 15.384615384615385 0.0
935 7.6923076923076925 0.0
936 15.384615384615385 0.0
937 11.538461538461538 0.0
938 7.6923076923076925 0.0
939 15.384615384615385 0.0
940 19.23076923076923 0.0
941 15.384615384615385 0.0
942 15.384615384615385 0.0
943 23.076923076923077 0.0
944 23.076923076923077 0.0
945 15.384615384615385 0.0
946 19.23076923076923 0.0
947 11.538461538461538 0.0
948 11.538461538461538 0.0
949 15.384615384615385 0.0
950 23.076923076923077 0.0
951 23.076923076923077 0.0
952 19.23076923076923 0.0
953 15.384615384615385 0.0
954 15.384615384615385 0.0
955 19.23076923076923 0.0
956 34.61538461538461 0.0
957 46.15384615384615 0.0
958 42.30769230769231 0.0
959 42.30769230769231 0.0
960 38.46153846153846 0.0
961 30.76923076923077 0.0
962 38.46153846153846 0.0
963 26.923076923076923 0.0
964 30.76923076923077 0.0
965 26.923076923076923 0.0
966 23.076923076923077 0.0
967 26.923076923076923 0.0
968 34.61538461538461 0.0
969 30.76923076923077 0.0
970 34.61538461538461 0.0
971 23.076923076923077 0.0
972 23.076923076923077 0.0
973 26.923076923076923 0.0
974 38.46153846153846 0.0
975 42.30769230769231 0.0
976 26.923076923076923 0.0
977 38.46153846153846 0.0
978 34.61538461538461 0.0
979 34.61538461538461 0.0
980 30.76923076923077 0.0
981 34.61538461538461 0.0
982 26.923076923076923 0.0
983 42.30769230769231 0.0
984 30.76923076923077 0.0
985 34.61538461538461 0.0
986 46.15384615384615 0.0
987 34.61538461538461 0.0
988 26.923076923076923 0.0
989 23.076923076923077 0.0
990 23.076923076923077 0.0
991 23.076923076923077 0.0
992 34.61538461538461 0.0
993 30.76923076923077 0.0
994 26.923076923076923 0.0
995 26.923076923076923 0.0
996 34.61538461538461 0.0
997 38.46153846153846 0.0
998 38.46153846153846 0.0
999 46.15384615384615 0.0
