#frame monomers_% popc_isolated_%
0 19.23076923076923 0.0
1 23.076923076923077 0.0
2 26.923076923076923 0.0
3 26.923076923076923 0.0
4 26.923076923076923 0.0
5 23.076923076923077 0.0
6 15.384615384615385 0.0
7 26.923076923076923 0.0
8 26.923076923076923 0.0
9 30.76923076923077 0.0
10 26.923076923076923 0.0
11 26.923076923076923 0.0
12 26.923076923076923 0.0
13 30.76923076923077 0.0
14 34.61538461538461 0.0
15 34.61538461538461 0.0
16 34.61538461538461 0.0
17 30.76923076923077 0.0
18 38.46153846153846 0.0
19 38.46153846153846 0.0
20 38.46153846153846 0.0
21 50.0 0.0
22 30.76923076923077 0.0
23 19.23076923076923 0.0
24 26.923076923076923 0.0
25 19.23076923076923 0.0
26 23.076923076923077 0.0
27 26.923076923076923 0.0
28 30.76923076923077 0.0
29 19.23076923076923 0.0
30 26.923076923076923 0.0
31 26.923076923076923 0.0
32 23.076923076923077 0.0
33 11.538461538461538 0.0
34 23.076923076923077 0.0
35 23.076923076923077 0.0
36 26.923076923076923 0.0
37 15.384615384615385 0.0
38 23.076923076923077 0.0
39 26.923076923076923 0.0
40 11.538461538461538 0.0
41 19.23076923076923 0.0
42 19.23076923076923 0.0
43 15.384615384615385 0.0
44 11.538461538461538 0.0
45 19.23076923076923 0.0
46 15.384615384615385 0.0
47 19.23076923076923 0.0
48 23.076923076923077 0.0
49 19.23076923076923 0.0
50 19.23076923076923 0.0
51 15.384615384615385 0.0
52 19.23076923076923 0.0
53 30.76923076923077 0.0
54 30.76923076923077 0.0
55 38.46153846153846 0.0
56 30.76923076923077 0.0
57 30.76923076923077 0.0
58 38.46153846153846 0.0
59 42.30769230769231 0.0
60 50.0 0.0
61 38.46153846153846 0.0
62 23.076923076923077 0.0
63 23.076923076923077 0.0
64 23.076923076923077 0.0
65 19.23076923076923 0.0
66 38.46153846153846 0.0
67 15.384615384615385 0.0
68 30.76923076923077 0.0
69 30.76923076923077 0.0
70 30.76923076923077 0.0
71 19.23076923076923 0.0
72 19.23076923076923 0.0
73 15.384615384615385 0.0
74 26.923076923076923 0.0
75 30.76923076923077 0.0
76 30.76923076923077 0.0
77 19.23076923076923 0.0
78 38.46153846153846 0.0
79 30.76923076923077 0.0
80 30.76923076923077 0.0
81 34.61538461538461 0.0
82 42.30769230769231 0.0
83 23.076923076923077 0.0
84 34.61538461538461 0.0
85 26.923076923076923 0.0
86 26.923076923076923 0.0
87 26.923076923076923 0.0
88 30.76923076923077 0.0
89 26.923076923076923 0.0
90 30.76923076923077 0.0
91 30.76923076923077 0.0
92 19.23076923076923 0.0
93 26.923076923076923 0.0
94 26.923076923076923 0.0
95 30.76923076923077 0.0
96 26.923076923076923 0.0
97 30.76923076923077 0.0
98 23.076923076923077 0.0
99 38.46153846153846 0.0
100 34.61538461538461 0.0
101 30.76923076923077 0.0
102 26.923076923076923 0.0
103 26.923076923076923 0.0
104 26.923076923076923 0.0
105 19.23076923076923 0.0
106 23.076923076923077 0.0
107 23.076923076923077 0.0
108 30.76923076923077 0.0
109 30.76923076923077 0.0
110 26.923076923076923 0.0
111 34.61538461538461 0.0
112 15.384615384615385 0.0
113 26.923076923076923 0.0
114 26.923076923076923 0.0
115 30.76923076923077 0.0
116 23.076923076923077 0.0
117 26.923076923076923 0.0
118 26.923076923076923 0.0
119 30.76923076923077 0.0
120 30.76923076923077 0.0
121 19.23076923076923 0.0
122 19.23076923076923 0.0
123 23.076923076923077 0.0
124 19.23076923076923 0.0
125 19.23076923076923 0.0
126 11.538461538461538 0.0
127 19.23076923076923 0.0
128 3.8461538461538463 0.0
129 30.76923076923077 0.0
130 19.23076923076923 0.0
131 11.538461538461538 0.0
132 26.923076923076923 0.0
133 34.61538461538461 0.0
134 23.076923076923077 0.0
135 30.76923076923077 0.0
136 7.6923076923076925 0.0
137 23.076923076923077 0.0
138 19.23076923076923 0.0
139 23.076923076923077 0.0
140 15.384615384615385 0.0
141 19.23076923076923 0.0
142 11.538461538461538 0.0
143 15.384615384615385 0.0
144 19.23076923076923 0.0
145 19.23076923076923 0.0
146 15.384615384615385 0.0
147 23.076923076923077 0.0
148 23.076923076923077 0.0
149 23.076923076923077 0.0
150 19.23076923076923 0.0
151 19.23076923076923 0.0
152 19.23076923076923 0.0
153 15.384615384615385 0.0
154 7.6923076923076925 0.0
155 15.384615384615385 0.0
156 15.384615384615385 0.0
157 19.23076923076923 0.0
158 15.384615384615385 0.0
159 19.23076923076923 0.0
160 19.23076923076923 0.0
161 19.23076923076923 0.0
162 23.076923076923077 0.0
163 26.923076923076923 0.0
164 26.923076923076923 0.0
165 23.076923076923077 0.0
166 26.923076923076923 0.0
167 19.23076923076923 0.0
168 23.076923076923077 0.0
169 11.538461538461538 0.0
170 15.384615384615385 0.0
171 30.76923076923077 0.0
172 19.23076923076923 0.0
173 23.076923076923077 0.0
174 19.23076923076923 0.0
175 30.76923076923077 0.0
176 23.076923076923077 0.0
177 19.23076923076923 0.0
178 19.23076923076923 0.0
179 30.76923076923077 0.0
180 26.923076923076923 0.0
181 23.076923076923077 0.0
182 26.923076923076923 0.0
183 38.46153846153846 0.0
184 26.923076923076923 0.0
185 19.23076923076923 0.0
186 11.538461538461538 0.0
187 19.23076923076923 0.0
188 19.23076923076923 0.0
189 30.76923076923077 0.0
190 50.0 0.0
191 26.923076923076923 0.0
192 30.76923076923077 0.0
193 42.30769230769231 0.0
194 34.61538461538461 0.0
195 30.76923076923077 0.0
196 30.76923076923077 0.0
197 23.076923076923077 0.0
198 34.61538461538461 0.0
199 26.923076923076923 0.0
200 38.46153846153846 0.0
201 30.76923076923077 0.0
202 15.384615384615385 0.0
203 15.384615384615385 0.0
204 11.538461538461538 0.0
205 15.384615384615385 0.0
206 30.76923076923077 0.0
207 26.923076923076923 0.0
208 15.384615384615385 0.0
209 19.23076923076923 0.0
210 15.384615384615385 0.0
211 23.076923076923077 0.0
212 23.076923076923077 0.0
213 23.076923076923077 0.0
214 26.923076923076923 0.0
215 26.923076923076923 0.0
216 23.076923076923077 0.0
217 23.076923076923077 0.0
218 15.384615384615385 0.0
219 23.076923076923077 0.0
220 30.76923076923077 0.0
221 38.46153846153846 0.0
222 38.46153846153846 0.0
223 38.46153846153846 0.0
224 30.76923076923077 0.0
225 30.76923076923077 0.0
226 34.61538461538461 0.0
227 34.61538461538461 0.0
228 34.61538461538461 0.0
229 30.76923076923077 0.0
230 30.76923076923077 0.0
231 34.61538461538461 0.0
232 34.61538461538461 0.0
233 34.61538461538461 0.0
234 23.076923076923077 0.0
235 30.76923076923077 0.0
236 26.923076923076923 0.0
237 23.076923076923077 0.0
238 23.076923076923077 0.0
239 30.76923076923077 0.0
240 26.923076923076923 0.0
241 15.384615384615385 0.0
242 19.23076923076923 0.0
243 19.23076923076923 0.0
244 15.384615384615385 0.0
245 19.23076923076923 0.0
246 19.23076923076923 0.0
247 19.23076923076923 0.0
248 34.61538461538461 0.0
249 26.923076923076923 0.0
250 34.61538461538461 0.0
251 26.923076923076923 0.0
252 38.46153846153846 0.0
253 19.23076923076923 0.0
254 19.23076923076923 0.0
255 11.538461538461538 0.0
256 7.6923076923076925 0.0
257 11.538461538461538 0.0
258 11.538461538461538 0.0
259 3.8461538461538463 0.0
260 3.8461538461538463 0.0
261 19.23076923076923 0.0
262 19.23076923076923 0.0
263 15.384615384615385 0.0
264 15.384615384615385 0.0
265 15.384615384615385 0.0
266 23.076923076923077 0.0
267 15.384615384615385 0.0
268 15.384615384615385 0.0
269 23.076923076923077 0.0
270 19.23076923076923 0.0
271 7.6923076923076925 0.0
272 38.46153846153846 0.0
273 19.23076923076923 0.0
274 15.384615384615385 0.0
275 15.384615384615385 0.0
276 19.23076923076923 0.0
277 11.538461538461538 0.0
278 15.384615384615385 0.0
279 23.076923076923077 0.0
280 26.923076923076923 0.0
281 30.76923076923077 0.0
282 23.076923076923077 0.0
283 15.384615384615385 0.0
284 15.384615384615385 0.0
285 23.076923076923077 0.0
286 19.23076923076923 0.0
287 19.23076923076923 0.0
288 26.923076923076923 0.0
289 11.538461538461538 0.0
290 11.538461538461538 0.0
291 11.538461538461538 0.0
292 23.076923076923077 0.0
293 19.23076923076923 0.0
294 11.538461538461538 0.0
295 23.076923076923077 0.0
296 15.384615384615385 0.0
297 15.384615384615385 0.0
298 19.23076923076923 0.0
299 23.076923076923077 0.0
300 11.538461538461538 0.0
301 11.538461538461538 0.0
302 19.23076923076923 0.0
303 3.8461538461538463 0.0
304 7.6923076923076925 0.0
305 3.8461538461538463 0.0
306 15.384615384615385 0.0
307 19.23076923076923 0.0
308 15.384615384615385 0.0
309 23.076923076923077 0.0
310 11.538461538461538 0.0
311 15.384615384615385 0.0
312 15.384615384615385 0.0
313 15.384615384615385 0.0
314 23.076923076923077 0.0
315 11.538461538461538 0.0
316 15.384615384615385 0.0
317 23.076923076923077 0.0
318 23.076923076923077 0.0
319 23.076923076923077 0.0
320 30.76923076923077 0.0
321 23.076923076923077 0.0
322 30.76923076923077 0.0
323 19.23076923076923 0.0
324 15.384615384615385 0.0
325 19.23076923076923 0.0
326 23.076923076923077 0.0
327 23.076923076923077 0.0
328 30.76923076923077 0.0
329 15.384615384615385 0.0
330 26.923076923076923 0.0
331 34.61538461538461 0.0
332 23.076923076923077 0.0
333 30.76923076923077 0.0
334 15.384615384615385 0.0
335 23.076923076923077 0.0
336 26.923076923076923 0.0
337 26.923076923076923 0.0
338 19.23076923076923 0.0
339 19.23076923076923 0.0
340 23.076923076923077 0.0
341 19.23076923076923 0.0
342 7.6923076923076925 0.0
343 23.076923076923077 0.0
344 30.76923076923077 0.0
345 38.46153846153846 0.0
346 38.46153846153846 0.0
347 26.923076923076923 0.0
348 42.30769230769231 0.0
349 30.76923076923077 0.0
350 26.923076923076923 0.0
351 11.538461538461538 0.0
352 26.923076923076923 0.0
353 23.076923076923077 0.0
354 11.538461538461538 0.0
355 19.23076923076923 0.0
356 15.384615384615385 0.0
357 34.61538461538461 0.0
358 15.384615384615385 0.0
359 26.923076923076923 0.0
360 23.076923076923077 0.0
361 19.23076923076923 0.0
362 15.384615384615385 0.0
363 23.076923076923077 0.0
364 30.76923076923077 0.0
365 30.76923076923077 0.0
366 30.76923076923077 0.0
367 42.30769230769231 0.0
368 34.61538461538461 0.0
369 34.61538461538461 0.0
370 23.076923076923077 0.0
371 26.923076923076923 0.0
372 46.15384615384615 0.0
373 38.46153846153846 0.0
374 26.923076923076923 0.0
375 30.76923076923077 0.0
376 38.46153846153846 0.0
377 38.46153846153846 0.0
378 19.23076923076923 0.0
379 26.923076923076923 0.0
380 38.46153846153846 0.0
381 26.923076923076923 0.0
382 26.923076923076923 0.0
383 34.61538461538461 0.0
384 46.15384615384615 0.0
385 30.76923076923077 0.0
386 26.923076923076923 0.0
387 26.923076923076923 0.0
388 23.076923076923077 0.0
389 11.538461538461538 0.0
390 19.23076923076923 0.0
391 23.076923076923077 0.0
392 23.076923076923077 0.0
393 26.923076923076923 0.0
394 23.076923076923077 0.0
395 19.23076923076923 0.0
396 11.538461538461538 0.0
397 15.384615384615385 0.0
398 19.23076923076923 0.0
399 26.923076923076923 0.0
400 23.076923076923077 0.0
401 11.538461538461538 0.0
402 26.923076923076923 0.0
403 7.6923076923076925 0.0
404 23.076923076923077 0.0
405 26.923076923076923 0.0
406 19.23076923076923 0.0
407 26.923076923076923 0.0
408 38.46153846153846 0.0
409 15.384615384615385 0.0
410 19.23076923076923 0.0
411 15.384615384615385 0.0
412 23.076923076923077 0.0
413 15.384615384615385 0.0
414 11.538461538461538 0.0
415 23.076923076923077 0.0
416 15.384615384615385 0.0
417 23.076923076923077 0.0
418 19.23076923076923 0.0
419 19.23076923076923 0.0
420 19.23076923076923 0.0
421 19.23076923076923 0.0
422 23.076923076923077 0.0
423 15.384615384615385 0.0
424 15.384615384615385 0.0
425 23.076923076923077 0.0
426 23.076923076923077 0.0
427 19.23076923076923 0.0
428 26.923076923076923 0.0
429 38.46153846153846 0.0
430 42.30769230769231 0.0
431 38.46153846153846 0.0
432 30.76923076923077 0.0
433 30.76923076923077 0.0
434 23.076923076923077 0.0
435 26.923076923076923 0.0
436 23.076923076923077 0.0
437 19.23076923076923 0.0
438 15.384615384615385 0.0
439 23.076923076923077 0.0
440 15.384615384615385 0.0
441 26.923076923076923 0.0
442 23.076923076923077 0.0
443 19.23076923076923 0.0
444 19.23076923076923 0.0
445 26.923076923076923 0.0
446 15.384615384615385 0.0
447 19.23076923076923 0.0
448 23.076923076923077 0.0
449 11.538461538461538 0.0
450 23.076923076923077 0.0
451 19.23076923076923 0.0
452 15.384615384615385 0.0
453 19.23076923076923 0.0
454 15.384615384615385 0.0
455 11.538461538461538 0.0
456 19.23076923076923 0.0
457 7.6923076923076925 0.0
458 11.538461538461538 0.0
459 11.538461538461538 0.0
460 11.538461538461538 0.0
461 30.76923076923077 0.0
462 26.923076923076923 0.0
463 23.076923076923077 0.0
464 11.538461538461538 0.0
465 23.076923076923077 0.0
466 19.23076923076923 0.0
467 26.923076923076923 0.0
468 26.923076923076923 0.0
469 30.76923076923077 0.0
470 23.076923076923077 0.0
471 23.076923076923077 0.0
472 19.23076923076923 0.0
473 23.076923076923077 0.0
474 26.923076923076923 0.0
475 30.76923076923077 0.0
476 26.923076923076923 0.0
477 30.76923076923077 0.0
478 19.23076923076923 0.0
479 30.76923076923077 0.0
480 26.923076923076923 0.0
481 26.923076923076923 0.0
482 34.61538461538461 0.0
483 34.61538461538461 0.0
484 34.61538461538461 0.0
485 23.076923076923077 0.0
486 30.76923076923077 0.0
487 30.76923076923077 0.0
488 26.923076923076923 0.0
489 23.076923076923077 0.0
490 30.76923076923077 0.0
491 30.76923076923077 0.0
492 34.61538461538461 0.0
493 23.076923076923077 0.0
494 19.23076923076923 0.0
495 34.61538461538461 0.0
496 26.923076923076923 0.0
497 23.076923076923077 0.0
498 26.923076923076923 0.0
499 23.076923076923077 0.0
500 30.76923076923077 0.0
501 26.923076923076923 0.0
502 30.76923076923077 0.0
503 30.76923076923077 0.0
504 30.76923076923077 0.0
505 38.46153846153846 0.0
506 26.923076923076923 0.0
507 30.76923076923077 0.0
508 30.76923076923077 0.0
509 30.76923076923077 0.0
510 34.61538461538461 0.0
511 19.23076923076923 0.0
512 23.076923076923077 0.0
513 19.23076923076923 0.0
514 23.076923076923077 0.0
515 19.23076923076923 0.0
516 15.384615384615385 0.0
517 19.23076923076923 0.0
518 23.076923076923077 0.0
519 34.61538461538461 0.0
520 34.61538461538461 0.0
521 30.76923076923077 0.0
522 26.923076923076923 0.0
523 38.46153846153846 0.0
524 23.076923076923077 0.0
525 34.61538461538461 0.0
526 30.76923076923077 0.0
527 23.076923076923077 0.0
528 34.61538461538461 0.0
529 26.923076923076923 0.0
530 34.61538461538461 0.0
531 26.923076923076923 0.0
532 26.923076923076923 0.0
533 23.076923076923077 0.0
534 15.384615384615385 0.0
535 19.23076923076923 0.0
536 19.23076923076923 0.0
537 15.384615384615385 0.0
538 15.384615384615385 0.0
539 26.923076923076923 0.0
540 15.384615384615385 0.0
541 23.076923076923077 0.0
542 23.076923076923077 0.0
543 15.384615384615385 0.0
544 11.538461538461538 0.0
545 23.076923076923077 0.0
546 23.076923076923077 0.0
547 23.076923076923077 0.0
548 19.23076923076923 0.0
549 11.538461538461538 0.0
550 23.076923076923077 0.0
551 23.076923076923077 0.0
552 23.076923076923077 0.0
553 11.538461538461538 0.0
554 15.384615384615385 0.0
555 34.61538461538461 0.0
556 19.23076923076923 0.0
557 30.76923076923077 0.0
558 30.76923076923077 0.0
559 15.384615384615385 0.0
560 34.61538461538461 0.0
561 30.76923076923077 0.0
562 38.46153846153846 0.0
563 34.61538461538461 0.0
564 26.923076923076923 0.0
565 38.46153846153846 0.0
566 23.076923076923077 0.0
567 26.923076923076923 0.0
568 26.923076923076923 0.0
569 19.23076923076923 0.0
570 30.76923076923077 0.0
571 26.923076923076923 0.0
572 11.538461538461538 0.0
573 19.23076923076923 0.0
574 15.384615384615385 0.0
575 23.076923076923077 0.0
576 23.076923076923077 0.0
577 19.23076923076923 0.0
578 19.23076923076923 0.0
579 19.23076923076923 0.0
580 26.923076923076923 0.0
581 26.923076923076923 0.0
582 30.76923076923077 0.0
583 34.61538461538461 0.0
584 34.61538461538461 0.0
585 42.30769230769231 0.0
586 42.30769230769231 0.0
587 38.46153846153846 0.0
588 42.30769230769231 0.0
589 26.923076923076923 0.0
590 23.076923076923077 0.0
591 19.23076923076923 0.0
592 11.538461538461538 0.0
593 19.23076923076923 0.0
594 11.538461538461538 0.0
595 19.23076923076923 0.0
596 23.076923076923077 0.0
597 26.923076923076923 0.0
598 26.923076923076923 0.0
599 23.076923076923077 0.0
600 26.923076923076923 0.0
601 23.076923076923077 0.0
602 26.923076923076923 0.0
603 38.46153846153846 0.0
604 34.61538461538461 0.0
605 26.923076923076923 0.0
606 26.923076923076923 0.0
607 34.61538461538461 0.0
608 38.46153846153846 0.0
609 46.15384615384615 0.0
610 46.15384615384615 0.0
611 34.61538461538461 0.0
612 19.23076923076923 0.0
613 30.76923076923077 0.0
614 34.61538461538461 0.0
615 23.076923076923077 0.0
616 26.923076923076923 0.0
617 19.23076923076923 0.0
618 23.076923076923077 0.0
619 11.538461538461538 0.0
620 23.076923076923077 0.0
621 19.23076923076923 0.0
622 26.923076923076923 0.0
623 38.46153846153846 0.0
624 30.76923076923077 0.0
625 42.30769230769231 0.0
626 30.76923076923077 0.0
627 46.15384615384615 0.0
628 23.076923076923077 0.0
629 26.923076923076923 0.0
630 38.46153846153846 0.0
631 30.76923076923077 0.0
632 26.923076923076923 0.0
633 30.76923076923077 0.0
634 23.076923076923077 0.0
635 26.923076923076923 0.0
636 30.76923076923077 0.0
637 23.076923076923077 0.0
638 26.923076923076923 0.0
639 38.46153846153846 0.0
640 38.46153846153846 0.0
641 30.76923076923077 0.0
642 38.46153846153846 0.0
643 34.61538461538461 0.0
644 30.76923076923077 0.0
645 34.61538461538461 0.0
646 42.30769230769231 0.0
647 34.61538461538461 0.0
648 34.61538461538461 0.0
649 38.46153846153846 0.0
650 38.46153846153846 0.0
651 38.46153846153846 0.0
652 34.61538461538461 0.0
653 38.46153846153846 0.0
654 26.923076923076923 0.0
655 38.46153846153846 0.0
656 42.30769230769231 0.0
657 46.15384615384615 0.0
658 19.23076923076923 0.0
659 30.76923076923077 0.0
660 26.923076923076923 0.0
661 26.923076923076923 0.0
662 34.61538461538461 0.0
663 26.923076923076923 0.0
664 23.076923076923077 0.0
665 23.076923076923077 0.0
666 23.076923076923077 0.0
667 23.076923076923077 0.0
668 42.30769230769231 0.0
669 23.076923076923077 0.0
670 19.23076923076923 0.0
671 38.46153846153846 0.0
672 19.23076923076923 0.0
673 34.61538461538461 0.0
674 30.76923076923077 0.0
675 26.923076923076923 0.0
676 26.923076923076923 0.0
677 30.76923076923077 0.0
678 26.923076923076923 0.0
679 26.923076923076923 0.0
680 26.923076923076923 0.0
681 42.30769230769231 0.0
682 23.076923076923077 0.0
683 19.23076923076923 0.0
684 30.76923076923077 0.0
685 30.76923076923077 0.0
686 34.61538461538461 0.0
687 30.76923076923077 0.0
688 34.61538461538461 0.0
689 23.076923076923077 0.0
690 34.61538461538461 0.0
691 23.076923076923077 0.0
692 26.923076923076923 0.0
693 30.76923076923077 0.0
694 26.923076923076923 0.0
695 38.46153846153846 0.0
696 38.46153846153846 0.0
697 30.76923076923077 0.0
698 30.76923076923077 0.0
699 26.923076923076923 0.0
700 26.923076923076923 0.0
701 26.923076923076923 0.0
702 30.76923076923077 0.0
703 26.923076923076923 0.0
704 26.923076923076923 0.0
705 23.076923076923077 0.0
706 23.076923076923077 0.0
707 19.23076923076923 0.0
708 23.076923076923077 0.0
709 26.923076923076923 0.0
710 19.23076923076923 0.0
711 26.923076923076923 0.0
712 23.076923076923077 0.0
713 30.76923076923077 0.0
714 30.76923076923077 0.0
715 26.923076923076923 0.0
716 30.76923076923077 0.0
717 23.076923076923077 0.0
718 23.076923076923077 0.0
719 23.076923076923077 0.0
720 19.23076923076923 0.0
721 26.923076923076923 0.0
722 26.923076923076923 0.0
723 38.46153846153846 0.0
724 34.61538461538461 0.0
725 34.61538461538461 0.0
726 26.923076923076923 0.0
727 34.61538461538461 0.0
728 34.61538461538461 0.0
729 38.46153846153846 0.0
730 38.46153846153846 0.0
731 42.30769230769231 0.0
732 38.46153846153846 0.0
733 50.0 0.0
734 30.76923076923077 0.0
735 38.46153846153846 0.0
736 34.61538461538461 0.0
737 38.46153846153846 0.0
738 34.61538461538461 0.0
739 42.30769230769231 0.0
740 26.923076923076923 0.0
741 19.23076923076923 0.0
742 34.61538461538461 0.0
743 26.923076923076923 0.0
744 26.923076923076923 0.0
745 23.076923076923077 0.0
746 30.76923076923077 0.0
747 19.23076923076923 0.0
748 23.076923076923077 0.0
749 23.076923076923077 0.0
750 30.76923076923077 0.0
751 11.538461538461538 0.0
752 23.076923076923077 0.0
753 26.923076923076923 0.0
754 23.076923076923077 0.0
755 38.46153846153846 0.0
756 30.76923076923077 0.0
757 19.23076923076923 0.0
758 30.76923076923077 0.0
759 42.30769230769231 0.0
760 42.30769230769231 0.0
761 50.0 0.0
762 26.923076923076923 0.0
763 26.923076923076923 0.0
764 26.923076923076923 0.0
765 38.46153846153846 0.0
766 46.15384615384615 0.0
767 30.76923076923077 0.0
768 26.923076923076923 0.0
769 23.076923076923077 0.0
770 19.23076923076923 0.0
771 34.61538461538461 0.0
772 26.923076923076923 0.0
773 38.46153846153846 0.0
774 34.61538461538461 0.0
775 23.076923076923077 0.0
776 23.076923076923077 0.0
777 15.384615384615385 0.0
778 19.23076923076923 0.0
779 38.46153846153846 0.0
780 38.46153846153846 0.0
781 50.0 0.0
782 38.46153846153846 0.0
783 23.076923076923077 0.0
784 53.84615384615385 0.0
785 53.84615384615385 0.0
786 57.69230769230769 0.0
787 57.69230769230769 0.0
788 30.76923076923077 0.0
789 53.84615384615385 0.0
790 53.84615384615385 0.0
791 42.30769230769231 0.0
792 34.61538461538461 0.0
793 30.76923076923077 0.0
794 30.76923076923077 0.0
795 26.923076923076923 0.0
796 38.46153846153846 0.0
797 34.61538461538461 0.0
798 53.84615384615385 0.0
799 57.69230769230769 0.0
800 34.61538461538461 0.0
801 42.30769230769231 0.0
802 34.61538461538461 0.0
803 57.69230769230769 0.0
804 42.30769230769231 0.0
805 50.0 0.0
806 7.6923076923076925 0.0
807 34.61538461538461 0.0
808 15.384615384615385 0.0
809 26.923076923076923 0.0
810 23.076923076923077 0.0
811 19.23076923076923 0.0
812 46.15384615384615 0.0
813 30.76923076923077 0.0
814 46.15384615384615 0.0
815 15.384615384615385 0.0
816 30.76923076923077 0.0
817 38.46153846153846 0.0
818 34.61538461538461 0.0
819 34.61538461538461 0.0
820 30.76923076923077 0.0
821 34.61538461538461 0.0
822 30.76923076923077 0.0
823 34.61538461538461 0.0
824 23.076923076923077 0.0
825 30.76923076923077 0.0
826 15.384615384615385 0.0
827 34.61538461538461 0.0
828 19.23076923076923 0.0
829 30.76923076923077 0.0
830 38.46153846153846 0.0
831 19.23076923076923 0.0
832 23.076923076923077 0.0
833 23.076923076923077 0.0
834 30.76923076923077 0.0
835 15.384615384615385 0.0
836 34.61538461538461 0.0
837 15.384615384615385 0.0
838 19.23076923076923 0.0
839 26.923076923076923 0.0
840 15.384615384615385 0.0
841 23.076923076923077 0.0
842 26.923076923076923 0.0
843 23.076923076923077 0.0
844 38.46153846153846 0.0
845 30.76923076923077 0.0
846 23.076923076923077 0.0
847 26.923076923076923 0.0
848 38.46153846153846 0.0
849 26.923076923076923 0.0
850 23.076923076923077 0.0
851 38.46153846153846 0.0
852 30.76923076923077 0.0
853 42.30769230769231 0.0
854 42.30769230769231 0.0
855 46.15384615384615 0.0
856 38.46153846153846 0.0
857 57.69230769230769 0.0
858 34.61538461538461 0.0
859 38.46153846153846 0.0
860 34.61538461538461 0.0
861 30.76923076923077 0.0
862 50.0 0.0
863 34.61538461538461 0.0
864 42.30769230769231 0.0
865 42.30769230769231 0.0
866 42.30769230769231 0.0
867 34.61538461538461 0.0
868 34.61538461538461 0.0
869 23.076923076923077 0.0
870 34.61538461538461 0.0
871 23.076923076923077 0.0
872 19.23076923076923 0.0
873 26.923076923076923 0.0
874 26.923076923076923 0.0
875 30.76923076923077 0.0
876 23.076923076923077 0.0
877 19.23076923076923 0.0
878 26.923076923076923 0.0
879 38.46153846153846 0.0
880 34.61538461538461 0.0
881 42.30769230769231 0.0
882 19.23076923076923 0.0
883 26.923076923076923 0.0
884 15.384615384615385 0.0
885 11.538461538461538 0.0
886 19.23076923076923 0.0
887 23.076923076923077 0.0
888 34.61538461538461 0.0
889 30.76923076923077 0.0
890 42.30769230769231 0.0
891 34.61538461538461 0.0
892 26.923076923076923 0.0
893 30.76923076923077 0.0
894 19.23076923076923 0.0
895 23.076923076923077 0.0
896 26.923076923076923 0.0
897 26.923076923076923 0.0
898 26.923076923076923 0.0
899 26.923076923076923 0.0
900 19.23076923076923 0.0
901 26.923076923076923 0.0
902 11.538461538461538 0.0
903 15.384615384615385 0.0
904 23.076923076923077 0.0
905 11.538461538461538 0.0
906 15.384615384615385 0.0
907 23.076923076923077 0.0
908 23.076923076923077 0.0
909 19.23076923076923 0.0
910 19.23076923076923 0.0
911 15.384615384615385 0.0
912 11.538461538461538 0.0
913 11.538461538461538 0.0
914 23.076923076923077 0.0
915 23.076923076923077 0.0
916 26.923076923076923 0.0
917 19.23076923076923 0.0
918 30.76923076923077 0.0
919 23.076923076923077 0.0
920 15.384615384615385 0.0
921 15.384615384615385 0.0
922 26.923076923076923 0.0
923 38.46153846153846 0.0
924 46.15384615384615 0.0
925 26.923076923076923 0.0
926 34.61538461538461 0.0
927 30.76923076923077 0.0
928 34.61538461538461 0.0
929 19.23076923076923 0.0
930 19.23076923076923 0.0
931 30.76923076923077 0.0
932 34.61538461538461 0.0
933 30.76923076923077 0.0
934 26.923076923076923 0.0
935 42.30769230769231 0.0
936 26.923076923076923 0.0
937 26.923076923076923 0.0
938 38.46153846153846 0.0
939 19.23076923076923 0.0
940 26.923076923076923 0.0
941 26.923076923076923 0.0
942 26.923076923076923 0.0
943 26.923076923076923 0.0
944 26.923076923076923 0.0
945 23.076923076923077 0.0
946 34.61538461538461 0.0
947 30.76923076923077 0.0
948 26.923076923076923 0.0
949 34.61538461538461 0.0
950 34.61538461538461 0.0
951 42.30769230769231 0.0
952 19.23076923076923 0.0
953 30.76923076923077 0.0
954 38.46153846153846 0.0
955 26.923076923076923 0.0
956 50.0 0.0
957 30.76923076923077 0.0
958 34.61538461538461 0.0
959 38.46153846153846 0.0
960 46.15384615384615 0.0
961 42.30769230769231 0.0
962 38.46153846153846 0.0
963 34.61538461538461 0.0
964 34.61538461538461 0.0
965 26.923076923076923 0.0
966 38.46153846153846 0.0
967 38.46153846153846 0.0
968 38.46153846153846 0.0
969 34.61538461538461 0.0
970 38.46153846153846 0.0
971 23.076923076923077 0.0
972 34.61538461538461 0.0
973 15.384615384615385 0.0
974 26.923076923076923 0.0
975 34.61538461538461 0.0
976 42.30769230769231 0.0
977 30.76923076923077 0.0
978 26.923076923076923 0.0
979 23.076923076923077 0.0
980 26.923076923076923 0.0
981 42.30769230769231 0.0
982 38.46153846153846 0.0
983 42.30769230769231 0.0
984 38.46153846153846 0.0
985 26.923076923076923 0.0
986 38.46153846153846 0.0
987 34.61538461538461 0.0
988 34.61538461538461 0.0
989 38.46153846153846 0.0
990 50.0 0.0
991 26.923076923076923 0.0
992 30.76923076923077 0.0
993 34.61538461538461 0.0
994 26.923076923076923 0.0
995 30.76923076923077 0.0
996 30.76923076923077 0.0
997 34.61538461538461 0.0
998 23.076923076923077 0.0
999 19.23076923076923 0.0
