#frame monomers_% popc_isolated_%
0 26.923076923076923 0.0
1 15.384615384615385 0.0
2 15.384615384615385 0.0
3 11.538461538461538 0.0
4 19.23076923076923 0.0
5 11.538461538461538 0.0
6 15.384615384615385 0.0
7 15.384615384615385 0.0
8 19.23076923076923 0.0
9 11.538461538461538 0.0
10 7.6923076923076925 0.0
11 23.076923076923077 0.0
12 15.384615384615385 0.0
13 15.384615384615385 0.0
14 15.384615384615385 0.0
15 23.076923076923077 0.0
16 15.384615384615385 0.0
17 23.076923076923077 0.0
18 26.923076923076923 0.0
19 23.076923076923077 0.0
20 34.61538461538461 0.0
21 30.76923076923077 0.0
22 26.923076923076923 0.0
23 11.538461538461538 0.0
24 19.23076923076923 0.0
25 26.923076923076923 0.0
26 15.384615384615385 0.0
27 30.76923076923077 0.0
28 15.384615384615385 0.0
29 26.923076923076923 0.0
30 26.923076923076923 0.0
31 19.23076923076923 0.0
32 15.384615384615385 0.0
33 19.23076923076923 0.0
34 15.384615384615385 0.0
35 15.384615384615385 0.0
36 15.384615384615385 0.0
37 15.384615384615385 0.0
38 19.23076923076923 0.0
39 19.23076923076923 0.0
40 19.23076923076923 0.0
41 11.538461538461538 0.0
42 15.384615384615385 0.0
43 7.6923076923076925 0.0
44 7.6923076923076925 0.0
45 19.23076923076923 0.0
46 23.076923076923077 0.0
47 23.076923076923077 0.0
48 34.61538461538461 0.0
49 23.076923076923077 0.0
50 42.30769230769231 0.0
51 23.076923076923077 0.0
52 19.23076923076923 0.0
53 38.46153846153846 0.0
54 26.923076923076923 0.0
55 23.076923076923077 0.0
56 26.923076923076923 0.0
57 26.923076923076923 0.0
58 15.384615384615385 0.0
59 30.76923076923077 0.0
60 26.923076923076923 0.0
61 26.923076923076923 0.0
62 15.384615384615385 0.0
63 34.61538461538461 0.0
64 34.61538461538461 0.0
65 19.23076923076923 0.0
66 38.46153846153846 0.0
67 50.0 0.0
68 26.923076923076923 0.0
69 23.076923076923077 0.0
70 42.30769230769231 0.0
71 34.61538461538461 0.0
72 38.46153846153846 0.0
73 42.30769230769231 0.0
74 30.76923076923077 0.0
75 34.61538461538461 0.0
76 46.15384615384615 0.0
77 34.61538461538461 0.0
78 23.076923076923077 0.0
79 30.76923076923077 0.0
80 42.30769230769231 0.0
81 42.30769230769231 0.0
82 30.76923076923077 0.0
83 34.61538461538461 0.0
84 30.76923076923077 0.0
85 38.46153846153846 0.0
86 57.69230769230769 0.0
87 57.69230769230769 0.0
88 38.46153846153846 0.0
89 26.923076923076923 0.0
90 42.30769230769231 0.0
91 38.46153846153846 0.0
92 26.923076923076923 0.0
93 23.076923076923077 0.0
94 26.923076923076923 0.0
95 23.076923076923077 0.0
96 23.076923076923077 0.0
97 26.923076923076923 0.0
98 26.923076923076923 0.0
99 38.46153846153846 0.0
100 26.923076923076923 0.0
101 26.923076923076923 0.0
102 19.23076923076923 0.0
103 15.384615384615385 0.0
104 19.23076923076923 0.0
105 26.923076923076923 0.0
106 26.923076923076923 0.0
107 30.76923076923077 0.0
108 34.61538461538461 0.0
109 34.61538461538461 0.0
110 34.61538461538461 0.0
111 42.30769230769231 0.0
112 42.30769230769231 0.0
113 38.46153846153846 0.0
114 26.923076923076923 0.0
115 30.76923076923077 0.0
116 26.923076923076923 0.0
117 46.15384615384615 0.0
118 30.76923076923077 0.0
119 30.76923076923077 0.0
120 34.61538461538461 0.0
121 19.23076923076923 0.0
122 34.61538461538461 0.0
123 53.84615384615385 0.0
124 50.0 0.0
125 38.46153846153846 0.0
126 34.61538461538461 0.0
127 42.30769230769231 0.0
128 42.30769230769231 0.0
129 53.84615384615385 0.0
130 30.76923076923077 0.0
131 23.076923076923077 0.0
132 26.923076923076923 0.0
133 19.23076923076923 0.0
134 23.076923076923077 0.0
135 19.23076923076923 0.0
136 19.23076923076923 0.0
137 23.076923076923077 0.0
138 23.076923076923077 0.0
139 23.076923076923077 0.0
140 26.923076923076923 0.0
141 30.76923076923077 0.0
142 34.61538461538461 0.0
143 34.61538461538461 0.0
144 38.46153846153846 0.0
145 30.76923076923077 0.0
146 26.923076923076923 0.0
147 30.76923076923077 0.0
148 34.61538461538461 0.0
149 19.23076923076923 0.0
150 42.30769230769231 0.0
151 34.61538461538461 0.0
152 34.61538461538461 0.0
153 15.384615384615385 0.0
154 34.61538461538461 0.0
155 26.923076923076923 0.0
156 26.923076923076923 0.0
157 26.923076923076923 0.0
158 15.384615384615385 0.0
159 11.538461538461538 0.0
160 19.23076923076923 0.0
161 26.923076923076923 0.0
162 23.076923076923077 0.0
163 23.076923076923077 0.0
164 23.076923076923077 0.0
165 26.923076923076923 0.0
166 26.923076923076923 0.0
167 34.61538461538461 0.0
168 34.61538461538461 0.0
169 23.076923076923077 0.0
170 30.76923076923077 0.0
171 26.923076923076923 0.0
172 30.76923076923077 0.0
173 34.61538461538461 0.0
174 38.46153846153846 0.0
175 34.61538461538461 0.0
176 19.23076923076923 0.0
177 30.76923076923077 0.0
178 19.23076923076923 0.0
179 26.923076923076923 0.0
180 15.384615384615385 0.0
181 30.76923076923077 0.0
182 38.46153846153846 0.0
183 19.23076923076923 0.0
184 34.61538461538461 0.0
185 23.076923076923077 0.0
186 30.76923076923077 0.0
187 23.076923076923077 0.0
188 23.076923076923077 0.0
189 53.84615384615385 0.0
190 46.15384615384615 0.0
191 38.46153846153846 0.0
192 42.30769230769231 0.0
193 34.61538461538461 0.0
194 30.76923076923077 0.0
195 34.61538461538461 0.0
196 34.61538461538461 0.0
197 38.46153846153846 0.0
198 34.61538461538461 0.0
199 38.46153846153846 0.0
200 38.46153846153846 0.0
201 38.46153846153846 0.0
202 42.30769230769231 0.0
203 26.923076923076923 0.0
204 30.76923076923077 0.0
205 53.84615384615385 0.0
206 26.923076923076923 0.0
207 46.15384615384615 0.0
208 50.0 0.0
209 50.0 0.0
210 42.30769230769231 0.0
211 38.46153846153846 0.0
212 42.30769230769231 0.0
213 38.46153846153846 0.0
214 50.0 0.0
215 38.46153846153846 0.0
216 38.46153846153846 0.0
217 34.61538461538461 0.0
218 42.30769230769231 0.0
219 38.46153846153846 0.0
220 34.61538461538461 0.0
221 30.76923076923077 0.0
222 30.76923076923077 0.0
223 34.61538461538461 0.0
224 34.61538461538461 0.0
225 38.46153846153846 0.0
226 26.923076923076923 0.0
227 42.30769230769231 0.0
228 30.76923076923077 0.0
229 42.30769230769231 0.0
230 34.61538461538461 0.0
231 30.76923076923077 0.0
232 26.923076923076923 0.0
233 38.46153846153846 0.0
234 30.76923076923077 0.0
235 23.076923076923077 0.0
236 42.30769230769231 0.0
237 26.923076923076923 0.0
238 30.76923076923077 0.0
239 30.76923076923077 0.0
240 30.76923076923077 0.0
241 26.923076923076923 0.0
242 30.76923076923077 0.0
243 30.76923076923077 0.0
244 23.076923076923077 0.0
245 34.61538461538461 0.0
246 26.923076923076923 0.0
247 38.46153846153846 0.0
248 30.76923076923077 0.0
249 23.076923076923077 0.0
250 26.923076923076923 0.0
251 30.76923076923077 0.0
252 26.923076923076923 0.0
253 23.076923076923077 0.0
254 23.076923076923077 0.0
255 26.923076923076923 0.0
256 38.46153846153846 0.0
257 34.61538461538461 0.0
258 26.923076923076923 0.0
259 23.076923076923077 0.0
260 30.76923076923077 0.0
261 34.61538461538461 0.0
262 30.76923076923077 0.0
263 23.076923076923077 0.0
264 30.76923076923077 0.0
265 30.76923076923077 0.0
266 30.76923076923077 0.0
267 26.923076923076923 0.0
268 23.076923076923077 0.0
269 23.076923076923077 0.0
270 26.923076923076923 0.0
271 19.23076923076923 0.0
272 23.076923076923077 0.0
273 23.076923076923077 0.0
274 34.61538461538461 0.0
275 30.76923076923077 0.0
276 26.923076923076923 0.0
277 30.76923076923077 0.0
278 23.076923076923077 0.0
279 23.076923076923077 0.0
280 19.23076923076923 0.0
281 38.46153846153846 0.0
282 30.76923076923077 0.0
283 30.76923076923077 0.0
284 15.384615384615385 0.0
285 19.23076923076923 0.0
286 19.23076923076923 0.0
287 19.23076923076923 0.0
288 15.384615384615385 0.0
289 15.384615384615385 0.0
290 15.384615384615385 0.0
291 15.384615384615385 0.0
292 19.23076923076923 0.0
293 19.23076923076923 0.0
294 11.538461538461538 0.0
295 19.23076923076923 0.0
296 23.076923076923077 0.0
297 15.384615384615385 0.0
298 26.923076923076923 0.0
299 30.76923076923077 0.0
300 23.076923076923077 0.0
301 26.923076923076923 0.0
302 23.076923076923077 0.0
303 26.923076923076923 0.0
304 30.76923076923077 0.0
305 23.076923076923077 0.0
306 19.23076923076923 0.0
307 11.538461538461538 0.0
308 30.76923076923077 0.0
309 26.923076923076923 0.0
310 19.23076923076923 0.0
311 19.23076923076923 0.0
312 23.076923076923077 0.0
313 19.23076923076923 0.0
314 26.923076923076923 0.0
315 15.384615384615385 0.0
316 19.23076923076923 0.0
317 23.076923076923077 0.0
318 30.76923076923077 0.0
319 30.76923076923077 0.0
320 23.076923076923077 0.0
321 34.61538461538461 0.0
322 30.76923076923077 0.0
323 30.76923076923077 0.0
324 30.76923076923077 0.0
325 23.076923076923077 0.0
326 19.23076923076923 0.0
327 15.384615384615385 0.0
328 26.923076923076923 0.0
329 19.23076923076923 0.0
330 23.076923076923077 0.0
331 23.076923076923077 0.0
332 26.923076923076923 0.0
333 26.923076923076923 0.0
334 34.61538461538461 0.0
335 30.76923076923077 0.0
336 30.76923076923077 0.0
337 23.076923076923077 0.0
338 26.923076923076923 0.0
339 34.61538461538461 0.0
340 30.76923076923077 0.0
341 19.23076923076923 0.0
342 26.923076923076923 0.0
343 38.46153846153846 0.0
344 34.61538461538461 0.0
345 23.076923076923077 0.0
346 26.923076923076923 0.0
347 26.923076923076923 0.0
348 23.076923076923077 0.0
349 26.923076923076923 0.0
350 26.923076923076923 0.0
351 19.23076923076923 0.0
352 23.076923076923077 0.0
353 19.23076923076923 0.0
354 19.23076923076923 0.0
355 23.076923076923077 0.0
356 26.923076923076923 0.0
357 19.23076923076923 0.0
358 23.076923076923077 0.0
359 26.923076923076923 0.0
360 23.076923076923077 0.0
361 30.76923076923077 0.0
362 23.076923076923077 0.0
363 30.76923076923077 0.0
364 34.61538461538461 0.0
365 38.46153846153846 0.0
366 26.923076923076923 0.0
367 34.61538461538461 0.0
368 19.23076923076923 0.0
369 26.923076923076923 0.0
370 30.76923076923077 0.0
371 11.538461538461538 0.0
372 23.076923076923077 0.0
373 30.76923076923077 0.0
374 23.076923076923077 0.0
375 23.076923076923077 0.0
376 26.923076923076923 0.0
377 26.923076923076923 0.0
378 19.23076923076923 0.0
379 15.384615384615385 0.0
380 19.23076923076923 0.0
381 19.23076923076923 0.0
382 19.23076923076923 0.0
383 23.076923076923077 0.0
384 26.923076923076923 0.0
385 23.076923076923077 0.0
386 23.076923076923077 0.0
387 30.76923076923077 0.0
388 30.76923076923077 0.0
389 26.923076923076923 0.0
390 30.76923076923077 0.0
391 19.23076923076923 0.0
392 23.076923076923077 0.0
393 26.923076923076923 0.0
394 23.076923076923077 0.0
395 34.61538461538461 0.0
396 26.923076923076923 0.0
397 19.23076923076923 0.0
398 30.76923076923077 0.0
399 38.46153846153846 0.0
400 30.76923076923077 0.0
401 23.076923076923077 0.0
402 23.076923076923077 0.0
403 23.076923076923077 0.0
404 34.61538461538461 0.0
405 30.76923076923077 0.0
406 30.76923076923077 0.0
407 38.46153846153846 0.0
408 26.923076923076923 0.0
409 53.84615384615385 0.0
410 34.61538461538461 0.0
411 23.076923076923077 0.0
412 38.46153846153846 0.0
413 23.076923076923077 0.0
414 23.076923076923077 0.0
415 26.923076923076923 0.0
416 23.076923076923077 0.0
417 42.30769230769231 0.0
418 38.46153846153846 0.0
419 34.61538461538461 0.0
420 34.61538461538461 0.0
421 30.76923076923077 0.0
422 30.76923076923077 0.0
423 42.30769230769231 0.0
424 46.15384615384615 0.0
425 42.30769230769231 0.0
426 46.15384615384615 0.0
427 42.30769230769231 0.0
428 42.30769230769231 0.0
429 30.76923076923077 0.0
430 30.76923076923077 0.0
431 23.076923076923077 0.0
432 23.076923076923077 0.0
433 34.61538461538461 0.0
434 30.76923076923077 0.0
435 42.30769230769231 0.0
436 26.923076923076923 0.0
437 30.76923076923077 0.0
438 38.46153846153846 0.0
439 30.76923076923077 0.0
440 26.923076923076923 0.0
441 38.46153846153846 0.0
442 38.46153846153846 0.0
443 26.923076923076923 0.0
444 26.923076923076923 0.0
445 26.923076923076923 0.0
446 26.923076923076923 0.0
447 23.076923076923077 0.0
448 34.61538461538461 0.0
449 46.15384615384615 0.0
450 34.61538461538461 0.0
451 23.076923076923077 0.0
452 30.76923076923077 0.0
453 26.923076923076923 0.0
454 23.076923076923077 0.0
455 38.46153846153846 0.0
456 30.76923076923077 0.0
457 38.46153846153846 0.0
458 26.923076923076923 0.0
459 26.923076923076923 0.0
460 34.61538461538461 0.0
461 30.76923076923077 0.0
462 30.76923076923077 0.0
463 26.923076923076923 0.0
464 38.46153846153846 0.0
465 42.30769230769231 0.0
466 34.61538461538461 0.0
467 38.46153846153846 0.0
468 30.76923076923077 0.0
469 23.076923076923077 0.0
470 38.46153846153846 0.0
471 30.76923076923077 0.0
472 38.46153846153846 0.0
473 23.076923076923077 0.0
474 19.23076923076923 0.0
475 15.384615384615385 0.0
476 15.384615384615385 0.0
477 15.384615384615385 0.0
478 15.384615384615385 0.0
479 19.23076923076923 0.0
480 15.384615384615385 0.0
481 7.6923076923076925 0.0
482 23.076923076923077 0.0
483 19.23076923076923 0.0
484 30.76923076923077 0.0
485 11.538461538461538 0.0
486 26.923076923076923 0.0
487 34.61538461538461 0.0
488 30.76923076923077 0.0
489 26.923076923076923 0.0
490 34.61538461538461 0.0
491 19.23076923076923 0.0
492 38.46153846153846 0.0
493 30.76923076923077 0.0
494 30.76923076923077 0.0
495 23.076923076923077 0.0
496 30.76923076923077 0.0
497 30.76923076923077 0.0
498 19.23076923076923 0.0
499 23.076923076923077 0.0
500 26.923076923076923 0.0
501 34.61538461538461 0.0
502 26.923076923076923 0.0
503 30.76923076923077 0.0
504 34.61538461538461 0.0
505 26.923076923076923 0.0
506 38.46153846153846 0.0
507 30.76923076923077 0.0
508 34.61538461538461 0.0
509 42.30769230769231 0.0
510 61.53846153846154 0.0
511 46.15384615384615 0.0
512 30.76923076923077 0.0
513 30.76923076923077 0.0
514 23.076923076923077 0.0
515 26.923076923076923 0.0
516 23.076923076923077 0.0
517 30.76923076923077 0.0
518 23.076923076923077 0.0
519 15.384615384615385 0.0
520 23.076923076923077 0.0
521 26.923076923076923 0.0
522 30.76923076923077 0.0
523 23.076923076923077 0.0
524 30.76923076923077 0.0
525 30.76923076923077 0.0
526 30.76923076923077 0.0
527 19.23076923076923 0.0
528 30.76923076923077 0.0
529 23.076923076923077 0.0
530 23.076923076923077 0.0
531 23.076923076923077 0.0
532 23.076923076923077 0.0
533 38.46153846153846 0.0
534 26.923076923076923 0.0
535 23.076923076923077 0.0
536 34.61538461538461 0.0
537 38.46153846153846 0.0
538 30.76923076923077 0.0
539 46.15384615384615 0.0
540 26.923076923076923 0.0
541 26.923076923076923 0.0
542 30.76923076923077 0.0
543 34.61538461538461 0.0
544 23.076923076923077 0.0
545 23.076923076923077 0.0
546 30.76923076923077 0.0
547 30.76923076923077 0.0
548 38.46153846153846 0.0
549 26.923076923076923 0.0
550 30.76923076923077 0.0
551 30.76923076923077 0.0
552 30.76923076923077 0.0
553 34.61538461538461 0.0
554 26.923076923076923 0.0
555 26.923076923076923 0.0
556 23.076923076923077 0.0
557 38.46153846153846 0.0
558 30.76923076923077 0.0
559 30.76923076923077 0.0
560 30.76923076923077 0.0
561 34.61538461538461 0.0
562 30.76923076923077 0.0
563 30.76923076923077 0.0
564 38.46153846153846 0.0
565 42.30769230769231 0.0
566 42.30769230769231 0.0
567 34.61538461538461 0.0
568 42.30769230769231 0.0
569 50.0 0.0
570 42.30769230769231 0.0
571 38.46153846153846 0.0
572 38.46153846153846 0.0
573 38.46153846153846 0.0
574 38.46153846153846 0.0
575 38.46153846153846 0.0
576 26.923076923076923 0.0
577 34.61538461538461 0.0
578 50.0 0.0
579 53.84615384615385 0.0
580 46.15384615384615 0.0
581 53.84615384615385 0.0
582 61.53846153846154 0.0
583 46.15384615384615 0.0
584 42.30769230769231 0.0
585 30.76923076923077 0.0
586 50.0 0.0
587 46.15384615384615 0.0
588 61.53846153846154 0.0
589 42.30769230769231 0.0
590 46.15384615384615 0.0
591 42.30769230769231 0.0
592 38.46153846153846 0.0
593 50.0 0.0
594 38.46153846153846 0.0
595 34.61538461538461 0.0
596 38.46153846153846 0.0
597 42.30769230769231 0.0
598 42.30769230769231 0.0
599 42.30769230769231 0.0
600 38.46153846153846 0.0
601 38.46153846153846 0.0
602 38.46153846153846 0.0
603 46.15384615384615 0.0
604 46.15384615384615 0.0
605 42.30769230769231 0.0
606 38.46153846153846 0.0
607 38.46153846153846 0.0
608 19.23076923076923 0.0
609 30.76923076923077 0.0
610 15.384615384615385 0.0
611 26.923076923076923 0.0
612 23.076923076923077 0.0
613 23.076923076923077 0.0
614 19.23076923076923 0.0
615 38.46153846153846 0.0
616 38.46153846153846 0.0
617 46.15384615384615 0.0
618 50.0 0.0
619 38.46153846153846 0.0
620 34.61538461538461 0.0
621 34.61538461538461 0.0
622 46.15384615384615 0.0
623 38.46153846153846 0.0
624 38.46153846153846 0.0
625 38.46153846153846 0.0
626 34.61538461538461 0.0
627 38.46153846153846 0.0
628 38.46153846153846 0.0
629 30.76923076923077 0.0
630 38.46153846153846 0.0
631 30.76923076923077 0.0
632 26.923076923076923 0.0
633 26.923076923076923 0.0
634 26.923076923076923 0.0
635 26.923076923076923 0.0
636 23.076923076923077 0.0
637 23.076923076923077 0.0
638 26.923076923076923 0.0
639 30.76923076923077 0.0
640 23.076923076923077 0.0
641 23.076923076923077 0.0
642 26.923076923076923 0.0
643 26.923076923076923 0.0
644 30.76923076923077 0.0
645 30.76923076923077 0.0
646 30.76923076923077 0.0
647 34.61538461538461 0.0
648 34.61538461538461 0.0
649 26.923076923076923 0.0
650 26.923076923076923 0.0
651 42.30769230769231 0.0
652 38.46153846153846 0.0
653 34.61538461538461 0.0
654 42.30769230769231 0.0
655 50.0 0.0
656 26.923076923076923 0.0
657 42.30769230769231 0.0
658 46.15384615384615 0.0
659 34.61538461538461 0.0
660 50.0 0.0
661 38.46153846153846 0.0
662 53.84615384615385 0.0
663 50.0 0.0
664 30.76923076923077 0.0
665 46.15384615384615 0.0
666 30.76923076923077 0.0
667 50.0 0.0
668 34.61538461538461 0.0
669 38.46153846153846 0.0
670 26.923076923076923 0.0
671 30.76923076923077 0.0
672 26.923076923076923 0.0
673 23.076923076923077 0.0
674 34.61538461538461 0.0
675 30.76923076923077 0.0
676 26.923076923076923 0.0
677 23.076923076923077 0.0
678 26.923076923076923 0.0
679 26.923076923076923 0.0
680 19.23076923076923 0.0
681 26.923076923076923 0.0
682 26.923076923076923 0.0
683 26.923076923076923 0.0
684 23.076923076923077 0.0
685 38.46153846153846 0.0
686 34.61538461538461 0.0
687 34.61538461538461 0.0
688 34.61538461538461 0.0
689 30.76923076923077 0.0
690 23.076923076923077 0.0
691 23.076923076923077 0.0
692 26.923076923076923 0.0
693 19.23076923076923 0.0
694 19.23076923076923 0.0
695 26.923076923076923 0.0
696 42.30769230769231 0.0
697 26.923076923076923 0.0
698 26.923076923076923 0.0
699 23.076923076923077 0.0
700 23.076923076923077 0.0
701 19.23076923076923 0.0
702 34.61538461538461 0.0
703 19.23076923076923 0.0
704 34.61538461538461 0.0
705 23.076923076923077 0.0
706 34.61538461538461 0.0
707 34.61538461538461 0.0
708 23.076923076923077 0.0
709 30.76923076923077 0.0
710 34.61538461538461 0.0
711 26.923076923076923 0.0
712 34.61538461538461 0.0
713 46.15384615384615 0.0
714 34.61538461538461 0.0
715 42.30769230769231 0.0
716 42.30769230769231 0.0
717 34.61538461538461 0.0
718 38.46153846153846 0.0
719 26.923076923076923 0.0
720 26.923076923076923 0.0
721 34.61538461538461 0.0
722 34.61538461538461 0.0
723 34.61538461538461 0.0
724 30.76923076923077 0.0
725 34.61538461538461 0.0
726 34.61538461538461 0.0
727 46.15384615384615 0.0
728 38.46153846153846 0.0
729 34.61538461538461 0.0
730 46.15384615384615 0.0
731 50.0 0.0
732 34.61538461538461 0.0
733 38.46153846153846 0.0
734 42.30769230769231 0.0
735 38.46153846153846 0.0
736 46.15384615384615 0.0
737 42.30769230769231 0.0
738 38.46153846153846 0.0
739 34.61538461538461 0.0
740 26.923076923076923 0.0
741 30.76923076923077 0.0
742 46.15384615384615 0.0
743 42.30769230769231 0.0
744 42.30769230769231 0.0
745 38.46153846153846 0.0
746 30.76923076923077 0.0
747 38.46153846153846 0.0
748 42.30769230769231 0.0
749 42.30769230769231 0.0
750 34.61538461538461 0.0
751 34.61538461538461 0.0
752 42.30769230769231 0.0
753 46.15384615384615 0.0
754 46.15384615384615 0.0
755 26.923076923076923 0.0
756 38.46153846153846 0.0
757 30.76923076923077 0.0
758 30.76923076923077 0.0
759 30.76923076923077 0.0
760 34.61538461538461 0.0
761 38.46153846153846 0.0
762 26.923076923076923 0.0
763 30.76923076923077 0.0
764 30.76923076923077 0.0
765 42.30769230769231 0.0
766 30.76923076923077 0.0
767 38.46153846153846 0.0
768 42.30769230769231 0.0
769 38.46153846153846 0.0
770 38.46153846153846 0.0
771 42.30769230769231 0.0
772 38.46153846153846 0.0
773 42.30769230769231 0.0
774 30.76923076923077 0.0
775 30.76923076923077 0.0
776 30.76923076923077 0.0
777 34.61538461538461 0.0
778 38.46153846153846 0.0
779 19.23076923076923 0.0
780 46.15384615384615 0.0
781 26.923076923076923 0.0
782 23.076923076923077 0.0
783 19.23076923076923 0.0
784 19.23076923076923 0.0
785 11.538461538461538 0.0
786 19.23076923076923 0.0
787 15.384615384615385 0.0
788 30.76923076923077 0.0
789 19.23076923076923 0.0
790 15.384615384615385 0.0
791 15.384615384615385 0.0
792 26.923076923076923 0.0
793 30.76923076923077 0.0
794 19.23076923076923 0.0
795 19.23076923076923 0.0
796 30.76923076923077 0.0
797 30.76923076923077 0.0
798 26.923076923076923 0.0
799 34.61538461538461 0.0
800 38.46153846153846 0.0
801 26.923076923076923 0.0
802 42.30769230769231 0.0
803 26.923076923076923 0.0
804 26.923076923076923 0.0
805 34.61538461538461 0.0
806 38.46153846153846 0.0
807 30.76923076923077 0.0
808 23.076923076923077 0.0
809 15.384615384615385 0.0
810 34.61538461538461 0.0
811 30.76923076923077 0.0
812 15.384615384615385 0.0
813 11.538461538461538 0.0
814 19.23076923076923 0.0
815 26.923076923076923 0.0
816 30.76923076923077 0.0
817 15.384615384615385 0.0
818 23.076923076923077 0.0
819 15.384615384615385 0.0
820 15.384615384615385 0.0
821 7.6923076923076925 0.0
822 23.076923076923077 0.0
823 26.923076923076923 0.0
824 23.076923076923077 0.0
825 30.76923076923077 0.0
826 26.923076923076923 0.0
827 15.384615384615385 0.0
828 34.61538461538461 0.0
829 34.61538461538461 0.0
830 30.76923076923077 0.0
831 53.84615384615385 0.0
832 42.30769230769231 0.0
833 50.0 0.0
834 50.0 0.0
835 57.69230769230769 0.0
836 53.84615384615385 0.0
837 57.69230769230769 0.0
838 46.15384615384615 0.0
839 38.46153846153846 0.0
840 38.46153846153846 0.0
841 30.76923076923077 0.0
842 38.46153846153846 0.0
843 38.46153846153846 0.0
844 34.61538461538461 0.0
845 30.76923076923077 0.0
846 30.76923076923077 0.0
847 26.923076923076923 0.0
848 23.076923076923077 0.0
849 26.923076923076923 0.0
850 26.923076923076923 0.0
851 30.76923076923077 0.0
852 38.46153846153846 0.0
853 38.46153846153846 0.0
854 34.61538461538461 0.0
855 38.46153846153846 0.0
856 34.61538461538461 0.0
857 30.76923076923077 0.0
858 30.76923076923077 0.0
859 30.76923076923077 0.0
860 26.923076923076923 0.0
861 38.46153846153846 0.0
862 26.923076923076923 0.0
863 30.76923076923077 0.0
864 30.76923076923077 0.0
865 38.46153846153846 0.0
866 46.15384615384615 0.0
867 30.76923076923077 0.0
868 30.76923076923077 0.0
869 26.923076923076923 0.0
870 30.76923076923077 0.0
871 30.76923076923077 0.0
872 30.76923076923077 0.0
873 30.76923076923077 0.0
874 26.923076923076923 0.0
875 26.923076923076923 0.0
876 38.46153846153846 0.0
877 34.61538461538461 0.0
878 30.76923076923077 0.0
879 34.61538461538461 0.0
880 34.61538461538461 0.0
881 26.923076923076923 0.0
882 34.61538461538461 0.0
883 46.15384615384615 0.0
884 46.15384615384615 0.0
885 46.15384615384615 0.0
886 42.30769230769231 0.0
887 42.30769230769231 0.0
888 50.0 0.0
889 26.923076923076923 0.0
890 34.61538461538461 0.0
891 26.923076923076923 0.0
892 26.923076923076923 0.0
893 34.61538461538461 0.0
894 34.61538461538461 0.0
895 30.76923076923077 0.0
896 30.76923076923077 0.0
897 34.61538461538461 0.0
898 30.76923076923077 0.0
899 30.76923076923077 0.0
900 34.61538461538461 0.0
901 11.538461538461538 0.0
902 23.076923076923077 0.0
903 19.23076923076923 0.0
904 26.923076923076923 0.0
905 26.923076923076923 0.0
906 23.076923076923077 0.0
907 23.076923076923077 0.0
908 30.76923076923077 0.0
909 23.076923076923077 0.0
910 30.76923076923077 0.0
911 26.923076923076923 0.0
912 30.76923076923077 0.0
913 30.76923076923077 0.0
914 23.076923076923077 0.0
915 30.76923076923077 0.0
916 26.923076923076923 0.0
917 34.61538461538461 0.0
918 38.46153846153846 0.0
919 34.61538461538461 0.0
920 26.923076923076923 0.0
921 23.076923076923077 0.0
922 19.23076923076923 0.0
923 23.076923076923077 0.0
924 23.076923076923077 0.0
925 26.923076923076923 0.0
926 30.76923076923077 0.0
927 26.923076923076923 0.0
928 26.923076923076923 0.0
929 30.76923076923077 0.0
930 23.076923076923077 0.0
931 34.61538461538461 0.0
932 30.76923076923077 0.0
933 23.076923076923077 0.0
934 15.384615384615385 0.0
935 15.384615384615385 0.0
936 15.384615384615385 0.0
937 19.23076923076923 0.0
938 15.384615384615385 0.0
939 7.6923076923076925 0.0
940 11.538461538461538 0.0
941 15.384615384615385 0.0
942 19.23076923076923 0.0
943 15.384615384615385 0.0
944 15.384615384615385 0.0
945 19.23076923076923 0.0
946 15.384615384615385 0.0
947 11.538461538461538 0.0
948 23.076923076923077 0.0
949 15.384615384615385 0.0
950 11.538461538461538 0.0
951 19.23076923076923 0.0
952 23.076923076923077 0.0
953 19.23076923076923 0.0
954 19.23076923076923 0.0
955 15.384615384615385 0.0
956 15.384615384615385 0.0
957 19.23076923076923 0.0
958 23.076923076923077 0.0
959 23.076923076923077 0.0
960 26.923076923076923 0.0
961 30.76923076923077 0.0
962 19.23076923076923 0.0
963 30.76923076923077 0.0
964 15.384615384615385 0.0
965 26.923076923076923 0.0
966 26.923076923076923 0.0
967 34.61538461538461 0.0
968 30.76923076923077 0.0
969 30.76923076923077 0.0
970 30.76923076923077 0.0
971 23.076923076923077 0.0
972 26.923076923076923 0.0
973 34.61538461538461 0.0
974 46.15384615384615 0.0
975 50.0 0.0
976 38.46153846153846 0.0
977 23.076923076923077 0.0
978 50.0 0.0
979 42.30769230769231 0.0
980 46.15384615384615 0.0
981 42.30769230769231 0.0
982 34.61538461538461 0.0
983 38.46153846153846 0.0
984 42.30769230769231 0.0
985 46.15384615384615 0.0
986 34.61538461538461 0.0
987 38.46153846153846 0.0
988 42.30769230769231 0.0
989 42.30769230769231 0.0
990 38.46153846153846 0.0
991 38.46153846153846 0.0
992 38.46153846153846 0.0
993 42.30769230769231 0.0
994 38.46153846153846 0.0
995 34.61538461538461 0.0
996 34.61538461538461 0.0
997 46.15384615384615 0.0
998 46.15384615384615 0.0
999 34.61538461538461 0.0
