#resid average_duration max_duration persistent_contacts
1 7.380952380952381 93 126
10 5.55 38 220
11 6.75 49 228
12 5.915322580645161 44 248
13 5.796610169491525 42 177
14 6.174157303370786 56 178
15 6.375 43 152
16 6.608040201005025 43 199
17 6.042654028436019 48 211
18 6.644171779141105 49 163
19 6.043715846994536 53 183
2 6.6531791907514455 46 173
20 6.061475409836065 46 244
21 4.945578231292517 27 147
22 5.63302752293578 39 218
23 6.377593360995851 42 241
24 4.786713286713287 56 286
25 6.175675675675675 32 148
26 6.328638497652582 35 213
3 5.815476190476191 31 168
4 6.787128712871287 67 202
5 5.369318181818182 27 176
6 6.721238938053097 67 226
7 7.170329670329671 93 182
8 6.0256410256410255 31 156
9 6.150234741784038 44 213
#TOTAL_CONTACTS 18141 for 1000 frames
