#resid average_duration max_duration persistent_contacts
1 7.738888888888889 71 180
10 7.435146443514644 79 239
11 6.150943396226415 54 212
12 5.7534246575342465 34 292
13 6.12 54 175
14 6.31 35 200
15 4.558139534883721 18 172
16 6.64 72 225
17 6.096969696969697 49 165
18 7.1 91 130
19 6.157894736842105 49 228
2 6.0 55 157
20 7.1192660550458715 91 218
21 6.098360655737705 53 244
22 6.28169014084507 71 213
23 6.218637992831542 46 279
24 7.067357512953368 46 193
25 7.0 40 197
26 5.610576923076923 35 208
3 5.70979020979021 37 286
4 6.010989010989011 32 182
5 6.25531914893617 41 235
6 6.107784431137724 47 167
7 6.571428571428571 41 217
8 6.095238095238095 33 189
9 5.639810426540285 46 211
#TOTAL_CONTACTS 19650 for 1000 frames
