#resid average_duration max_duration persistent_contacts
1 4.62303664921466 23 191
10 6.125 47 160
11 7.479638009049774 55 221
12 5.6521739130434785 29 138
13 6.617647058823529 35 204
14 6.702127659574468 56 141
15 6.744565217391305 71 184
16 6.111111111111111 56 180
17 6.439790575916231 48 191
18 6.956284153005464 48 183
19 5.961956521739131 32 184
2 7.397683397683398 47 259
20 4.722513089005235 27 191
21 6.527426160337553 36 237
22 4.988372093023256 23 86
23 6.851239669421488 54 121
24 5.237373737373737 55 198
25 6.095959595959596 76 198
26 6.494047619047619 76 168
3 7.2846715328467155 66 137
4 7.190751445086705 38 173
5 7.473684210526316 55 209
6 5.059701492537314 66 67
7 6.810679611650485 71 206
8 5.496894409937888 27 161
9 7.166666666666667 44 210
#TOTAL_CONTACTS 17199 for 1000 frames
