#resid average_duration max_duration persistent_contacts
1 5.825842696629214 56 178
10 6.426605504587156 30 218
11 6.517241379310345 56 174
12 6.528409090909091 88 176
13 5.450292397660819 46 171
14 5.818791946308725 88 149
15 6.415 29 200
16 5.779411764705882 57 204
17 5.3901098901098905 30 182
18 7.133663366336633 58 202
19 6.923566878980892 58 157
2 6.339622641509434 34 159
20 6.267241379310345 34 232
21 6.880681818181818 37 176
22 5.832369942196531 46 173
23 5.681034482758621 38 116
24 7.1179487179487175 34 195
25 6.0843373493975905 33 166
26 6.055276381909548 59 199
3 6.50561797752809 53 178
4 5.786729857819905 59 211
5 7.451807228915663 53 166
6 6.194174757281553 35 206
7 5.16751269035533 34 197
8 5.4772727272727275 32 176
9 4.3621621621621625 34 185
#TOTAL_CONTACTS 17160 for 1000 frames
