#frame monomers_% popc_isolated_%
0 65.38461538461539 0.0
1 42.30769230769231 0.0
2 57.69230769230769 0.0
3 61.53846153846154 0.0
4 76.92307692307692 0.0
5 69.23076923076923 0.0
6 57.69230769230769 0.0
7 57.69230769230769 0.0
8 53.84615384615385 0.0
9 53.84615384615385 0.0
10 34.61538461538461 0.0
11 42.30769230769231 0.0
12 53.84615384615385 0.0
13 57.69230769230769 0.0
14 57.69230769230769 0.0
15 65.38461538461539 0.0
16 65.38461538461539 0.0
17 53.84615384615385 0.0
18 57.69230769230769 0.0
19 61.53846153846154 0.0
20 69.23076923076923 0.0
21 57.69230769230769 0.0
22 50.0 0.0
23 50.0 0.0
24 53.84615384615385 0.0
25 42.30769230769231 0.0
26 50.0 0.0
27 46.15384615384615 0.0
28 46.15384615384615 0.0
29 61.53846153846154 0.0
30 57.69230769230769 0.0
31 53.84615384615385 0.0
32 46.15384615384615 0.0
33 53.84615384615385 0.0
34 69.23076923076923 0.0
35 57.69230769230769 0.0
36 57.69230769230769 0.0
37 53.84615384615385 0.0
38 30.76923076923077 0.0
39 38.46153846153846 0.0
40 38.46153846153846 0.0
41 61.53846153846154 0.0
42 61.53846153846154 0.0
43 69.23076923076923 0.0
44 53.84615384615385 0.0
45 50.0 0.0
46 76.92307692307692 0.0
47 69.23076923076923 0.0
48 61.53846153846154 0.0
49 69.23076923076923 0.0
50 65.38461538461539 0.0
51 69.23076923076923 0.0
52 57.69230769230769 0.0
53 61.53846153846154 0.0
54 84.61538461538461 0.0
55 80.76923076923077 0.0
56 69.23076923076923 0.0
57 80.76923076923077 0.0
58 69.23076923076923 0.0
59 69.23076923076923 0.0
60 73.07692307692308 0.0
61 57.69230769230769 0.0
62 61.53846153846154 0.0
63 50.0 0.0
64 61.53846153846154 0.0
65 69.23076923076923 0.0
66 76.92307692307692 0.0
67 61.53846153846154 0.0
68 65.38461538461539 0.0
69 69.23076923076923 0.0
70 65.38461538461539 0.0
71 57.69230769230769 0.0
72 57.69230769230769 0.0
73 61.53846153846154 0.0
74 61.53846153846154 0.0
75 61.53846153846154 0.0
76 53.84615384615385 0.0
77 57.69230769230769 0.0
78 50.0 0.0
79 69.23076923076923 0.0
80 65.38461538461539 0.0
81 76.92307692307692 0.0
82 73.07692307692308 0.0
83 69.23076923076923 0.0
84 61.53846153846154 0.0
85 61.53846153846154 0.0
86 57.69230769230769 0.0
87 61.53846153846154 0.0
88 53.84615384615385 0.0
89 73.07692307692308 0.0
90 61.53846153846154 0.0
91 76.92307692307692 0.0
92 50.0 0.0
93 53.84615384615385 0.0
94 80.76923076923077 0.0
95 65.38461538461539 0.0
96 76.92307692307692 0.0
97 76.92307692307692 0.0
98 76.92307692307692 0.0
99 65.38461538461539 0.0
100 50.0 0.0
101 46.15384615384615 0.0
102 42.30769230769231 0.0
103 38.46153846153846 0.0
104 38.46153846153846 0.0
105 42.30769230769231 0.0
106 53.84615384615385 0.0
107 50.0 0.0
108 46.15384615384615 0.0
109 53.84615384615385 0.0
110 57.69230769230769 0.0
111 46.15384615384615 0.0
112 57.69230769230769 0.0
113 50.0 0.0
114 46.15384615384615 0.0
115 53.84615384615385 0.0
116 61.53846153846154 0.0
117 61.53846153846154 0.0
118 57.69230769230769 0.0
119 61.53846153846154 0.0
120 50.0 0.0
121 61.53846153846154 0.0
122 69.23076923076923 0.0
123 61.53846153846154 0.0
124 50.0 0.0
125 53.84615384615385 0.0
126 73.07692307692308 0.0
127 65.38461538461539 0.0
128 61.53846153846154 0.0
129 61.53846153846154 0.0
130 65.38461538461539 0.0
131 53.84615384615385 0.0
132 61.53846153846154 0.0
133 57.69230769230769 0.0
134 61.53846153846154 0.0
135 57.69230769230769 0.0
136 65.38461538461539 0.0
137 61.53846153846154 0.0
138 65.38461538461539 0.0
139 61.53846153846154 0.0
140 65.38461538461539 0.0
141 61.53846153846154 0.0
142 76.92307692307692 0.0
143 76.92307692307692 0.0
144 76.92307692307692 0.0
145 84.61538461538461 0.0
146 69.23076923076923 0.0
147 61.53846153846154 0.0
148 76.92307692307692 0.0
149 69.23076923076923 0.0
150 61.53846153846154 0.0
151 61.53846153846154 0.0
152 61.53846153846154 0.0
153 73.07692307692308 0.0
154 61.53846153846154 0.0
155 65.38461538461539 0.0
156 76.92307692307692 0.0
157 65.38461538461539 0.0
158 76.92307692307692 0.0
159 73.07692307692308 0.0
160 84.61538461538461 0.0
161 80.76923076923077 0.0
162 84.61538461538461 0.0
163 76.92307692307692 0.0
164 76.92307692307692 0.0
165 65.38461538461539 0.0
166 53.84615384615385 0.0
167 46.15384615384615 0.0
168 46.15384615384615 0.0
169 53.84615384615385 0.0
170 53.84615384615385 0.0
171 61.53846153846154 0.0
172 80.76923076923077 0.0
173 84.61538461538461 0.0
174 61.53846153846154 0.0
175 57.69230769230769 0.0
176 61.53846153846154 0.0
177 65.38461538461539 0.0
178 42.30769230769231 0.0
179 46.15384615384615 0.0
180 38.46153846153846 0.0
181 30.76923076923077 0.0
182 26.923076923076923 0.0
183 50.0 0.0
184 46.15384615384615 0.0
185 65.38461538461539 0.0
186 73.07692307692308 0.0
187 53.84615384615385 0.0
188 57.69230769230769 0.0
189 57.69230769230769 0.0
190 57.69230769230769 0.0
191 65.38461538461539 0.0
192 69.23076923076923 0.0
193 57.69230769230769 0.0
194 65.38461538461539 0.0
195 76.92307692307692 0.0
196 88.46153846153847 0.0
197 92.3076923076923 0.0
198 76.92307692307692 0.0
199 76.92307692307692 0.0
200 61.53846153846154 0.0
201 73.07692307692308 0.0
202 69.23076923076923 0.0
203 76.92307692307692 0.0
204 84.61538461538461 0.0
205 65.38461538461539 0.0
206 69.23076923076923 0.0
207 57.69230769230769 0.0
208 69.23076923076923 0.0
209 69.23076923076923 0.0
210 69.23076923076923 0.0
211 84.61538461538461 0.0
212 76.92307692307692 0.0
213 76.92307692307692 0.0
214 76.92307692307692 0.0
215 76.92307692307692 0.0
216 76.92307692307692 0.0
217 61.53846153846154 0.0
218 53.84615384615385 0.0
219 61.53846153846154 0.0
220 69.23076923076923 0.0
221 69.23076923076923 0.0
222 61.53846153846154 0.0
223 69.23076923076923 0.0
224 69.23076923076923 0.0
225 69.23076923076923 0.0
226 76.92307692307692 0.0
227 69.23076923076923 0.0
228 61.53846153846154 0.0
229 65.38461538461539 0.0
230 50.0 0.0
231 50.0 0.0
232 50.0 0.0
233 61.53846153846154 0.0
234 65.38461538461539 0.0
235 69.23076923076923 0.0
236 46.15384615384615 0.0
237 61.53846153846154 0.0
238 65.38461538461539 0.0
239 50.0 0.0
240 53.84615384615385 0.0
241 73.07692307692308 0.0
242 69.23076923076923 0.0
243 57.69230769230769 0.0
244 65.38461538461539 0.0
245 69.23076923076923 0.0
246 61.53846153846154 0.0
247 69.23076923076923 0.0
248 61.53846153846154 0.0
249 53.84615384615385 0.0
250 57.69230769230769 0.0
251 76.92307692307692 0.0
252 53.84615384615385 0.0
253 65.38461538461539 0.0
254 73.07692307692308 0.0
255 76.92307692307692 0.0
256 65.38461538461539 0.0
257 73.07692307692308 0.0
258 69.23076923076923 0.0
259 84.61538461538461 0.0
260 84.61538461538461 0.0
261 76.92307692307692 0.0
262 73.07692307692308 0.0
263 69.23076923076923 0.0
264 57.69230769230769 0.0
265 57.69230769230769 0.0
266 57.69230769230769 0.0
267 69.23076923076923 0.0
268 76.92307692307692 0.0
269 76.92307692307692 0.0
270 84.61538461538461 0.0
271 84.61538461538461 0.0
272 76.92307692307692 0.0
273 80.76923076923077 0.0
274 69.23076923076923 0.0
275 65.38461538461539 0.0
276 73.07692307692308 0.0
277 69.23076923076923 0.0
278 61.53846153846154 0.0
279 69.23076923076923 0.0
280 73.07692307692308 0.0
281 73.07692307692308 0.0
282 73.07692307692308 0.0
283 80.76923076923077 0.0
284 73.07692307692308 0.0
285 80.76923076923077 0.0
286 76.92307692307692 0.0
287 65.38461538461539 0.0
288 53.84615384615385 0.0
289 69.23076923076923 0.0
290 61.53846153846154 0.0
291 53.84615384615385 0.0
292 73.07692307692308 0.0
293 73.07692307692308 0.0
294 69.23076923076923 0.0
295 61.53846153846154 0.0
296 61.53846153846154 0.0
297 65.38461538461539 0.0
298 46.15384615384615 0.0
299 46.15384615384615 0.0
300 61.53846153846154 0.0
301 65.38461538461539 0.0
302 57.69230769230769 0.0
303 53.84615384615385 0.0
304 57.69230769230769 0.0
305 65.38461538461539 0.0
306 61.53846153846154 0.0
307 57.69230769230769 0.0
308 65.38461538461539 0.0
309 65.38461538461539 0.0
310 53.84615384615385 0.0
311 57.69230769230769 0.0
312 57.69230769230769 0.0
313 57.69230769230769 0.0
314 65.38461538461539 0.0
315 61.53846153846154 0.0
316 76.92307692307692 0.0
317 69.23076923076923 0.0
318 65.38461538461539 0.0
319 57.69230769230769 0.0
320 65.38461538461539 0.0
321 76.92307692307692 0.0
322 50.0 0.0
323 69.23076923076923 0.0
324 53.84615384615385 0.0
325 53.84615384615385 0.0
326 50.0 0.0
327 53.84615384615385 0.0
328 42.30769230769231 0.0
329 61.53846153846154 0.0
330 84.61538461538461 0.0
331 84.61538461538461 0.0
332 76.92307692307692 0.0
333 76.92307692307692 0.0
334 76.92307692307692 0.0
335 61.53846153846154 0.0
336 65.38461538461539 0.0
337 57.69230769230769 0.0
338 69.23076923076923 0.0
339 73.07692307692308 0.0
340 65.38461538461539 0.0
341 69.23076923076923 0.0
342 69.23076923076923 0.0
343 65.38461538461539 0.0
344 76.92307692307692 0.0
345 73.07692307692308 0.0
346 73.07692307692308 0.0
347 76.92307692307692 0.0
348 80.76923076923077 0.0
349 73.07692307692308 0.0
350 80.76923076923077 0.0
351 80.76923076923077 0.0
352 84.61538461538461 0.0
353 73.07692307692308 0.0
354 69.23076923076923 0.0
355 57.69230769230769 0.0
356 65.38461538461539 0.0
357 65.38461538461539 0.0
358 53.84615384615385 0.0
359 46.15384615384615 0.0
360 57.69230769230769 0.0
361 76.92307692307692 0.0
362 80.76923076923077 0.0
363 57.69230769230769 0.0
364 53.84615384615385 0.0
365 84.61538461538461 0.0
366 84.61538461538461 0.0
367 92.3076923076923 0.0
368 69.23076923076923 0.0
369 84.61538461538461 0.0
370 92.3076923076923 0.0
371 76.92307692307692 0.0
372 84.61538461538461 0.0
373 92.3076923076923 0.0
374 73.07692307692308 0.0
375 84.61538461538461 0.0
376 69.23076923076923 0.0
377 84.61538461538461 0.0
378 92.3076923076923 0.0
379 73.07692307692308 0.0
380 69.23076923076923 0.0
381 92.3076923076923 0.0
382 76.92307692307692 0.0
383 76.92307692307692 0.0
384 61.53846153846154 0.0
385 76.92307692307692 0.0
386 61.53846153846154 0.0
387 65.38461538461539 0.0
388 53.84615384615385 0.0
389 76.92307692307692 0.0
390 69.23076923076923 0.0
391 53.84615384615385 0.0
392 53.84615384615385 0.0
393 65.38461538461539 0.0
394 69.23076923076923 0.0
395 57.69230769230769 0.0
396 57.69230769230769 0.0
397 69.23076923076923 0.0
398 76.92307692307692 0.0
399 84.61538461538461 0.0
400 69.23076923076923 0.0
401 76.92307692307692 0.0
402 76.92307692307692 0.0
403 92.3076923076923 0.0
404 76.92307692307692 0.0
405 84.61538461538461 0.0
406 69.23076923076923 0.0
407 92.3076923076923 0.0
408 76.92307692307692 0.0
409 76.92307692307692 0.0
410 76.92307692307692 0.0
411 76.92307692307692 0.0
412 76.92307692307692 0.0
413 84.61538461538461 0.0
414 80.76923076923077 0.0
415 76.92307692307692 0.0
416 76.92307692307692 0.0
417 84.61538461538461 0.0
418 69.23076923076923 0.0
419 69.23076923076923 0.0
420 69.23076923076923 0.0
421 61.53846153846154 0.0
422 69.23076923076923 0.0
423 76.92307692307692 0.0
424 69.23076923076923 0.0
425 69.23076923076923 0.0
426 65.38461538461539 0.0
427 69.23076923076923 0.0
428 50.0 0.0
429 57.69230769230769 0.0
430 61.53846153846154 0.0
431 65.38461538461539 0.0
432 57.69230769230769 0.0
433 61.53846153846154 0.0
434 61.53846153846154 0.0
435 61.53846153846154 0.0
436 69.23076923076923 0.0
437 57.69230769230769 0.0
438 53.84615384615385 0.0
439 50.0 0.0
440 53.84615384615385 0.0
441 46.15384615384615 0.0
442 42.30769230769231 0.0
443 53.84615384615385 0.0
444 53.84615384615385 0.0
445 61.53846153846154 0.0
446 73.07692307692308 0.0
447 57.69230769230769 0.0
448 61.53846153846154 0.0
449 65.38461538461539 0.0
450 69.23076923076923 0.0
451 69.23076923076923 0.0
452 61.53846153846154 0.0
453 65.38461538461539 0.0
454 73.07692307692308 0.0
455 61.53846153846154 0.0
456 65.38461538461539 0.0
457 69.23076923076923 0.0
458 65.38461538461539 0.0
459 65.38461538461539 0.0
460 61.53846153846154 0.0
461 84.61538461538461 0.0
462 76.92307692307692 0.0
463 84.61538461538461 0.0
464 92.3076923076923 0.0
465 76.92307692307692 0.0
466 92.3076923076923 0.0
467 76.92307692307692 0.0
468 61.53846153846154 0.0
469 73.07692307692308 0.0
470 88.46153846153847 0.0
471 88.46153846153847 0.0
472 84.61538461538461 0.0
473 84.61538461538461 0.0
474 84.61538461538461 0.0
475 84.61538461538461 0.0
476 73.07692307692308 0.0
477 92.3076923076923 0.0
478 84.61538461538461 0.0
479 84.61538461538461 0.0
480 73.07692307692308 0.0
481 65.38461538461539 0.0
482 84.61538461538461 0.0
483 92.3076923076923 0.0
484 76.92307692307692 0.0
485 73.07692307692308 0.0
486 73.07692307692308 0.0
487 80.76923076923077 0.0
488 61.53846153846154 0.0
489 69.23076923076923 0.0
490 76.92307692307692 0.0
491 57.69230769230769 0.0
492 61.53846153846154 0.0
493 73.07692307692308 0.0
494 46.15384615384615 0.0
495 61.53846153846154 0.0
496 69.23076923076923 0.0
497 65.38461538461539 0.0
498 69.23076923076923 0.0
499 61.53846153846154 0.0
500 69.23076923076923 0.0
501 76.92307692307692 0.0
502 65.38461538461539 0.0
503 73.07692307692308 0.0
504 61.53846153846154 0.0
505 73.07692307692308 0.0
506 57.69230769230769 0.0
507 76.92307692307692 0.0
508 61.53846153846154 0.0
509 76.92307692307692 0.0
510 76.92307692307692 0.0
511 76.92307692307692 0.0
512 84.61538461538461 0.0
513 69.23076923076923 0.0
514 61.53846153846154 0.0
515 76.92307692307692 0.0
516 69.23076923076923 0.0
517 65.38461538461539 0.0
518 69.23076923076923 0.0
519 53.84615384615385 0.0
520 65.38461538461539 0.0
521 69.23076923076923 0.0
522 53.84615384615385 0.0
523 53.84615384615385 0.0
524 46.15384615384615 0.0
525 69.23076923076923 0.0
526 57.69230769230769 0.0
527 57.69230769230769 0.0
528 46.15384615384615 0.0
529 76.92307692307692 0.0
530 61.53846153846154 0.0
531 76.92307692307692 0.0
532 57.69230769230769 0.0
533 65.38461538461539 0.0
534 73.07692307692308 0.0
535 65.38461538461539 0.0
536 76.92307692307692 0.0
537 80.76923076923077 0.0
538 80.76923076923077 0.0
539 84.61538461538461 0.0
540 88.46153846153847 0.0
541 80.76923076923077 0.0
542 76.92307692307692 0.0
543 76.92307692307692 0.0
544 65.38461538461539 0.0
545 80.76923076923077 0.0
546 84.61538461538461 0.0
547 92.3076923076923 0.0
548 84.61538461538461 0.0
549 73.07692307692308 0.0
550 76.92307692307692 0.0
551 61.53846153846154 0.0
552 80.76923076923077 0.0
553 80.76923076923077 0.0
554 76.92307692307692 0.0
555 73.07692307692308 0.0
556 88.46153846153847 0.0
557 80.76923076923077 0.0
558 73.07692307692308 0.0
559 88.46153846153847 0.0
560 84.61538461538461 0.0
561 65.38461538461539 0.0
562 76.92307692307692 0.0
563 53.84615384615385 0.0
564 73.07692307692308 0.0
565 84.61538461538461 0.0
566 80.76923076923077 0.0
567 69.23076923076923 0.0
568 80.76923076923077 0.0
569 84.61538461538461 0.0
570 65.38461538461539 0.0
571 76.92307692307692 0.0
572 76.92307692307692 0.0
573 80.76923076923077 0.0
574 76.92307692307692 0.0
575 76.92307692307692 0.0
576 88.46153846153847 0.0
577 84.61538461538461 0.0
578 76.92307692307692 0.0
579 69.23076923076923 0.0
580 73.07692307692308 0.0
581 73.07692307692308 0.0
582 76.92307692307692 0.0
583 92.3076923076923 0.0
584 76.92307692307692 0.0
585 69.23076923076923 0.0
586 61.53846153846154 0.0
587 65.38461538461539 0.0
588 57.69230769230769 0.0
589 65.38461538461539 0.0
590 53.84615384615385 0.0
591 69.23076923076923 0.0
592 76.92307692307692 0.0
593 65.38461538461539 0.0
594 57.69230769230769 0.0
595 57.69230769230769 0.0
596 65.38461538461539 0.0
597 73.07692307692308 0.0
598 84.61538461538461 0.0
599 76.92307692307692 0.0
600 69.23076923076923 0.0
601 84.61538461538461 0.0
602 76.92307692307692 0.0
603 76.92307692307692 0.0
604 76.92307692307692 0.0
605 84.61538461538461 0.0
606 65.38461538461539 0.0
607 80.76923076923077 0.0
608 84.61538461538461 0.0
609 92.3076923076923 0.0
610 84.61538461538461 0.0
611 84.61538461538461 0.0
612 73.07692307692308 0.0
613 65.38461538461539 0.0
614 73.07692307692308 0.0
615 76.92307692307692 0.0
616 84.61538461538461 0.0
617 76.92307692307692 0.0
618 69.23076923076923 0.0
619 69.23076923076923 0.0
620 76.92307692307692 0.0
621 80.76923076923077 0.0
622 73.07692307692308 0.0
623 88.46153846153847 0.0
624 88.46153846153847 0.0
625 88.46153846153847 0.0
626 92.3076923076923 0.0
627 76.92307692307692 0.0
628 80.76923076923077 0.0
629 65.38461538461539 0.0
630 84.61538461538461 0.0
631 84.61538461538461 0.0
632 84.61538461538461 0.0
633 84.61538461538461 0.0
634 76.92307692307692 0.0
635 76.92307692307692 0.0
636 69.23076923076923 0.0
637 65.38461538461539 0.0
638 73.07692307692308 0.0
639 69.23076923076923 0.0
640 76.92307692307692 0.0
641 65.38461538461539 0.0
642 73.07692307692308 0.0
643 61.53846153846154 0.0
644 69.23076923076923 0.0
645 76.92307692307692 0.0
646 76.92307692307692 0.0
647 69.23076923076923 0.0
648 88.46153846153847 0.0
649 84.61538461538461 0.0
650 92.3076923076923 0.0
651 92.3076923076923 0.0
652 84.61538461538461 0.0
653 80.76923076923077 0.0
654 53.84615384615385 0.0
655 65.38461538461539 0.0
656 65.38461538461539 0.0
657 53.84615384615385 0.0
658 88.46153846153847 0.0
659 88.46153846153847 0.0
660 80.76923076923077 0.0
661 84.61538461538461 0.0
662 69.23076923076923 0.0
663 73.07692307692308 0.0
664 69.23076923076923 0.0
665 69.23076923076923 0.0
666 65.38461538461539 0.0
667 73.07692307692308 0.0
668 76.92307692307692 0.0
669 65.38461538461539 0.0
670 61.53846153846154 0.0
671 57.69230769230769 0.0
672 73.07692307692308 0.0
673 69.23076923076923 0.0
674 61.53846153846154 0.0
675 50.0 0.0
676 61.53846153846154 0.0
677 69.23076923076923 0.0
678 69.23076923076923 0.0
679 76.92307692307692 0.0
680 73.07692307692308 0.0
681 80.76923076923077 0.0
682 80.76923076923077 0.0
683 84.61538461538461 0.0
684 88.46153846153847 0.0
685 88.46153846153847 0.0
686 76.92307692307692 0.0
687 69.23076923076923 0.0
688 73.07692307692308 0.0
689 92.3076923076923 0.0
690 92.3076923076923 0.0
691 76.92307692307692 0.0
692 76.92307692307692 0.0
693 76.92307692307692 0.0
694 84.61538461538461 0.0
695 73.07692307692308 0.0
696 73.07692307692308 0.0
697 84.61538461538461 0.0
698 84.61538461538461 0.0
699 76.92307692307692 0.0
700 80.76923076923077 0.0
701 76.92307692307692 0.0
702 84.61538461538461 0.0
703 65.38461538461539 0.0
704 69.23076923076923 0.0
705 61.53846153846154 0.0
706 84.61538461538461 0.0
707 73.07692307692308 0.0
708 69.23076923076923 0.0
709 84.61538461538461 0.0
710 76.92307692307692 0.0
711 76.92307692307692 0.0
712 92.3076923076923 0.0
713 69.23076923076923 0.0
714 65.38461538461539 0.0
715 69.23076923076923 0.0
716 73.07692307692308 0.0
717 69.23076923076923 0.0
718 76.92307692307692 0.0
719 80.76923076923077 0.0
720 69.23076923076923 0.0
721 65.38461538461539 0.0
722 73.07692307692308 0.0
723 69.23076923076923 0.0
724 69.23076923076923 0.0
725 65.38461538461539 0.0
726 65.38461538461539 0.0
727 76.92307692307692 0.0
728 69.23076923076923 0.0
729 73.07692307692308 0.0
730 69.23076923076923 0.0
731 73.07692307692308 0.0
732 80.76923076923077 0.0
733 57.69230769230769 0.0
734 73.07692307692308 0.0
735 69.23076923076923 0.0
736 84.61538461538461 0.0
737 65.38461538461539 0.0
738 61.53846153846154 0.0
739 73.07692307692308 0.0
740 65.38461538461539 0.0
741 92.3076923076923 0.0
742 69.23076923076923 0.0
743 76.92307692307692 0.0
744 84.61538461538461 0.0
745 73.07692307692308 0.0
746 80.76923076923077 0.0
747 80.76923076923077 0.0
748 69.23076923076923 0.0
749 84.61538461538461 0.0
750 76.92307692307692 0.0
751 65.38461538461539 0.0
752 73.07692307692308 0.0
753 69.23076923076923 0.0
754 65.38461538461539 0.0
755 73.07692307692308 0.0
756 69.23076923076923 0.0
757 69.23076923076923 0.0
758 57.69230769230769 0.0
759 61.53846153846154 0.0
760 61.53846153846154 0.0
761 76.92307692307692 0.0
762 61.53846153846154 0.0
763 69.23076923076923 0.0
764 84.61538461538461 0.0
765 73.07692307692308 0.0
766 73.07692307692308 0.0
767 84.61538461538461 0.0
768 80.76923076923077 0.0
769 73.07692307692308 0.0
770 76.92307692307692 0.0
771 76.92307692307692 0.0
772 88.46153846153847 0.0
773 65.38461538461539 0.0
774 65.38461538461539 0.0
775 61.53846153846154 0.0
776 42.30769230769231 0.0
777 65.38461538461539 0.0
778 61.53846153846154 0.0
779 57.69230769230769 0.0
780 69.23076923076923 0.0
781 80.76923076923077 0.0
782 80.76923076923077 0.0
783 76.92307692307692 0.0
784 92.3076923076923 0.0
785 92.3076923076923 0.0
786 84.61538461538461 0.0
787 61.53846153846154 0.0
788 69.23076923076923 0.0
789 57.69230769230769 0.0
790 69.23076923076923 0.0
791 76.92307692307692 0.0
792 80.76923076923077 0.0
793 73.07692307692308 0.0
794 88.46153846153847 0.0
795 73.07692307692308 0.0
796 73.07692307692308 0.0
797 80.76923076923077 0.0
798 73.07692307692308 0.0
799 76.92307692307692 0.0
800 76.92307692307692 0.0
801 69.23076923076923 0.0
802 92.3076923076923 0.0
803 80.76923076923077 0.0
804 73.07692307692308 0.0
805 61.53846153846154 0.0
806 65.38461538461539 0.0
807 76.92307692307692 0.0
808 92.3076923076923 0.0
809 73.07692307692308 0.0
810 76.92307692307692 0.0
811 100.0 0.0
812 84.61538461538461 0.0
813 88.46153846153847 0.0
814 76.92307692307692 0.0
815 84.61538461538461 0.0
816 92.3076923076923 0.0
817 76.92307692307692 0.0
818 92.3076923076923 0.0
819 92.3076923076923 0.0
820 92.3076923076923 0.0
821 84.61538461538461 0.0
822 65.38461538461539 0.0
823 76.92307692307692 0.0
824 57.69230769230769 0.0
825 65.38461538461539 0.0
826 69.23076923076923 0.0
827 65.38461538461539 0.0
828 69.23076923076923 0.0
829 53.84615384615385 0.0
830 61.53846153846154 0.0
831 65.38461538461539 0.0
832 65.38461538461539 0.0
833 57.69230769230769 0.0
834 69.23076923076923 0.0
835 61.53846153846154 0.0
836 53.84615384615385 0.0
837 69.23076923076923 0.0
838 73.07692307692308 0.0
839 61.53846153846154 0.0
840 57.69230769230769 0.0
841 73.07692307692308 0.0
842 65.38461538461539 0.0
843 73.07692307692308 0.0
844 61.53846153846154 0.0
845 65.38461538461539 0.0
846 69.23076923076923 0.0
847 61.53846153846154 0.0
848 65.38461538461539 0.0
849 65.38461538461539 0.0
850 61.53846153846154 0.0
851 80.76923076923077 0.0
852 80.76923076923077 0.0
853 57.69230769230769 0.0
854 76.92307692307692 0.0
855 73.07692307692308 0.0
856 50.0 0.0
857 65.38461538461539 0.0
858 69.23076923076923 0.0
859 65.38461538461539 0.0
860 69.23076923076923 0.0
861 80.76923076923077 0.0
862 80.76923076923077 0.0
863 69.23076923076923 0.0
864 80.76923076923077 0.0
865 69.23076923076923 0.0
866 80.76923076923077 0.0
867 61.53846153846154 0.0
868 76.92307692307692 0.0
869 80.76923076923077 0.0
870 73.07692307692308 0.0
871 84.61538461538461 0.0
872 84.61538461538461 0.0
873 76.92307692307692 0.0
874 53.84615384615385 0.0
875 61.53846153846154 0.0
876 73.07692307692308 0.0
877 69.23076923076923 0.0
878 76.92307692307692 0.0
879 84.61538461538461 0.0
880 92.3076923076923 0.0
881 76.92307692307692 0.0
882 84.61538461538461 0.0
883 84.61538461538461 0.0
884 92.3076923076923 0.0
885 92.3076923076923 0.0
886 84.61538461538461 0.0
887 80.76923076923077 0.0
888 84.61538461538461 0.0
889 76.92307692307692 0.0
890 80.76923076923077 0.0
891 76.92307692307692 0.0
892 84.61538461538461 0.0
893 76.92307692307692 0.0
894 65.38461538461539 0.0
895 53.84615384615385 0.0
896 53.84615384615385 0.0
897 50.0 0.0
898 84.61538461538461 0.0
899 65.38461538461539 0.0
900 76.92307692307692 0.0
901 76.92307692307692 0.0
902 76.92307692307692 0.0
903 65.38461538461539 0.0
904 69.23076923076923 0.0
905 76.92307692307692 0.0
906 69.23076923076923 0.0
907 73.07692307692308 0.0
908 57.69230769230769 0.0
909 69.23076923076923 0.0
910 69.23076923076923 0.0
911 69.23076923076923 0.0
912 65.38461538461539 0.0
913 73.07692307692308 0.0
914 65.38461538461539 0.0
915 69.23076923076923 0.0
916 65.38461538461539 0.0
917 73.07692307692308 0.0
918 73.07692307692308 0.0
919 69.23076923076923 0.0
920 65.38461538461539 0.0
921 73.07692307692308 0.0
922 73.07692307692308 0.0
923 57.69230769230769 0.0
924 69.23076923076923 0.0
925 76.92307692307692 0.0
926 76.92307692307692 0.0
927 73.07692307692308 0.0
928 69.23076923076923 0.0
929 69.23076923076923 0.0
930 57.69230769230769 0.0
931 65.38461538461539 0.0
932 61.53846153846154 0.0
933 61.53846153846154 0.0
934 65.38461538461539 0.0
935 65.38461538461539 0.0
936 53.84615384615385 0.0
937 53.84615384615385 0.0
938 53.84615384615385 0.0
939 69.23076923076923 0.0
940 69.23076923076923 0.0
941 73.07692307692308 0.0
942 88.46153846153847 0.0
943 88.46153846153847 0.0
944 80.76923076923077 0.0
945 88.46153846153847 0.0
946 80.76923076923077 0.0
947 76.92307692307692 0.0
948 76.92307692307692 0.0
949 84.61538461538461 0.0
950 69.23076923076923 0.0
951 69.23076923076923 0.0
952 69.23076923076923 0.0
953 76.92307692307692 0.0
954 61.53846153846154 0.0
955 73.07692307692308 0.0
956 76.92307692307692 0.0
957 76.92307692307692 0.0
958 57.69230769230769 0.0
959 76.92307692307692 0.0
960 53.84615384615385 0.0
961 61.53846153846154 0.0
962 80.76923076923077 0.0
963 69.23076923076923 0.0
964 61.53846153846154 0.0
965 65.38461538461539 0.0
966 61.53846153846154 0.0
967 61.53846153846154 0.0
968 61.53846153846154 0.0
969 61.53846153846154 0.0
970 61.53846153846154 0.0
971 50.0 0.0
972 65.38461538461539 0.0
973 53.84615384615385 0.0
974 53.84615384615385 0.0
975 57.69230769230769 0.0
976 53.84615384615385 0.0
977 69.23076923076923 0.0
978 65.38461538461539 0.0
979 50.0 0.0
980 57.69230769230769 0.0
981 50.0 0.0
982 50.0 0.0
983 53.84615384615385 0.0
984 42.30769230769231 0.0
985 57.69230769230769 0.0
986 61.53846153846154 0.0
987 53.84615384615385 0.0
988 50.0 0.0
989 57.69230769230769 0.0
990 73.07692307692308 0.0
991 73.07692307692308 0.0
992 61.53846153846154 0.0
993 46.15384615384615 0.0
994 42.30769230769231 0.0
995 50.0 0.0
996 69.23076923076923 0.0
997 69.23076923076923 0.0
998 84.61538461538461 0.0
999 61.53846153846154 0.0
