#frame monomers_% popc_isolated_%
0 73.07692307692308 0.0
1 84.61538461538461 0.0
2 84.61538461538461 0.0
3 84.61538461538461 0.0
4 84.61538461538461 0.0
5 76.92307692307692 0.0
6 84.61538461538461 0.0
7 76.92307692307692 0.0
8 84.61538461538461 0.0
9 73.07692307692308 0.0
10 73.07692307692308 0.0
11 69.23076923076923 0.0
12 57.69230769230769 0.0
13 42.30769230769231 0.0
14 65.38461538461539 0.0
15 53.84615384615385 0.0
16 69.23076923076923 0.0
17 69.23076923076923 0.0
18 73.07692307692308 0.0
19 73.07692307692308 0.0
20 80.76923076923077 0.0
21 80.76923076923077 0.0
22 69.23076923076923 0.0
23 84.61538461538461 0.0
24 76.92307692307692 0.0
25 69.23076923076923 0.0
26 69.23076923076923 0.0
27 69.23076923076923 0.0
28 73.07692307692308 0.0
29 57.69230769230769 0.0
30 73.07692307692308 0.0
31 84.61538461538461 0.0
32 92.3076923076923 0.0
33 80.76923076923077 0.0
34 76.92307692307692 0.0
35 69.23076923076923 0.0
36 76.92307692307692 0.0
37 76.92307692307692 0.0
38 69.23076923076923 0.0
39 76.92307692307692 0.0
40 53.84615384615385 0.0
41 50.0 0.0
42 69.23076923076923 0.0
43 65.38461538461539 0.0
44 73.07692307692308 0.0
45 69.23076923076923 0.0
46 69.23076923076923 0.0
47 73.07692307692308 0.0
48 73.07692307692308 0.0
49 73.07692307692308 0.0
50 76.92307692307692 0.0
51 84.61538461538461 0.0
52 92.3076923076923 0.0
53 84.61538461538461 0.0
54 100.0 0.0
55 92.3076923076923 0.0
56 92.3076923076923 0.0
57 92.3076923076923 0.0
58 76.92307692307692 0.0
59 84.61538461538461 0.0
60 61.53846153846154 0.0
61 69.23076923076923 0.0
62 69.23076923076923 0.0
63 84.61538461538461 0.0
64 57.69230769230769 0.0
65 73.07692307692308 0.0
66 84.61538461538461 0.0
67 76.92307692307692 0.0
68 76.92307692307692 0.0
69 57.69230769230769 0.0
70 53.84615384615385 0.0
71 65.38461538461539 0.0
72 80.76923076923077 0.0
73 92.3076923076923 0.0
74 84.61538461538461 0.0
75 73.07692307692308 0.0
76 61.53846153846154 0.0
77 92.3076923076923 0.0
78 92.3076923076923 0.0
79 80.76923076923077 0.0
80 100.0 0.0
81 92.3076923076923 0.0
82 92.3076923076923 0.0
83 92.3076923076923 0.0
84 84.61538461538461 0.0
85 84.61538461538461 0.0
86 76.92307692307692 0.0
87 84.61538461538461 0.0
88 84.61538461538461 0.0
89 84.61538461538461 0.0
90 76.92307692307692 0.0
91 69.23076923076923 0.0
92 84.61538461538461 0.0
93 76.92307692307692 0.0
94 76.92307692307692 0.0
95 84.61538461538461 0.0
96 84.61538461538461 0.0
97 76.92307692307692 0.0
98 84.61538461538461 0.0
99 57.69230769230769 1.5625
100 73.07692307692308 0.0
101 69.23076923076923 1.5625
102 76.92307692307692 0.0
103 76.92307692307692 1.5625
104 76.92307692307692 0.0
105 76.92307692307692 0.0
106 92.3076923076923 1.5625
107 84.61538461538461 0.0
108 73.07692307692308 0.0
109 73.07692307692308 0.0
110 61.53846153846154 0.0
111 76.92307692307692 0.0
112 65.38461538461539 0.0
113 69.23076923076923 0.0
114 57.69230769230769 0.0
115 57.69230769230769 0.0
116 65.38461538461539 0.0
117 80.76923076923077 0.0
118 73.07692307692308 0.0
119 73.07692307692308 0.0
120 69.23076923076923 0.0
121 80.76923076923077 0.0
122 73.07692307692308 0.0
123 76.92307692307692 0.0
124 50.0 0.0
125 57.69230769230769 0.0
126 84.61538461538461 0.0
127 46.15384615384615 0.0
128 57.69230769230769 0.0
129 65.38461538461539 0.0
130 61.53846153846154 0.0
131 61.53846153846154 1.5625
132 61.53846153846154 0.0
133 73.07692307692308 1.5625
134 57.69230769230769 0.0
135 46.15384615384615 0.0
136 50.0 0.0
137 50.0 0.0
138 42.30769230769231 0.0
139 50.0 0.0
140 61.53846153846154 0.0
141 50.0 1.5625
142 53.84615384615385 0.0
143 46.15384615384615 0.0
144 50.0 0.0
145 50.0 0.0
146 65.38461538461539 0.0
147 73.07692307692308 0.0
148 61.53846153846154 0.0
149 61.53846153846154 0.0
150 69.23076923076923 0.0
151 61.53846153846154 0.0
152 61.53846153846154 0.0
153 69.23076923076923 0.0
154 76.92307692307692 0.0
155 69.23076923076923 0.0
156 76.92307692307692 0.0
157 50.0 0.0
158 69.23076923076923 0.0
159 73.07692307692308 0.0
160 76.92307692307692 0.0
161 65.38461538461539 0.0
162 76.92307692307692 0.0
163 73.07692307692308 0.0
164 84.61538461538461 0.0
165 65.38461538461539 0.0
166 65.38461538461539 0.0
167 76.92307692307692 0.0
168 73.07692307692308 0.0
169 57.69230769230769 0.0
170 69.23076923076923 0.0
171 73.07692307692308 0.0
172 69.23076923076923 0.0
173 61.53846153846154 0.0
174 84.61538461538461 0.0
175 57.69230769230769 0.0
176 73.07692307692308 0.0
177 69.23076923076923 0.0
178 92.3076923076923 0.0
179 84.61538461538461 0.0
180 84.61538461538461 0.0
181 92.3076923076923 0.0
182 84.61538461538461 0.0
183 76.92307692307692 0.0
184 69.23076923076923 0.0
185 84.61538461538461 0.0
186 84.61538461538461 0.0
187 84.61538461538461 0.0
188 61.53846153846154 0.0
189 61.53846153846154 0.0
190 65.38461538461539 0.0
191 50.0 0.0
192 65.38461538461539 0.0
193 80.76923076923077 0.0
194 76.92307692307692 1.5625
195 92.3076923076923 1.5625
196 92.3076923076923 1.5625
197 100.0 1.5625
198 76.92307692307692 1.5625
199 61.53846153846154 0.0
200 69.23076923076923 0.0
201 73.07692307692308 0.0
202 73.07692307692308 0.0
203 61.53846153846154 0.0
204 69.23076923076923 0.0
205 73.07692307692308 0.0
206 46.15384615384615 0.0
207 65.38461538461539 0.0
208 65.38461538461539 0.0
209 76.92307692307692 0.0
210 76.92307692307692 0.0
211 84.61538461538461 0.0
212 61.53846153846154 0.0
213 69.23076923076923 0.0
214 53.84615384615385 0.0
215 65.38461538461539 0.0
216 65.38461538461539 0.0
217 80.76923076923077 1.5625
218 84.61538461538461 1.5625
219 69.23076923076923 0.0
220 76.92307692307692 0.0
221 69.23076923076923 0.0
222 76.92307692307692 0.0
223 65.38461538461539 0.0
224 61.53846153846154 0.0
225 65.38461538461539 0.0
226 73.07692307692308 0.0
227 69.23076923076923 0.0
228 76.92307692307692 0.0
229 76.92307692307692 0.0
230 84.61538461538461 0.0
231 84.61538461538461 0.0
232 69.23076923076923 0.0
233 84.61538461538461 0.0
234 76.92307692307692 0.0
235 84.61538461538461 0.0
236 92.3076923076923 0.0
237 76.92307692307692 0.0
238 69.23076923076923 0.0
239 69.23076923076923 0.0
240 73.07692307692308 0.0
241 65.38461538461539 0.0
242 69.23076923076923 0.0
243 61.53846153846154 0.0
244 61.53846153846154 0.0
245 42.30769230769231 0.0
246 57.69230769230769 0.0
247 53.84615384615385 1.5625
248 53.84615384615385 0.0
249 69.23076923076923 0.0
250 46.15384615384615 0.0
251 69.23076923076923 0.0
252 76.92307692307692 0.0
253 69.23076923076923 0.0
254 69.23076923076923 0.0
255 69.23076923076923 0.0
256 69.23076923076923 0.0
257 69.23076923076923 0.0
258 42.30769230769231 0.0
259 61.53846153846154 0.0
260 69.23076923076923 0.0
261 53.84615384615385 0.0
262 65.38461538461539 0.0
263 53.84615384615385 0.0
264 46.15384615384615 0.0
265 57.69230769230769 0.0
266 61.53846153846154 0.0
267 69.23076923076923 0.0
268 61.53846153846154 0.0
269 53.84615384615385 0.0
270 57.69230769230769 0.0
271 69.23076923076923 1.5625
272 69.23076923076923 0.0
273 69.23076923076923 0.0
274 57.69230769230769 0.0
275 57.69230769230769 0.0
276 50.0 0.0
277 50.0 0.0
278 46.15384615384615 0.0
279 61.53846153846154 0.0
280 50.0 0.0
281 61.53846153846154 0.0
282 76.92307692307692 0.0
283 69.23076923076923 0.0
284 65.38461538461539 0.0
285 61.53846153846154 0.0
286 76.92307692307692 0.0
287 80.76923076923077 0.0
288 73.07692307692308 1.5625
289 57.69230769230769 0.0
290 69.23076923076923 1.5625
291 80.76923076923077 0.0
292 65.38461538461539 0.0
293 73.07692307692308 0.0
294 80.76923076923077 0.0
295 73.07692307692308 0.0
296 69.23076923076923 0.0
297 65.38461538461539 0.0
298 61.53846153846154 1.5625
299 76.92307692307692 0.0
300 65.38461538461539 0.0
301 69.23076923076923 0.0
302 73.07692307692308 1.5625
303 65.38461538461539 1.5625
304 69.23076923076923 1.5625
305 65.38461538461539 1.5625
306 61.53846153846154 3.125
307 61.53846153846154 1.5625
308 69.23076923076923 1.5625
309 84.61538461538461 1.5625
310 61.53846153846154 0.0
311 61.53846153846154 0.0
312 69.23076923076923 0.0
313 61.53846153846154 0.0
314 76.92307692307692 0.0
315 61.53846153846154 0.0
316 69.23076923076923 0.0
317 65.38461538461539 0.0
318 73.07692307692308 0.0
319 65.38461538461539 0.0
320 50.0 0.0
321 53.84615384615385 0.0
322 73.07692307692308 0.0
323 57.69230769230769 0.0
324 69.23076923076923 0.0
325 69.23076923076923 0.0
326 69.23076923076923 0.0
327 73.07692307692308 0.0
328 76.92307692307692 0.0
329 84.61538461538461 0.0
330 69.23076923076923 0.0
331 69.23076923076923 0.0
332 69.23076923076923 0.0
333 69.23076923076923 0.0
334 57.69230769230769 0.0
335 69.23076923076923 0.0
336 50.0 0.0
337 57.69230769230769 1.5625
338 57.69230769230769 0.0
339 65.38461538461539 1.5625
340 46.15384615384615 3.125
341 61.53846153846154 0.0
342 61.53846153846154 0.0
343 57.69230769230769 0.0
344 61.53846153846154 0.0
345 61.53846153846154 0.0
346 57.69230769230769 3.125
347 61.53846153846154 0.0
348 65.38461538461539 1.5625
349 73.07692307692308 1.5625
350 61.53846153846154 0.0
351 65.38461538461539 1.5625
352 65.38461538461539 3.125
353 53.84615384615385 1.5625
354 50.0 1.5625
355 53.84615384615385 1.5625
356 50.0 1.5625
357 57.69230769230769 0.0
358 84.61538461538461 0.0
359 76.92307692307692 0.0
360 76.92307692307692 0.0
361 69.23076923076923 0.0
362 69.23076923076923 0.0
363 73.07692307692308 0.0
364 53.84615384615385 0.0
365 73.07692307692308 1.5625
366 80.76923076923077 0.0
367 65.38461538461539 1.5625
368 69.23076923076923 1.5625
369 76.92307692307692 0.0
370 61.53846153846154 0.0
371 69.23076923076923 1.5625
372 57.69230769230769 1.5625
373 50.0 0.0
374 69.23076923076923 0.0
375 84.61538461538461 0.0
376 73.07692307692308 0.0
377 65.38461538461539 0.0
378 76.92307692307692 1.5625
379 76.92307692307692 0.0
380 76.92307692307692 0.0
381 73.07692307692308 0.0
382 80.76923076923077 1.5625
383 80.76923076923077 0.0
384 80.76923076923077 1.5625
385 76.92307692307692 0.0
386 73.07692307692308 1.5625
387 76.92307692307692 1.5625
388 73.07692307692308 0.0
389 84.61538461538461 0.0
390 84.61538461538461 0.0
391 61.53846153846154 0.0
392 61.53846153846154 0.0
393 69.23076923076923 0.0
394 80.76923076923077 0.0
395 73.07692307692308 1.5625
396 61.53846153846154 0.0
397 65.38461538461539 0.0
398 80.76923076923077 1.5625
399 76.92307692307692 0.0
400 57.69230769230769 0.0
401 69.23076923076923 4.6875
402 76.92307692307692 3.125
403 69.23076923076923 0.0
404 76.92307692307692 1.5625
405 69.23076923076923 0.0
406 84.61538461538461 0.0
407 57.69230769230769 0.0
408 61.53846153846154 0.0
409 69.23076923076923 0.0
410 65.38461538461539 0.0
411 65.38461538461539 1.5625
412 76.92307692307692 0.0
413 76.92307692307692 0.0
414 84.61538461538461 0.0
415 84.61538461538461 0.0
416 84.61538461538461 0.0
417 76.92307692307692 0.0
418 80.76923076923077 1.5625
419 80.76923076923077 0.0
420 80.76923076923077 1.5625
421 76.92307692307692 1.5625
422 84.61538461538461 1.5625
423 92.3076923076923 0.0
424 84.61538461538461 0.0
425 65.38461538461539 0.0
426 65.38461538461539 0.0
427 46.15384615384615 0.0
428 61.53846153846154 1.5625
429 57.69230769230769 0.0
430 61.53846153846154 0.0
431 65.38461538461539 0.0
432 65.38461538461539 0.0
433 61.53846153846154 0.0
434 73.07692307692308 0.0
435 57.69230769230769 0.0
436 57.69230769230769 0.0
437 53.84615384615385 0.0
438 50.0 0.0
439 50.0 0.0
440 61.53846153846154 0.0
441 76.92307692307692 1.5625
442 73.07692307692308 1.5625
443 76.92307692307692 1.5625
444 61.53846153846154 0.0
445 84.61538461538461 0.0
446 73.07692307692308 0.0
447 73.07692307692308 0.0
448 57.69230769230769 0.0
449 80.76923076923077 0.0
450 69.23076923076923 1.5625
451 65.38461538461539 1.5625
452 61.53846153846154 0.0
453 76.92307692307692 0.0
454 69.23076923076923 0.0
455 69.23076923076923 0.0
456 73.07692307692308 0.0
457 80.76923076923077 0.0
458 76.92307692307692 0.0
459 84.61538461538461 0.0
460 73.07692307692308 0.0
461 84.61538461538461 0.0
462 84.61538461538461 0.0
463 84.61538461538461 0.0
464 88.46153846153847 0.0
465 84.61538461538461 0.0
466 76.92307692307692 0.0
467 76.92307692307692 0.0
468 76.92307692307692 0.0
469 69.23076923076923 0.0
470 65.38461538461539 0.0
471 61.53846153846154 0.0
472 69.23076923076923 0.0
473 69.23076923076923 0.0
474 69.23076923076923 0.0
475 69.23076923076923 1.5625
476 50.0 0.0
477 46.15384615384615 0.0
478 65.38461538461539 0.0
479 57.69230769230769 0.0
480 57.69230769230769 1.5625
481 57.69230769230769 0.0
482 53.84615384615385 0.0
483 50.0 0.0
484 61.53846153846154 0.0
485 80.76923076923077 0.0
486 73.07692307692308 0.0
487 65.38461538461539 0.0
488 53.84615384615385 0.0
489 65.38461538461539 0.0
490 53.84615384615385 0.0
491 84.61538461538461 0.0
492 73.07692307692308 0.0
493 76.92307692307692 0.0
494 92.3076923076923 0.0
495 65.38461538461539 0.0
496 61.53846153846154 0.0
497 57.69230769230769 0.0
498 65.38461538461539 0.0
499 65.38461538461539 0.0
500 65.38461538461539 0.0
501 65.38461538461539 0.0
502 53.84615384615385 0.0
503 50.0 0.0
504 57.69230769230769 0.0
505 50.0 0.0
506 53.84615384615385 0.0
507 61.53846153846154 0.0
508 73.07692307692308 0.0
509 73.07692307692308 0.0
510 73.07692307692308 0.0
511 69.23076923076923 0.0
512 57.69230769230769 0.0
513 65.38461538461539 0.0
514 76.92307692307692 0.0
515 69.23076923076923 0.0
516 57.69230769230769 0.0
517 80.76923076923077 0.0
518 65.38461538461539 0.0
519 69.23076923076923 0.0
520 76.92307692307692 0.0
521 76.92307692307692 0.0
522 73.07692307692308 0.0
523 76.92307692307692 0.0
524 73.07692307692308 0.0
525 73.07692307692308 0.0
526 53.84615384615385 0.0
527 53.84615384615385 0.0
528 61.53846153846154 0.0
529 65.38461538461539 0.0
530 61.53846153846154 0.0
531 65.38461538461539 0.0
532 76.92307692307692 0.0
533 76.92307692307692 0.0
534 76.92307692307692 0.0
535 76.92307692307692 0.0
536 76.92307692307692 0.0
537 73.07692307692308 0.0
538 73.07692307692308 0.0
539 65.38461538461539 0.0
540 53.84615384615385 0.0
541 61.53846153846154 0.0
542 65.38461538461539 0.0
543 76.92307692307692 0.0
544 61.53846153846154 0.0
545 69.23076923076923 0.0
546 69.23076923076923 0.0
547 73.07692307692308 0.0
548 73.07692307692308 0.0
549 65.38461538461539 0.0
550 53.84615384615385 0.0
551 69.23076923076923 0.0
552 65.38461538461539 0.0
553 80.76923076923077 0.0
554 65.38461538461539 0.0
555 76.92307692307692 0.0
556 73.07692307692308 0.0
557 76.92307692307692 0.0
558 92.3076923076923 0.0
559 92.3076923076923 0.0
560 88.46153846153847 0.0
561 92.3076923076923 0.0
562 92.3076923076923 0.0
563 80.76923076923077 0.0
564 84.61538461538461 0.0
565 100.0 0.0
566 100.0 0.0
567 84.61538461538461 0.0
568 84.61538461538461 0.0
569 80.76923076923077 0.0
570 88.46153846153847 0.0
571 84.61538461538461 0.0
572 84.61538461538461 0.0
573 73.07692307692308 0.0
574 57.69230769230769 0.0
575 61.53846153846154 0.0
576 65.38461538461539 0.0
577 76.92307692307692 0.0
578 84.61538461538461 0.0
579 80.76923076923077 0.0
580 76.92307692307692 0.0
581 73.07692307692308 1.5625
582 84.61538461538461 0.0
583 69.23076923076923 0.0
584 76.92307692307692 0.0
585 73.07692307692308 0.0
586 57.69230769230769 0.0
587 61.53846153846154 0.0
588 73.07692307692308 0.0
589 65.38461538461539 0.0
590 65.38461538461539 0.0
591 69.23076923076923 0.0
592 76.92307692307692 0.0
593 84.61538461538461 0.0
594 88.46153846153847 0.0
595 76.92307692307692 0.0
596 76.92307692307692 0.0
597 69.23076923076923 0.0
598 84.61538461538461 0.0
599 92.3076923076923 0.0
600 84.61538461538461 0.0
601 84.61538461538461 0.0
602 69.23076923076923 0.0
603 65.38461538461539 0.0
604 76.92307692307692 0.0
605 65.38461538461539 0.0
606 53.84615384615385 0.0
607 69.23076923076923 0.0
608 46.15384615384615 0.0
609 57.69230769230769 0.0
610 57.69230769230769 0.0
611 53.84615384615385 0.0
612 73.07692307692308 0.0
613 73.07692307692308 0.0
614 61.53846153846154 0.0
615 84.61538461538461 0.0
616 69.23076923076923 0.0
617 69.23076923076923 1.5625
618 65.38461538461539 0.0
619 69.23076923076923 0.0
620 61.53846153846154 0.0
621 65.38461538461539 0.0
622 73.07692307692308 1.5625
623 73.07692307692308 0.0
624 65.38461538461539 0.0
625 84.61538461538461 1.5625
626 69.23076923076923 1.5625
627 65.38461538461539 0.0
628 65.38461538461539 0.0
629 69.23076923076923 0.0
630 76.92307692307692 0.0
631 69.23076923076923 0.0
632 61.53846153846154 0.0
633 65.38461538461539 0.0
634 73.07692307692308 0.0
635 73.07692307692308 0.0
636 80.76923076923077 0.0
637 80.76923076923077 0.0
638 92.3076923076923 0.0
639 80.76923076923077 0.0
640 80.76923076923077 0.0
641 76.92307692307692 0.0
642 73.07692307692308 0.0
643 69.23076923076923 0.0
644 57.69230769230769 0.0
645 76.92307692307692 0.0
646 76.92307692307692 0.0
647 76.92307692307692 0.0
648 69.23076923076923 0.0
649 76.92307692307692 0.0
650 84.61538461538461 0.0
651 76.92307692307692 0.0
652 80.76923076923077 0.0
653 76.92307692307692 0.0
654 65.38461538461539 0.0
655 76.92307692307692 0.0
656 73.07692307692308 0.0
657 73.07692307692308 0.0
658 57.69230769230769 0.0
659 73.07692307692308 0.0
660 73.07692307692308 0.0
661 73.07692307692308 0.0
662 73.07692307692308 0.0
663 61.53846153846154 0.0
664 65.38461538461539 0.0
665 61.53846153846154 0.0
666 61.53846153846154 0.0
667 84.61538461538461 0.0
668 73.07692307692308 0.0
669 73.07692307692308 1.5625
670 80.76923076923077 1.5625
671 57.69230769230769 1.5625
672 92.3076923076923 0.0
673 69.23076923076923 0.0
674 76.92307692307692 0.0
675 69.23076923076923 1.5625
676 69.23076923076923 0.0
677 100.0 1.5625
678 92.3076923076923 0.0
679 84.61538461538461 0.0
680 92.3076923076923 1.5625
681 92.3076923076923 0.0
682 84.61538461538461 1.5625
683 80.76923076923077 1.5625
684 84.61538461538461 1.5625
685 88.46153846153847 1.5625
686 100.0 1.5625
687 84.61538461538461 1.5625
688 76.92307692307692 1.5625
689 73.07692307692308 1.5625
690 65.38461538461539 1.5625
691 80.76923076923077 1.5625
692 65.38461538461539 1.5625
693 73.07692307692308 1.5625
694 73.07692307692308 0.0
695 73.07692307692308 0.0
696 61.53846153846154 0.0
697 61.53846153846154 0.0
698 73.07692307692308 0.0
699 76.92307692307692 0.0
700 65.38461538461539 0.0
701 57.69230769230769 0.0
702 69.23076923076923 0.0
703 73.07692307692308 0.0
704 88.46153846153847 0.0
705 73.07692307692308 0.0
706 76.92307692307692 0.0
707 76.92307692307692 0.0
708 61.53846153846154 0.0
709 76.92307692307692 0.0
710 76.92307692307692 0.0
711 80.76923076923077 0.0
712 73.07692307692308 0.0
713 69.23076923076923 0.0
714 76.92307692307692 0.0
715 73.07692307692308 0.0
716 69.23076923076923 0.0
717 73.07692307692308 0.0
718 73.07692307692308 0.0
719 73.07692307692308 0.0
720 73.07692307692308 0.0
721 65.38461538461539 0.0
722 69.23076923076923 0.0
723 76.92307692307692 0.0
724 73.07692307692308 0.0
725 80.76923076923077 3.125
726 73.07692307692308 0.0
727 69.23076923076923 0.0
728 65.38461538461539 0.0
729 73.07692307692308 0.0
730 65.38461538461539 0.0
731 69.23076923076923 0.0
732 61.53846153846154 0.0
733 69.23076923076923 0.0
734 69.23076923076923 0.0
735 65.38461538461539 0.0
736 84.61538461538461 0.0
737 76.92307692307692 0.0
738 76.92307692307692 0.0
739 69.23076923076923 0.0
740 76.92307692307692 0.0
741 84.61538461538461 0.0
742 92.3076923076923 0.0
743 92.3076923076923 0.0
744 84.61538461538461 0.0
745 73.07692307692308 0.0
746 84.61538461538461 0.0
747 69.23076923076923 0.0
748 92.3076923076923 0.0
749 73.07692307692308 0.0
750 92.3076923076923 0.0
751 84.61538461538461 0.0
752 76.92307692307692 0.0
753 84.61538461538461 0.0
754 69.23076923076923 0.0
755 76.92307692307692 0.0
756 69.23076923076923 0.0
757 73.07692307692308 0.0
758 76.92307692307692 0.0
759 69.23076923076923 0.0
760 84.61538461538461 0.0
761 69.23076923076923 0.0
762 76.92307692307692 0.0
763 76.92307692307692 0.0
764 84.61538461538461 0.0
765 61.53846153846154 0.0
766 92.3076923076923 0.0
767 76.92307692307692 0.0
768 69.23076923076923 0.0
769 57.69230769230769 1.5625
770 76.92307692307692 0.0
771 69.23076923076923 0.0
772 76.92307692307692 0.0
773 69.23076923076923 0.0
774 69.23076923076923 1.5625
775 76.92307692307692 0.0
776 84.61538461538461 1.5625
777 84.61538461538461 0.0
778 92.3076923076923 0.0
779 100.0 1.5625
780 100.0 0.0
781 100.0 0.0
782 100.0 0.0
783 84.61538461538461 1.5625
784 92.3076923076923 0.0
785 76.92307692307692 0.0
786 80.76923076923077 0.0
787 73.07692307692308 0.0
788 65.38461538461539 0.0
789 69.23076923076923 0.0
790 61.53846153846154 0.0
791 57.69230769230769 0.0
792 65.38461538461539 0.0
793 65.38461538461539 0.0
794 61.53846153846154 0.0
795 84.61538461538461 0.0
796 84.61538461538461 0.0
797 84.61538461538461 0.0
798 84.61538461538461 0.0
799 76.92307692307692 0.0
800 92.3076923076923 0.0
801 73.07692307692308 0.0
802 61.53846153846154 0.0
803 73.07692307692308 0.0
804 65.38461538461539 0.0
805 73.07692307692308 0.0
806 61.53846153846154 0.0
807 65.38461538461539 0.0
808 80.76923076923077 0.0
809 65.38461538461539 0.0
810 53.84615384615385 0.0
811 53.84615384615385 0.0
812 61.53846153846154 0.0
813 61.53846153846154 0.0
814 80.76923076923077 0.0
815 69.23076923076923 0.0
816 61.53846153846154 0.0
817 65.38461538461539 0.0
818 69.23076923076923 0.0
819 76.92307692307692 0.0
820 73.07692307692308 0.0
821 76.92307692307692 0.0
822 61.53846153846154 0.0
823 46.15384615384615 0.0
824 50.0 0.0
825 57.69230769230769 0.0
826 65.38461538461539 0.0
827 69.23076923076923 0.0
828 76.92307692307692 0.0
829 53.84615384615385 0.0
830 69.23076923076923 0.0
831 50.0 0.0
832 61.53846153846154 0.0
833 61.53846153846154 0.0
834 57.69230769230769 0.0
835 61.53846153846154 0.0
836 61.53846153846154 0.0
837 57.69230769230769 0.0
838 57.69230769230769 0.0
839 65.38461538461539 0.0
840 69.23076923076923 0.0
841 84.61538461538461 0.0
842 76.92307692307692 0.0
843 76.92307692307692 0.0
844 69.23076923076923 0.0
845 65.38461538461539 0.0
846 65.38461538461539 0.0
847 53.84615384615385 0.0
848 61.53846153846154 0.0
849 53.84615384615385 0.0
850 65.38461538461539 0.0
851 50.0 0.0
852 57.69230769230769 0.0
853 61.53846153846154 0.0
854 53.84615384615385 0.0
855 65.38461538461539 0.0
856 76.92307692307692 0.0
857 76.92307692307692 0.0
858 73.07692307692308 0.0
859 57.69230769230769 0.0
860 50.0 0.0
861 46.15384615384615 0.0
862 65.38461538461539 0.0
863 69.23076923076923 0.0
864 65.38461538461539 0.0
865 73.07692307692308 0.0
866 80.76923076923077 0.0
867 73.07692307692308 0.0
868 73.07692307692308 0.0
869 61.53846153846154 0.0
870 73.07692307692308 0.0
871 57.69230769230769 0.0
872 73.07692307692308 0.0
873 57.69230769230769 0.0
874 50.0 0.0
875 65.38461538461539 0.0
876 53.84615384615385 0.0
877 61.53846153846154 0.0
878 61.53846153846154 0.0
879 84.61538461538461 0.0
880 76.92307692307692 0.0
881 92.3076923076923 0.0
882 80.76923076923077 0.0
883 73.07692307692308 0.0
884 84.61538461538461 0.0
885 84.61538461538461 0.0
886 73.07692307692308 0.0
887 57.69230769230769 0.0
888 65.38461538461539 0.0
889 57.69230769230769 0.0
890 65.38461538461539 0.0
891 61.53846153846154 0.0
892 69.23076923076923 0.0
893 69.23076923076923 0.0
894 69.23076923076923 0.0
895 69.23076923076923 0.0
896 76.92307692307692 0.0
897 84.61538461538461 0.0
898 69.23076923076923 0.0
899 69.23076923076923 0.0
900 84.61538461538461 0.0
901 84.61538461538461 0.0
902 84.61538461538461 0.0
903 76.92307692307692 0.0
904 69.23076923076923 0.0
905 76.92307692307692 0.0
906 69.23076923076923 0.0
907 84.61538461538461 0.0
908 76.92307692307692 0.0
909 92.3076923076923 0.0
910 84.61538461538461 0.0
911 92.3076923076923 0.0
912 76.92307692307692 0.0
913 76.92307692307692 0.0
914 76.92307692307692 0.0
915 92.3076923076923 0.0
916 69.23076923076923 0.0
917 73.07692307692308 0.0
918 61.53846153846154 0.0
919 57.69230769230769 0.0
920 80.76923076923077 0.0
921 76.92307692307692 0.0
922 69.23076923076923 0.0
923 88.46153846153847 0.0
924 73.07692307692308 0.0
925 76.92307692307692 0.0
926 84.61538461538461 0.0
927 69.23076923076923 0.0
928 76.92307692307692 0.0
929 76.92307692307692 0.0
930 69.23076923076923 0.0
931 84.61538461538461 0.0
932 84.61538461538461 0.0
933 84.61538461538461 0.0
934 69.23076923076923 0.0
935 69.23076923076923 0.0
936 61.53846153846154 0.0
937 65.38461538461539 0.0
938 65.38461538461539 0.0
939 69.23076923076923 0.0
940 73.07692307692308 0.0
941 53.84615384615385 0.0
942 53.84615384615385 0.0
943 61.53846153846154 0.0
944 57.69230769230769 0.0
945 57.69230769230769 0.0
946 53.84615384615385 0.0
947 73.07692307692308 0.0
948 57.69230769230769 0.0
949 69.23076923076923 0.0
950 50.0 0.0
951 69.23076923076923 0.0
952 53.84615384615385 0.0
953 65.38461538461539 0.0
954 84.61538461538461 0.0
955 92.3076923076923 0.0
956 69.23076923076923 0.0
957 76.92307692307692 0.0
958 76.92307692307692 0.0
959 65.38461538461539 0.0
960 53.84615384615385 0.0
961 57.69230769230769 0.0
962 73.07692307692308 0.0
963 76.92307692307692 0.0
964 73.07692307692308 0.0
965 84.61538461538461 0.0
966 69.23076923076923 0.0
967 76.92307692307692 0.0
968 69.23076923076923 0.0
969 61.53846153846154 0.0
970 84.61538461538461 0.0
971 69.23076923076923 0.0
972 92.3076923076923 0.0
973 76.92307692307692 0.0
974 92.3076923076923 0.0
975 80.76923076923077 0.0
976 73.07692307692308 0.0
977 92.3076923076923 0.0
978 73.07692307692308 0.0
979 76.92307692307692 0.0
980 76.92307692307692 0.0
981 53.84615384615385 0.0
982 69.23076923076923 0.0
983 69.23076923076923 0.0
984 53.84615384615385 0.0
985 69.23076923076923 0.0
986 84.61538461538461 0.0
987 76.92307692307692 0.0
988 65.38461538461539 0.0
989 65.38461538461539 0.0
990 69.23076923076923 0.0
991 73.07692307692308 0.0
992 76.92307692307692 0.0
993 76.92307692307692 0.0
994 76.92307692307692 0.0
995 65.38461538461539 0.0
996 65.38461538461539 0.0
997 73.07692307692308 0.0
998 65.38461538461539 0.0
999 69.23076923076923 0.0
