#frame monomers_% popc_isolated_%
0 76.92307692307692 0.0
1 84.61538461538461 0.0
2 76.92307692307692 0.0
3 76.92307692307692 0.0
4 84.61538461538461 0.0
5 76.92307692307692 0.0
6 84.61538461538461 0.0
7 69.23076923076923 0.0
8 73.07692307692308 0.0
9 80.76923076923077 0.0
10 73.07692307692308 0.0
11 76.92307692307692 0.0
12 76.92307692307692 0.0
13 61.53846153846154 0.0
14 76.92307692307692 0.0
15 76.92307692307692 0.0
16 69.23076923076923 0.0
17 80.76923076923077 0.0
18 73.07692307692308 0.0
19 80.76923076923077 0.0
20 80.76923076923077 0.0
21 76.92307692307692 0.0
22 69.23076923076923 0.0
23 84.61538461538461 0.0
24 84.61538461538461 0.0
25 92.3076923076923 0.0
26 73.07692307692308 0.0
27 69.23076923076923 0.0
28 84.61538461538461 0.0
29 76.92307692307692 0.0
30 61.53846153846154 0.0
31 53.84615384615385 0.0
32 76.92307692307692 0.0
33 76.92307692307692 0.0
34 69.23076923076923 0.0
35 84.61538461538461 0.0
36 92.3076923076923 0.0
37 92.3076923076923 0.0
38 69.23076923076923 0.0
39 84.61538461538461 0.0
40 92.3076923076923 0.0
41 92.3076923076923 0.0
42 76.92307692307692 0.0
43 61.53846153846154 0.0
44 76.92307692307692 0.0
45 73.07692307692308 0.0
46 69.23076923076923 0.0
47 69.23076923076923 0.0
48 76.92307692307692 0.0
49 65.38461538461539 0.0
50 84.61538461538461 0.0
51 73.07692307692308 0.0
52 92.3076923076923 0.0
53 69.23076923076923 0.0
54 65.38461538461539 0.0
55 76.92307692307692 0.0
56 80.76923076923077 0.0
57 84.61538461538461 0.0
58 61.53846153846154 0.0
59 61.53846153846154 0.0
60 61.53846153846154 0.0
61 69.23076923076923 0.0
62 65.38461538461539 0.0
63 61.53846153846154 0.0
64 76.92307692307692 0.0
65 57.69230769230769 0.0
66 61.53846153846154 0.0
67 57.69230769230769 0.0
68 57.69230769230769 0.0
69 50.0 0.0
70 50.0 0.0
71 53.84615384615385 0.0
72 53.84615384615385 0.0
73 57.69230769230769 0.0
74 65.38461538461539 0.0
75 65.38461538461539 0.0
76 61.53846153846154 0.0
77 76.92307692307692 0.0
78 76.92307692307692 0.0
79 76.92307692307692 0.0
80 80.76923076923077 0.0
81 76.92307692307692 0.0
82 69.23076923076923 0.0
83 76.92307692307692 0.0
84 65.38461538461539 0.0
85 57.69230769230769 0.0
86 73.07692307692308 0.0
87 61.53846153846154 0.0
88 57.69230769230769 0.0
89 65.38461538461539 0.0
90 65.38461538461539 0.0
91 53.84615384615385 0.0
92 65.38461538461539 0.0
93 69.23076923076923 0.0
94 69.23076923076923 0.0
95 65.38461538461539 0.0
96 73.07692307692308 0.0
97 80.76923076923077 0.0
98 73.07692307692308 0.0
99 57.69230769230769 0.0
100 69.23076923076923 0.0
101 84.61538461538461 0.0
102 84.61538461538461 0.0
103 84.61538461538461 0.0
104 80.76923076923077 0.0
105 69.23076923076923 0.0
106 84.61538461538461 0.0
107 84.61538461538461 0.0
108 92.3076923076923 0.0
109 84.61538461538461 0.0
110 88.46153846153847 0.0
111 88.46153846153847 0.0
112 88.46153846153847 0.0
113 84.61538461538461 0.0
114 92.3076923076923 0.0
115 84.61538461538461 0.0
116 80.76923076923077 0.0
117 84.61538461538461 0.0
118 84.61538461538461 0.0
119 76.92307692307692 0.0
120 88.46153846153847 0.0
121 80.76923076923077 0.0
122 76.92307692307692 0.0
123 80.76923076923077 0.0
124 84.61538461538461 0.0
125 84.61538461538461 0.0
126 73.07692307692308 0.0
127 88.46153846153847 0.0
128 80.76923076923077 0.0
129 92.3076923076923 0.0
130 92.3076923076923 0.0
131 76.92307692307692 0.0
132 84.61538461538461 0.0
133 84.61538461538461 0.0
134 92.3076923076923 0.0
135 80.76923076923077 0.0
136 73.07692307692308 0.0
137 80.76923076923077 0.0
138 84.61538461538461 0.0
139 76.92307692307692 0.0
140 76.92307692307692 0.0
141 61.53846153846154 0.0
142 76.92307692307692 0.0
143 61.53846153846154 0.0
144 73.07692307692308 0.0
145 88.46153846153847 0.0
146 73.07692307692308 0.0
147 57.69230769230769 0.0
148 65.38461538461539 0.0
149 76.92307692307692 0.0
150 69.23076923076923 0.0
151 73.07692307692308 0.0
152 76.92307692307692 0.0
153 76.92307692307692 0.0
154 84.61538461538461 0.0
155 84.61538461538461 0.0
156 69.23076923076923 0.0
157 84.61538461538461 0.0
158 69.23076923076923 0.0
159 69.23076923076923 0.0
160 69.23076923076923 0.0
161 61.53846153846154 0.0
162 53.84615384615385 0.0
163 57.69230769230769 0.0
164 50.0 0.0
165 73.07692307692308 0.0
166 73.07692307692308 0.0
167 76.92307692307692 0.0
168 69.23076923076923 0.0
169 61.53846153846154 0.0
170 69.23076923076923 0.0
171 80.76923076923077 0.0
172 84.61538461538461 0.0
173 73.07692307692308 0.0
174 69.23076923076923 0.0
175 69.23076923076923 0.0
176 76.92307692307692 0.0
177 73.07692307692308 0.0
178 73.07692307692308 0.0
179 80.76923076923077 0.0
180 84.61538461538461 0.0
181 76.92307692307692 0.0
182 76.92307692307692 0.0
183 69.23076923076923 0.0
184 69.23076923076923 0.0
185 92.3076923076923 0.0
186 69.23076923076923 0.0
187 61.53846153846154 0.0
188 73.07692307692308 0.0
189 84.61538461538461 0.0
190 73.07692307692308 0.0
191 92.3076923076923 0.0
192 80.76923076923077 0.0
193 84.61538461538461 0.0
194 76.92307692307692 0.0
195 76.92307692307692 0.0
196 69.23076923076923 0.0
197 76.92307692307692 0.0
198 73.07692307692308 0.0
199 80.76923076923077 0.0
200 73.07692307692308 0.0
201 80.76923076923077 0.0
202 92.3076923076923 0.0
203 84.61538461538461 0.0
204 92.3076923076923 0.0
205 80.76923076923077 0.0
206 76.92307692307692 0.0
207 80.76923076923077 0.0
208 76.92307692307692 0.0
209 80.76923076923077 0.0
210 92.3076923076923 0.0
211 92.3076923076923 0.0
212 69.23076923076923 0.0
213 61.53846153846154 0.0
214 84.61538461538461 0.0
215 69.23076923076923 0.0
216 76.92307692307692 0.0
217 53.84615384615385 0.0
218 61.53846153846154 0.0
219 61.53846153846154 0.0
220 84.61538461538461 0.0
221 65.38461538461539 0.0
222 65.38461538461539 0.0
223 65.38461538461539 0.0
224 53.84615384615385 0.0
225 69.23076923076923 0.0
226 53.84615384615385 0.0
227 69.23076923076923 0.0
228 57.69230769230769 0.0
229 73.07692307692308 0.0
230 76.92307692307692 0.0
231 76.92307692307692 0.0
232 65.38461538461539 0.0
233 80.76923076923077 0.0
234 84.61538461538461 0.0
235 76.92307692307692 0.0
236 84.61538461538461 0.0
237 73.07692307692308 0.0
238 73.07692307692308 0.0
239 84.61538461538461 0.0
240 92.3076923076923 0.0
241 69.23076923076923 0.0
242 76.92307692307692 0.0
243 80.76923076923077 0.0
244 88.46153846153847 0.0
245 88.46153846153847 0.0
246 84.61538461538461 0.0
247 84.61538461538461 0.0
248 84.61538461538461 0.0
249 80.76923076923077 0.0
250 73.07692307692308 0.0
251 65.38461538461539 0.0
252 61.53846153846154 0.0
253 57.69230769230769 0.0
254 69.23076923076923 0.0
255 57.69230769230769 0.0
256 50.0 0.0
257 73.07692307692308 0.0
258 84.61538461538461 0.0
259 80.76923076923077 0.0
260 61.53846153846154 0.0
261 69.23076923076923 0.0
262 84.61538461538461 0.0
263 61.53846153846154 0.0
264 57.69230769230769 0.0
265 57.69230769230769 0.0
266 53.84615384615385 0.0
267 69.23076923076923 0.0
268 76.92307692307692 0.0
269 73.07692307692308 0.0
270 73.07692307692308 0.0
271 57.69230769230769 0.0
272 65.38461538461539 0.0
273 61.53846153846154 0.0
274 76.92307692307692 0.0
275 76.92307692307692 0.0
276 76.92307692307692 0.0
277 73.07692307692308 0.0
278 61.53846153846154 0.0
279 42.30769230769231 0.0
280 65.38461538461539 0.0
281 69.23076923076923 0.0
282 73.07692307692308 0.0
283 61.53846153846154 0.0
284 73.07692307692308 0.0
285 69.23076923076923 0.0
286 92.3076923076923 0.0
287 92.3076923076923 0.0
288 73.07692307692308 0.0
289 69.23076923076923 0.0
290 61.53846153846154 0.0
291 53.84615384615385 0.0
292 76.92307692307692 0.0
293 84.61538461538461 0.0
294 65.38461538461539 0.0
295 65.38461538461539 0.0
296 61.53846153846154 0.0
297 57.69230769230769 0.0
298 57.69230769230769 0.0
299 69.23076923076923 0.0
300 69.23076923076923 0.0
301 69.23076923076923 0.0
302 69.23076923076923 0.0
303 76.92307692307692 0.0
304 69.23076923076923 0.0
305 57.69230769230769 0.0
306 92.3076923076923 0.0
307 84.61538461538461 0.0
308 92.3076923076923 0.0
309 92.3076923076923 0.0
310 100.0 0.0
311 100.0 0.0
312 92.3076923076923 0.0
313 84.61538461538461 0.0
314 92.3076923076923 0.0
315 76.92307692307692 0.0
316 84.61538461538461 0.0
317 92.3076923076923 0.0
318 92.3076923076923 0.0
319 84.61538461538461 0.0
320 88.46153846153847 0.0
321 76.92307692307692 0.0
322 80.76923076923077 0.0
323 80.76923076923077 0.0
324 73.07692307692308 0.0
325 73.07692307692308 0.0
326 65.38461538461539 0.0
327 76.92307692307692 0.0
328 84.61538461538461 0.0
329 76.92307692307692 0.0
330 76.92307692307692 0.0
331 76.92307692307692 0.0
332 61.53846153846154 0.0
333 76.92307692307692 0.0
334 57.69230769230769 0.0
335 61.53846153846154 0.0
336 53.84615384615385 0.0
337 73.07692307692308 0.0
338 61.53846153846154 0.0
339 57.69230769230769 0.0
340 69.23076923076923 0.0
341 65.38461538461539 0.0
342 50.0 0.0
343 69.23076923076923 0.0
344 53.84615384615385 0.0
345 69.23076923076923 0.0
346 69.23076923076923 0.0
347 53.84615384615385 0.0
348 80.76923076923077 0.0
349 65.38461538461539 0.0
350 65.38461538461539 0.0
351 57.69230769230769 0.0
352 53.84615384615385 0.0
353 46.15384615384615 0.0
354 50.0 0.0
355 53.84615384615385 0.0
356 50.0 0.0
357 50.0 0.0
358 30.76923076923077 0.0
359 42.30769230769231 0.0
360 53.84615384615385 0.0
361 38.46153846153846 0.0
362 69.23076923076923 0.0
363 73.07692307692308 0.0
364 76.92307692307692 0.0
365 65.38461538461539 0.0
366 61.53846153846154 0.0
367 73.07692307692308 0.0
368 80.76923076923077 0.0
369 69.23076923076923 0.0
370 69.23076923076923 0.0
371 69.23076923076923 0.0
372 53.84615384615385 0.0
373 65.38461538461539 0.0
374 57.69230769230769 0.0
375 73.07692307692308 0.0
376 76.92307692307692 0.0
377 80.76923076923077 0.0
378 80.76923076923077 0.0
379 76.92307692307692 0.0
380 76.92307692307692 0.0
381 84.61538461538461 0.0
382 84.61538461538461 0.0
383 65.38461538461539 0.0
384 73.07692307692308 0.0
385 73.07692307692308 0.0
386 61.53846153846154 0.0
387 76.92307692307692 0.0
388 76.92307692307692 0.0
389 65.38461538461539 0.0
390 65.38461538461539 0.0
391 73.07692307692308 0.0
392 73.07692307692308 0.0
393 76.92307692307692 0.0
394 92.3076923076923 0.0
395 65.38461538461539 0.0
396 73.07692307692308 0.0
397 73.07692307692308 0.0
398 53.84615384615385 0.0
399 69.23076923076923 0.0
400 84.61538461538461 0.0
401 76.92307692307692 0.0
402 61.53846153846154 0.0
403 61.53846153846154 0.0
404 84.61538461538461 0.0
405 84.61538461538461 0.0
406 76.92307692307692 0.0
407 69.23076923076923 0.0
408 80.76923076923077 0.0
409 84.61538461538461 0.0
410 84.61538461538461 0.0
411 84.61538461538461 0.0
412 92.3076923076923 0.0
413 92.3076923076923 0.0
414 84.61538461538461 0.0
415 92.3076923076923 0.0
416 84.61538461538461 0.0
417 92.3076923076923 0.0
418 84.61538461538461 0.0
419 84.61538461538461 0.0
420 76.92307692307692 0.0
421 84.61538461538461 0.0
422 76.92307692307692 0.0
423 76.92307692307692 0.0
424 92.3076923076923 0.0
425 84.61538461538461 0.0
426 65.38461538461539 0.0
427 69.23076923076923 0.0
428 84.61538461538461 0.0
429 76.92307692307692 0.0
430 76.92307692307692 0.0
431 88.46153846153847 0.0
432 76.92307692307692 0.0
433 76.92307692307692 0.0
434 80.76923076923077 0.0
435 92.3076923076923 0.0
436 92.3076923076923 0.0
437 84.61538461538461 0.0
438 69.23076923076923 0.0
439 69.23076923076923 0.0
440 69.23076923076923 0.0
441 69.23076923076923 0.0
442 69.23076923076923 0.0
443 76.92307692307692 0.0
444 84.61538461538461 0.0
445 92.3076923076923 0.0
446 76.92307692307692 0.0
447 61.53846153846154 0.0
448 84.61538461538461 0.0
449 76.92307692307692 0.0
450 76.92307692307692 0.0
451 76.92307692307692 0.0
452 73.07692307692308 0.0
453 88.46153846153847 0.0
454 69.23076923076923 0.0
455 65.38461538461539 0.0
456 69.23076923076923 0.0
457 73.07692307692308 0.0
458 80.76923076923077 0.0
459 92.3076923076923 0.0
460 69.23076923076923 0.0
461 61.53846153846154 0.0
462 92.3076923076923 0.0
463 73.07692307692308 0.0
464 84.61538461538461 0.0
465 84.61538461538461 0.0
466 84.61538461538461 0.0
467 80.76923076923077 0.0
468 100.0 0.0
469 92.3076923076923 0.0
470 92.3076923076923 0.0
471 92.3076923076923 0.0
472 84.61538461538461 0.0
473 69.23076923076923 0.0
474 69.23076923076923 0.0
475 69.23076923076923 0.0
476 69.23076923076923 0.0
477 65.38461538461539 0.0
478 50.0 0.0
479 53.84615384615385 0.0
480 73.07692307692308 0.0
481 76.92307692307692 0.0
482 65.38461538461539 0.0
483 50.0 0.0
484 57.69230769230769 0.0
485 57.69230769230769 0.0
486 65.38461538461539 0.0
487 73.07692307692308 0.0
488 61.53846153846154 0.0
489 53.84615384615385 0.0
490 69.23076923076923 0.0
491 46.15384615384615 0.0
492 57.69230769230769 0.0
493 61.53846153846154 0.0
494 57.69230769230769 0.0
495 61.53846153846154 0.0
496 73.07692307692308 0.0
497 61.53846153846154 0.0
498 61.53846153846154 0.0
499 76.92307692307692 0.0
500 80.76923076923077 0.0
501 76.92307692307692 0.0
502 69.23076923076923 0.0
503 69.23076923076923 0.0
504 76.92307692307692 0.0
505 84.61538461538461 0.0
506 76.92307692307692 0.0
507 76.92307692307692 0.0
508 80.76923076923077 0.0
509 65.38461538461539 0.0
510 65.38461538461539 0.0
511 73.07692307692308 0.0
512 73.07692307692308 0.0
513 84.61538461538461 0.0
514 73.07692307692308 0.0
515 80.76923076923077 0.0
516 80.76923076923077 0.0
517 76.92307692307692 0.0
518 69.23076923076923 0.0
519 76.92307692307692 0.0
520 76.92307692307692 0.0
521 73.07692307692308 0.0
522 84.61538461538461 0.0
523 69.23076923076923 0.0
524 76.92307692307692 0.0
525 84.61538461538461 0.0
526 76.92307692307692 0.0
527 76.92307692307692 0.0
528 84.61538461538461 0.0
529 76.92307692307692 0.0
530 76.92307692307692 0.0
531 76.92307692307692 0.0
532 84.61538461538461 0.0
533 69.23076923076923 0.0
534 76.92307692307692 0.0
535 76.92307692307692 0.0
536 92.3076923076923 0.0
537 84.61538461538461 0.0
538 69.23076923076923 0.0
539 61.53846153846154 0.0
540 73.07692307692308 0.0
541 73.07692307692308 0.0
542 80.76923076923077 0.0
543 61.53846153846154 0.0
544 80.76923076923077 0.0
545 84.61538461538461 0.0
546 84.61538461538461 0.0
547 76.92307692307692 0.0
548 92.3076923076923 0.0
549 92.3076923076923 0.0
550 84.61538461538461 0.0
551 76.92307692307692 0.0
552 80.76923076923077 0.0
553 84.61538461538461 0.0
554 92.3076923076923 0.0
555 92.3076923076923 0.0
556 84.61538461538461 0.0
557 100.0 0.0
558 80.76923076923077 0.0
559 69.23076923076923 0.0
560 76.92307692307692 0.0
561 80.76923076923077 0.0
562 84.61538461538461 0.0
563 92.3076923076923 0.0
564 100.0 0.0
565 92.3076923076923 0.0
566 76.92307692307692 0.0
567 84.61538461538461 0.0
568 80.76923076923077 0.0
569 76.92307692307692 0.0
570 57.69230769230769 0.0
571 65.38461538461539 0.0
572 92.3076923076923 0.0
573 76.92307692307692 0.0
574 69.23076923076923 0.0
575 76.92307692307692 0.0
576 76.92307692307692 0.0
577 92.3076923076923 0.0
578 76.92307692307692 0.0
579 65.38461538461539 0.0
580 69.23076923076923 0.0
581 69.23076923076923 0.0
582 61.53846153846154 0.0
583 61.53846153846154 0.0
584 76.92307692307692 0.0
585 76.92307692307692 0.0
586 76.92307692307692 0.0
587 76.92307692307692 0.0
588 61.53846153846154 0.0
589 57.69230769230769 0.0
590 53.84615384615385 0.0
591 76.92307692307692 0.0
592 69.23076923076923 0.0
593 69.23076923076923 0.0
594 61.53846153846154 0.0
595 69.23076923076923 0.0
596 69.23076923076923 0.0
597 69.23076923076923 0.0
598 69.23076923076923 0.0
599 80.76923076923077 0.0
600 69.23076923076923 0.0
601 50.0 0.0
602 65.38461538461539 0.0
603 57.69230769230769 0.0
604 65.38461538461539 0.0
605 84.61538461538461 0.0
606 69.23076923076923 0.0
607 57.69230769230769 0.0
608 57.69230769230769 0.0
609 65.38461538461539 0.0
610 65.38461538461539 0.0
611 92.3076923076923 0.0
612 76.92307692307692 0.0
613 92.3076923076923 0.0
614 84.61538461538461 0.0
615 84.61538461538461 0.0
616 61.53846153846154 0.0
617 65.38461538461539 0.0
618 69.23076923076923 0.0
619 50.0 0.0
620 53.84615384615385 0.0
621 65.38461538461539 0.0
622 57.69230769230769 0.0
623 53.84615384615385 0.0
624 53.84615384615385 0.0
625 46.15384615384615 0.0
626 61.53846153846154 0.0
627 61.53846153846154 0.0
628 53.84615384615385 0.0
629 42.30769230769231 0.0
630 73.07692307692308 0.0
631 73.07692307692308 0.0
632 65.38461538461539 0.0
633 73.07692307692308 0.0
634 69.23076923076923 0.0
635 65.38461538461539 0.0
636 76.92307692307692 0.0
637 92.3076923076923 0.0
638 76.92307692307692 0.0
639 84.61538461538461 0.0
640 61.53846153846154 0.0
641 69.23076923076923 0.0
642 61.53846153846154 0.0
643 61.53846153846154 0.0
644 61.53846153846154 0.0
645 69.23076923076923 0.0
646 73.07692307692308 0.0
647 65.38461538461539 0.0
648 61.53846153846154 0.0
649 61.53846153846154 0.0
650 65.38461538461539 0.0
651 46.15384615384615 0.0
652 50.0 0.0
653 73.07692307692308 0.0
654 80.76923076923077 0.0
655 84.61538461538461 0.0
656 76.92307692307692 0.0
657 76.92307692307692 0.0
658 76.92307692307692 0.0
659 80.76923076923077 0.0
660 76.92307692307692 0.0
661 80.76923076923077 0.0
662 61.53846153846154 0.0
663 57.69230769230769 0.0
664 38.46153846153846 0.0
665 57.69230769230769 0.0
666 65.38461538461539 0.0
667 73.07692307692308 0.0
668 76.92307692307692 0.0
669 65.38461538461539 0.0
670 76.92307692307692 0.0
671 61.53846153846154 0.0
672 76.92307692307692 0.0
673 84.61538461538461 0.0
674 76.92307692307692 0.0
675 76.92307692307692 0.0
676 69.23076923076923 0.0
677 53.84615384615385 0.0
678 76.92307692307692 0.0
679 69.23076923076923 0.0
680 69.23076923076923 0.0
681 84.61538461538461 0.0
682 73.07692307692308 0.0
683 65.38461538461539 0.0
684 76.92307692307692 0.0
685 84.61538461538461 0.0
686 69.23076923076923 0.0
687 57.69230769230769 0.0
688 69.23076923076923 0.0
689 61.53846153846154 0.0
690 69.23076923076923 0.0
691 61.53846153846154 0.0
692 69.23076923076923 0.0
693 69.23076923076923 0.0
694 76.92307692307692 0.0
695 84.61538461538461 0.0
696 92.3076923076923 0.0
697 84.61538461538461 0.0
698 100.0 0.0
699 100.0 0.0
700 92.3076923076923 0.0
701 76.92307692307692 0.0
702 69.23076923076923 0.0
703 73.07692307692308 0.0
704 69.23076923076923 0.0
705 76.92307692307692 0.0
706 92.3076923076923 0.0
707 84.61538461538461 0.0
708 84.61538461538461 0.0
709 84.61538461538461 0.0
710 84.61538461538461 0.0
711 84.61538461538461 0.0
712 84.61538461538461 0.0
713 53.84615384615385 0.0
714 76.92307692307692 0.0
715 76.92307692307692 0.0
716 84.61538461538461 0.0
717 92.3076923076923 0.0
718 76.92307692307692 0.0
719 84.61538461538461 0.0
720 61.53846153846154 0.0
721 76.92307692307692 0.0
722 76.92307692307692 0.0
723 76.92307692307692 0.0
724 76.92307692307692 0.0
725 80.76923076923077 0.0
726 80.76923076923077 0.0
727 84.61538461538461 0.0
728 69.23076923076923 0.0
729 53.84615384615385 0.0
730 65.38461538461539 0.0
731 50.0 0.0
732 53.84615384615385 0.0
733 65.38461538461539 0.0
734 50.0 0.0
735 84.61538461538461 0.0
736 84.61538461538461 0.0
737 76.92307692307692 0.0
738 69.23076923076923 0.0
739 65.38461538461539 0.0
740 61.53846153846154 0.0
741 69.23076923076923 0.0
742 61.53846153846154 0.0
743 50.0 0.0
744 57.69230769230769 0.0
745 65.38461538461539 0.0
746 80.76923076923077 0.0
747 69.23076923076923 0.0
748 73.07692307692308 0.0
749 80.76923076923077 0.0
750 76.92307692307692 0.0
751 76.92307692307692 0.0
752 76.92307692307692 0.0
753 57.69230769230769 0.0
754 76.92307692307692 0.0
755 100.0 0.0
756 76.92307692307692 0.0
757 84.61538461538461 0.0
758 84.61538461538461 0.0
759 84.61538461538461 0.0
760 92.3076923076923 0.0
761 76.92307692307692 0.0
762 73.07692307692308 0.0
763 69.23076923076923 0.0
764 76.92307692307692 0.0
765 65.38461538461539 0.0
766 69.23076923076923 0.0
767 69.23076923076923 0.0
768 69.23076923076923 0.0
769 69.23076923076923 0.0
770 57.69230769230769 0.0
771 53.84615384615385 0.0
772 57.69230769230769 0.0
773 57.69230769230769 0.0
774 69.23076923076923 0.0
775 65.38461538461539 0.0
776 50.0 0.0
777 50.0 0.0
778 50.0 0.0
779 53.84615384615385 0.0
780 57.69230769230769 0.0
781 73.07692307692308 0.0
782 53.84615384615385 0.0
783 53.84615384615385 0.0
784 69.23076923076923 0.0
785 69.23076923076923 0.0
786 69.23076923076923 0.0
787 69.23076923076923 0.0
788 61.53846153846154 0.0
789 61.53846153846154 0.0
790 61.53846153846154 0.0
791 61.53846153846154 0.0
792 65.38461538461539 0.0
793 65.38461538461539 0.0
794 57.69230769230769 0.0
795 61.53846153846154 0.0
796 69.23076923076923 0.0
797 50.0 0.0
798 38.46153846153846 0.0
799 42.30769230769231 0.0
800 57.69230769230769 0.0
801 65.38461538461539 0.0
802 61.53846153846154 0.0
803 69.23076923076923 0.0
804 69.23076923076923 0.0
805 73.07692307692308 0.0
806 73.07692307692308 0.0
807 61.53846153846154 0.0
808 65.38461538461539 0.0
809 61.53846153846154 0.0
810 69.23076923076923 0.0
811 53.84615384615385 0.0
812 69.23076923076923 0.0
813 76.92307692307692 0.0
814 76.92307692307692 0.0
815 76.92307692307692 0.0
816 84.61538461538461 0.0
817 84.61538461538461 0.0
818 100.0 0.0
819 92.3076923076923 0.0
820 84.61538461538461 0.0
821 76.92307692307692 0.0
822 84.61538461538461 0.0
823 76.92307692307692 0.0
824 80.76923076923077 0.0
825 88.46153846153847 0.0
826 73.07692307692308 0.0
827 57.69230769230769 0.0
828 65.38461538461539 0.0
829 61.53846153846154 0.0
830 73.07692307692308 0.0
831 76.92307692307692 0.0
832 57.69230769230769 0.0
833 65.38461538461539 0.0
834 69.23076923076923 0.0
835 73.07692307692308 0.0
836 80.76923076923077 0.0
837 69.23076923076923 0.0
838 76.92307692307692 0.0
839 80.76923076923077 0.0
840 84.61538461538461 0.0
841 84.61538461538461 0.0
842 84.61538461538461 0.0
843 84.61538461538461 0.0
844 69.23076923076923 0.0
845 80.76923076923077 0.0
846 69.23076923076923 0.0
847 69.23076923076923 0.0
848 69.23076923076923 0.0
849 69.23076923076923 0.0
850 73.07692307692308 0.0
851 69.23076923076923 0.0
852 65.38461538461539 0.0
853 73.07692307692308 0.0
854 69.23076923076923 0.0
855 73.07692307692308 0.0
856 65.38461538461539 0.0
857 57.69230769230769 0.0
858 57.69230769230769 0.0
859 57.69230769230769 0.0
860 57.69230769230769 0.0
861 61.53846153846154 0.0
862 69.23076923076923 0.0
863 65.38461538461539 0.0
864 69.23076923076923 0.0
865 73.07692307692308 0.0
866 65.38461538461539 0.0
867 65.38461538461539 0.0
868 84.61538461538461 0.0
869 80.76923076923077 0.0
870 84.61538461538461 0.0
871 76.92307692307692 0.0
872 61.53846153846154 0.0
873 61.53846153846154 0.0
874 69.23076923076923 0.0
875 61.53846153846154 0.0
876 69.23076923076923 0.0
877 80.76923076923077 0.0
878 61.53846153846154 0.0
879 73.07692307692308 0.0
880 76.92307692307692 0.0
881 76.92307692307692 0.0
882 69.23076923076923 0.0
883 73.07692307692308 0.0
884 73.07692307692308 0.0
885 76.92307692307692 0.0
886 69.23076923076923 0.0
887 73.07692307692308 0.0
888 73.07692307692308 0.0
889 61.53846153846154 0.0
890 65.38461538461539 0.0
891 61.53846153846154 0.0
892 76.92307692307692 0.0
893 88.46153846153847 0.0
894 65.38461538461539 0.0
895 80.76923076923077 0.0
896 53.84615384615385 0.0
897 57.69230769230769 0.0
898 50.0 0.0
899 65.38461538461539 0.0
900 65.38461538461539 0.0
901 73.07692307692308 0.0
902 61.53846153846154 0.0
903 50.0 0.0
904 65.38461538461539 0.0
905 61.53846153846154 0.0
906 53.84615384615385 0.0
907 69.23076923076923 0.0
908 80.76923076923077 0.0
909 69.23076923076923 0.0
910 73.07692307692308 0.0
911 76.92307692307692 0.0
912 80.76923076923077 0.0
913 73.07692307692308 0.0
914 69.23076923076923 0.0
915 65.38461538461539 0.0
916 80.76923076923077 0.0
917 76.92307692307692 0.0
918 73.07692307692308 0.0
919 80.76923076923077 0.0
920 73.07692307692308 0.0
921 92.3076923076923 0.0
922 76.92307692307692 0.0
923 73.07692307692308 0.0
924 53.84615384615385 0.0
925 69.23076923076923 0.0
926 69.23076923076923 0.0
927 65.38461538461539 0.0
928 69.23076923076923 0.0
929 80.76923076923077 0.0
930 69.23076923076923 0.0
931 73.07692307692308 0.0
932 92.3076923076923 0.0
933 80.76923076923077 0.0
934 76.92307692307692 0.0
935 84.61538461538461 0.0
936 76.92307692307692 0.0
937 76.92307692307692 0.0
938 76.92307692307692 0.0
939 65.38461538461539 0.0
940 53.84615384615385 0.0
941 65.38461538461539 0.0
942 84.61538461538461 0.0
943 84.61538461538461 0.0
944 84.61538461538461 0.0
945 80.76923076923077 0.0
946 84.61538461538461 0.0
947 84.61538461538461 0.0
948 84.61538461538461 0.0
949 84.61538461538461 0.0
950 76.92307692307692 0.0
951 84.61538461538461 0.0
952 84.61538461538461 0.0
953 84.61538461538461 0.0
954 84.61538461538461 0.0
955 76.92307692307692 0.0
956 92.3076923076923 0.0
957 73.07692307692308 0.0
958 76.92307692307692 0.0
959 84.61538461538461 0.0
960 84.61538461538461 0.0
961 69.23076923076923 0.0
962 76.92307692307692 0.0
963 84.61538461538461 0.0
964 76.92307692307692 0.0
965 69.23076923076923 0.0
966 65.38461538461539 0.0
967 92.3076923076923 0.0
968 76.92307692307692 0.0
969 84.61538461538461 0.0
970 84.61538461538461 0.0
971 76.92307692307692 0.0
972 92.3076923076923 0.0
973 88.46153846153847 0.0
974 88.46153846153847 0.0
975 88.46153846153847 0.0
976 84.61538461538461 0.0
977 84.61538461538461 0.0
978 84.61538461538461 0.0
979 76.92307692307692 0.0
980 73.07692307692308 0.0
981 73.07692307692308 0.0
982 73.07692307692308 0.0
983 73.07692307692308 0.0
984 80.76923076923077 0.0
985 84.61538461538461 0.0
986 84.61538461538461 0.0
987 73.07692307692308 0.0
988 84.61538461538461 0.0
989 76.92307692307692 0.0
990 57.69230769230769 0.0
991 69.23076923076923 0.0
992 61.53846153846154 0.0
993 76.92307692307692 0.0
994 50.0 0.0
995 69.23076923076923 0.0
996 53.84615384615385 0.0
997 69.23076923076923 0.0
998 69.23076923076923 0.0
999 53.84615384615385 0.0
