#frame monomers_% popc_isolated_%
0 76.92307692307692 0.0
1 76.92307692307692 0.0
2 69.23076923076923 0.0
3 53.84615384615385 0.0
4 65.38461538461539 0.0
5 61.53846153846154 0.0
6 53.84615384615385 0.0
7 69.23076923076923 0.0
8 73.07692307692308 0.0
9 69.23076923076923 0.0
10 76.92307692307692 0.0
11 61.53846153846154 0.0
12 69.23076923076923 0.0
13 76.92307692307692 0.0
14 57.69230769230769 0.0
15 84.61538461538461 0.0
16 92.3076923076923 0.0
17 76.92307692307692 0.0
18 69.23076923076923 0.0
19 84.61538461538461 0.0
20 80.76923076923077 0.0
21 84.61538461538461 0.0
22 84.61538461538461 0.0
23 76.92307692307692 0.0
24 92.3076923076923 0.0
25 84.61538461538461 0.0
26 92.3076923076923 0.0
27 80.76923076923077 0.0
28 84.61538461538461 0.0
29 69.23076923076923 0.0
30 69.23076923076923 0.0
31 73.07692307692308 0.0
32 61.53846153846154 0.0
33 53.84615384615385 0.0
34 73.07692307692308 0.0
35 61.53846153846154 0.0
36 57.69230769230769 0.0
37 65.38461538461539 0.0
38 61.53846153846154 0.0
39 50.0 0.0
40 53.84615384615385 0.0
41 38.46153846153846 0.0
42 42.30769230769231 0.0
43 46.15384615384615 0.0
44 61.53846153846154 0.0
45 61.53846153846154 0.0
46 57.69230769230769 0.0
47 65.38461538461539 0.0
48 76.92307692307692 0.0
49 76.92307692307692 0.0
50 76.92307692307692 0.0
51 76.92307692307692 0.0
52 76.92307692307692 0.0
53 61.53846153846154 0.0
54 57.69230769230769 0.0
55 69.23076923076923 0.0
56 73.07692307692308 0.0
57 69.23076923076923 0.0
58 61.53846153846154 0.0
59 76.92307692307692 0.0
60 65.38461538461539 0.0
61 76.92307692307692 0.0
62 69.23076923076923 0.0
63 76.92307692307692 0.0
64 65.38461538461539 0.0
65 76.92307692307692 0.0
66 69.23076923076923 0.0
67 65.38461538461539 0.0
68 65.38461538461539 0.0
69 65.38461538461539 0.0
70 65.38461538461539 0.0
71 69.23076923076923 0.0
72 73.07692307692308 0.0
73 76.92307692307692 0.0
74 65.38461538461539 0.0
75 76.92307692307692 0.0
76 69.23076923076923 0.0
77 46.15384615384615 0.0
78 76.92307692307692 0.0
79 61.53846153846154 0.0
80 69.23076923076923 0.0
81 69.23076923076923 0.0
82 69.23076923076923 0.0
83 69.23076923076923 0.0
84 61.53846153846154 0.0
85 61.53846153846154 0.0
86 69.23076923076923 0.0
87 76.92307692307692 0.0
88 69.23076923076923 0.0
89 34.61538461538461 0.0
90 69.23076923076923 0.0
91 61.53846153846154 0.0
92 76.92307692307692 0.0
93 61.53846153846154 0.0
94 84.61538461538461 0.0
95 73.07692307692308 0.0
96 73.07692307692308 0.0
97 80.76923076923077 0.0
98 53.84615384615385 0.0
99 50.0 0.0
100 65.38461538461539 0.0
101 65.38461538461539 0.0
102 73.07692307692308 0.0
103 73.07692307692308 0.0
104 65.38461538461539 0.0
105 65.38461538461539 0.0
106 50.0 0.0
107 61.53846153846154 0.0
108 38.46153846153846 0.0
109 46.15384615384615 0.0
110 38.46153846153846 0.0
111 38.46153846153846 0.0
112 50.0 0.0
113 57.69230769230769 0.0
114 46.15384615384615 0.0
115 53.84615384615385 0.0
116 53.84615384615385 0.0
117 69.23076923076923 0.0
118 73.07692307692308 0.0
119 42.30769230769231 0.0
120 50.0 0.0
121 53.84615384615385 0.0
122 57.69230769230769 0.0
123 57.69230769230769 0.0
124 46.15384615384615 0.0
125 53.84615384615385 0.0
126 46.15384615384615 0.0
127 53.84615384615385 0.0
128 53.84615384615385 0.0
129 57.69230769230769 0.0
130 57.69230769230769 0.0
131 53.84615384615385 0.0
132 69.23076923076923 0.0
133 61.53846153846154 0.0
134 61.53846153846154 0.0
135 69.23076923076923 0.0
136 65.38461538461539 0.0
137 57.69230769230769 0.0
138 57.69230769230769 0.0
139 53.84615384615385 0.0
140 84.61538461538461 0.0
141 65.38461538461539 0.0
142 76.92307692307692 0.0
143 61.53846153846154 0.0
144 65.38461538461539 0.0
145 61.53846153846154 0.0
146 61.53846153846154 0.0
147 73.07692307692308 0.0
148 80.76923076923077 0.0
149 73.07692307692308 0.0
150 61.53846153846154 0.0
151 69.23076923076923 0.0
152 69.23076923076923 0.0
153 73.07692307692308 0.0
154 73.07692307692308 0.0
155 53.84615384615385 0.0
156 53.84615384615385 0.0
157 69.23076923076923 0.0
158 53.84615384615385 0.0
159 69.23076923076923 0.0
160 69.23076923076923 0.0
161 50.0 0.0
162 61.53846153846154 0.0
163 53.84615384615385 0.0
164 53.84615384615385 0.0
165 42.30769230769231 0.0
166 53.84615384615385 0.0
167 69.23076923076923 0.0
168 61.53846153846154 0.0
169 53.84615384615385 0.0
170 73.07692307692308 0.0
171 73.07692307692308 0.0
172 69.23076923076923 0.0
173 53.84615384615385 0.0
174 61.53846153846154 0.0
175 57.69230769230769 0.0
176 57.69230769230769 0.0
177 65.38461538461539 0.0
178 57.69230769230769 0.0
179 65.38461538461539 0.0
180 76.92307692307692 0.0
181 69.23076923076923 0.0
182 69.23076923076923 0.0
183 84.61538461538461 0.0
184 80.76923076923077 0.0
185 57.69230769230769 0.0
186 65.38461538461539 0.0
187 69.23076923076923 0.0
188 57.69230769230769 0.0
189 65.38461538461539 0.0
190 76.92307692307692 0.0
191 57.69230769230769 0.0
192 50.0 0.0
193 42.30769230769231 0.0
194 38.46153846153846 0.0
195 53.84615384615385 0.0
196 50.0 0.0
197 61.53846153846154 0.0
198 61.53846153846154 0.0
199 53.84615384615385 0.0
200 69.23076923076923 0.0
201 53.84615384615385 0.0
202 65.38461538461539 0.0
203 61.53846153846154 0.0
204 69.23076923076923 0.0
205 61.53846153846154 0.0
206 42.30769230769231 0.0
207 61.53846153846154 0.0
208 53.84615384615385 0.0
209 61.53846153846154 0.0
210 61.53846153846154 0.0
211 57.69230769230769 0.0
212 65.38461538461539 0.0
213 69.23076923076923 0.0
214 53.84615384615385 0.0
215 61.53846153846154 0.0
216 53.84615384615385 0.0
217 57.69230769230769 0.0
218 61.53846153846154 0.0
219 65.38461538461539 0.0
220 65.38461538461539 0.0
221 42.30769230769231 0.0
222 57.69230769230769 0.0
223 57.69230769230769 0.0
224 50.0 0.0
225 50.0 0.0
226 65.38461538461539 0.0
227 61.53846153846154 0.0
228 61.53846153846154 0.0
229 61.53846153846154 0.0
230 65.38461538461539 0.0
231 61.53846153846154 0.0
232 42.30769230769231 0.0
233 69.23076923076923 0.0
234 57.69230769230769 0.0
235 42.30769230769231 0.0
236 42.30769230769231 0.0
237 50.0 0.0
238 69.23076923076923 0.0
239 69.23076923076923 0.0
240 61.53846153846154 0.0
241 61.53846153846154 0.0
242 61.53846153846154 0.0
243 61.53846153846154 0.0
244 65.38461538461539 0.0
245 84.61538461538461 0.0
246 84.61538461538461 0.0
247 92.3076923076923 0.0
248 84.61538461538461 0.0
249 73.07692307692308 0.0
250 61.53846153846154 0.0
251 46.15384615384615 0.0
252 50.0 0.0
253 30.76923076923077 0.0
254 46.15384615384615 0.0
255 38.46153846153846 0.0
256 50.0 0.0
257 46.15384615384615 0.0
258 61.53846153846154 0.0
259 61.53846153846154 0.0
260 65.38461538461539 0.0
261 65.38461538461539 0.0
262 65.38461538461539 0.0
263 69.23076923076923 0.0
264 61.53846153846154 0.0
265 61.53846153846154 0.0
266 61.53846153846154 0.0
267 53.84615384615385 0.0
268 57.69230769230769 0.0
269 73.07692307692308 0.0
270 57.69230769230769 0.0
271 61.53846153846154 0.0
272 53.84615384615385 0.0
273 61.53846153846154 0.0
274 61.53846153846154 0.0
275 73.07692307692308 0.0
276 57.69230769230769 0.0
277 65.38461538461539 0.0
278 65.38461538461539 0.0
279 80.76923076923077 0.0
280 65.38461538461539 0.0
281 57.69230769230769 0.0
282 53.84615384615385 0.0
283 53.84615384615385 0.0
284 57.69230769230769 0.0
285 53.84615384615385 0.0
286 69.23076923076923 0.0
287 69.23076923076923 0.0
288 73.07692307692308 0.0
289 53.84615384615385 0.0
290 50.0 0.0
291 69.23076923076923 0.0
292 57.69230769230769 0.0
293 57.69230769230769 0.0
294 50.0 0.0
295 61.53846153846154 0.0
296 53.84615384615385 0.0
297 53.84615384615385 0.0
298 73.07692307692308 0.0
299 80.76923076923077 0.0
300 76.92307692307692 0.0
301 76.92307692307692 0.0
302 73.07692307692308 0.0
303 65.38461538461539 0.0
304 73.07692307692308 0.0
305 73.07692307692308 0.0
306 73.07692307692308 0.0
307 69.23076923076923 0.0
308 61.53846153846154 0.0
309 57.69230769230769 0.0
310 57.69230769230769 0.0
311 73.07692307692308 0.0
312 65.38461538461539 0.0
313 61.53846153846154 0.0
314 53.84615384615385 0.0
315 53.84615384615385 0.0
316 65.38461538461539 0.0
317 73.07692307692308 0.0
318 73.07692307692308 0.0
319 65.38461538461539 0.0
320 61.53846153846154 0.0
321 69.23076923076923 0.0
322 73.07692307692308 0.0
323 73.07692307692308 0.0
324 76.92307692307692 0.0
325 69.23076923076923 0.0
326 65.38461538461539 0.0
327 84.61538461538461 0.0
328 76.92307692307692 0.0
329 84.61538461538461 0.0
330 76.92307692307692 0.0
331 76.92307692307692 0.0
332 76.92307692307692 0.0
333 76.92307692307692 0.0
334 76.92307692307692 0.0
335 65.38461538461539 0.0
336 50.0 0.0
337 57.69230769230769 0.0
338 76.92307692307692 0.0
339 65.38461538461539 0.0
340 76.92307692307692 0.0
341 73.07692307692308 0.0
342 65.38461538461539 0.0
343 69.23076923076923 0.0
344 73.07692307692308 0.0
345 73.07692307692308 0.0
346 69.23076923076923 0.0
347 69.23076923076923 0.0
348 73.07692307692308 0.0
349 76.92307692307692 0.0
350 80.76923076923077 0.0
351 92.3076923076923 0.0
352 61.53846153846154 0.0
353 57.69230769230769 0.0
354 69.23076923076923 0.0
355 69.23076923076923 0.0
356 65.38461538461539 0.0
357 57.69230769230769 0.0
358 50.0 0.0
359 65.38461538461539 0.0
360 61.53846153846154 0.0
361 73.07692307692308 0.0
362 84.61538461538461 0.0
363 69.23076923076923 0.0
364 80.76923076923077 0.0
365 88.46153846153847 0.0
366 76.92307692307692 0.0
367 76.92307692307692 0.0
368 73.07692307692308 0.0
369 76.92307692307692 0.0
370 57.69230769230769 0.0
371 65.38461538461539 0.0
372 73.07692307692308 0.0
373 76.92307692307692 0.0
374 69.23076923076923 0.0
375 69.23076923076923 0.0
376 57.69230769230769 0.0
377 73.07692307692308 0.0
378 92.3076923076923 0.0
379 73.07692307692308 0.0
380 84.61538461538461 0.0
381 84.61538461538461 0.0
382 76.92307692307692 0.0
383 69.23076923076923 0.0
384 69.23076923076923 0.0
385 76.92307692307692 0.0
386 73.07692307692308 0.0
387 73.07692307692308 0.0
388 80.76923076923077 0.0
389 76.92307692307692 0.0
390 61.53846153846154 0.0
391 61.53846153846154 0.0
392 61.53846153846154 0.0
393 61.53846153846154 0.0
394 84.61538461538461 0.0
395 76.92307692307692 0.0
396 92.3076923076923 0.0
397 92.3076923076923 0.0
398 84.61538461538461 0.0
399 84.61538461538461 0.0
400 76.92307692307692 0.0
401 69.23076923076923 0.0
402 61.53846153846154 0.0
403 76.92307692307692 0.0
404 61.53846153846154 0.0
405 76.92307692307692 0.0
406 76.92307692307692 0.0
407 69.23076923076923 0.0
408 73.07692307692308 0.0
409 61.53846153846154 0.0
410 57.69230769230769 0.0
411 69.23076923076923 0.0
412 69.23076923076923 0.0
413 69.23076923076923 0.0
414 76.92307692307692 0.0
415 73.07692307692308 0.0
416 84.61538461538461 0.0
417 80.76923076923077 0.0
418 69.23076923076923 0.0
419 65.38461538461539 0.0
420 50.0 0.0
421 38.46153846153846 0.0
422 53.84615384615385 0.0
423 50.0 0.0
424 65.38461538461539 0.0
425 61.53846153846154 0.0
426 61.53846153846154 0.0
427 73.07692307692308 0.0
428 65.38461538461539 0.0
429 65.38461538461539 0.0
430 76.92307692307692 0.0
431 76.92307692307692 0.0
432 76.92307692307692 0.0
433 61.53846153846154 0.0
434 92.3076923076923 0.0
435 73.07692307692308 0.0
436 65.38461538461539 0.0
437 65.38461538461539 0.0
438 61.53846153846154 0.0
439 53.84615384615385 0.0
440 84.61538461538461 0.0
441 76.92307692307692 0.0
442 84.61538461538461 0.0
443 76.92307692307692 0.0
444 84.61538461538461 0.0
445 84.61538461538461 0.0
446 69.23076923076923 0.0
447 100.0 0.0
448 100.0 0.0
449 53.84615384615385 0.0
450 73.07692307692308 0.0
451 76.92307692307692 0.0
452 84.61538461538461 0.0
453 76.92307692307692 0.0
454 65.38461538461539 0.0
455 92.3076923076923 0.0
456 84.61538461538461 0.0
457 84.61538461538461 0.0
458 76.92307692307692 0.0
459 92.3076923076923 0.0
460 73.07692307692308 0.0
461 80.76923076923077 0.0
462 84.61538461538461 0.0
463 69.23076923076923 0.0
464 69.23076923076923 0.0
465 76.92307692307692 0.0
466 84.61538461538461 0.0
467 73.07692307692308 0.0
468 73.07692307692308 0.0
469 76.92307692307692 0.0
470 84.61538461538461 0.0
471 76.92307692307692 0.0
472 65.38461538461539 0.0
473 65.38461538461539 0.0
474 73.07692307692308 0.0
475 92.3076923076923 0.0
476 76.92307692307692 0.0
477 69.23076923076923 0.0
478 76.92307692307692 0.0
479 88.46153846153847 0.0
480 65.38461538461539 0.0
481 80.76923076923077 0.0
482 65.38461538461539 0.0
483 53.84615384615385 0.0
484 53.84615384615385 0.0
485 65.38461538461539 0.0
486 50.0 0.0
487 61.53846153846154 0.0
488 65.38461538461539 0.0
489 61.53846153846154 0.0
490 57.69230769230769 0.0
491 46.15384615384615 0.0
492 53.84615384615385 0.0
493 46.15384615384615 0.0
494 53.84615384615385 0.0
495 50.0 0.0
496 34.61538461538461 0.0
497 53.84615384615385 0.0
498 65.38461538461539 0.0
499 65.38461538461539 0.0
500 61.53846153846154 0.0
501 65.38461538461539 0.0
502 84.61538461538461 0.0
503 84.61538461538461 0.0
504 69.23076923076923 0.0
505 76.92307692307692 0.0
506 76.92307692307692 0.0
507 73.07692307692308 0.0
508 76.92307692307692 0.0
509 76.92307692307692 0.0
510 76.92307692307692 0.0
511 76.92307692307692 0.0
512 84.61538461538461 0.0
513 80.76923076923077 0.0
514 57.69230769230769 0.0
515 73.07692307692308 0.0
516 73.07692307692308 0.0
517 61.53846153846154 0.0
518 46.15384615384615 0.0
519 46.15384615384615 0.0
520 61.53846153846154 0.0
521 76.92307692307692 0.0
522 76.92307692307692 0.0
523 65.38461538461539 0.0
524 73.07692307692308 0.0
525 76.92307692307692 0.0
526 88.46153846153847 0.0
527 76.92307692307692 0.0
528 76.92307692307692 0.0
529 73.07692307692308 0.0
530 73.07692307692308 0.0
531 88.46153846153847 0.0
532 84.61538461538461 0.0
533 76.92307692307692 0.0
534 84.61538461538461 0.0
535 69.23076923076923 0.0
536 57.69230769230769 0.0
537 76.92307692307692 0.0
538 61.53846153846154 0.0
539 69.23076923076923 0.0
540 76.92307692307692 0.0
541 84.61538461538461 0.0
542 80.76923076923077 0.0
543 84.61538461538461 0.0
544 76.92307692307692 0.0
545 65.38461538461539 0.0
546 65.38461538461539 0.0
547 88.46153846153847 0.0
548 84.61538461538461 0.0
549 80.76923076923077 0.0
550 84.61538461538461 0.0
551 80.76923076923077 0.0
552 65.38461538461539 0.0
553 57.69230769230769 0.0
554 57.69230769230769 0.0
555 57.69230769230769 0.0
556 65.38461538461539 0.0
557 65.38461538461539 0.0
558 65.38461538461539 0.0
559 69.23076923076923 0.0
560 73.07692307692308 0.0
561 73.07692307692308 0.0
562 57.69230769230769 0.0
563 57.69230769230769 0.0
564 57.69230769230769 0.0
565 73.07692307692308 0.0
566 76.92307692307692 0.0
567 65.38461538461539 0.0
568 80.76923076923077 0.0
569 65.38461538461539 0.0
570 76.92307692307692 0.0
571 73.07692307692308 0.0
572 65.38461538461539 0.0
573 69.23076923076923 0.0
574 73.07692307692308 0.0
575 61.53846153846154 0.0
576 46.15384615384615 0.0
577 57.69230769230769 0.0
578 50.0 0.0
579 61.53846153846154 0.0
580 53.84615384615385 0.0
581 76.92307692307692 0.0
582 73.07692307692308 0.0
583 76.92307692307692 0.0
584 84.61538461538461 0.0
585 84.61538461538461 0.0
586 84.61538461538461 0.0
587 76.92307692307692 0.0
588 84.61538461538461 0.0
589 76.92307692307692 0.0
590 61.53846153846154 0.0
591 73.07692307692308 0.0
592 84.61538461538461 0.0
593 69.23076923076923 0.0
594 69.23076923076923 0.0
595 76.92307692307692 0.0
596 92.3076923076923 0.0
597 76.92307692307692 0.0
598 92.3076923076923 0.0
599 84.61538461538461 0.0
600 69.23076923076923 0.0
601 84.61538461538461 0.0
602 69.23076923076923 0.0
603 76.92307692307692 0.0
604 69.23076923076923 0.0
605 69.23076923076923 0.0
606 61.53846153846154 0.0
607 100.0 0.0
608 69.23076923076923 0.0
609 69.23076923076923 0.0
610 92.3076923076923 0.0
611 92.3076923076923 0.0
612 76.92307692307692 0.0
613 73.07692307692308 0.0
614 84.61538461538461 0.0
615 69.23076923076923 0.0
616 76.92307692307692 0.0
617 76.92307692307692 0.0
618 80.76923076923077 0.0
619 61.53846153846154 0.0
620 65.38461538461539 0.0
621 73.07692307692308 0.0
622 53.84615384615385 0.0
623 50.0 0.0
624 53.84615384615385 0.0
625 57.69230769230769 0.0
626 84.61538461538461 0.0
627 84.61538461538461 0.0
628 65.38461538461539 0.0
629 80.76923076923077 0.0
630 73.07692307692308 0.0
631 76.92307692307692 0.0
632 76.92307692307692 0.0
633 88.46153846153847 0.0
634 92.3076923076923 0.0
635 84.61538461538461 0.0
636 65.38461538461539 0.0
637 50.0 0.0
638 61.53846153846154 0.0
639 65.38461538461539 0.0
640 69.23076923076923 0.0
641 84.61538461538461 0.0
642 76.92307692307692 0.0
643 84.61538461538461 0.0
644 76.92307692307692 0.0
645 73.07692307692308 0.0
646 80.76923076923077 0.0
647 65.38461538461539 0.0
648 69.23076923076923 0.0
649 61.53846153846154 0.0
650 65.38461538461539 0.0
651 76.92307692307692 0.0
652 84.61538461538461 0.0
653 84.61538461538461 0.0
654 69.23076923076923 0.0
655 65.38461538461539 0.0
656 57.69230769230769 0.0
657 80.76923076923077 0.0
658 69.23076923076923 0.0
659 69.23076923076923 0.0
660 61.53846153846154 0.0
661 57.69230769230769 0.0
662 84.61538461538461 0.0
663 76.92307692307692 0.0
664 80.76923076923077 0.0
665 65.38461538461539 0.0
666 57.69230769230769 0.0
667 65.38461538461539 0.0
668 65.38461538461539 0.0
669 73.07692307692308 0.0
670 46.15384615384615 0.0
671 61.53846153846154 0.0
672 69.23076923076923 0.0
673 61.53846153846154 0.0
674 76.92307692307692 0.0
675 69.23076923076923 0.0
676 69.23076923076923 0.0
677 84.61538461538461 0.0
678 84.61538461538461 0.0
679 84.61538461538461 0.0
680 84.61538461538461 0.0
681 88.46153846153847 0.0
682 65.38461538461539 0.0
683 92.3076923076923 0.0
684 100.0 0.0
685 84.61538461538461 0.0
686 84.61538461538461 0.0
687 73.07692307692308 0.0
688 88.46153846153847 0.0
689 84.61538461538461 0.0
690 69.23076923076923 0.0
691 65.38461538461539 0.0
692 61.53846153846154 0.0
693 69.23076923076923 0.0
694 65.38461538461539 0.0
695 53.84615384615385 0.0
696 69.23076923076923 0.0
697 69.23076923076923 0.0
698 65.38461538461539 0.0
699 57.69230769230769 0.0
700 84.61538461538461 0.0
701 84.61538461538461 0.0
702 80.76923076923077 0.0
703 73.07692307692308 0.0
704 76.92307692307692 0.0
705 84.61538461538461 0.0
706 84.61538461538461 0.0
707 84.61538461538461 0.0
708 69.23076923076923 0.0
709 65.38461538461539 0.0
710 69.23076923076923 0.0
711 65.38461538461539 0.0
712 46.15384615384615 0.0
713 73.07692307692308 0.0
714 69.23076923076923 0.0
715 69.23076923076923 0.0
716 76.92307692307692 0.0
717 84.61538461538461 0.0
718 88.46153846153847 0.0
719 84.61538461538461 0.0
720 92.3076923076923 0.0
721 76.92307692307692 0.0
722 73.07692307692308 0.0
723 84.61538461538461 0.0
724 76.92307692307692 0.0
725 76.92307692307692 0.0
726 92.3076923076923 0.0
727 92.3076923076923 0.0
728 84.61538461538461 0.0
729 84.61538461538461 0.0
730 69.23076923076923 0.0
731 84.61538461538461 0.0
732 76.92307692307692 0.0
733 84.61538461538461 0.0
734 73.07692307692308 0.0
735 92.3076923076923 0.0
736 84.61538461538461 0.0
737 69.23076923076923 0.0
738 76.92307692307692 0.0
739 69.23076923076923 0.0
740 61.53846153846154 0.0
741 65.38461538461539 0.0
742 50.0 0.0
743 57.69230769230769 0.0
744 65.38461538461539 0.0
745 57.69230769230769 0.0
746 57.69230769230769 0.0
747 61.53846153846154 0.0
748 57.69230769230769 0.0
749 57.69230769230769 0.0
750 42.30769230769231 0.0
751 50.0 0.0
752 53.84615384615385 0.0
753 38.46153846153846 0.0
754 53.84615384615385 0.0
755 38.46153846153846 0.0
756 50.0 0.0
757 61.53846153846154 0.0
758 46.15384615384615 0.0
759 50.0 0.0
760 65.38461538461539 0.0
761 61.53846153846154 0.0
762 69.23076923076923 0.0
763 69.23076923076923 0.0
764 69.23076923076923 0.0
765 73.07692307692308 0.0
766 50.0 0.0
767 61.53846153846154 0.0
768 57.69230769230769 0.0
769 65.38461538461539 0.0
770 73.07692307692308 0.0
771 73.07692307692308 0.0
772 61.53846153846154 0.0
773 65.38461538461539 0.0
774 69.23076923076923 0.0
775 73.07692307692308 0.0
776 84.61538461538461 0.0
777 76.92307692307692 0.0
778 65.38461538461539 0.0
779 73.07692307692308 0.0
780 88.46153846153847 0.0
781 84.61538461538461 0.0
782 53.84615384615385 0.0
783 61.53846153846154 0.0
784 69.23076923076923 0.0
785 53.84615384615385 0.0
786 84.61538461538461 0.0
787 50.0 0.0
788 53.84615384615385 0.0
789 46.15384615384615 0.0
790 53.84615384615385 0.0
791 65.38461538461539 0.0
792 73.07692307692308 0.0
793 73.07692307692308 0.0
794 73.07692307692308 0.0
795 65.38461538461539 0.0
796 73.07692307692308 0.0
797 84.61538461538461 0.0
798 73.07692307692308 0.0
799 73.07692307692308 0.0
800 73.07692307692308 0.0
801 92.3076923076923 0.0
802 92.3076923076923 0.0
803 76.92307692307692 0.0
804 92.3076923076923 0.0
805 84.61538461538461 0.0
806 76.92307692307692 0.0
807 100.0 0.0
808 92.3076923076923 0.0
809 92.3076923076923 0.0
810 92.3076923076923 0.0
811 92.3076923076923 0.0
812 92.3076923076923 0.0
813 73.07692307692308 0.0
814 92.3076923076923 0.0
815 61.53846153846154 0.0
816 61.53846153846154 0.0
817 69.23076923076923 0.0
818 84.61538461538461 0.0
819 69.23076923076923 0.0
820 61.53846153846154 0.0
821 73.07692307692308 0.0
822 57.69230769230769 0.0
823 69.23076923076923 0.0
824 69.23076923076923 0.0
825 69.23076923076923 0.0
826 42.30769230769231 0.0
827 50.0 0.0
828 42.30769230769231 0.0
829 50.0 0.0
830 42.30769230769231 0.0
831 42.30769230769231 0.0
832 61.53846153846154 0.0
833 50.0 0.0
834 61.53846153846154 0.0
835 61.53846153846154 0.0
836 61.53846153846154 0.0
837 80.76923076923077 0.0
838 61.53846153846154 0.0
839 76.92307692307692 0.0
840 69.23076923076923 0.0
841 61.53846153846154 0.0
842 69.23076923076923 0.0
843 53.84615384615385 0.0
844 69.23076923076923 0.0
845 69.23076923076923 0.0
846 69.23076923076923 0.0
847 69.23076923076923 0.0
848 57.69230769230769 0.0
849 50.0 0.0
850 57.69230769230769 0.0
851 65.38461538461539 0.0
852 61.53846153846154 0.0
853 57.69230769230769 0.0
854 65.38461538461539 0.0
855 53.84615384615385 0.0
856 73.07692307692308 0.0
857 57.69230769230769 0.0
858 65.38461538461539 0.0
859 76.92307692307692 0.0
860 69.23076923076923 0.0
861 84.61538461538461 0.0
862 76.92307692307692 0.0
863 61.53846153846154 0.0
864 92.3076923076923 0.0
865 80.76923076923077 0.0
866 92.3076923076923 0.0
867 76.92307692307692 0.0
868 69.23076923076923 0.0
869 69.23076923076923 0.0
870 69.23076923076923 0.0
871 69.23076923076923 0.0
872 80.76923076923077 0.0
873 76.92307692307692 0.0
874 92.3076923076923 0.0
875 92.3076923076923 0.0
876 69.23076923076923 0.0
877 84.61538461538461 0.0
878 73.07692307692308 0.0
879 73.07692307692308 0.0
880 73.07692307692308 0.0
881 88.46153846153847 0.0
882 73.07692307692308 0.0
883 80.76923076923077 0.0
884 80.76923076923077 0.0
885 73.07692307692308 0.0
886 80.76923076923077 0.0
887 73.07692307692308 0.0
888 69.23076923076923 0.0
889 76.92307692307692 0.0
890 65.38461538461539 0.0
891 42.30769230769231 0.0
892 57.69230769230769 0.0
893 65.38461538461539 0.0
894 65.38461538461539 0.0
895 69.23076923076923 0.0
896 61.53846153846154 0.0
897 61.53846153846154 0.0
898 76.92307692307692 0.0
899 61.53846153846154 0.0
900 69.23076923076923 0.0
901 76.92307692307692 0.0
902 84.61538461538461 0.0
903 76.92307692307692 0.0
904 92.3076923076923 0.0
905 100.0 0.0
906 100.0 0.0
907 84.61538461538461 0.0
908 100.0 0.0
909 100.0 0.0
910 92.3076923076923 0.0
911 84.61538461538461 0.0
912 84.61538461538461 0.0
913 84.61538461538461 0.0
914 84.61538461538461 0.0
915 69.23076923076923 0.0
916 100.0 0.0
917 92.3076923076923 0.0
918 76.92307692307692 0.0
919 76.92307692307692 0.0
920 84.61538461538461 0.0
921 76.92307692307692 0.0
922 76.92307692307692 0.0
923 76.92307692307692 0.0
924 84.61538461538461 0.0
925 84.61538461538461 0.0
926 92.3076923076923 0.0
927 100.0 0.0
928 100.0 0.0
929 84.61538461538461 0.0
930 76.92307692307692 0.0
931 92.3076923076923 0.0
932 92.3076923076923 0.0
933 84.61538461538461 0.0
934 84.61538461538461 0.0
935 80.76923076923077 0.0
936 73.07692307692308 0.0
937 69.23076923076923 0.0
938 88.46153846153847 0.0
939 73.07692307692308 0.0
940 76.92307692307692 0.0
941 80.76923076923077 0.0
942 65.38461538461539 0.0
943 57.69230769230769 0.0
944 69.23076923076923 0.0
945 61.53846153846154 0.0
946 69.23076923076923 0.0
947 76.92307692307692 0.0
948 69.23076923076923 0.0
949 69.23076923076923 0.0
950 73.07692307692308 0.0
951 80.76923076923077 0.0
952 69.23076923076923 0.0
953 76.92307692307692 0.0
954 61.53846153846154 0.0
955 73.07692307692308 0.0
956 76.92307692307692 0.0
957 61.53846153846154 0.0
958 65.38461538461539 0.0
959 69.23076923076923 0.0
960 65.38461538461539 0.0
961 65.38461538461539 0.0
962 80.76923076923077 0.0
963 65.38461538461539 0.0
964 50.0 0.0
965 73.07692307692308 0.0
966 76.92307692307692 0.0
967 65.38461538461539 0.0
968 76.92307692307692 0.0
969 65.38461538461539 0.0
970 76.92307692307692 0.0
971 69.23076923076923 0.0
972 69.23076923076923 0.0
973 50.0 0.0
974 69.23076923076923 0.0
975 73.07692307692308 0.0
976 69.23076923076923 0.0
977 73.07692307692308 0.0
978 65.38461538461539 0.0
979 53.84615384615385 0.0
980 57.69230769230769 0.0
981 61.53846153846154 0.0
982 76.92307692307692 0.0
983 76.92307692307692 0.0
984 80.76923076923077 0.0
985 84.61538461538461 0.0
986 84.61538461538461 0.0
987 84.61538461538461 0.0
988 84.61538461538461 0.0
989 80.76923076923077 0.0
990 73.07692307692308 0.0
991 84.61538461538461 0.0
992 80.76923076923077 0.0
993 84.61538461538461 0.0
994 92.3076923076923 0.0
995 69.23076923076923 0.0
996 69.23076923076923 0.0
997 76.92307692307692 0.0
998 65.38461538461539 0.0
999 69.23076923076923 0.0
