#frame monomers_% popc_isolated_%
0 50.0 0.0
1 50.0 0.0
2 69.23076923076923 0.0
3 69.23076923076923 0.0
4 50.0 0.0
5 57.69230769230769 0.0
6 57.69230769230769 0.0
7 50.0 0.0
8 57.69230769230769 0.0
9 61.53846153846154 0.0
10 57.69230769230769 0.0
11 53.84615384615385 0.0
12 69.23076923076923 0.0
13 69.23076923076923 0.0
14 69.23076923076923 0.0
15 73.07692307692308 0.0
16 84.61538461538461 0.0
17 76.92307692307692 0.0
18 69.23076923076923 0.0
19 57.69230769230769 0.0
20 69.23076923076923 0.0
21 69.23076923076923 0.0
22 61.53846153846154 0.0
23 65.38461538461539 0.0
24 65.38461538461539 0.0
25 73.07692307692308 0.0
26 76.92307692307692 0.0
27 84.61538461538461 0.0
28 65.38461538461539 0.0
29 69.23076923076923 0.0
30 57.69230769230769 0.0
31 76.92307692307692 0.0
32 57.69230769230769 0.0
33 61.53846153846154 0.0
34 53.84615384615385 0.0
35 65.38461538461539 0.0
36 73.07692307692308 0.0
37 84.61538461538461 0.0
38 76.92307692307692 0.0
39 76.92307692307692 0.0
40 76.92307692307692 0.0
41 88.46153846153847 0.0
42 80.76923076923077 0.0
43 73.07692307692308 0.0
44 61.53846153846154 0.0
45 61.53846153846154 0.0
46 65.38461538461539 0.0
47 61.53846153846154 0.0
48 76.92307692307692 0.0
49 76.92307692307692 0.0
50 76.92307692307692 0.0
51 73.07692307692308 0.0
52 84.61538461538461 0.0
53 84.61538461538461 0.0
54 92.3076923076923 0.0
55 76.92307692307692 0.0
56 65.38461538461539 0.0
57 61.53846153846154 0.0
58 69.23076923076923 0.0
59 65.38461538461539 0.0
60 73.07692307692308 0.0
61 80.76923076923077 0.0
62 57.69230769230769 0.0
63 84.61538461538461 0.0
64 69.23076923076923 0.0
65 53.84615384615385 0.0
66 61.53846153846154 0.0
67 61.53846153846154 0.0
68 69.23076923076923 0.0
69 57.69230769230769 0.0
70 57.69230769230769 0.0
71 57.69230769230769 0.0
72 73.07692307692308 0.0
73 46.15384615384615 0.0
74 50.0 0.0
75 46.15384615384615 0.0
76 50.0 0.0
77 46.15384615384615 0.0
78 46.15384615384615 0.0
79 46.15384615384615 0.0
80 42.30769230769231 0.0
81 23.076923076923077 0.0
82 46.15384615384615 0.0
83 53.84615384615385 0.0
84 42.30769230769231 0.0
85 53.84615384615385 0.0
86 50.0 0.0
87 57.69230769230769 0.0
88 65.38461538461539 0.0
89 57.69230769230769 0.0
90 65.38461538461539 0.0
91 69.23076923076923 0.0
92 65.38461538461539 0.0
93 73.07692307692308 0.0
94 73.07692307692308 0.0
95 57.69230769230769 0.0
96 57.69230769230769 0.0
97 57.69230769230769 0.0
98 65.38461538461539 0.0
99 65.38461538461539 0.0
100 65.38461538461539 0.0
101 69.23076923076923 0.0
102 50.0 0.0
103 61.53846153846154 0.0
104 57.69230769230769 0.0
105 65.38461538461539 0.0
106 76.92307692307692 0.0
107 73.07692307692308 0.0
108 57.69230769230769 0.0
109 50.0 0.0
110 42.30769230769231 0.0
111 69.23076923076923 0.0
112 69.23076923076923 0.0
113 65.38461538461539 0.0
114 69.23076923076923 0.0
115 69.23076923076923 0.0
116 92.3076923076923 0.0
117 100.0 0.0
118 100.0 0.0
119 92.3076923076923 0.0
120 88.46153846153847 0.0
121 69.23076923076923 0.0
122 61.53846153846154 0.0
123 69.23076923076923 0.0
124 46.15384615384615 0.0
125 46.15384615384615 0.0
126 53.84615384615385 0.0
127 92.3076923076923 0.0
128 69.23076923076923 0.0
129 69.23076923076923 0.0
130 61.53846153846154 0.0
131 53.84615384615385 0.0
132 65.38461538461539 0.0
133 61.53846153846154 0.0
134 76.92307692307692 0.0
135 80.76923076923077 0.0
136 76.92307692307692 0.0
137 69.23076923076923 0.0
138 53.84615384615385 0.0
139 73.07692307692308 0.0
140 80.76923076923077 0.0
141 65.38461538461539 0.0
142 65.38461538461539 0.0
143 76.92307692307692 0.0
144 69.23076923076923 0.0
145 61.53846153846154 0.0
146 73.07692307692308 0.0
147 84.61538461538461 0.0
148 73.07692307692308 0.0
149 65.38461538461539 0.0
150 80.76923076923077 0.0
151 73.07692307692308 0.0
152 84.61538461538461 0.0
153 84.61538461538461 0.0
154 65.38461538461539 0.0
155 61.53846153846154 0.0
156 65.38461538461539 0.0
157 73.07692307692308 0.0
158 65.38461538461539 0.0
159 80.76923076923077 0.0
160 57.69230769230769 0.0
161 53.84615384615385 0.0
162 61.53846153846154 0.0
163 61.53846153846154 0.0
164 65.38461538461539 0.0
165 73.07692307692308 0.0
166 61.53846153846154 0.0
167 65.38461538461539 0.0
168 76.92307692307692 0.0
169 69.23076923076923 0.0
170 57.69230769230769 0.0
171 65.38461538461539 0.0
172 65.38461538461539 0.0
173 61.53846153846154 0.0
174 61.53846153846154 0.0
175 65.38461538461539 0.0
176 69.23076923076923 0.0
177 69.23076923076923 0.0
178 73.07692307692308 0.0
179 69.23076923076923 0.0
180 57.69230769230769 0.0
181 53.84615384615385 0.0
182 65.38461538461539 0.0
183 53.84615384615385 0.0
184 69.23076923076923 0.0
185 65.38461538461539 0.0
186 61.53846153846154 0.0
187 69.23076923076923 0.0
188 76.92307692307692 0.0
189 69.23076923076923 0.0
190 84.61538461538461 0.0
191 69.23076923076923 0.0
192 73.07692307692308 0.0
193 53.84615384615385 0.0
194 80.76923076923077 0.0
195 76.92307692307692 0.0
196 73.07692307692308 0.0
197 65.38461538461539 0.0
198 73.07692307692308 0.0
199 57.69230769230769 0.0
200 53.84615384615385 0.0
201 73.07692307692308 0.0
202 80.76923076923077 0.0
203 84.61538461538461 0.0
204 73.07692307692308 0.0
205 69.23076923076923 0.0
206 73.07692307692308 0.0
207 76.92307692307692 0.0
208 84.61538461538461 0.0
209 84.61538461538461 0.0
210 76.92307692307692 0.0
211 84.61538461538461 0.0
212 76.92307692307692 0.0
213 76.92307692307692 0.0
214 76.92307692307692 0.0
215 84.61538461538461 0.0
216 69.23076923076923 0.0
217 69.23076923076923 0.0
218 76.92307692307692 0.0
219 69.23076923076923 0.0
220 76.92307692307692 0.0
221 76.92307692307692 0.0
222 84.61538461538461 0.0
223 92.3076923076923 0.0
224 84.61538461538461 0.0
225 92.3076923076923 0.0
226 84.61538461538461 0.0
227 76.92307692307692 0.0
228 80.76923076923077 0.0
229 76.92307692307692 0.0
230 73.07692307692308 0.0
231 84.61538461538461 0.0
232 92.3076923076923 0.0
233 73.07692307692308 0.0
234 84.61538461538461 0.0
235 76.92307692307692 0.0
236 84.61538461538461 0.0
237 92.3076923076923 0.0
238 80.76923076923077 0.0
239 84.61538461538461 0.0
240 100.0 0.0
241 84.61538461538461 0.0
242 84.61538461538461 0.0
243 84.61538461538461 0.0
244 76.92307692307692 0.0
245 76.92307692307692 0.0
246 73.07692307692308 0.0
247 76.92307692307692 0.0
248 76.92307692307692 0.0
249 80.76923076923077 0.0
250 73.07692307692308 0.0
251 76.92307692307692 0.0
252 76.92307692307692 0.0
253 73.07692307692308 0.0
254 69.23076923076923 0.0
255 76.92307692307692 0.0
256 61.53846153846154 0.0
257 76.92307692307692 0.0
258 69.23076923076923 0.0
259 53.84615384615385 0.0
260 69.23076923076923 0.0
261 69.23076923076923 0.0
262 84.61538461538461 0.0
263 69.23076923076923 0.0
264 84.61538461538461 0.0
265 53.84615384615385 0.0
266 69.23076923076923 0.0
267 69.23076923076923 0.0
268 61.53846153846154 0.0
269 61.53846153846154 0.0
270 84.61538461538461 0.0
271 92.3076923076923 0.0
272 92.3076923076923 0.0
273 100.0 0.0
274 92.3076923076923 0.0
275 84.61538461538461 0.0
276 84.61538461538461 0.0
277 80.76923076923077 0.0
278 84.61538461538461 0.0
279 76.92307692307692 0.0
280 69.23076923076923 0.0
281 73.07692307692308 0.0
282 84.61538461538461 0.0
283 76.92307692307692 0.0
284 84.61538461538461 0.0
285 69.23076923076923 0.0
286 69.23076923076923 0.0
287 76.92307692307692 0.0
288 69.23076923076923 0.0
289 76.92307692307692 0.0
290 76.92307692307692 0.0
291 92.3076923076923 0.0
292 92.3076923076923 0.0
293 80.76923076923077 0.0
294 76.92307692307692 0.0
295 73.07692307692308 0.0
296 61.53846153846154 0.0
297 88.46153846153847 0.0
298 73.07692307692308 0.0
299 69.23076923076923 0.0
300 69.23076923076923 0.0
301 69.23076923076923 0.0
302 76.92307692307692 0.0
303 92.3076923076923 0.0
304 76.92307692307692 0.0
305 84.61538461538461 0.0
306 84.61538461538461 0.0
307 84.61538461538461 0.0
308 84.61538461538461 0.0
309 84.61538461538461 0.0
310 76.92307692307692 0.0
311 76.92307692307692 0.0
312 92.3076923076923 0.0
313 84.61538461538461 0.0
314 69.23076923076923 0.0
315 76.92307692307692 0.0
316 76.92307692307692 0.0
317 76.92307692307692 0.0
318 76.92307692307692 0.0
319 76.92307692307692 0.0
320 92.3076923076923 0.0
321 84.61538461538461 0.0
322 69.23076923076923 0.0
323 69.23076923076923 0.0
324 69.23076923076923 0.0
325 57.69230769230769 0.0
326 65.38461538461539 0.0
327 46.15384615384615 0.0
328 69.23076923076923 0.0
329 61.53846153846154 0.0
330 76.92307692307692 0.0
331 76.92307692307692 0.0
332 76.92307692307692 0.0
333 69.23076923076923 0.0
334 69.23076923076923 0.0
335 61.53846153846154 0.0
336 84.61538461538461 0.0
337 73.07692307692308 0.0
338 84.61538461538461 0.0
339 76.92307692307692 0.0
340 61.53846153846154 0.0
341 80.76923076923077 0.0
342 69.23076923076923 0.0
343 69.23076923076923 0.0
344 61.53846153846154 0.0
345 69.23076923076923 0.0
346 76.92307692307692 0.0
347 76.92307692307692 0.0
348 80.76923076923077 0.0
349 84.61538461538461 0.0
350 84.61538461538461 0.0
351 84.61538461538461 0.0
352 76.92307692307692 0.0
353 76.92307692307692 0.0
354 76.92307692307692 0.0
355 76.92307692307692 0.0
356 69.23076923076923 0.0
357 84.61538461538461 0.0
358 84.61538461538461 0.0
359 69.23076923076923 0.0
360 76.92307692307692 0.0
361 76.92307692307692 0.0
362 84.61538461538461 0.0
363 76.92307692307692 0.0
364 76.92307692307692 0.0
365 76.92307692307692 0.0
366 84.61538461538461 0.0
367 92.3076923076923 0.0
368 84.61538461538461 0.0
369 61.53846153846154 0.0
370 76.92307692307692 0.0
371 76.92307692307692 0.0
372 69.23076923076923 0.0
373 76.92307692307692 0.0
374 92.3076923076923 0.0
375 69.23076923076923 0.0
376 80.76923076923077 0.0
377 69.23076923076923 0.0
378 69.23076923076923 0.0
379 73.07692307692308 0.0
380 61.53846153846154 0.0
381 73.07692307692308 0.0
382 53.84615384615385 0.0
383 69.23076923076923 0.0
384 53.84615384615385 0.0
385 69.23076923076923 0.0
386 65.38461538461539 0.0
387 65.38461538461539 0.0
388 84.61538461538461 0.0
389 76.92307692307692 0.0
390 80.76923076923077 0.0
391 80.76923076923077 0.0
392 73.07692307692308 0.0
393 73.07692307692308 0.0
394 69.23076923076923 0.0
395 80.76923076923077 0.0
396 80.76923076923077 0.0
397 80.76923076923077 0.0
398 80.76923076923077 0.0
399 76.92307692307692 0.0
400 76.92307692307692 0.0
401 84.61538461538461 0.0
402 76.92307692307692 0.0
403 61.53846153846154 0.0
404 76.92307692307692 0.0
405 92.3076923076923 0.0
406 76.92307692307692 0.0
407 92.3076923076923 0.0
408 100.0 0.0
409 100.0 0.0
410 92.3076923076923 0.0
411 92.3076923076923 0.0
412 65.38461538461539 0.0
413 65.38461538461539 0.0
414 69.23076923076923 0.0
415 76.92307692307692 0.0
416 65.38461538461539 0.0
417 61.53846153846154 0.0
418 57.69230769230769 0.0
419 61.53846153846154 0.0
420 69.23076923076923 0.0
421 84.61538461538461 0.0
422 61.53846153846154 0.0
423 84.61538461538461 0.0
424 92.3076923076923 0.0
425 84.61538461538461 0.0
426 84.61538461538461 0.0
427 73.07692307692308 0.0
428 65.38461538461539 0.0
429 65.38461538461539 0.0
430 65.38461538461539 0.0
431 65.38461538461539 0.0
432 84.61538461538461 0.0
433 69.23076923076923 0.0
434 53.84615384615385 0.0
435 61.53846153846154 0.0
436 57.69230769230769 0.0
437 65.38461538461539 0.0
438 69.23076923076923 0.0
439 84.61538461538461 0.0
440 61.53846153846154 0.0
441 69.23076923076923 0.0
442 76.92307692307692 0.0
443 69.23076923076923 0.0
444 69.23076923076923 0.0
445 84.61538461538461 0.0
446 76.92307692307692 0.0
447 69.23076923076923 0.0
448 76.92307692307692 0.0
449 69.23076923076923 0.0
450 69.23076923076923 0.0
451 76.92307692307692 0.0
452 76.92307692307692 0.0
453 69.23076923076923 0.0
454 50.0 0.0
455 65.38461538461539 0.0
456 61.53846153846154 0.0
457 69.23076923076923 0.0
458 65.38461538461539 0.0
459 57.69230769230769 0.0
460 57.69230769230769 0.0
461 73.07692307692308 0.0
462 65.38461538461539 0.0
463 73.07692307692308 0.0
464 73.07692307692308 0.0
465 76.92307692307692 0.0
466 61.53846153846154 0.0
467 46.15384615384615 0.0
468 76.92307692307692 0.0
469 65.38461538461539 0.0
470 65.38461538461539 0.0
471 80.76923076923077 0.0
472 73.07692307692308 0.0
473 73.07692307692308 0.0
474 80.76923076923077 0.0
475 65.38461538461539 0.0
476 61.53846153846154 0.0
477 69.23076923076923 0.0
478 69.23076923076923 0.0
479 76.92307692307692 0.0
480 84.61538461538461 0.0
481 76.92307692307692 0.0
482 76.92307692307692 0.0
483 69.23076923076923 0.0
484 69.23076923076923 0.0
485 73.07692307692308 0.0
486 73.07692307692308 0.0
487 80.76923076923077 0.0
488 73.07692307692308 0.0
489 69.23076923076923 0.0
490 65.38461538461539 0.0
491 61.53846153846154 0.0
492 61.53846153846154 0.0
493 61.53846153846154 0.0
494 65.38461538461539 0.0
495 92.3076923076923 0.0
496 92.3076923076923 0.0
497 84.61538461538461 0.0
498 84.61538461538461 0.0
499 61.53846153846154 0.0
500 69.23076923076923 0.0
501 46.15384615384615 0.0
502 84.61538461538461 0.0
503 73.07692307692308 0.0
504 73.07692307692308 0.0
505 73.07692307692308 0.0
506 69.23076923076923 0.0
507 84.61538461538461 0.0
508 84.61538461538461 0.0
509 76.92307692307692 0.0
510 84.61538461538461 0.0
511 84.61538461538461 0.0
512 84.61538461538461 0.0
513 84.61538461538461 0.0
514 69.23076923076923 0.0
515 76.92307692307692 0.0
516 84.61538461538461 0.0
517 80.76923076923077 0.0
518 84.61538461538461 0.0
519 69.23076923076923 0.0
520 69.23076923076923 0.0
521 69.23076923076923 0.0
522 65.38461538461539 0.0
523 84.61538461538461 0.0
524 76.92307692307692 0.0
525 57.69230769230769 0.0
526 69.23076923076923 0.0
527 57.69230769230769 0.0
528 65.38461538461539 0.0
529 76.92307692307692 0.0
530 61.53846153846154 0.0
531 69.23076923076923 0.0
532 69.23076923076923 0.0
533 73.07692307692308 0.0
534 76.92307692307692 0.0
535 69.23076923076923 0.0
536 76.92307692307692 0.0
537 84.61538461538461 0.0
538 80.76923076923077 0.0
539 73.07692307692308 0.0
540 84.61538461538461 0.0
541 84.61538461538461 0.0
542 84.61538461538461 0.0
543 76.92307692307692 0.0
544 73.07692307692308 0.0
545 69.23076923076923 0.0
546 61.53846153846154 0.0
547 80.76923076923077 0.0
548 88.46153846153847 0.0
549 92.3076923076923 0.0
550 92.3076923076923 0.0
551 92.3076923076923 0.0
552 80.76923076923077 0.0
553 65.38461538461539 0.0
554 65.38461538461539 0.0
555 69.23076923076923 0.0
556 84.61538461538461 0.0
557 76.92307692307692 0.0
558 69.23076923076923 0.0
559 76.92307692307692 0.0
560 76.92307692307692 0.0
561 69.23076923076923 0.0
562 61.53846153846154 0.0
563 73.07692307692308 0.0
564 57.69230769230769 0.0
565 57.69230769230769 0.0
566 69.23076923076923 0.0
567 73.07692307692308 0.0
568 92.3076923076923 0.0
569 65.38461538461539 0.0
570 76.92307692307692 0.0
571 61.53846153846154 0.0
572 57.69230769230769 0.0
573 65.38461538461539 0.0
574 57.69230769230769 0.0
575 57.69230769230769 0.0
576 57.69230769230769 0.0
577 88.46153846153847 0.0
578 80.76923076923077 0.0
579 92.3076923076923 0.0
580 73.07692307692308 0.0
581 65.38461538461539 0.0
582 80.76923076923077 0.0
583 61.53846153846154 0.0
584 65.38461538461539 0.0
585 57.69230769230769 0.0
586 53.84615384615385 0.0
587 46.15384615384615 0.0
588 80.76923076923077 0.0
589 73.07692307692308 0.0
590 57.69230769230769 0.0
591 65.38461538461539 0.0
592 46.15384615384615 0.0
593 53.84615384615385 0.0
594 61.53846153846154 0.0
595 73.07692307692308 0.0
596 73.07692307692308 0.0
597 57.69230769230769 0.0
598 57.69230769230769 0.0
599 57.69230769230769 0.0
600 76.92307692307692 0.0
601 65.38461538461539 0.0
602 84.61538461538461 0.0
603 88.46153846153847 0.0
604 80.76923076923077 0.0
605 88.46153846153847 0.0
606 92.3076923076923 0.0
607 84.61538461538461 0.0
608 84.61538461538461 0.0
609 76.92307692307692 0.0
610 76.92307692307692 0.0
611 65.38461538461539 0.0
612 65.38461538461539 0.0
613 65.38461538461539 0.0
614 69.23076923076923 0.0
615 53.84615384615385 0.0
616 65.38461538461539 0.0
617 65.38461538461539 0.0
618 57.69230769230769 0.0
619 61.53846153846154 0.0
620 61.53846153846154 0.0
621 57.69230769230769 0.0
622 57.69230769230769 0.0
623 73.07692307692308 0.0
624 73.07692307692308 0.0
625 76.92307692307692 0.0
626 57.69230769230769 0.0
627 80.76923076923077 0.0
628 80.76923076923077 0.0
629 80.76923076923077 0.0
630 80.76923076923077 0.0
631 73.07692307692308 0.0
632 76.92307692307692 0.0
633 84.61538461538461 0.0
634 76.92307692307692 0.0
635 57.69230769230769 0.0
636 50.0 0.0
637 61.53846153846154 0.0
638 73.07692307692308 0.0
639 73.07692307692308 0.0
640 76.92307692307692 0.0
641 80.76923076923077 0.0
642 73.07692307692308 0.0
643 65.38461538461539 0.0
644 80.76923076923077 0.0
645 65.38461538461539 0.0
646 61.53846153846154 0.0
647 73.07692307692308 0.0
648 84.61538461538461 0.0
649 92.3076923076923 0.0
650 73.07692307692308 0.0
651 69.23076923076923 0.0
652 76.92307692307692 0.0
653 69.23076923076923 0.0
654 69.23076923076923 0.0
655 69.23076923076923 0.0
656 69.23076923076923 0.0
657 84.61538461538461 0.0
658 76.92307692307692 0.0
659 84.61538461538461 0.0
660 73.07692307692308 0.0
661 84.61538461538461 0.0
662 76.92307692307692 0.0
663 76.92307692307692 0.0
664 76.92307692307692 0.0
665 76.92307692307692 0.0
666 92.3076923076923 0.0
667 84.61538461538461 0.0
668 84.61538461538461 0.0
669 69.23076923076923 0.0
670 69.23076923076923 0.0
671 61.53846153846154 0.0
672 84.61538461538461 0.0
673 69.23076923076923 0.0
674 84.61538461538461 0.0
675 84.61538461538461 0.0
676 76.92307692307692 0.0
677 69.23076923076923 0.0
678 84.61538461538461 0.0
679 76.92307692307692 0.0
680 76.92307692307692 0.0
681 84.61538461538461 0.0
682 61.53846153846154 0.0
683 57.69230769230769 0.0
684 61.53846153846154 0.0
685 57.69230769230769 0.0
686 65.38461538461539 0.0
687 57.69230769230769 0.0
688 46.15384615384615 0.0
689 46.15384615384615 0.0
690 57.69230769230769 0.0
691 50.0 0.0
692 42.30769230769231 0.0
693 57.69230769230769 0.0
694 61.53846153846154 0.0
695 76.92307692307692 0.0
696 69.23076923076923 0.0
697 61.53846153846154 0.0
698 61.53846153846154 0.0
699 69.23076923076923 0.0
700 50.0 0.0
701 53.84615384615385 0.0
702 42.30769230769231 0.0
703 53.84615384615385 0.0
704 69.23076923076923 0.0
705 50.0 0.0
706 69.23076923076923 0.0
707 61.53846153846154 0.0
708 76.92307692307692 0.0
709 69.23076923076923 0.0
710 84.61538461538461 0.0
711 84.61538461538461 0.0
712 84.61538461538461 0.0
713 92.3076923076923 0.0
714 76.92307692307692 0.0
715 76.92307692307692 0.0
716 65.38461538461539 0.0
717 73.07692307692308 0.0
718 84.61538461538461 0.0
719 76.92307692307692 0.0
720 84.61538461538461 0.0
721 65.38461538461539 0.0
722 65.38461538461539 0.0
723 61.53846153846154 0.0
724 69.23076923076923 0.0
725 69.23076923076923 0.0
726 73.07692307692308 0.0
727 65.38461538461539 0.0
728 84.61538461538461 0.0
729 76.92307692307692 0.0
730 69.23076923076923 0.0
731 80.76923076923077 0.0
732 80.76923076923077 0.0
733 84.61538461538461 0.0
734 76.92307692307692 0.0
735 80.76923076923077 0.0
736 92.3076923076923 0.0
737 100.0 0.0
738 84.61538461538461 0.0
739 73.07692307692308 0.0
740 73.07692307692308 0.0
741 57.69230769230769 0.0
742 50.0 0.0
743 65.38461538461539 0.0
744 65.38461538461539 0.0
745 76.92307692307692 0.0
746 80.76923076923077 0.0
747 73.07692307692308 0.0
748 69.23076923076923 0.0
749 73.07692307692308 0.0
750 69.23076923076923 0.0
751 69.23076923076923 0.0
752 73.07692307692308 0.0
753 76.92307692307692 0.0
754 73.07692307692308 0.0
755 84.61538461538461 0.0
756 76.92307692307692 0.0
757 88.46153846153847 0.0
758 80.76923076923077 0.0
759 88.46153846153847 0.0
760 73.07692307692308 0.0
761 73.07692307692308 0.0
762 76.92307692307692 0.0
763 65.38461538461539 0.0
764 84.61538461538461 0.0
765 84.61538461538461 0.0
766 92.3076923076923 0.0
767 84.61538461538461 0.0
768 92.3076923076923 0.0
769 84.61538461538461 0.0
770 92.3076923076923 0.0
771 92.3076923076923 0.0
772 84.61538461538461 0.0
773 76.92307692307692 0.0
774 92.3076923076923 0.0
775 69.23076923076923 0.0
776 84.61538461538461 0.0
777 92.3076923076923 0.0
778 100.0 0.0
779 84.61538461538461 0.0
780 69.23076923076923 0.0
781 84.61538461538461 0.0
782 69.23076923076923 0.0
783 84.61538461538461 0.0
784 76.92307692307692 0.0
785 65.38461538461539 0.0
786 65.38461538461539 0.0
787 76.92307692307692 0.0
788 73.07692307692308 0.0
789 73.07692307692308 0.0
790 61.53846153846154 0.0
791 73.07692307692308 0.0
792 76.92307692307692 0.0
793 84.61538461538461 0.0
794 84.61538461538461 0.0
795 73.07692307692308 0.0
796 80.76923076923077 0.0
797 65.38461538461539 0.0
798 69.23076923076923 0.0
799 61.53846153846154 0.0
800 57.69230769230769 0.0
801 61.53846153846154 0.0
802 80.76923076923077 0.0
803 88.46153846153847 0.0
804 84.61538461538461 0.0
805 76.92307692307692 0.0
806 73.07692307692308 0.0
807 65.38461538461539 0.0
808 69.23076923076923 0.0
809 76.92307692307692 0.0
810 73.07692307692308 0.0
811 88.46153846153847 0.0
812 84.61538461538461 0.0
813 80.76923076923077 0.0
814 61.53846153846154 0.0
815 73.07692307692308 0.0
816 65.38461538461539 0.0
817 69.23076923076923 0.0
818 80.76923076923077 0.0
819 69.23076923076923 0.0
820 84.61538461538461 0.0
821 92.3076923076923 0.0
822 88.46153846153847 0.0
823 88.46153846153847 0.0
824 69.23076923076923 0.0
825 69.23076923076923 0.0
826 84.61538461538461 0.0
827 65.38461538461539 0.0
828 69.23076923076923 0.0
829 69.23076923076923 0.0
830 80.76923076923077 0.0
831 80.76923076923077 0.0
832 76.92307692307692 0.0
833 73.07692307692308 0.0
834 88.46153846153847 0.0
835 57.69230769230769 0.0
836 80.76923076923077 0.0
837 84.61538461538461 0.0
838 80.76923076923077 0.0
839 80.76923076923077 0.0
840 76.92307692307692 0.0
841 73.07692307692308 0.0
842 73.07692307692308 0.0
843 73.07692307692308 0.0
844 61.53846153846154 0.0
845 69.23076923076923 0.0
846 76.92307692307692 0.0
847 73.07692307692308 0.0
848 73.07692307692308 0.0
849 76.92307692307692 0.0
850 84.61538461538461 0.0
851 84.61538461538461 0.0
852 84.61538461538461 0.0
853 92.3076923076923 0.0
854 84.61538461538461 0.0
855 84.61538461538461 0.0
856 80.76923076923077 0.0
857 84.61538461538461 0.0
858 80.76923076923077 0.0
859 73.07692307692308 0.0
860 73.07692307692308 0.0
861 69.23076923076923 0.0
862 73.07692307692308 0.0
863 73.07692307692308 0.0
864 61.53846153846154 0.0
865 61.53846153846154 0.0
866 65.38461538461539 0.0
867 73.07692307692308 0.0
868 69.23076923076923 0.0
869 65.38461538461539 0.0
870 69.23076923076923 0.0
871 61.53846153846154 0.0
872 76.92307692307692 0.0
873 57.69230769230769 0.0
874 65.38461538461539 0.0
875 50.0 0.0
876 42.30769230769231 0.0
877 57.69230769230769 0.0
878 61.53846153846154 0.0
879 65.38461538461539 0.0
880 50.0 0.0
881 61.53846153846154 0.0
882 69.23076923076923 0.0
883 61.53846153846154 0.0
884 53.84615384615385 0.0
885 69.23076923076923 0.0
886 73.07692307692308 0.0
887 80.76923076923077 0.0
888 65.38461538461539 0.0
889 57.69230769230769 0.0
890 76.92307692307692 0.0
891 80.76923076923077 0.0
892 73.07692307692308 0.0
893 61.53846153846154 0.0
894 73.07692307692308 0.0
895 69.23076923076923 0.0
896 61.53846153846154 0.0
897 61.53846153846154 0.0
898 76.92307692307692 0.0
899 73.07692307692308 0.0
900 61.53846153846154 0.0
901 57.69230769230769 0.0
902 65.38461538461539 0.0
903 84.61538461538461 0.0
904 73.07692307692308 0.0
905 76.92307692307692 0.0
906 65.38461538461539 0.0
907 80.76923076923077 0.0
908 92.3076923076923 0.0
909 69.23076923076923 0.0
910 69.23076923076923 0.0
911 76.92307692307692 0.0
912 69.23076923076923 0.0
913 84.61538461538461 0.0
914 84.61538461538461 0.0
915 92.3076923076923 0.0
916 84.61538461538461 0.0
917 100.0 0.0
918 92.3076923076923 0.0
919 69.23076923076923 0.0
920 69.23076923076923 0.0
921 76.92307692307692 0.0
922 76.92307692307692 0.0
923 100.0 0.0
924 92.3076923076923 0.0
925 92.3076923076923 0.0
926 92.3076923076923 0.0
927 100.0 0.0
928 84.61538461538461 0.0
929 92.3076923076923 0.0
930 92.3076923076923 0.0
931 92.3076923076923 0.0
932 88.46153846153847 0.0
933 80.76923076923077 0.0
934 92.3076923076923 0.0
935 84.61538461538461 0.0
936 80.76923076923077 0.0
937 76.92307692307692 0.0
938 73.07692307692308 0.0
939 69.23076923076923 0.0
940 92.3076923076923 0.0
941 69.23076923076923 0.0
942 76.92307692307692 0.0
943 73.07692307692308 0.0
944 73.07692307692308 0.0
945 76.92307692307692 0.0
946 69.23076923076923 0.0
947 61.53846153846154 0.0
948 61.53846153846154 0.0
949 73.07692307692308 0.0
950 69.23076923076923 0.0
951 69.23076923076923 0.0
952 65.38461538461539 0.0
953 50.0 0.0
954 61.53846153846154 0.0
955 65.38461538461539 0.0
956 50.0 0.0
957 53.84615384615385 0.0
958 69.23076923076923 0.0
959 69.23076923076923 0.0
960 57.69230769230769 0.0
961 84.61538461538461 0.0
962 65.38461538461539 0.0
963 69.23076923076923 0.0
964 84.61538461538461 0.0
965 76.92307692307692 0.0
966 76.92307692307692 0.0
967 69.23076923076923 0.0
968 76.92307692307692 0.0
969 92.3076923076923 0.0
970 100.0 0.0
971 84.61538461538461 0.0
972 65.38461538461539 0.0
973 76.92307692307692 0.0
974 61.53846153846154 0.0
975 65.38461538461539 0.0
976 65.38461538461539 0.0
977 61.53846153846154 0.0
978 65.38461538461539 0.0
979 73.07692307692308 0.0
980 65.38461538461539 0.0
981 73.07692307692308 0.0
982 61.53846153846154 0.0
983 61.53846153846154 0.0
984 73.07692307692308 0.0
985 92.3076923076923 0.0
986 84.61538461538461 0.0
987 76.92307692307692 0.0
988 61.53846153846154 0.0
989 65.38461538461539 0.0
990 80.76923076923077 0.0
991 69.23076923076923 0.0
992 69.23076923076923 0.0
993 69.23076923076923 0.0
994 61.53846153846154 0.0
995 61.53846153846154 0.0
996 69.23076923076923 0.0
997 69.23076923076923 0.0
998 76.92307692307692 0.0
999 69.23076923076923 0.0
