#resid average_duration max_duration persistent_contacts
1 2.3333333333333335 3 3
10 4.15 15 60
11 4.913043478260869 19 46
12 4.505154639175258 17 97
13 4.43859649122807 14 57
14 4.7 19 70
15 5.071428571428571 14 42
16 4.3061224489795915 16 49
17 4.065217391304348 22 46
18 5.469387755102041 19 49
19 4.411764705882353 16 34
2 4.428571428571429 21 42
20 4.390243902439025 15 82
21 4.294117647058823 16 51
22 3.7735849056603774 14 53
23 3.8448275862068964 14 58
24 4.807017543859649 22 57
25 4.46969696969697 14 66
26 4.775862068965517 18 58
3 4.0576923076923075 14 52
4 4.594202898550725 18 69
5 7.0 15 3
6 4.950819672131147 18 61
7 4.348837209302325 21 43
8 4.367088607594937 16 79
9 4.714285714285714 17 77
#TOTAL_CONTACTS 3818 for 1000 frames
