#resid average_duration max_duration persistent_contacts
1 4.888888888888889 17 45
10 4.7846153846153845 18 65
11 3.640625 14 64
12 4.955882352941177 14 68
13 4.4655172413793105 13 58
14 4.235294117647059 17 68
15 4.650793650793651 23 63
16 5.014925373134329 18 67
17 3.838709677419355 13 62
18 4.857142857142857 17 49
19 4.645161290322581 22 93
2 4.133333333333334 25 75
20 5.723404255319149 28 47
21 5.0 23 38
22 4.647058823529412 28 51
23 4.466666666666667 14 45
24 4.3 14 50
25 4.645161290322581 14 62
26 5.365853658536586 28 41
3 4.176470588235294 28 51
4 3.9285714285714284 17 56
5 4.896551724137931 23 87
6 4.204545454545454 13 88
7 4.920634920634921 16 63
8 5.1521739130434785 25 92
9 4.533333333333333 23 60
#TOTAL_CONTACTS 4561 for 1000 frames
