#resid average_duration max_duration persistent_contacts
1 4.867924528301887 20 53
10 5.045454545454546 23 66
11 4.534883720930233 14 43
12 4.875 21 48
13 5.1063829787234045 15 47
14 5.684210526315789 24 38
15 7.2272727272727275 53 22
16 19.53846153846154 141 13
17 4.279411764705882 14 68
18 5.576923076923077 53 52
19 6.951612903225806 141 62
2 4.181818181818182 20 22
20 4.0 18 49
21 4.25 18 72
22 3.5588235294117645 15 34
23 4.703703703703703 13 54
24 4.631578947368421 16 57
25 4.838709677419355 18 62
26 5.142857142857143 19 35
3 3.8732394366197185 18 71
4 4.6455696202531644 21 79
5 4.7272727272727275 14 44
6 5.125 22 40
7 4.151515151515151 13 66
8 5.082191780821918 23 73
9 4.542857142857143 24 70
#TOTAL_CONTACTS 3969 for 1000 frames
