#resid average_duration max_duration persistent_contacts
1 5.234375 39 64
10 17.0 211 34
11 5.622222222222222 51 45
12 5.682539682539683 31 63
13 5.402597402597403 39 77
14 4.936507936507937 25 63
15 3.8666666666666667 16 45
16 3.8904109589041096 16 73
17 4.6835443037974684 25 79
18 4.723076923076923 22 65
19 27.842105263157894 211 19
2 5.0 14 67
20 5.0588235294117645 25 68
21 4.818181818181818 25 55
22 5.547169811320755 20 53
23 4.774193548387097 20 62
24 5.35 31 20
25 4.703703703703703 17 81
26 4.689655172413793 25 58
3 7.233333333333333 65 30
4 4.583333333333333 16 60
5 5.523809523809524 25 42
6 11.0 51 6
7 4.4411764705882355 22 68
8 6.324324324324325 65 37
9 5.46875 21 32
#TOTAL_CONTACTS 4511 for 1000 frames
