#resid average_duration max_duration persistent_contacts
1 4.04029304029304 71 273
10 3.770609318996416 16 279
11 3.744744744744745 19 333
12 3.7065637065637067 42 259
13 3.5533980582524274 14 206
14 4.865771812080537 145 298
15 3.7259475218658893 17 343
16 3.68944099378882 15 322
17 3.6347305389221556 14 334
18 3.3517915309446256 13 307
19 3.421768707482993 23 294
2 3.6026490066225167 13 302
20 3.7914691943127963 16 211
21 3.6683417085427137 16 199
22 3.696864111498258 23 287
23 3.5440251572327046 14 318
24 3.6036585365853657 16 328
25 3.5684931506849313 15 292
26 3.5575757575757576 21 330
3 4.19205298013245 71 302
4 3.9797979797979797 16 198
5 3.788732394366197 23 284
6 4.676567656765677 145 303
7 3.7875 32 240
8 3.574750830564784 16 301
9 3.6666666666666665 23 351
#TOTAL_CONTACTS 17740 for 10100 frames
