#frame monomers_% popc_isolated_%
0 84.61538461538461 0.0
1 84.61538461538461 0.0
2 69.23076923076923 0.0
3 76.92307692307692 0.0
4 53.84615384615385 0.0
5 46.15384615384615 0.0
6 53.84615384615385 0.0
7 46.15384615384615 0.0
8 42.30769230769231 0.0
9 65.38461538461539 0.0
10 57.69230769230769 0.0
11 42.30769230769231 0.0
12 53.84615384615385 0.0
13 69.23076923076923 0.0
14 53.84615384615385 0.0
15 57.69230769230769 0.0
16 53.84615384615385 0.0
17 69.23076923076923 0.0
18 46.15384615384615 0.0
19 61.53846153846154 0.0
20 76.92307692307692 0.0
21 69.23076923076923 0.0
22 61.53846153846154 0.0
23 53.84615384615385 0.0
24 61.53846153846154 0.0
25 69.23076923076923 0.0
26 76.92307692307692 0.0
27 84.61538461538461 0.0
28 53.84615384615385 0.0
29 84.61538461538461 0.0
30 65.38461538461539 0.0
31 92.3076923076923 0.0
32 76.92307692307692 0.0
33 53.84615384615385 0.0
34 53.84615384615385 0.0
35 53.84615384615385 0.0
36 73.07692307692308 0.0
37 76.92307692307692 0.0
38 69.23076923076923 0.0
39 73.07692307692308 0.0
40 57.69230769230769 0.0
41 73.07692307692308 0.0
42 50.0 0.0
43 61.53846153846154 0.0
44 84.61538461538461 0.0
45 57.69230769230769 0.0
46 50.0 0.0
47 57.69230769230769 0.0
48 76.92307692307692 0.0
49 76.92307692307692 0.0
50 76.92307692307692 0.0
51 92.3076923076923 0.0
52 84.61538461538461 0.0
53 88.46153846153847 0.0
54 73.07692307692308 0.0
55 84.61538461538461 0.0
56 69.23076923076923 0.0
57 84.61538461538461 0.0
58 92.3076923076923 0.0
59 92.3076923076923 0.0
60 76.92307692307692 0.0
61 57.69230769230769 0.0
62 65.38461538461539 0.0
63 65.38461538461539 0.0
64 65.38461538461539 0.0
65 61.53846153846154 0.0
66 61.53846153846154 0.0
67 57.69230769230769 0.0
68 57.69230769230769 0.0
69 61.53846153846154 0.0
70 46.15384615384615 0.0
71 53.84615384615385 0.0
72 46.15384615384615 0.0
73 61.53846153846154 0.0
74 61.53846153846154 0.0
75 50.0 0.0
76 65.38461538461539 0.0
77 46.15384615384615 0.0
78 57.69230769230769 0.0
79 61.53846153846154 0.0
80 69.23076923076923 0.0
81 50.0 0.0
82 42.30769230769231 0.0
83 50.0 0.0
84 46.15384615384615 0.0
85 65.38461538461539 0.0
86 65.38461538461539 0.0
87 50.0 0.0
88 65.38461538461539 0.0
89 42.30769230769231 0.0
90 65.38461538461539 0.0
91 50.0 0.0
92 76.92307692307692 0.0
93 84.61538461538461 0.0
94 61.53846153846154 0.0
95 69.23076923076923 0.0
96 69.23076923076923 0.0
97 65.38461538461539 0.0
98 65.38461538461539 0.0
99 80.76923076923077 0.0
100 73.07692307692308 0.0
101 65.38461538461539 0.0
102 76.92307692307692 0.0
103 84.61538461538461 0.0
104 61.53846153846154 0.0
105 65.38461538461539 0.0
106 76.92307692307692 0.0
107 84.61538461538461 0.0
108 84.61538461538461 0.0
109 69.23076923076923 0.0
110 61.53846153846154 0.0
111 53.84615384615385 0.0
112 53.84615384615385 0.0
113 69.23076923076923 0.0
114 92.3076923076923 0.0
115 69.23076923076923 0.0
116 69.23076923076923 0.0
117 53.84615384615385 0.0
118 61.53846153846154 0.0
119 76.92307692307692 0.0
120 69.23076923076923 0.0
121 73.07692307692308 0.0
122 76.92307692307692 0.0
123 76.92307692307692 0.0
124 80.76923076923077 0.0
125 80.76923076923077 0.0
126 80.76923076923077 0.0
127 80.76923076923077 0.0
128 92.3076923076923 0.0
129 84.61538461538461 0.0
130 84.61538461538461 0.0
131 61.53846153846154 0.0
132 92.3076923076923 0.0
133 69.23076923076923 0.0
134 84.61538461538461 0.0
135 76.92307692307692 0.0
136 80.76923076923077 0.0
137 80.76923076923077 0.0
138 84.61538461538461 0.0
139 73.07692307692308 0.0
140 88.46153846153847 0.0
141 65.38461538461539 0.0
142 76.92307692307692 0.0
143 76.92307692307692 0.0
144 69.23076923076923 0.0
145 69.23076923076923 0.0
146 73.07692307692308 0.0
147 69.23076923076923 0.0
148 65.38461538461539 0.0
149 65.38461538461539 0.0
150 76.92307692307692 0.0
151 65.38461538461539 0.0
152 76.92307692307692 0.0
153 69.23076923076923 0.0
154 76.92307692307692 0.0
155 76.92307692307692 0.0
156 61.53846153846154 0.0
157 50.0 0.0
158 57.69230769230769 0.0
159 69.23076923076923 0.0
160 69.23076923076923 0.0
161 76.92307692307692 0.0
162 73.07692307692308 0.0
163 61.53846153846154 0.0
164 61.53846153846154 0.0
165 65.38461538461539 0.0
166 65.38461538461539 0.0
167 53.84615384615385 0.0
168 84.61538461538461 0.0
169 65.38461538461539 0.0
170 73.07692307692308 0.0
171 88.46153846153847 0.0
172 84.61538461538461 0.0
173 76.92307692307692 0.0
174 84.61538461538461 0.0
175 69.23076923076923 0.0
176 84.61538461538461 0.0
177 69.23076923076923 0.0
178 80.76923076923077 0.0
179 73.07692307692308 0.0
180 69.23076923076923 0.0
181 69.23076923076923 0.0
182 65.38461538461539 0.0
183 76.92307692307692 0.0
184 76.92307692307692 0.0
185 80.76923076923077 0.0
186 84.61538461538461 0.0
187 76.92307692307692 0.0
188 65.38461538461539 0.0
189 80.76923076923077 0.0
190 69.23076923076923 0.0
191 65.38461538461539 0.0
192 65.38461538461539 0.0
193 73.07692307692308 0.0
194 69.23076923076923 0.0
195 65.38461538461539 0.0
196 73.07692307692308 0.0
197 57.69230769230769 0.0
198 53.84615384615385 0.0
199 65.38461538461539 0.0
200 65.38461538461539 0.0
201 73.07692307692308 0.0
202 84.61538461538461 0.0
203 65.38461538461539 0.0
204 73.07692307692308 0.0
205 73.07692307692308 0.0
206 80.76923076923077 0.0
207 73.07692307692308 0.0
208 80.76923076923077 0.0
209 84.61538461538461 0.0
210 65.38461538461539 0.0
211 69.23076923076923 0.0
212 65.38461538461539 0.0
213 69.23076923076923 0.0
214 84.61538461538461 0.0
215 76.92307692307692 0.0
216 76.92307692307692 0.0
217 76.92307692307692 0.0
218 84.61538461538461 0.0
219 73.07692307692308 0.0
220 76.92307692307692 0.0
221 69.23076923076923 0.0
222 69.23076923076923 0.0
223 69.23076923076923 0.0
224 61.53846153846154 0.0
225 57.69230769230769 0.0
226 65.38461538461539 0.0
227 84.61538461538461 0.0
228 65.38461538461539 0.0
229 69.23076923076923 0.0
230 84.61538461538461 0.0
231 69.23076923076923 0.0
232 46.15384615384615 0.0
233 61.53846153846154 0.0
234 65.38461538461539 0.0
235 76.92307692307692 0.0
236 69.23076923076923 0.0
237 53.84615384615385 0.0
238 65.38461538461539 0.0
239 61.53846153846154 0.0
240 53.84615384615385 0.0
241 57.69230769230769 0.0
242 84.61538461538461 0.0
243 69.23076923076923 0.0
244 50.0 0.0
245 50.0 0.0
246 53.84615384615385 0.0
247 61.53846153846154 0.0
248 57.69230769230769 0.0
249 61.53846153846154 0.0
250 73.07692307692308 0.0
251 69.23076923076923 0.0
252 53.84615384615385 0.0
253 65.38461538461539 0.0
254 57.69230769230769 0.0
255 46.15384615384615 0.0
256 46.15384615384615 0.0
257 61.53846153846154 0.0
258 53.84615384615385 0.0
259 61.53846153846154 0.0
260 69.23076923076923 0.0
261 65.38461538461539 0.0
262 69.23076923076923 0.0
263 73.07692307692308 0.0
264 69.23076923076923 0.0
265 69.23076923076923 0.0
266 61.53846153846154 0.0
267 76.92307692307692 0.0
268 69.23076923076923 0.0
269 84.61538461538461 0.0
270 84.61538461538461 0.0
271 92.3076923076923 0.0
272 92.3076923076923 0.0
273 76.92307692307692 0.0
274 100.0 0.0
275 100.0 0.0
276 92.3076923076923 0.0
277 76.92307692307692 0.0
278 73.07692307692308 0.0
279 69.23076923076923 0.0
280 65.38461538461539 0.0
281 88.46153846153847 0.0
282 76.92307692307692 0.0
283 76.92307692307692 0.0
284 65.38461538461539 0.0
285 73.07692307692308 0.0
286 73.07692307692308 0.0
287 80.76923076923077 0.0
288 76.92307692307692 0.0
289 76.92307692307692 0.0
290 65.38461538461539 0.0
291 65.38461538461539 0.0
292 69.23076923076923 0.0
293 69.23076923076923 0.0
294 65.38461538461539 0.0
295 61.53846153846154 0.0
296 65.38461538461539 0.0
297 73.07692307692308 0.0
298 61.53846153846154 0.0
299 73.07692307692308 0.0
300 76.92307692307692 0.0
301 80.76923076923077 0.0
302 80.76923076923077 0.0
303 84.61538461538461 0.0
304 76.92307692307692 0.0
305 69.23076923076923 0.0
306 61.53846153846154 0.0
307 84.61538461538461 0.0
308 100.0 0.0
309 84.61538461538461 0.0
310 76.92307692307692 0.0
311 80.76923076923077 0.0
312 80.76923076923077 0.0
313 92.3076923076923 0.0
314 73.07692307692308 0.0
315 84.61538461538461 0.0
316 57.69230769230769 0.0
317 84.61538461538461 0.0
318 76.92307692307692 0.0
319 80.76923076923077 0.0
320 80.76923076923077 0.0
321 92.3076923076923 0.0
322 76.92307692307692 0.0
323 73.07692307692308 0.0
324 65.38461538461539 0.0
325 84.61538461538461 0.0
326 84.61538461538461 0.0
327 69.23076923076923 0.0
328 65.38461538461539 0.0
329 84.61538461538461 0.0
330 84.61538461538461 0.0
331 92.3076923076923 0.0
332 80.76923076923077 0.0
333 73.07692307692308 0.0
334 100.0 0.0
335 88.46153846153847 0.0
336 92.3076923076923 0.0
337 100.0 0.0
338 92.3076923076923 0.0
339 92.3076923076923 0.0
340 84.61538461538461 0.0
341 84.61538461538461 0.0
342 92.3076923076923 0.0
343 84.61538461538461 0.0
344 76.92307692307692 0.0
345 76.92307692307692 0.0
346 69.23076923076923 0.0
347 61.53846153846154 0.0
348 50.0 0.0
349 69.23076923076923 0.0
350 61.53846153846154 0.0
351 69.23076923076923 0.0
352 65.38461538461539 0.0
353 69.23076923076923 0.0
354 100.0 0.0
355 92.3076923076923 0.0
356 88.46153846153847 0.0
357 84.61538461538461 0.0
358 92.3076923076923 0.0
359 76.92307692307692 0.0
360 73.07692307692308 0.0
361 65.38461538461539 0.0
362 80.76923076923077 0.0
363 57.69230769230769 0.0
364 61.53846153846154 0.0
365 65.38461538461539 0.0
366 69.23076923076923 0.0
367 69.23076923076923 0.0
368 73.07692307692308 0.0
369 73.07692307692308 0.0
370 69.23076923076923 0.0
371 65.38461538461539 0.0
372 76.92307692307692 0.0
373 69.23076923076923 0.0
374 69.23076923076923 0.0
375 46.15384615384615 0.0
376 46.15384615384615 0.0
377 61.53846153846154 0.0
378 69.23076923076923 0.0
379 65.38461538461539 0.0
380 76.92307692307692 0.0
381 76.92307692307692 0.0
382 76.92307692307692 0.0
383 69.23076923076923 0.0
384 92.3076923076923 0.0
385 76.92307692307692 0.0
386 73.07692307692308 0.0
387 69.23076923076923 0.0
388 69.23076923076923 0.0
389 69.23076923076923 0.0
390 76.92307692307692 0.0
391 65.38461538461539 0.0
392 73.07692307692308 0.0
393 69.23076923076923 0.0
394 76.92307692307692 0.0
395 76.92307692307692 0.0
396 57.69230769230769 0.0
397 53.84615384615385 0.0
398 65.38461538461539 0.0
399 73.07692307692308 0.0
400 76.92307692307692 0.0
401 61.53846153846154 0.0
402 76.92307692307692 0.0
403 65.38461538461539 0.0
404 84.61538461538461 0.0
405 69.23076923076923 0.0
406 69.23076923076923 0.0
407 69.23076923076923 0.0
408 65.38461538461539 0.0
409 53.84615384615385 0.0
410 65.38461538461539 0.0
411 65.38461538461539 0.0
412 46.15384615384615 0.0
413 61.53846153846154 0.0
414 65.38461538461539 0.0
415 61.53846153846154 0.0
416 69.23076923076923 0.0
417 69.23076923076923 0.0
418 73.07692307692308 0.0
419 73.07692307692308 0.0
420 50.0 0.0
421 69.23076923076923 0.0
422 73.07692307692308 0.0
423 76.92307692307692 0.0
424 76.92307692307692 0.0
425 73.07692307692308 0.0
426 84.61538461538461 0.0
427 84.61538461538461 0.0
428 84.61538461538461 0.0
429 92.3076923076923 0.0
430 92.3076923076923 0.0
431 92.3076923076923 0.0
432 69.23076923076923 0.0
433 65.38461538461539 0.0
434 69.23076923076923 0.0
435 65.38461538461539 0.0
436 73.07692307692308 0.0
437 53.84615384615385 0.0
438 65.38461538461539 0.0
439 76.92307692307692 0.0
440 84.61538461538461 0.0
441 76.92307692307692 0.0
442 80.76923076923077 0.0
443 57.69230769230769 0.0
444 61.53846153846154 0.0
445 61.53846153846154 0.0
446 69.23076923076923 0.0
447 38.46153846153846 0.0
448 65.38461538461539 0.0
449 57.69230769230769 0.0
450 65.38461538461539 0.0
451 61.53846153846154 0.0
452 76.92307692307692 0.0
453 69.23076923076923 0.0
454 76.92307692307692 0.0
455 84.61538461538461 0.0
456 84.61538461538461 0.0
457 84.61538461538461 0.0
458 100.0 0.0
459 76.92307692307692 0.0
460 80.76923076923077 0.0
461 92.3076923076923 0.0
462 92.3076923076923 0.0
463 92.3076923076923 0.0
464 80.76923076923077 0.0
465 84.61538461538461 0.0
466 76.92307692307692 0.0
467 92.3076923076923 0.0
468 92.3076923076923 0.0
469 84.61538461538461 0.0
470 76.92307692307692 0.0
471 69.23076923076923 0.0
472 76.92307692307692 0.0
473 80.76923076923077 0.0
474 73.07692307692308 0.0
475 65.38461538461539 0.0
476 80.76923076923077 0.0
477 76.92307692307692 0.0
478 84.61538461538461 0.0
479 76.92307692307692 0.0
480 80.76923076923077 0.0
481 65.38461538461539 0.0
482 73.07692307692308 0.0
483 69.23076923076923 0.0
484 65.38461538461539 0.0
485 65.38461538461539 0.0
486 61.53846153846154 0.0
487 84.61538461538461 0.0
488 73.07692307692308 0.0
489 76.92307692307692 0.0
490 69.23076923076923 0.0
491 76.92307692307692 0.0
492 73.07692307692308 0.0
493 73.07692307692308 0.0
494 69.23076923076923 0.0
495 61.53846153846154 0.0
496 73.07692307692308 0.0
497 80.76923076923077 0.0
498 76.92307692307692 0.0
499 65.38461538461539 0.0
500 65.38461538461539 0.0
501 73.07692307692308 0.0
502 69.23076923076923 0.0
503 65.38461538461539 0.0
504 61.53846153846154 0.0
505 69.23076923076923 0.0
506 76.92307692307692 0.0
507 80.76923076923077 0.0
508 80.76923076923077 0.0
509 84.61538461538461 0.0
510 73.07692307692308 0.0
511 76.92307692307692 0.0
512 65.38461538461539 0.0
513 92.3076923076923 0.0
514 76.92307692307692 0.0
515 76.92307692307692 0.0
516 76.92307692307692 0.0
517 76.92307692307692 0.0
518 92.3076923076923 0.0
519 76.92307692307692 0.0
520 84.61538461538461 0.0
521 92.3076923076923 0.0
522 92.3076923076923 0.0
523 76.92307692307692 0.0
524 76.92307692307692 0.0
525 88.46153846153847 0.0
526 100.0 0.0
527 80.76923076923077 0.0
528 76.92307692307692 0.0
529 65.38461538461539 0.0
530 73.07692307692308 0.0
531 57.69230769230769 0.0
532 61.53846153846154 0.0
533 53.84615384615385 0.0
534 53.84615384615385 0.0
535 53.84615384615385 0.0
536 57.69230769230769 0.0
537 53.84615384615385 0.0
538 61.53846153846154 0.0
539 53.84615384615385 0.0
540 61.53846153846154 0.0
541 65.38461538461539 0.0
542 61.53846153846154 0.0
543 61.53846153846154 0.0
544 65.38461538461539 0.0
545 65.38461538461539 0.0
546 76.92307692307692 0.0
547 65.38461538461539 0.0
548 76.92307692307692 0.0
549 80.76923076923077 0.0
550 84.61538461538461 0.0
551 100.0 0.0
552 84.61538461538461 0.0
553 84.61538461538461 0.0
554 84.61538461538461 0.0
555 100.0 0.0
556 76.92307692307692 0.0
557 92.3076923076923 0.0
558 92.3076923076923 0.0
559 84.61538461538461 0.0
560 84.61538461538461 0.0
561 84.61538461538461 0.0
562 92.3076923076923 0.0
563 76.92307692307692 0.0
564 76.92307692307692 0.0
565 84.61538461538461 0.0
566 76.92307692307692 0.0
567 92.3076923076923 0.0
568 92.3076923076923 0.0
569 84.61538461538461 0.0
570 69.23076923076923 0.0
571 84.61538461538461 0.0
572 76.92307692307692 0.0
573 92.3076923076923 0.0
574 92.3076923076923 0.0
575 69.23076923076923 0.0
576 69.23076923076923 0.0
577 88.46153846153847 0.0
578 84.61538461538461 0.0
579 84.61538461538461 0.0
580 84.61538461538461 0.0
581 92.3076923076923 0.0
582 80.76923076923077 0.0
583 73.07692307692308 0.0
584 84.61538461538461 0.0
585 80.76923076923077 0.0
586 80.76923076923077 0.0
587 80.76923076923077 0.0
588 73.07692307692308 0.0
589 69.23076923076923 0.0
590 65.38461538461539 0.0
591 65.38461538461539 0.0
592 69.23076923076923 0.0
593 69.23076923076923 0.0
594 57.69230769230769 0.0
595 61.53846153846154 0.0
596 61.53846153846154 0.0
597 69.23076923076923 0.0
598 84.61538461538461 0.0
599 92.3076923076923 0.0
600 76.92307692307692 0.0
601 61.53846153846154 0.0
602 76.92307692307692 0.0
603 57.69230769230769 0.0
604 42.30769230769231 0.0
605 50.0 0.0
606 50.0 0.0
607 42.30769230769231 0.0
608 69.23076923076923 0.0
609 84.61538461538461 0.0
610 69.23076923076923 0.0
611 76.92307692307692 0.0
612 76.92307692307692 0.0
613 76.92307692307692 0.0
614 84.61538461538461 0.0
615 92.3076923076923 0.0
616 92.3076923076923 0.0
617 84.61538461538461 0.0
618 92.3076923076923 0.0
619 84.61538461538461 0.0
620 92.3076923076923 0.0
621 100.0 0.0
622 100.0 0.0
623 100.0 0.0
624 92.3076923076923 0.0
625 80.76923076923077 0.0
626 92.3076923076923 0.0
627 84.61538461538461 0.0
628 76.92307692307692 0.0
629 76.92307692307692 0.0
630 76.92307692307692 0.0
631 73.07692307692308 0.0
632 76.92307692307692 0.0
633 76.92307692307692 0.0
634 57.69230769230769 0.0
635 53.84615384615385 0.0
636 50.0 0.0
637 61.53846153846154 0.0
638 65.38461538461539 0.0
639 53.84615384615385 0.0
640 73.07692307692308 0.0
641 69.23076923076923 0.0
642 65.38461538461539 0.0
643 53.84615384615385 0.0
644 76.92307692307692 0.0
645 76.92307692307692 0.0
646 73.07692307692308 0.0
647 65.38461538461539 0.0
648 57.69230769230769 0.0
649 73.07692307692308 0.0
650 76.92307692307692 0.0
651 76.92307692307692 0.0
652 65.38461538461539 0.0
653 50.0 0.0
654 65.38461538461539 0.0
655 69.23076923076923 0.0
656 73.07692307692308 0.0
657 61.53846153846154 0.0
658 61.53846153846154 0.0
659 53.84615384615385 0.0
660 53.84615384615385 0.0
661 73.07692307692308 0.0
662 69.23076923076923 0.0
663 69.23076923076923 0.0
664 84.61538461538461 0.0
665 69.23076923076923 0.0
666 84.61538461538461 0.0
667 50.0 0.0
668 69.23076923076923 0.0
669 69.23076923076923 0.0
670 61.53846153846154 0.0
671 76.92307692307692 0.0
672 84.61538461538461 0.0
673 84.61538461538461 0.0
674 65.38461538461539 0.0
675 76.92307692307692 0.0
676 84.61538461538461 0.0
677 57.69230769230769 0.0
678 76.92307692307692 0.0
679 57.69230769230769 0.0
680 69.23076923076923 0.0
681 61.53846153846154 0.0
682 65.38461538461539 0.0
683 65.38461538461539 0.0
684 84.61538461538461 0.0
685 65.38461538461539 0.0
686 84.61538461538461 0.0
687 61.53846153846154 0.0
688 76.92307692307692 0.0
689 80.76923076923077 0.0
690 65.38461538461539 0.0
691 57.69230769230769 0.0
692 65.38461538461539 0.0
693 73.07692307692308 0.0
694 69.23076923076923 0.0
695 61.53846153846154 0.0
696 53.84615384615385 0.0
697 65.38461538461539 0.0
698 57.69230769230769 0.0
699 57.69230769230769 0.0
700 50.0 0.0
701 65.38461538461539 0.0
702 57.69230769230769 0.0
703 61.53846153846154 0.0
704 57.69230769230769 0.0
705 46.15384615384615 0.0
706 57.69230769230769 0.0
707 57.69230769230769 0.0
708 69.23076923076923 0.0
709 73.07692307692308 0.0
710 61.53846153846154 0.0
711 73.07692307692308 0.0
712 65.38461538461539 0.0
713 57.69230769230769 0.0
714 61.53846153846154 0.0
715 61.53846153846154 0.0
716 53.84615384615385 0.0
717 61.53846153846154 0.0
718 69.23076923076923 0.0
719 69.23076923076923 0.0
720 69.23076923076923 0.0
721 76.92307692307692 0.0
722 80.76923076923077 0.0
723 73.07692307692308 0.0
724 80.76923076923077 0.0
725 76.92307692307692 0.0
726 100.0 0.0
727 76.92307692307692 0.0
728 84.61538461538461 0.0
729 76.92307692307692 0.0
730 76.92307692307692 0.0
731 100.0 0.0
732 80.76923076923077 0.0
733 84.61538461538461 0.0
734 92.3076923076923 0.0
735 84.61538461538461 0.0
736 76.92307692307692 0.0
737 92.3076923076923 0.0
738 73.07692307692308 0.0
739 61.53846153846154 0.0
740 53.84615384615385 0.0
741 69.23076923076923 0.0
742 61.53846153846154 0.0
743 57.69230769230769 0.0
744 50.0 0.0
745 53.84615384615385 0.0
746 46.15384615384615 0.0
747 46.15384615384615 0.0
748 57.69230769230769 0.0
749 65.38461538461539 0.0
750 46.15384615384615 0.0
751 50.0 0.0
752 53.84615384615385 0.0
753 65.38461538461539 0.0
754 57.69230769230769 0.0
755 53.84615384615385 0.0
756 69.23076923076923 0.0
757 69.23076923076923 0.0
758 61.53846153846154 0.0
759 61.53846153846154 0.0
760 69.23076923076923 0.0
761 84.61538461538461 0.0
762 80.76923076923077 0.0
763 80.76923076923077 0.0
764 73.07692307692308 0.0
765 80.76923076923077 0.0
766 73.07692307692308 0.0
767 80.76923076923077 0.0
768 69.23076923076923 0.0
769 73.07692307692308 0.0
770 76.92307692307692 0.0
771 80.76923076923077 0.0
772 61.53846153846154 0.0
773 73.07692307692308 0.0
774 57.69230769230769 0.0
775 57.69230769230769 0.0
776 50.0 0.0
777 46.15384615384615 0.0
778 61.53846153846154 0.0
779 76.92307692307692 0.0
780 73.07692307692308 0.0
781 57.69230769230769 0.0
782 61.53846153846154 0.0
783 53.84615384615385 0.0
784 76.92307692307692 0.0
785 73.07692307692308 0.0
786 76.92307692307692 0.0
787 76.92307692307692 0.0
788 76.92307692307692 0.0
789 69.23076923076923 0.0
790 61.53846153846154 0.0
791 76.92307692307692 0.0
792 65.38461538461539 0.0
793 65.38461538461539 0.0
794 61.53846153846154 0.0
795 76.92307692307692 0.0
796 57.69230769230769 0.0
797 53.84615384615385 0.0
798 65.38461538461539 0.0
799 65.38461538461539 0.0
800 57.69230769230769 0.0
801 76.92307692307692 0.0
802 65.38461538461539 0.0
803 57.69230769230769 0.0
804 76.92307692307692 0.0
805 76.92307692307692 0.0
806 80.76923076923077 0.0
807 76.92307692307692 0.0
808 65.38461538461539 0.0
809 76.92307692307692 0.0
810 92.3076923076923 0.0
811 69.23076923076923 0.0
812 73.07692307692308 0.0
813 73.07692307692308 0.0
814 76.92307692307692 0.0
815 69.23076923076923 0.0
816 61.53846153846154 0.0
817 65.38461538461539 0.0
818 69.23076923076923 0.0
819 57.69230769230769 0.0
820 61.53846153846154 0.0
821 73.07692307692308 0.0
822 69.23076923076923 0.0
823 76.92307692307692 0.0
824 76.92307692307692 0.0
825 76.92307692307692 0.0
826 69.23076923076923 0.0
827 61.53846153846154 0.0
828 69.23076923076923 0.0
829 42.30769230769231 0.0
830 46.15384615384615 0.0
831 61.53846153846154 0.0
832 69.23076923076923 0.0
833 69.23076923076923 0.0
834 76.92307692307692 0.0
835 65.38461538461539 0.0
836 73.07692307692308 0.0
837 84.61538461538461 0.0
838 69.23076923076923 0.0
839 69.23076923076923 0.0
840 57.69230769230769 0.0
841 61.53846153846154 0.0
842 76.92307692307692 0.0
843 69.23076923076923 0.0
844 53.84615384615385 0.0
845 53.84615384615385 0.0
846 61.53846153846154 0.0
847 53.84615384615385 0.0
848 57.69230769230769 0.0
849 73.07692307692308 0.0
850 69.23076923076923 0.0
851 80.76923076923077 0.0
852 76.92307692307692 0.0
853 76.92307692307692 0.0
854 80.76923076923077 0.0
855 76.92307692307692 0.0
856 73.07692307692308 0.0
857 61.53846153846154 0.0
858 80.76923076923077 0.0
859 61.53846153846154 0.0
860 73.07692307692308 0.0
861 53.84615384615385 0.0
862 76.92307692307692 0.0
863 69.23076923076923 0.0
864 80.76923076923077 0.0
865 76.92307692307692 0.0
866 80.76923076923077 0.0
867 76.92307692307692 0.0
868 76.92307692307692 0.0
869 80.76923076923077 0.0
870 69.23076923076923 0.0
871 76.92307692307692 0.0
872 73.07692307692308 0.0
873 73.07692307692308 0.0
874 80.76923076923077 0.0
875 80.76923076923077 0.0
876 80.76923076923077 0.0
877 88.46153846153847 0.0
878 92.3076923076923 0.0
879 73.07692307692308 0.0
880 80.76923076923077 0.0
881 80.76923076923077 0.0
882 76.92307692307692 0.0
883 65.38461538461539 0.0
884 73.07692307692308 0.0
885 73.07692307692308 0.0
886 73.07692307692308 0.0
887 76.92307692307692 0.0
888 80.76923076923077 0.0
889 76.92307692307692 0.0
890 84.61538461538461 0.0
891 84.61538461538461 0.0
892 69.23076923076923 0.0
893 80.76923076923077 0.0
894 80.76923076923077 0.0
895 65.38461538461539 0.0
896 61.53846153846154 0.0
897 84.61538461538461 0.0
898 76.92307692307692 0.0
899 84.61538461538461 0.0
900 84.61538461538461 0.0
901 100.0 0.0
902 84.61538461538461 0.0
903 69.23076923076923 0.0
904 92.3076923076923 0.0
905 84.61538461538461 0.0
906 84.61538461538461 0.0
907 92.3076923076923 0.0
908 84.61538461538461 0.0
909 84.61538461538461 0.0
910 76.92307692307692 0.0
911 80.76923076923077 0.0
912 100.0 0.0
913 84.61538461538461 0.0
914 84.61538461538461 0.0
915 84.61538461538461 0.0
916 84.61538461538461 0.0
917 73.07692307692308 0.0
918 76.92307692307692 0.0
919 76.92307692307692 0.0
920 88.46153846153847 0.0
921 73.07692307692308 0.0
922 69.23076923076923 0.0
923 69.23076923076923 0.0
924 69.23076923076923 0.0
925 76.92307692307692 0.0
926 69.23076923076923 0.0
927 69.23076923076923 0.0
928 76.92307692307692 0.0
929 65.38461538461539 0.0
930 73.07692307692308 0.0
931 69.23076923076923 0.0
932 61.53846153846154 0.0
933 65.38461538461539 0.0
934 50.0 0.0
935 57.69230769230769 0.0
936 80.76923076923077 0.0
937 57.69230769230769 0.0
938 76.92307692307692 0.0
939 50.0 0.0
940 65.38461538461539 0.0
941 57.69230769230769 0.0
942 57.69230769230769 0.0
943 80.76923076923077 0.0
944 76.92307692307692 0.0
945 57.69230769230769 0.0
946 65.38461538461539 0.0
947 69.23076923076923 0.0
948 61.53846153846154 0.0
949 76.92307692307692 0.0
950 76.92307692307692 0.0
951 76.92307692307692 0.0
952 73.07692307692308 0.0
953 73.07692307692308 0.0
954 73.07692307692308 0.0
955 80.76923076923077 0.0
956 65.38461538461539 0.0
957 76.92307692307692 0.0
958 84.61538461538461 0.0
959 92.3076923076923 0.0
960 84.61538461538461 0.0
961 84.61538461538461 0.0
962 69.23076923076923 0.0
963 80.76923076923077 0.0
964 84.61538461538461 0.0
965 80.76923076923077 0.0
966 73.07692307692308 0.0
967 76.92307692307692 0.0
968 84.61538461538461 0.0
969 76.92307692307692 0.0
970 73.07692307692308 0.0
971 73.07692307692308 0.0
972 80.76923076923077 0.0
973 88.46153846153847 0.0
974 76.92307692307692 0.0
975 65.38461538461539 0.0
976 73.07692307692308 0.0
977 76.92307692307692 0.0
978 80.76923076923077 0.0
979 65.38461538461539 0.0
980 73.07692307692308 0.0
981 69.23076923076923 0.0
982 57.69230769230769 0.0
983 69.23076923076923 0.0
984 73.07692307692308 0.0
985 69.23076923076923 0.0
986 69.23076923076923 0.0
987 50.0 0.0
988 69.23076923076923 0.0
989 76.92307692307692 0.0
990 76.92307692307692 0.0
991 69.23076923076923 0.0
992 69.23076923076923 0.0
993 73.07692307692308 0.0
994 73.07692307692308 0.0
995 84.61538461538461 0.0
996 84.61538461538461 0.0
997 76.92307692307692 0.0
998 73.07692307692308 0.0
999 61.53846153846154 0.0
