#frame monomers_% popc_isolated_%
0 84.61538461538461 0.0
1 84.61538461538461 0.0
2 92.3076923076923 0.0
3 76.92307692307692 0.0
4 84.61538461538461 1.5625
5 92.3076923076923 1.5625
6 84.61538461538461 0.0
7 73.07692307692308 0.0
8 80.76923076923077 0.0
9 92.3076923076923 0.0
10 69.23076923076923 0.0
11 69.23076923076923 0.0
12 80.76923076923077 0.0
13 88.46153846153847 0.0
14 76.92307692307692 0.0
15 73.07692307692308 0.0
16 80.76923076923077 0.0
17 80.76923076923077 0.0
18 80.76923076923077 0.0
19 80.76923076923077 0.0
20 80.76923076923077 0.0
21 73.07692307692308 0.0
22 88.46153846153847 0.0
23 92.3076923076923 0.0
24 84.61538461538461 0.0
25 84.61538461538461 0.0
26 84.61538461538461 0.0
27 84.61538461538461 0.0
28 69.23076923076923 0.0
29 65.38461538461539 0.0
30 65.38461538461539 0.0
31 61.53846153846154 0.0
32 69.23076923076923 0.0
33 69.23076923076923 0.0
34 57.69230769230769 0.0
35 73.07692307692308 0.0
36 73.07692307692308 0.0
37 80.76923076923077 0.0
38 73.07692307692308 0.0
39 73.07692307692308 0.0
40 76.92307692307692 0.0
41 73.07692307692308 0.0
42 84.61538461538461 0.0
43 84.61538461538461 0.0
44 69.23076923076923 0.0
45 76.92307692307692 0.0
46 84.61538461538461 0.0
47 84.61538461538461 0.0
48 84.61538461538461 0.0
49 92.3076923076923 0.0
50 84.61538461538461 0.0
51 76.92307692307692 0.0
52 84.61538461538461 0.0
53 92.3076923076923 0.0
54 92.3076923076923 0.0
55 92.3076923076923 0.0
56 76.92307692307692 0.0
57 92.3076923076923 0.0
58 76.92307692307692 0.0
59 76.92307692307692 0.0
60 69.23076923076923 0.0
61 61.53846153846154 0.0
62 69.23076923076923 0.0
63 69.23076923076923 0.0
64 69.23076923076923 0.0
65 69.23076923076923 0.0
66 76.92307692307692 0.0
67 76.92307692307692 0.0
68 84.61538461538461 0.0
69 76.92307692307692 0.0
70 69.23076923076923 0.0
71 84.61538461538461 0.0
72 84.61538461538461 0.0
73 73.07692307692308 0.0
74 84.61538461538461 0.0
75 84.61538461538461 0.0
76 76.92307692307692 0.0
77 76.92307692307692 0.0
78 61.53846153846154 0.0
79 69.23076923076923 0.0
80 76.92307692307692 0.0
81 76.92307692307692 0.0
82 69.23076923076923 0.0
83 69.23076923076923 0.0
84 61.53846153846154 0.0
85 61.53846153846154 0.0
86 92.3076923076923 0.0
87 76.92307692307692 0.0
88 84.61538461538461 0.0
89 80.76923076923077 0.0
90 76.92307692307692 0.0
91 76.92307692307692 0.0
92 84.61538461538461 0.0
93 84.61538461538461 0.0
94 84.61538461538461 0.0
95 84.61538461538461 0.0
96 84.61538461538461 0.0
97 80.76923076923077 0.0
98 76.92307692307692 0.0
99 69.23076923076923 0.0
100 69.23076923076923 0.0
101 76.92307692307692 0.0
102 80.76923076923077 0.0
103 80.76923076923077 0.0
104 80.76923076923077 0.0
105 88.46153846153847 0.0
106 76.92307692307692 0.0
107 65.38461538461539 0.0
108 65.38461538461539 0.0
109 80.76923076923077 0.0
110 73.07692307692308 0.0
111 61.53846153846154 0.0
112 84.61538461538461 0.0
113 69.23076923076923 0.0
114 76.92307692307692 0.0
115 76.92307692307692 0.0
116 76.92307692307692 0.0
117 76.92307692307692 0.0
118 73.07692307692308 0.0
119 69.23076923076923 0.0
120 84.61538461538461 0.0
121 69.23076923076923 0.0
122 80.76923076923077 0.0
123 80.76923076923077 0.0
124 65.38461538461539 0.0
125 88.46153846153847 0.0
126 100.0 0.0
127 84.61538461538461 0.0
128 100.0 0.0
129 76.92307692307692 0.0
130 84.61538461538461 0.0
131 92.3076923076923 0.0
132 92.3076923076923 0.0
133 80.76923076923077 0.0
134 84.61538461538461 0.0
135 80.76923076923077 0.0
136 88.46153846153847 0.0
137 84.61538461538461 0.0
138 92.3076923076923 0.0
139 100.0 0.0
140 92.3076923076923 0.0
141 100.0 0.0
142 92.3076923076923 0.0
143 84.61538461538461 0.0
144 84.61538461538461 0.0
145 76.92307692307692 0.0
146 80.76923076923077 0.0
147 69.23076923076923 0.0
148 57.69230769230769 0.0
149 69.23076923076923 0.0
150 61.53846153846154 0.0
151 65.38461538461539 0.0
152 57.69230769230769 0.0
153 69.23076923076923 0.0
154 73.07692307692308 0.0
155 76.92307692307692 0.0
156 69.23076923076923 0.0
157 73.07692307692308 0.0
158 61.53846153846154 0.0
159 46.15384615384615 0.0
160 69.23076923076923 0.0
161 61.53846153846154 0.0
162 53.84615384615385 0.0
163 53.84615384615385 0.0
164 53.84615384615385 0.0
165 84.61538461538461 0.0
166 65.38461538461539 0.0
167 73.07692307692308 0.0
168 73.07692307692308 0.0
169 61.53846153846154 0.0
170 65.38461538461539 0.0
171 76.92307692307692 1.5625
172 65.38461538461539 0.0
173 46.15384615384615 0.0
174 69.23076923076923 0.0
175 61.53846153846154 0.0
176 73.07692307692308 0.0
177 61.53846153846154 0.0
178 53.84615384615385 0.0
179 61.53846153846154 0.0
180 57.69230769230769 0.0
181 46.15384615384615 0.0
182 50.0 0.0
183 57.69230769230769 0.0
184 65.38461538461539 0.0
185 57.69230769230769 1.5625
186 69.23076923076923 0.0
187 53.84615384615385 0.0
188 76.92307692307692 0.0
189 46.15384615384615 0.0
190 65.38461538461539 0.0
191 73.07692307692308 0.0
192 65.38461538461539 0.0
193 57.69230769230769 0.0
194 50.0 0.0
195 42.30769230769231 0.0
196 30.76923076923077 0.0
197 46.15384615384615 0.0
198 46.15384615384615 0.0
199 46.15384615384615 0.0
200 61.53846153846154 0.0
201 42.30769230769231 0.0
202 53.84615384615385 0.0
203 53.84615384615385 0.0
204 61.53846153846154 0.0
205 53.84615384615385 0.0
206 53.84615384615385 0.0
207 50.0 0.0
208 61.53846153846154 0.0
209 61.53846153846154 0.0
210 69.23076923076923 0.0
211 46.15384615384615 0.0
212 53.84615384615385 0.0
213 57.69230769230769 0.0
214 73.07692307692308 0.0
215 69.23076923076923 0.0
216 73.07692307692308 0.0
217 69.23076923076923 0.0
218 73.07692307692308 0.0
219 73.07692307692308 0.0
220 80.76923076923077 0.0
221 69.23076923076923 0.0
222 76.92307692307692 0.0
223 69.23076923076923 0.0
224 76.92307692307692 0.0
225 57.69230769230769 0.0
226 65.38461538461539 0.0
227 69.23076923076923 1.5625
228 73.07692307692308 0.0
229 61.53846153846154 0.0
230 53.84615384615385 0.0
231 46.15384615384615 0.0
232 61.53846153846154 0.0
233 69.23076923076923 0.0
234 80.76923076923077 0.0
235 76.92307692307692 0.0
236 84.61538461538461 0.0
237 76.92307692307692 0.0
238 84.61538461538461 1.5625
239 92.3076923076923 0.0
240 92.3076923076923 0.0
241 84.61538461538461 0.0
242 84.61538461538461 0.0
243 80.76923076923077 0.0
244 69.23076923076923 0.0
245 65.38461538461539 0.0
246 69.23076923076923 0.0
247 76.92307692307692 0.0
248 84.61538461538461 0.0
249 84.61538461538461 1.5625
250 84.61538461538461 0.0
251 80.76923076923077 0.0
252 84.61538461538461 0.0
253 88.46153846153847 0.0
254 84.61538461538461 0.0
255 80.76923076923077 0.0
256 65.38461538461539 0.0
257 65.38461538461539 0.0
258 92.3076923076923 0.0
259 73.07692307692308 0.0
260 65.38461538461539 1.5625
261 73.07692307692308 0.0
262 57.69230769230769 0.0
263 69.23076923076923 1.5625
264 69.23076923076923 1.5625
265 53.84615384615385 0.0
266 61.53846153846154 1.5625
267 69.23076923076923 1.5625
268 76.92307692307692 0.0
269 61.53846153846154 1.5625
270 69.23076923076923 0.0
271 69.23076923076923 0.0
272 84.61538461538461 1.5625
273 73.07692307692308 1.5625
274 84.61538461538461 0.0
275 69.23076923076923 0.0
276 76.92307692307692 0.0
277 76.92307692307692 1.5625
278 61.53846153846154 0.0
279 61.53846153846154 0.0
280 69.23076923076923 0.0
281 69.23076923076923 0.0
282 61.53846153846154 0.0
283 69.23076923076923 0.0
284 65.38461538461539 0.0
285 65.38461538461539 0.0
286 92.3076923076923 0.0
287 80.76923076923077 0.0
288 92.3076923076923 0.0
289 84.61538461538461 0.0
290 92.3076923076923 0.0
291 100.0 0.0
292 92.3076923076923 0.0
293 92.3076923076923 0.0
294 92.3076923076923 0.0
295 76.92307692307692 0.0
296 76.92307692307692 0.0
297 84.61538461538461 0.0
298 92.3076923076923 0.0
299 92.3076923076923 0.0
300 92.3076923076923 0.0
301 84.61538461538461 0.0
302 76.92307692307692 0.0
303 73.07692307692308 0.0
304 84.61538461538461 1.5625
305 76.92307692307692 1.5625
306 92.3076923076923 0.0
307 84.61538461538461 1.5625
308 84.61538461538461 1.5625
309 84.61538461538461 1.5625
310 61.53846153846154 1.5625
311 92.3076923076923 1.5625
312 69.23076923076923 1.5625
313 76.92307692307692 1.5625
314 92.3076923076923 1.5625
315 92.3076923076923 1.5625
316 92.3076923076923 0.0
317 88.46153846153847 0.0
318 92.3076923076923 0.0
319 100.0 1.5625
320 76.92307692307692 0.0
321 88.46153846153847 0.0
322 92.3076923076923 0.0
323 92.3076923076923 0.0
324 100.0 0.0
325 76.92307692307692 0.0
326 84.61538461538461 0.0
327 84.61538461538461 0.0
328 84.61538461538461 0.0
329 84.61538461538461 0.0
330 84.61538461538461 1.5625
331 76.92307692307692 0.0
332 76.92307692307692 0.0
333 84.61538461538461 0.0
334 84.61538461538461 0.0
335 84.61538461538461 0.0
336 61.53846153846154 1.5625
337 69.23076923076923 0.0
338 69.23076923076923 0.0
339 69.23076923076923 0.0
340 73.07692307692308 0.0
341 84.61538461538461 1.5625
342 73.07692307692308 1.5625
343 73.07692307692308 0.0
344 76.92307692307692 1.5625
345 69.23076923076923 0.0
346 61.53846153846154 0.0
347 73.07692307692308 0.0
348 69.23076923076923 0.0
349 84.61538461538461 1.5625
350 73.07692307692308 0.0
351 73.07692307692308 1.5625
352 73.07692307692308 1.5625
353 76.92307692307692 1.5625
354 69.23076923076923 1.5625
355 53.84615384615385 0.0
356 69.23076923076923 0.0
357 69.23076923076923 3.125
358 73.07692307692308 0.0
359 61.53846153846154 1.5625
360 73.07692307692308 1.5625
361 69.23076923076923 0.0
362 76.92307692307692 1.5625
363 69.23076923076923 1.5625
364 65.38461538461539 1.5625
365 65.38461538461539 1.5625
366 76.92307692307692 0.0
367 73.07692307692308 1.5625
368 61.53846153846154 0.0
369 84.61538461538461 1.5625
370 84.61538461538461 0.0
371 76.92307692307692 1.5625
372 57.69230769230769 1.5625
373 61.53846153846154 0.0
374 65.38461538461539 1.5625
375 76.92307692307692 3.125
376 61.53846153846154 0.0
377 80.76923076923077 0.0
378 65.38461538461539 0.0
379 53.84615384615385 0.0
380 61.53846153846154 0.0
381 65.38461538461539 0.0
382 65.38461538461539 1.5625
383 57.69230769230769 1.5625
384 65.38461538461539 1.5625
385 76.92307692307692 1.5625
386 76.92307692307692 0.0
387 69.23076923076923 0.0
388 73.07692307692308 1.5625
389 61.53846153846154 0.0
390 73.07692307692308 0.0
391 53.84615384615385 1.5625
392 50.0 3.125
393 65.38461538461539 1.5625
394 65.38461538461539 1.5625
395 53.84615384615385 1.5625
396 50.0 1.5625
397 46.15384615384615 3.125
398 50.0 0.0
399 65.38461538461539 0.0
400 50.0 0.0
401 61.53846153846154 0.0
402 57.69230769230769 0.0
403 65.38461538461539 1.5625
404 65.38461538461539 0.0
405 57.69230769230769 0.0
406 73.07692307692308 0.0
407 73.07692307692308 0.0
408 69.23076923076923 0.0
409 65.38461538461539 0.0
410 61.53846153846154 0.0
411 80.76923076923077 0.0
412 65.38461538461539 0.0
413 69.23076923076923 0.0
414 80.76923076923077 0.0
415 61.53846153846154 0.0
416 73.07692307692308 0.0
417 57.69230769230769 0.0
418 73.07692307692308 0.0
419 65.38461538461539 1.5625
420 65.38461538461539 0.0
421 65.38461538461539 1.5625
422 73.07692307692308 1.5625
423 80.76923076923077 0.0
424 69.23076923076923 0.0
425 57.69230769230769 0.0
426 73.07692307692308 0.0
427 76.92307692307692 0.0
428 73.07692307692308 0.0
429 76.92307692307692 0.0
430 73.07692307692308 0.0
431 80.76923076923077 0.0
432 73.07692307692308 1.5625
433 76.92307692307692 0.0
434 65.38461538461539 0.0
435 80.76923076923077 0.0
436 73.07692307692308 0.0
437 80.76923076923077 0.0
438 69.23076923076923 0.0
439 84.61538461538461 1.5625
440 92.3076923076923 0.0
441 92.3076923076923 0.0
442 84.61538461538461 0.0
443 80.76923076923077 0.0
444 92.3076923076923 0.0
445 84.61538461538461 0.0
446 73.07692307692308 1.5625
447 73.07692307692308 0.0
448 92.3076923076923 0.0
449 84.61538461538461 0.0
450 76.92307692307692 0.0
451 84.61538461538461 0.0
452 76.92307692307692 0.0
453 76.92307692307692 0.0
454 84.61538461538461 0.0
455 92.3076923076923 0.0
456 92.3076923076923 0.0
457 100.0 0.0
458 84.61538461538461 0.0
459 84.61538461538461 0.0
460 76.92307692307692 0.0
461 76.92307692307692 0.0
462 76.92307692307692 0.0
463 80.76923076923077 0.0
464 76.92307692307692 0.0
465 84.61538461538461 0.0
466 69.23076923076923 0.0
467 73.07692307692308 0.0
468 73.07692307692308 0.0
469 61.53846153846154 0.0
470 69.23076923076923 0.0
471 84.61538461538461 0.0
472 69.23076923076923 0.0
473 61.53846153846154 0.0
474 76.92307692307692 0.0
475 61.53846153846154 0.0
476 76.92307692307692 0.0
477 76.92307692307692 0.0
478 65.38461538461539 0.0
479 65.38461538461539 0.0
480 69.23076923076923 0.0
481 76.92307692307692 0.0
482 76.92307692307692 0.0
483 69.23076923076923 0.0
484 61.53846153846154 0.0
485 84.61538461538461 0.0
486 76.92307692307692 0.0
487 76.92307692307692 1.5625
488 65.38461538461539 0.0
489 61.53846153846154 0.0
490 57.69230769230769 0.0
491 57.69230769230769 0.0
492 73.07692307692308 0.0
493 80.76923076923077 1.5625
494 73.07692307692308 0.0
495 92.3076923076923 0.0
496 69.23076923076923 0.0
497 84.61538461538461 0.0
498 76.92307692307692 0.0
499 80.76923076923077 0.0
500 84.61538461538461 0.0
501 76.92307692307692 0.0
502 69.23076923076923 0.0
503 76.92307692307692 0.0
504 69.23076923076923 0.0
505 84.61538461538461 0.0
506 57.69230769230769 0.0
507 42.30769230769231 0.0
508 73.07692307692308 0.0
509 57.69230769230769 0.0
510 61.53846153846154 0.0
511 65.38461538461539 0.0
512 57.69230769230769 0.0
513 57.69230769230769 0.0
514 65.38461538461539 0.0
515 65.38461538461539 0.0
516 65.38461538461539 0.0
517 69.23076923076923 0.0
518 73.07692307692308 0.0
519 73.07692307692308 0.0
520 73.07692307692308 0.0
521 73.07692307692308 0.0
522 65.38461538461539 0.0
523 92.3076923076923 0.0
524 65.38461538461539 0.0
525 80.76923076923077 0.0
526 65.38461538461539 0.0
527 84.61538461538461 0.0
528 65.38461538461539 0.0
529 76.92307692307692 0.0
530 73.07692307692308 0.0
531 65.38461538461539 0.0
532 69.23076923076923 0.0
533 84.61538461538461 0.0
534 84.61538461538461 0.0
535 69.23076923076923 0.0
536 73.07692307692308 0.0
537 65.38461538461539 0.0
538 61.53846153846154 0.0
539 73.07692307692308 0.0
540 61.53846153846154 0.0
541 76.92307692307692 0.0
542 76.92307692307692 0.0
543 76.92307692307692 0.0
544 76.92307692307692 0.0
545 65.38461538461539 0.0
546 69.23076923076923 0.0
547 76.92307692307692 0.0
548 65.38461538461539 0.0
549 92.3076923076923 0.0
550 80.76923076923077 0.0
551 69.23076923076923 0.0
552 50.0 0.0
553 57.69230769230769 0.0
554 57.69230769230769 0.0
555 65.38461538461539 0.0
556 69.23076923076923 0.0
557 76.92307692307692 0.0
558 76.92307692307692 0.0
559 76.92307692307692 0.0
560 76.92307692307692 0.0
561 76.92307692307692 0.0
562 53.84615384615385 0.0
563 69.23076923076923 0.0
564 65.38461538461539 0.0
565 69.23076923076923 0.0
566 50.0 0.0
567 46.15384615384615 0.0
568 53.84615384615385 0.0
569 53.84615384615385 0.0
570 53.84615384615385 0.0
571 69.23076923076923 0.0
572 50.0 0.0
573 61.53846153846154 0.0
574 61.53846153846154 0.0
575 46.15384615384615 0.0
576 61.53846153846154 0.0
577 61.53846153846154 0.0
578 69.23076923076923 0.0
579 76.92307692307692 0.0
580 84.61538461538461 0.0
581 69.23076923076923 0.0
582 69.23076923076923 0.0
583 69.23076923076923 0.0
584 69.23076923076923 0.0
585 69.23076923076923 0.0
586 42.30769230769231 0.0
587 42.30769230769231 0.0
588 38.46153846153846 0.0
589 57.69230769230769 0.0
590 69.23076923076923 0.0
591 57.69230769230769 0.0
592 65.38461538461539 0.0
593 61.53846153846154 0.0
594 61.53846153846154 0.0
595 61.53846153846154 0.0
596 65.38461538461539 0.0
597 53.84615384615385 0.0
598 61.53846153846154 0.0
599 61.53846153846154 0.0
600 61.53846153846154 0.0
601 76.92307692307692 0.0
602 53.84615384615385 0.0
603 61.53846153846154 0.0
604 61.53846153846154 0.0
605 76.92307692307692 0.0
606 69.23076923076923 0.0
607 61.53846153846154 0.0
608 61.53846153846154 0.0
609 53.84615384615385 0.0
610 57.69230769230769 0.0
611 57.69230769230769 0.0
612 69.23076923076923 0.0
613 76.92307692307692 0.0
614 61.53846153846154 0.0
615 65.38461538461539 0.0
616 65.38461538461539 0.0
617 65.38461538461539 0.0
618 46.15384615384615 0.0
619 65.38461538461539 0.0
620 53.84615384615385 0.0
621 53.84615384615385 0.0
622 57.69230769230769 0.0
623 53.84615384615385 0.0
624 53.84615384615385 0.0
625 50.0 0.0
626 42.30769230769231 0.0
627 53.84615384615385 0.0
628 61.53846153846154 0.0
629 46.15384615384615 0.0
630 34.61538461538461 0.0
631 30.76923076923077 0.0
632 50.0 0.0
633 53.84615384615385 0.0
634 57.69230769230769 0.0
635 76.92307692307692 0.0
636 53.84615384615385 0.0
637 42.30769230769231 0.0
638 50.0 0.0
639 61.53846153846154 0.0
640 61.53846153846154 0.0
641 69.23076923076923 0.0
642 65.38461538461539 0.0
643 73.07692307692308 0.0
644 57.69230769230769 0.0
645 69.23076923076923 0.0
646 69.23076923076923 0.0
647 61.53846153846154 0.0
648 84.61538461538461 0.0
649 69.23076923076923 0.0
650 65.38461538461539 0.0
651 61.53846153846154 0.0
652 84.61538461538461 0.0
653 84.61538461538461 0.0
654 84.61538461538461 0.0
655 76.92307692307692 0.0
656 53.84615384615385 0.0
657 53.84615384615385 0.0
658 50.0 0.0
659 57.69230769230769 0.0
660 69.23076923076923 0.0
661 61.53846153846154 0.0
662 76.92307692307692 0.0
663 69.23076923076923 0.0
664 65.38461538461539 0.0
665 57.69230769230769 0.0
666 57.69230769230769 0.0
667 65.38461538461539 0.0
668 53.84615384615385 0.0
669 53.84615384615385 0.0
670 65.38461538461539 0.0
671 61.53846153846154 0.0
672 57.69230769230769 0.0
673 57.69230769230769 0.0
674 61.53846153846154 0.0
675 50.0 0.0
676 50.0 0.0
677 50.0 0.0
678 65.38461538461539 0.0
679 65.38461538461539 0.0
680 61.53846153846154 0.0
681 57.69230769230769 0.0
682 53.84615384615385 0.0
683 65.38461538461539 0.0
684 53.84615384615385 0.0
685 53.84615384615385 0.0
686 53.84615384615385 0.0
687 57.69230769230769 0.0
688 65.38461538461539 0.0
689 53.84615384615385 0.0
690 53.84615384615385 0.0
691 57.69230769230769 0.0
692 61.53846153846154 0.0
693 38.46153846153846 0.0
694 50.0 0.0
695 46.15384615384615 0.0
696 46.15384615384615 0.0
697 46.15384615384615 0.0
698 46.15384615384615 0.0
699 65.38461538461539 0.0
700 50.0 0.0
701 69.23076923076923 0.0
702 50.0 0.0
703 53.84615384615385 0.0
704 57.69230769230769 0.0
705 53.84615384615385 0.0
706 69.23076923076923 0.0
707 76.92307692307692 0.0
708 76.92307692307692 0.0
709 73.07692307692308 0.0
710 61.53846153846154 0.0
711 61.53846153846154 0.0
712 53.84615384615385 0.0
713 61.53846153846154 0.0
714 65.38461538461539 0.0
715 84.61538461538461 0.0
716 84.61538461538461 1.5625
717 84.61538461538461 0.0
718 92.3076923076923 0.0
719 84.61538461538461 0.0
720 92.3076923076923 0.0
721 69.23076923076923 0.0
722 80.76923076923077 0.0
723 76.92307692307692 0.0
724 88.46153846153847 0.0
725 73.07692307692308 0.0
726 69.23076923076923 0.0
727 57.69230769230769 0.0
728 65.38461538461539 0.0
729 69.23076923076923 0.0
730 84.61538461538461 0.0
731 65.38461538461539 0.0
732 76.92307692307692 0.0
733 92.3076923076923 0.0
734 84.61538461538461 0.0
735 76.92307692307692 0.0
736 73.07692307692308 0.0
737 92.3076923076923 0.0
738 84.61538461538461 0.0
739 76.92307692307692 0.0
740 88.46153846153847 1.5625
741 76.92307692307692 1.5625
742 76.92307692307692 3.125
743 69.23076923076923 0.0
744 76.92307692307692 1.5625
745 84.61538461538461 0.0
746 84.61538461538461 0.0
747 73.07692307692308 0.0
748 73.07692307692308 0.0
749 65.38461538461539 0.0
750 57.69230769230769 0.0
751 80.76923076923077 1.5625
752 65.38461538461539 0.0
753 61.53846153846154 0.0
754 50.0 0.0
755 61.53846153846154 0.0
756 69.23076923076923 1.5625
757 73.07692307692308 1.5625
758 69.23076923076923 0.0
759 69.23076923076923 0.0
760 65.38461538461539 0.0
761 69.23076923076923 0.0
762 76.92307692307692 0.0
763 53.84615384615385 0.0
764 65.38461538461539 0.0
765 38.46153846153846 0.0
766 57.69230769230769 0.0
767 42.30769230769231 0.0
768 50.0 0.0
769 61.53846153846154 0.0
770 76.92307692307692 0.0
771 61.53846153846154 0.0
772 53.84615384615385 0.0
773 61.53846153846154 0.0
774 65.38461538461539 0.0
775 69.23076923076923 0.0
776 50.0 0.0
777 73.07692307692308 0.0
778 61.53846153846154 0.0
779 69.23076923076923 0.0
780 53.84615384615385 0.0
781 61.53846153846154 0.0
782 50.0 0.0
783 69.23076923076923 0.0
784 61.53846153846154 0.0
785 57.69230769230769 0.0
786 80.76923076923077 0.0
787 80.76923076923077 0.0
788 76.92307692307692 0.0
789 69.23076923076923 0.0
790 76.92307692307692 0.0
791 73.07692307692308 0.0
792 57.69230769230769 0.0
793 61.53846153846154 0.0
794 76.92307692307692 0.0
795 61.53846153846154 0.0
796 80.76923076923077 0.0
797 84.61538461538461 0.0
798 92.3076923076923 0.0
799 80.76923076923077 0.0
800 84.61538461538461 0.0
801 69.23076923076923 0.0
802 84.61538461538461 0.0
803 69.23076923076923 0.0
804 69.23076923076923 0.0
805 65.38461538461539 0.0
806 76.92307692307692 0.0
807 69.23076923076923 0.0
808 69.23076923076923 0.0
809 76.92307692307692 0.0
810 65.38461538461539 0.0
811 69.23076923076923 0.0
812 65.38461538461539 0.0
813 73.07692307692308 1.5625
814 61.53846153846154 0.0
815 61.53846153846154 0.0
816 57.69230769230769 0.0
817 50.0 0.0
818 57.69230769230769 0.0
819 53.84615384615385 0.0
820 61.53846153846154 0.0
821 73.07692307692308 0.0
822 69.23076923076923 0.0
823 76.92307692307692 0.0
824 76.92307692307692 0.0
825 76.92307692307692 0.0
826 76.92307692307692 0.0
827 65.38461538461539 0.0
828 61.53846153846154 0.0
829 53.84615384615385 0.0
830 65.38461538461539 0.0
831 53.84615384615385 0.0
832 57.69230769230769 0.0
833 69.23076923076923 0.0
834 53.84615384615385 0.0
835 61.53846153846154 0.0
836 53.84615384615385 0.0
837 46.15384615384615 0.0
838 65.38461538461539 0.0
839 65.38461538461539 0.0
840 57.69230769230769 0.0
841 46.15384615384615 0.0
842 50.0 0.0
843 38.46153846153846 0.0
844 46.15384615384615 0.0
845 42.30769230769231 0.0
846 46.15384615384615 0.0
847 50.0 0.0
848 53.84615384615385 0.0
849 50.0 0.0
850 53.84615384615385 0.0
851 42.30769230769231 0.0
852 42.30769230769231 0.0
853 57.69230769230769 0.0
854 50.0 0.0
855 57.69230769230769 0.0
856 65.38461538461539 0.0
857 65.38461538461539 0.0
858 50.0 0.0
859 61.53846153846154 0.0
860 57.69230769230769 0.0
861 65.38461538461539 0.0
862 61.53846153846154 0.0
863 69.23076923076923 0.0
864 61.53846153846154 0.0
865 61.53846153846154 0.0
866 69.23076923076923 0.0
867 46.15384615384615 0.0
868 69.23076923076923 0.0
869 76.92307692307692 0.0
870 69.23076923076923 0.0
871 69.23076923076923 0.0
872 80.76923076923077 0.0
873 69.23076923076923 0.0
874 65.38461538461539 0.0
875 80.76923076923077 0.0
876 76.92307692307692 0.0
877 65.38461538461539 0.0
878 53.84615384615385 0.0
879 76.92307692307692 0.0
880 92.3076923076923 0.0
881 84.61538461538461 0.0
882 84.61538461538461 0.0
883 76.92307692307692 0.0
884 73.07692307692308 0.0
885 84.61538461538461 0.0
886 76.92307692307692 0.0
887 92.3076923076923 0.0
888 84.61538461538461 0.0
889 65.38461538461539 0.0
890 84.61538461538461 0.0
891 76.92307692307692 0.0
892 61.53846153846154 0.0
893 76.92307692307692 0.0
894 73.07692307692308 0.0
895 69.23076923076923 0.0
896 65.38461538461539 0.0
897 61.53846153846154 0.0
898 57.69230769230769 0.0
899 57.69230769230769 0.0
900 57.69230769230769 0.0
901 69.23076923076923 0.0
902 53.84615384615385 0.0
903 57.69230769230769 0.0
904 69.23076923076923 0.0
905 73.07692307692308 0.0
906 61.53846153846154 0.0
907 46.15384615384615 0.0
908 46.15384615384615 0.0
909 50.0 0.0
910 57.69230769230769 0.0
911 53.84615384615385 0.0
912 46.15384615384615 0.0
913 69.23076923076923 0.0
914 84.61538461538461 0.0
915 76.92307692307692 0.0
916 69.23076923076923 0.0
917 65.38461538461539 0.0
918 69.23076923076923 0.0
919 65.38461538461539 0.0
920 50.0 0.0
921 57.69230769230769 0.0
922 42.30769230769231 0.0
923 57.69230769230769 0.0
924 57.69230769230769 0.0
925 69.23076923076923 0.0
926 61.53846153846154 0.0
927 69.23076923076923 0.0
928 69.23076923076923 0.0
929 50.0 0.0
930 53.84615384615385 0.0
931 61.53846153846154 0.0
932 92.3076923076923 0.0
933 76.92307692307692 0.0
934 84.61538461538461 0.0
935 84.61538461538461 0.0
936 69.23076923076923 0.0
937 65.38461538461539 0.0
938 69.23076923076923 0.0
939 76.92307692307692 0.0
940 84.61538461538461 0.0
941 84.61538461538461 0.0
942 76.92307692307692 0.0
943 73.07692307692308 0.0
944 76.92307692307692 0.0
945 69.23076923076923 0.0
946 76.92307692307692 0.0
947 80.76923076923077 0.0
948 80.76923076923077 0.0
949 80.76923076923077 0.0
950 76.92307692307692 0.0
951 73.07692307692308 0.0
952 73.07692307692308 0.0
953 65.38461538461539 0.0
954 69.23076923076923 0.0
955 57.69230769230769 0.0
956 69.23076923076923 0.0
957 76.92307692307692 0.0
958 57.69230769230769 0.0
959 84.61538461538461 0.0
960 76.92307692307692 0.0
961 69.23076923076923 0.0
962 76.92307692307692 0.0
963 69.23076923076923 0.0
964 73.07692307692308 0.0
965 69.23076923076923 0.0
966 73.07692307692308 0.0
967 65.38461538461539 0.0
968 53.84615384615385 0.0
969 57.69230769230769 0.0
970 46.15384615384615 0.0
971 65.38461538461539 0.0
972 80.76923076923077 0.0
973 69.23076923076923 0.0
974 69.23076923076923 0.0
975 80.76923076923077 0.0
976 61.53846153846154 0.0
977 53.84615384615385 0.0
978 76.92307692307692 0.0
979 61.53846153846154 0.0
980 57.69230769230769 0.0
981 53.84615384615385 0.0
982 53.84615384615385 0.0
983 65.38461538461539 0.0
984 65.38461538461539 0.0
985 61.53846153846154 0.0
986 61.53846153846154 0.0
987 80.76923076923077 0.0
988 84.61538461538461 0.0
989 69.23076923076923 0.0
990 84.61538461538461 0.0
991 88.46153846153847 0.0
992 73.07692307692308 0.0
993 76.92307692307692 1.5625
994 92.3076923076923 0.0
995 65.38461538461539 0.0
996 69.23076923076923 0.0
997 73.07692307692308 0.0
998 80.76923076923077 0.0
999 84.61538461538461 0.0
