#resid average_duration max_duration persistent_contacts
1 4.657894736842105 17 76
10 3.6721311475409837 19 61
11 4.045454545454546 20 44
12 4.620689655172414 19 87
13 4.394736842105263 17 38
14 4.677966101694915 24 59
15 4.337837837837838 28 74
16 4.205882352941177 14 68
17 4.2 26 50
18 4.8076923076923075 23 52
19 4.142857142857143 16 70
2 5.066666666666666 22 60
20 4.617647058823529 17 68
21 4.184210526315789 15 76
22 5.333333333333333 23 72
23 4.043478260869565 13 69
24 5.2063492063492065 19 63
25 4.573770491803279 24 61
26 4.040816326530612 10 49
3 4.5 6 2
4 3.8115942028985508 13 69
5 4.315789473684211 22 57
6 4.4 28 60
7 4.9245283018867925 20 53
8 4.647058823529412 26 51
9 5.27536231884058 16 69
#TOTAL_CONTACTS 4242 for 1000 frames
