#resid average_duration max_duration persistent_contacts
1 4.1 13 70
10 3.869565217391304 13 69
11 4.23943661971831 18 71
12 4.63265306122449 15 49
13 5.24 30 75
14 5.479166666666667 51 96
15 3.9661016949152543 21 59
16 4.09375 15 64
17 3.74 12 50
18 4.294871794871795 18 78
19 4.430232558139535 27 86
2 4.125 13 80
20 4.9480519480519485 27 77
21 4.8375 18 80
22 3.533333333333333 15 30
23 4.125 12 48
24 5.137254901960785 51 51
25 4.617647058823529 24 102
26 3.914285714285714 10 35
3 5.158536585365853 30 82
4 4.553571428571429 22 56
5 3.7375 12 80
6 3.95 9 40
7 4.0 18 68
8 3.5 12 86
9 4.0606060606060606 18 66
#TOTAL_CONTACTS 4731 for 1000 frames
