#resid average_duration max_duration persistent_contacts
1 3.9523809523809526 11 42
10 4.159090909090909 15 44
11 5.446808510638298 21 47
12 4.129032258064516 21 62
13 4.3580246913580245 17 81
14 4.666666666666667 21 78
15 4.970588235294118 26 68
16 4.2075471698113205 15 53
17 5.202898550724638 17 69
18 3.830508474576271 22 59
19 3.912280701754386 15 57
2 4.5 26 88
20 4.0754716981132075 14 53
21 4.294117647058823 19 85
22 3.902439024390244 19 82
23 4.1208791208791204 21 91
24 3.963636363636364 22 55
25 4.773809523809524 21 84
26 3.8333333333333335 19 66
3 4.116883116883117 15 77
4 3.9375 15 32
5 4.15 21 80
6 4.289156626506024 15 83
7 4.148936170212766 11 47
8 3.449275362318841 21 69
9 4.779411764705882 14 68
#TOTAL_CONTACTS 4598 for 1000 frames
