#resid average_duration max_duration persistent_contacts
1 5.217391304347826 30 69
10 4.347222222222222 20 72
11 4.2272727272727275 20 66
12 4.582278481012659 23 79
13 4.555555555555555 21 90
14 5.025974025974026 20 77
15 5.09375 30 96
16 4.0 4 1
17 4.833333333333333 17 78
18 4.977011494252873 21 87
19 4.7727272727272725 20 66
2 4.197183098591549 18 71
20 4.333333333333333 5 3
21 4.568627450980392 22 102
22 4.454545454545454 18 55
23 4.6875 15 64
24 4.919354838709677 24 62
25 4.28169014084507 21 71
26 4.954545454545454 18 66
3 4.327868852459017 13 61
4 4.0886075949367084 20 79
5 4.101123595505618 16 89
6 4.289156626506024 14 83
7 5.196428571428571 22 56
8 4.871428571428571 23 70
9 4.423728813559322 14 59
#TOTAL_CONTACTS 5011 for 1000 frames
