#resid average_duration max_duration persistent_contacts
1 5.148148148148148 25 81
10 4.711864406779661 19 59
11 4.285714285714286 22 49
12 4.8125 20 64
13 4.389830508474576 14 59
14 4.236363636363636 19 55
15 5.063492063492063 21 63
16 4.278688524590164 25 61
17 4.2444444444444445 11 45
18 4.974025974025974 22 77
19 4.619047619047619 18 63
2 4.709090909090909 16 55
20 4.0 12 81
21 4.737704918032787 20 61
22 3.0 4 2
23 4.53125 13 64
24 4.833333333333333 15 84
25 5.028169014084507 21 71
26 3.8679245283018866 16 53
3 3.7916666666666665 11 48
4 5.090909090909091 19 55
5 4.851851851851852 16 27
6 4.046875 15 64
7 5.592592592592593 16 27
8 4.76 16 50
9 4.089743589743589 17 78
#TOTAL_CONTACTS 4184 for 1000 frames
