#resid average_duration max_duration persistent_contacts
1 4.869565217391305 19 69
10 4.972602739726027 19 73
11 4.16 20 100
12 4.423076923076923 16 52
13 4.348837209302325 15 43
14 4.777777777777778 20 72
15 4.5 19 54
16 4.153846153846154 14 52
17 4.905405405405405 23 74
18 5.101010101010101 20 99
19 4.535714285714286 18 56
2 5.205479452054795 19 73
20 5.0875 17 80
21 4.9875 24 80
22 4.747252747252747 23 91
23 5.056338028169014 31 71
24 4.975 13 40
25 5.666666666666667 18 42
26 5.878787878787879 31 66
3 4.884615384615385 18 78
4 5.078947368421052 20 76
5 4.033898305084746 16 59
6 4.552631578947368 16 76
7 5.140350877192983 18 57
8 5.565217391304348 24 69
9 5.7125 22 80
#TOTAL_CONTACTS 5274 for 1000 frames
