#frame monomers_% popc_isolated_%
0 30.76923076923077 0.0
1 42.30769230769231 0.0
2 30.76923076923077 0.0
3 46.15384615384615 0.0
4 38.46153846153846 0.0
5 46.15384615384615 0.0
6 30.76923076923077 0.0
7 30.76923076923077 0.0
8 42.30769230769231 0.0
9 30.76923076923077 0.0
10 42.30769230769231 0.0
11 50.0 0.0
12 42.30769230769231 0.0
13 50.0 0.0
14 38.46153846153846 0.0
15 34.61538461538461 0.0
16 42.30769230769231 0.0
17 38.46153846153846 0.0
18 26.923076923076923 0.0
19 30.76923076923077 0.0
20 26.923076923076923 0.0
21 30.76923076923077 0.0
22 38.46153846153846 0.0
23 23.076923076923077 0.0
24 19.23076923076923 0.0
25 42.30769230769231 0.0
26 38.46153846153846 0.0
27 23.076923076923077 0.0
28 34.61538461538461 0.0
29 30.76923076923077 0.0
30 38.46153846153846 0.0
31 34.61538461538461 0.0
32 50.0 0.0
33 42.30769230769231 0.0
34 42.30769230769231 0.0
35 46.15384615384615 0.0
36 38.46153846153846 0.0
37 38.46153846153846 0.0
38 46.15384615384615 0.0
39 34.61538461538461 0.0
40 23.076923076923077 0.0
41 34.61538461538461 0.0
42 38.46153846153846 0.0
43 46.15384615384615 0.0
44 30.76923076923077 0.0
45 23.076923076923077 0.0
46 26.923076923076923 0.0
47 38.46153846153846 0.0
48 26.923076923076923 0.0
49 30.76923076923077 0.0
50 42.30769230769231 0.0
51 30.76923076923077 0.0
52 26.923076923076923 0.0
53 26.923076923076923 0.0
54 30.76923076923077 0.0
55 38.46153846153846 0.0
56 46.15384615384615 0.0
57 42.30769230769231 0.0
58 30.76923076923077 0.0
59 34.61538461538461 0.0
60 34.61538461538461 0.0
61 30.76923076923077 0.0
62 30.76923076923077 0.0
63 30.76923076923077 0.0
64 34.61538461538461 0.0
65 34.61538461538461 0.0
66 42.30769230769231 0.0
67 46.15384615384615 0.0
68 34.61538461538461 0.0
69 30.76923076923077 0.0
70 26.923076923076923 0.0
71 23.076923076923077 0.0
72 23.076923076923077 0.0
73 34.61538461538461 0.0
74 30.76923076923077 0.0
75 30.76923076923077 0.0
76 23.076923076923077 0.0
77 26.923076923076923 0.0
78 30.76923076923077 0.0
79 23.076923076923077 0.0
80 30.76923076923077 0.0
81 38.46153846153846 0.0
82 34.61538461538461 0.0
83 30.76923076923077 0.0
84 30.76923076923077 0.0
85 26.923076923076923 0.0
86 23.076923076923077 0.0
87 34.61538461538461 0.0
88 26.923076923076923 0.0
89 26.923076923076923 0.0
90 34.61538461538461 0.0
91 30.76923076923077 0.0
92 23.076923076923077 0.0
93 34.61538461538461 0.0
94 19.23076923076923 0.0
95 15.384615384615385 0.0
96 11.538461538461538 0.0
97 11.538461538461538 0.0
98 15.384615384615385 0.0
99 23.076923076923077 0.0
100 15.384615384615385 0.0
101 26.923076923076923 0.0
102 26.923076923076923 0.0
103 11.538461538461538 0.0
104 19.23076923076923 0.0
105 19.23076923076923 0.0
106 30.76923076923077 0.0
107 30.76923076923077 0.0
108 26.923076923076923 0.0
109 26.923076923076923 0.0
110 30.76923076923077 0.0
111 19.23076923076923 0.0
112 23.076923076923077 0.0
113 23.076923076923077 0.0
114 30.76923076923077 0.0
115 34.61538461538461 0.0
116 30.76923076923077 0.0
117 30.76923076923077 0.0
118 34.61538461538461 0.0
119 34.61538461538461 0.0
120 50.0 0.0
121 42.30769230769231 0.0
122 34.61538461538461 0.0
123 38.46153846153846 0.0
124 38.46153846153846 0.0
125 50.0 0.0
126 38.46153846153846 0.0
127 30.76923076923077 0.0
128 38.46153846153846 0.0
129 38.46153846153846 0.0
130 38.46153846153846 0.0
131 46.15384615384615 0.0
132 38.46153846153846 0.0
133 38.46153846153846 0.0
134 30.76923076923077 0.0
135 23.076923076923077 0.0
136 34.61538461538461 0.0
137 19.23076923076923 0.0
138 38.46153846153846 0.0
139 30.76923076923077 0.0
140 42.30769230769231 0.0
141 42.30769230769231 0.0
142 38.46153846153846 0.0
143 38.46153846153846 0.0
144 26.923076923076923 0.0
145 23.076923076923077 0.0
146 19.23076923076923 0.0
147 26.923076923076923 0.0
148 26.923076923076923 0.0
149 38.46153846153846 0.0
150 26.923076923076923 0.0
151 26.923076923076923 0.0
152 26.923076923076923 0.0
153 30.76923076923077 0.0
154 23.076923076923077 0.0
155 34.61538461538461 0.0
156 26.923076923076923 0.0
157 34.61538461538461 0.0
158 42.30769230769231 0.0
159 42.30769230769231 0.0
160 30.76923076923077 0.0
161 34.61538461538461 0.0
162 38.46153846153846 0.0
163 46.15384615384615 0.0
164 38.46153846153846 0.0
165 34.61538461538461 0.0
166 30.76923076923077 0.0
167 42.30769230769231 0.0
168 19.23076923076923 0.0
169 34.61538461538461 0.0
170 34.61538461538461 0.0
171 26.923076923076923 0.0
172 26.923076923076923 0.0
173 26.923076923076923 0.0
174 23.076923076923077 0.0
175 30.76923076923077 0.0
176 26.923076923076923 0.0
177 26.923076923076923 0.0
178 23.076923076923077 0.0
179 23.076923076923077 0.0
180 30.76923076923077 0.0
181 30.76923076923077 0.0
182 30.76923076923077 0.0
183 26.923076923076923 0.0
184 26.923076923076923 0.0
185 38.46153846153846 0.0
186 30.76923076923077 0.0
187 30.76923076923077 0.0
188 34.61538461538461 0.0
189 26.923076923076923 0.0
190 19.23076923076923 0.0
191 30.76923076923077 0.0
192 38.46153846153846 0.0
193 38.46153846153846 0.0
194 15.384615384615385 0.0
195 23.076923076923077 0.0
196 19.23076923076923 0.0
197 30.76923076923077 0.0
198 34.61538461538461 0.0
199 34.61538461538461 0.0
200 19.23076923076923 0.0
201 23.076923076923077 0.0
202 19.23076923076923 0.0
203 11.538461538461538 0.0
204 23.076923076923077 0.0
205 26.923076923076923 0.0
206 23.076923076923077 0.0
207 19.23076923076923 0.0
208 26.923076923076923 0.0
209 19.23076923076923 0.0
210 19.23076923076923 0.0
211 23.076923076923077 0.0
212 23.076923076923077 0.0
213 11.538461538461538 0.0
214 23.076923076923077 0.0
215 23.076923076923077 0.0
216 15.384615384615385 0.0
217 23.076923076923077 0.0
218 30.76923076923077 0.0
219 30.76923076923077 0.0
220 23.076923076923077 0.0
221 19.23076923076923 0.0
222 15.384615384615385 0.0
223 19.23076923076923 0.0
224 15.384615384615385 0.0
225 26.923076923076923 0.0
226 26.923076923076923 0.0
227 19.23076923076923 0.0
228 15.384615384615385 0.0
229 34.61538461538461 0.0
230 19.23076923076923 0.0
231 19.23076923076923 0.0
232 7.6923076923076925 0.0
233 11.538461538461538 0.0
234 15.384615384615385 0.0
235 23.076923076923077 0.0
236 26.923076923076923 0.0
237 34.61538461538461 0.0
238 26.923076923076923 0.0
239 11.538461538461538 0.0
240 11.538461538461538 0.0
241 15.384615384615385 0.0
242 30.76923076923077 0.0
243 11.538461538461538 0.0
244 23.076923076923077 0.0
245 23.076923076923077 0.0
246 26.923076923076923 0.0
247 23.076923076923077 0.0
248 30.76923076923077 0.0
249 26.923076923076923 0.0
250 23.076923076923077 0.0
251 23.076923076923077 0.0
252 26.923076923076923 0.0
253 26.923076923076923 0.0
254 23.076923076923077 0.0
255 23.076923076923077 0.0
256 26.923076923076923 0.0
257 34.61538461538461 0.0
258 46.15384615384615 0.0
259 30.76923076923077 0.0
260 30.76923076923077 0.0
261 26.923076923076923 0.0
262 26.923076923076923 0.0
263 34.61538461538461 0.0
264 42.30769230769231 0.0
265 46.15384615384615 0.0
266 26.923076923076923 0.0
267 26.923076923076923 0.0
268 34.61538461538461 0.0
269 19.23076923076923 0.0
270 46.15384615384615 0.0
271 34.61538461538461 0.0
272 30.76923076923077 0.0
273 34.61538461538461 0.0
274 50.0 0.0
275 34.61538461538461 0.0
276 42.30769230769231 0.0
277 30.76923076923077 0.0
278 26.923076923076923 0.0
279 26.923076923076923 0.0
280 30.76923076923077 0.0
281 15.384615384615385 0.0
282 30.76923076923077 0.0
283 11.538461538461538 0.0
284 30.76923076923077 0.0
285 34.61538461538461 0.0
286 30.76923076923077 0.0
287 23.076923076923077 0.0
288 19.23076923076923 0.0
289 38.46153846153846 0.0
290 23.076923076923077 0.0
291 30.76923076923077 0.0
292 30.76923076923077 0.0
293 19.23076923076923 0.0
294 26.923076923076923 0.0
295 26.923076923076923 0.0
296 34.61538461538461 0.0
297 42.30769230769231 0.0
298 23.076923076923077 0.0
299 26.923076923076923 0.0
300 23.076923076923077 0.0
301 34.61538461538461 0.0
302 30.76923076923077 0.0
303 34.61538461538461 0.0
304 34.61538461538461 0.0
305 23.076923076923077 0.0
306 19.23076923076923 0.0
307 34.61538461538461 0.0
308 26.923076923076923 0.0
309 26.923076923076923 0.0
310 26.923076923076923 0.0
311 30.76923076923077 0.0
312 23.076923076923077 0.0
313 19.23076923076923 0.0
314 26.923076923076923 0.0
315 23.076923076923077 0.0
316 26.923076923076923 0.0
317 23.076923076923077 0.0
318 23.076923076923077 0.0
319 23.076923076923077 0.0
320 15.384615384615385 0.0
321 26.923076923076923 0.0
322 23.076923076923077 0.0
323 23.076923076923077 0.0
324 15.384615384615385 0.0
325 19.23076923076923 0.0
326 11.538461538461538 0.0
327 23.076923076923077 0.0
328 15.384615384615385 0.0
329 19.23076923076923 0.0
330 19.23076923076923 0.0
331 15.384615384615385 0.0
332 15.384615384615385 0.0
333 11.538461538461538 0.0
334 23.076923076923077 0.0
335 19.23076923076923 0.0
336 19.23076923076923 0.0
337 15.384615384615385 0.0
338 19.23076923076923 0.0
339 15.384615384615385 0.0
340 15.384615384615385 0.0
341 26.923076923076923 0.0
342 26.923076923076923 0.0
343 15.384615384615385 0.0
344 23.076923076923077 0.0
345 19.23076923076923 0.0
346 23.076923076923077 0.0
347 19.23076923076923 0.0
348 15.384615384615385 0.0
349 26.923076923076923 0.0
350 19.23076923076923 0.0
351 11.538461538461538 0.0
352 15.384615384615385 0.0
353 19.23076923076923 0.0
354 19.23076923076923 0.0
355 19.23076923076923 0.0
356 23.076923076923077 0.0
357 15.384615384615385 0.0
358 19.23076923076923 0.0
359 23.076923076923077 0.0
360 23.076923076923077 0.0
361 19.23076923076923 0.0
362 19.23076923076923 0.0
363 23.076923076923077 0.0
364 30.76923076923077 0.0
365 23.076923076923077 0.0
366 23.076923076923077 0.0
367 15.384615384615385 0.0
368 15.384615384615385 0.0
369 19.23076923076923 0.0
370 19.23076923076923 0.0
371 23.076923076923077 0.0
372 23.076923076923077 0.0
373 23.076923076923077 0.0
374 26.923076923076923 0.0
375 26.923076923076923 0.0
376 26.923076923076923 0.0
377 19.23076923076923 0.0
378 26.923076923076923 0.0
379 26.923076923076923 0.0
380 19.23076923076923 0.0
381 15.384615384615385 0.0
382 26.923076923076923 0.0
383 30.76923076923077 0.0
384 26.923076923076923 0.0
385 11.538461538461538 0.0
386 19.23076923076923 0.0
387 23.076923076923077 0.0
388 11.538461538461538 0.0
389 19.23076923076923 0.0
390 15.384615384615385 0.0
391 15.384615384615385 0.0
392 15.384615384615385 0.0
393 19.23076923076923 0.0
394 15.384615384615385 0.0
395 23.076923076923077 0.0
396 19.23076923076923 0.0
397 26.923076923076923 0.0
398 23.076923076923077 0.0
399 23.076923076923077 0.0
400 26.923076923076923 0.0
401 34.61538461538461 0.0
402 30.76923076923077 0.0
403 23.076923076923077 0.0
404 19.23076923076923 0.0
405 19.23076923076923 0.0
406 19.23076923076923 0.0
407 19.23076923076923 0.0
408 19.23076923076923 0.0
409 23.076923076923077 0.0
410 15.384615384615385 0.0
411 26.923076923076923 0.0
412 34.61538461538461 0.0
413 30.76923076923077 0.0
414 26.923076923076923 0.0
415 23.076923076923077 0.0
416 30.76923076923077 0.0
417 30.76923076923077 0.0
418 19.23076923076923 0.0
419 19.23076923076923 0.0
420 19.23076923076923 0.0
421 19.23076923076923 0.0
422 19.23076923076923 0.0
423 7.6923076923076925 0.0
424 19.23076923076923 0.0
425 23.076923076923077 0.0
426 19.23076923076923 0.0
427 15.384615384615385 0.0
428 23.076923076923077 0.0
429 26.923076923076923 0.0
430 34.61538461538461 0.0
431 34.61538461538461 0.0
432 30.76923076923077 0.0
433 19.23076923076923 0.0
434 30.76923076923077 0.0
435 26.923076923076923 0.0
436 19.23076923076923 0.0
437 11.538461538461538 0.0
438 23.076923076923077 0.0
439 11.538461538461538 0.0
440 23.076923076923077 0.0
441 26.923076923076923 0.0
442 19.23076923076923 0.0
443 23.076923076923077 0.0
444 19.23076923076923 0.0
445 19.23076923076923 0.0
446 23.076923076923077 0.0
447 23.076923076923077 0.0
448 15.384615384615385 0.0
449 11.538461538461538 0.0
450 11.538461538461538 0.0
451 19.23076923076923 0.0
452 15.384615384615385 0.0
453 15.384615384615385 0.0
454 23.076923076923077 0.0
455 26.923076923076923 0.0
456 15.384615384615385 0.0
457 15.384615384615385 0.0
458 7.6923076923076925 0.0
459 19.23076923076923 0.0
460 15.384615384615385 0.0
461 19.23076923076923 0.0
462 15.384615384615385 0.0
463 15.384615384615385 0.0
464 23.076923076923077 0.0
465 26.923076923076923 0.0
466 23.076923076923077 0.0
467 15.384615384615385 0.0
468 11.538461538461538 0.0
469 19.23076923076923 0.0
470 3.8461538461538463 0.0
471 15.384615384615385 0.0
472 26.923076923076923 0.0
473 30.76923076923077 0.0
474 15.384615384615385 0.0
475 23.076923076923077 0.0
476 15.384615384615385 0.0
477 23.076923076923077 0.0
478 11.538461538461538 0.0
479 19.23076923076923 0.0
480 26.923076923076923 0.0
481 23.076923076923077 0.0
482 19.23076923076923 0.0
483 23.076923076923077 0.0
484 26.923076923076923 0.0
485 46.15384615384615 0.0
486 42.30769230769231 0.0
487 30.76923076923077 0.0
488 34.61538461538461 0.0
489 26.923076923076923 0.0
490 38.46153846153846 0.0
491 34.61538461538461 0.0
492 30.76923076923077 0.0
493 30.76923076923077 0.0
494 30.76923076923077 0.0
495 34.61538461538461 0.0
496 34.61538461538461 0.0
497 34.61538461538461 0.0
498 30.76923076923077 0.0
499 30.76923076923077 0.0
500 19.23076923076923 0.0
501 30.76923076923077 0.0
502 38.46153846153846 0.0
503 38.46153846153846 0.0
504 30.76923076923077 0.0
505 34.61538461538461 0.0
506 34.61538461538461 0.0
507 11.538461538461538 0.0
508 15.384615384615385 0.0
509 19.23076923076923 0.0
510 26.923076923076923 0.0
511 15.384615384615385 0.0
512 19.23076923076923 0.0
513 26.923076923076923 0.0
514 30.76923076923077 0.0
515 34.61538461538461 0.0
516 46.15384615384615 0.0
517 23.076923076923077 0.0
518 38.46153846153846 0.0
519 38.46153846153846 0.0
520 42.30769230769231 0.0
521 34.61538461538461 0.0
522 23.076923076923077 0.0
523 19.23076923076923 0.0
524 34.61538461538461 0.0
525 19.23076923076923 0.0
526 23.076923076923077 0.0
527 26.923076923076923 0.0
528 26.923076923076923 0.0
529 26.923076923076923 0.0
530 23.076923076923077 0.0
531 23.076923076923077 0.0
532 26.923076923076923 0.0
533 23.076923076923077 0.0
534 26.923076923076923 0.0
535 26.923076923076923 0.0
536 19.23076923076923 0.0
537 23.076923076923077 0.0
538 23.076923076923077 0.0
539 26.923076923076923 0.0
540 23.076923076923077 0.0
541 23.076923076923077 0.0
542 26.923076923076923 0.0
543 19.23076923076923 0.0
544 26.923076923076923 0.0
545 38.46153846153846 0.0
546 34.61538461538461 0.0
547 23.076923076923077 0.0
548 23.076923076923077 0.0
549 38.46153846153846 0.0
550 34.61538461538461 0.0
551 30.76923076923077 0.0
552 23.076923076923077 0.0
553 23.076923076923077 0.0
554 26.923076923076923 0.0
555 34.61538461538461 0.0
556 15.384615384615385 0.0
557 23.076923076923077 0.0
558 15.384615384615385 0.0
559 26.923076923076923 0.0
560 15.384615384615385 0.0
561 7.6923076923076925 0.0
562 11.538461538461538 0.0
563 26.923076923076923 0.0
564 30.76923076923077 0.0
565 30.76923076923077 0.0
566 15.384615384615385 0.0
567 26.923076923076923 0.0
568 38.46153846153846 0.0
569 26.923076923076923 0.0
570 26.923076923076923 0.0
571 34.61538461538461 0.0
572 30.76923076923077 0.0
573 34.61538461538461 0.0
574 23.076923076923077 0.0
575 38.46153846153846 0.0
576 34.61538461538461 0.0
577 38.46153846153846 0.0
578 30.76923076923077 0.0
579 38.46153846153846 0.0
580 26.923076923076923 0.0
581 42.30769230769231 0.0
582 23.076923076923077 0.0
583 19.23076923076923 0.0
584 26.923076923076923 0.0
585 26.923076923076923 0.0
586 15.384615384615385 0.0
587 26.923076923076923 0.0
588 23.076923076923077 0.0
589 19.23076923076923 0.0
590 19.23076923076923 0.0
591 19.23076923076923 0.0
592 23.076923076923077 0.0
593 30.76923076923077 0.0
594 26.923076923076923 0.0
595 23.076923076923077 0.0
596 19.23076923076923 0.0
597 23.076923076923077 0.0
598 19.23076923076923 0.0
599 15.384615384615385 0.0
600 26.923076923076923 0.0
601 7.6923076923076925 0.0
602 15.384615384615385 0.0
603 26.923076923076923 0.0
604 19.23076923076923 0.0
605 23.076923076923077 0.0
606 19.23076923076923 0.0
607 30.76923076923077 0.0
608 15.384615384615385 0.0
609 15.384615384615385 0.0
610 42.30769230769231 0.0
611 42.30769230769231 0.0
612 34.61538461538461 0.0
613 23.076923076923077 0.0
614 26.923076923076923 0.0
615 26.923076923076923 0.0
616 30.76923076923077 0.0
617 26.923076923076923 0.0
618 34.61538461538461 0.0
619 38.46153846153846 0.0
620 34.61538461538461 0.0
621 38.46153846153846 0.0
622 38.46153846153846 0.0
623 46.15384615384615 0.0
624 42.30769230769231 0.0
625 42.30769230769231 0.0
626 34.61538461538461 0.0
627 30.76923076923077 0.0
628 23.076923076923077 0.0
629 30.76923076923077 0.0
630 26.923076923076923 0.0
631 38.46153846153846 0.0
632 30.76923076923077 0.0
633 19.23076923076923 0.0
634 19.23076923076923 0.0
635 23.076923076923077 0.0
636 11.538461538461538 0.0
637 23.076923076923077 0.0
638 30.76923076923077 0.0
639 19.23076923076923 0.0
640 26.923076923076923 0.0
641 19.23076923076923 0.0
642 15.384615384615385 0.0
643 11.538461538461538 0.0
644 15.384615384615385 0.0
645 42.30769230769231 0.0
646 34.61538461538461 0.0
647 23.076923076923077 0.0
648 19.23076923076923 0.0
649 26.923076923076923 0.0
650 26.923076923076923 0.0
651 26.923076923076923 0.0
652 23.076923076923077 0.0
653 15.384615384615385 0.0
654 15.384615384615385 0.0
655 30.76923076923077 0.0
656 34.61538461538461 0.0
657 42.30769230769231 0.0
658 30.76923076923077 0.0
659 34.61538461538461 0.0
660 34.61538461538461 0.0
661 30.76923076923077 0.0
662 19.23076923076923 0.0
663 23.076923076923077 0.0
664 26.923076923076923 0.0
665 46.15384615384615 0.0
666 46.15384615384615 0.0
667 50.0 0.0
668 42.30769230769231 0.0
669 30.76923076923077 0.0
670 34.61538461538461 0.0
671 34.61538461538461 0.0
672 38.46153846153846 0.0
673 30.76923076923077 0.0
674 30.76923076923077 0.0
675 34.61538461538461 0.0
676 42.30769230769231 0.0
677 23.076923076923077 0.0
678 38.46153846153846 0.0
679 26.923076923076923 0.0
680 15.384615384615385 0.0
681 23.076923076923077 0.0
682 34.61538461538461 0.0
683 34.61538461538461 0.0
684 38.46153846153846 0.0
685 30.76923076923077 0.0
686 38.46153846153846 0.0
687 38.46153846153846 0.0
688 38.46153846153846 0.0
689 23.076923076923077 0.0
690 30.76923076923077 0.0
691 38.46153846153846 0.0
692 30.76923076923077 0.0
693 23.076923076923077 0.0
694 34.61538461538461 0.0
695 30.76923076923077 0.0
696 26.923076923076923 0.0
697 38.46153846153846 0.0
698 19.23076923076923 0.0
699 38.46153846153846 0.0
700 30.76923076923077 0.0
701 46.15384615384615 0.0
702 38.46153846153846 0.0
703 30.76923076923077 0.0
704 50.0 0.0
705 34.61538461538461 0.0
706 34.61538461538461 0.0
707 30.76923076923077 0.0
708 23.076923076923077 0.0
709 34.61538461538461 0.0
710 23.076923076923077 0.0
711 34.61538461538461 0.0
712 30.76923076923077 0.0
713 26.923076923076923 0.0
714 34.61538461538461 0.0
715 26.923076923076923 0.0
716 30.76923076923077 0.0
717 19.23076923076923 0.0
718 23.076923076923077 0.0
719 26.923076923076923 0.0
720 26.923076923076923 0.0
721 23.076923076923077 0.0
722 26.923076923076923 0.0
723 34.61538461538461 0.0
724 26.923076923076923 0.0
725 19.23076923076923 0.0
726 19.23076923076923 0.0
727 23.076923076923077 0.0
728 30.76923076923077 0.0
729 23.076923076923077 0.0
730 23.076923076923077 0.0
731 30.76923076923077 0.0
732 30.76923076923077 0.0
733 30.76923076923077 0.0
734 26.923076923076923 0.0
735 26.923076923076923 0.0
736 34.61538461538461 0.0
737 30.76923076923077 0.0
738 38.46153846153846 0.0
739 34.61538461538461 0.0
740 34.61538461538461 0.0
741 42.30769230769231 0.0
742 26.923076923076923 0.0
743 42.30769230769231 0.0
744 53.84615384615385 0.0
745 50.0 0.0
746 53.84615384615385 0.0
747 46.15384615384615 0.0
748 42.30769230769231 0.0
749 38.46153846153846 0.0
750 23.076923076923077 0.0
751 34.61538461538461 0.0
752 26.923076923076923 0.0
753 30.76923076923077 0.0
754 26.923076923076923 0.0
755 23.076923076923077 0.0
756 38.46153846153846 0.0
757 26.923076923076923 0.0
758 34.61538461538461 0.0
759 26.923076923076923 0.0
760 26.923076923076923 0.0
761 23.076923076923077 0.0
762 34.61538461538461 0.0
763 34.61538461538461 0.0
764 30.76923076923077 0.0
765 30.76923076923077 0.0
766 30.76923076923077 0.0
767 26.923076923076923 0.0
768 34.61538461538461 0.0
769 23.076923076923077 0.0
770 23.076923076923077 0.0
771 19.23076923076923 0.0
772 26.923076923076923 0.0
773 26.923076923076923 0.0
774 30.76923076923077 0.0
775 38.46153846153846 0.0
776 26.923076923076923 0.0
777 38.46153846153846 0.0
778 46.15384615384615 0.0
779 38.46153846153846 0.0
780 46.15384615384615 0.0
781 42.30769230769231 0.0
782 30.76923076923077 0.0
783 34.61538461538461 0.0
784 46.15384615384615 0.0
785 42.30769230769231 0.0
786 53.84615384615385 0.0
787 50.0 0.0
788 42.30769230769231 0.0
789 38.46153846153846 0.0
790 26.923076923076923 0.0
791 26.923076923076923 0.0
792 23.076923076923077 0.0
793 34.61538461538461 0.0
794 30.76923076923077 0.0
795 23.076923076923077 0.0
796 23.076923076923077 0.0
797 30.76923076923077 0.0
798 26.923076923076923 0.0
799 23.076923076923077 0.0
800 30.76923076923077 0.0
801 30.76923076923077 0.0
802 26.923076923076923 0.0
803 26.923076923076923 0.0
804 26.923076923076923 0.0
805 30.76923076923077 0.0
806 19.23076923076923 0.0
807 19.23076923076923 0.0
808 26.923076923076923 0.0
809 26.923076923076923 0.0
810 30.76923076923077 0.0
811 19.23076923076923 0.0
812 19.23076923076923 0.0
813 26.923076923076923 0.0
814 26.923076923076923 0.0
815 26.923076923076923 0.0
816 23.076923076923077 0.0
817 11.538461538461538 0.0
818 26.923076923076923 0.0
819 15.384615384615385 0.0
820 15.384615384615385 0.0
821 26.923076923076923 0.0
822 19.23076923076923 0.0
823 34.61538461538461 0.0
824 30.76923076923077 0.0
825 38.46153846153846 0.0
826 30.76923076923077 0.0
827 26.923076923076923 0.0
828 19.23076923076923 0.0
829 34.61538461538461 0.0
830 34.61538461538461 0.0
831 23.076923076923077 0.0
832 26.923076923076923 0.0
833 30.76923076923077 0.0
834 23.076923076923077 0.0
835 26.923076923076923 0.0
836 26.923076923076923 0.0
837 23.076923076923077 0.0
838 23.076923076923077 0.0
839 30.76923076923077 0.0
840 30.76923076923077 0.0
841 38.46153846153846 0.0
842 30.76923076923077 0.0
843 42.30769230769231 0.0
844 34.61538461538461 0.0
845 34.61538461538461 0.0
846 38.46153846153846 0.0
847 42.30769230769231 0.0
848 42.30769230769231 0.0
849 50.0 0.0
850 53.84615384615385 0.0
851 34.61538461538461 0.0
852 42.30769230769231 0.0
853 42.30769230769231 0.0
854 53.84615384615385 0.0
855 46.15384615384615 0.0
856 34.61538461538461 0.0
857 50.0 0.0
858 38.46153846153846 0.0
859 46.15384615384615 0.0
860 34.61538461538461 0.0
861 30.76923076923077 0.0
862 38.46153846153846 0.0
863 42.30769230769231 0.0
864 34.61538461538461 0.0
865 34.61538461538461 0.0
866 34.61538461538461 0.0
867 34.61538461538461 0.0
868 42.30769230769231 0.0
869 30.76923076923077 0.0
870 46.15384615384615 0.0
871 46.15384615384615 0.0
872 46.15384615384615 0.0
873 23.076923076923077 0.0
874 26.923076923076923 0.0
875 38.46153846153846 0.0
876 42.30769230769231 0.0
877 30.76923076923077 0.0
878 34.61538461538461 0.0
879 26.923076923076923 0.0
880 42.30769230769231 0.0
881 19.23076923076923 0.0
882 15.384615384615385 0.0
883 26.923076923076923 0.0
884 19.23076923076923 0.0
885 19.23076923076923 0.0
886 19.23076923076923 0.0
887 23.076923076923077 0.0
888 26.923076923076923 0.0
889 15.384615384615385 0.0
890 19.23076923076923 0.0
891 15.384615384615385 0.0
892 15.384615384615385 0.0
893 15.384615384615385 0.0
894 11.538461538461538 0.0
895 19.23076923076923 0.0
896 15.384615384615385 0.0
897 19.23076923076923 0.0
898 23.076923076923077 0.0
899 19.23076923076923 0.0
900 26.923076923076923 0.0
901 26.923076923076923 0.0
902 23.076923076923077 0.0
903 23.076923076923077 0.0
904 23.076923076923077 0.0
905 30.76923076923077 0.0
906 19.23076923076923 0.0
907 19.23076923076923 0.0
908 23.076923076923077 0.0
909 19.23076923076923 0.0
910 15.384615384615385 0.0
911 26.923076923076923 0.0
912 19.23076923076923 0.0
913 30.76923076923077 0.0
914 30.76923076923077 0.0
915 30.76923076923077 0.0
916 30.76923076923077 0.0
917 19.23076923076923 0.0
918 19.23076923076923 0.0
919 26.923076923076923 0.0
920 23.076923076923077 0.0
921 30.76923076923077 0.0
922 30.76923076923077 0.0
923 34.61538461538461 0.0
924 23.076923076923077 0.0
925 19.23076923076923 0.0
926 11.538461538461538 0.0
927 19.23076923076923 0.0
928 11.538461538461538 0.0
929 26.923076923076923 0.0
930 19.23076923076923 0.0
931 26.923076923076923 0.0
932 26.923076923076923 0.0
933 11.538461538461538 0.0
934 26.923076923076923 0.0
935 19.23076923076923 0.0
936 34.61538461538461 0.0
937 26.923076923076923 0.0
938 30.76923076923077 0.0
939 38.46153846153846 0.0
940 38.46153846153846 0.0
941 26.923076923076923 0.0
942 23.076923076923077 0.0
943 23.076923076923077 0.0
944 15.384615384615385 0.0
945 15.384615384615385 0.0
946 23.076923076923077 0.0
947 19.23076923076923 0.0
948 30.76923076923077 0.0
949 46.15384615384615 0.0
950 11.538461538461538 0.0
951 26.923076923076923 0.0
952 15.384615384615385 0.0
953 34.61538461538461 0.0
954 30.76923076923077 0.0
955 46.15384615384615 0.0
956 26.923076923076923 0.0
957 23.076923076923077 0.0
958 30.76923076923077 0.0
959 23.076923076923077 0.0
960 23.076923076923077 0.0
961 26.923076923076923 0.0
962 26.923076923076923 0.0
963 11.538461538461538 0.0
964 19.23076923076923 0.0
965 23.076923076923077 0.0
966 19.23076923076923 0.0
967 15.384615384615385 0.0
968 15.384615384615385 0.0
969 19.23076923076923 0.0
970 23.076923076923077 0.0
971 11.538461538461538 0.0
972 26.923076923076923 0.0
973 30.76923076923077 0.0
974 26.923076923076923 0.0
975 30.76923076923077 0.0
976 23.076923076923077 0.0
977 19.23076923076923 0.0
978 42.30769230769231 0.0
979 23.076923076923077 0.0
980 38.46153846153846 0.0
981 30.76923076923077 0.0
982 26.923076923076923 0.0
983 34.61538461538461 0.0
984 26.923076923076923 0.0
985 34.61538461538461 0.0
986 30.76923076923077 0.0
987 26.923076923076923 0.0
988 30.76923076923077 0.0
989 34.61538461538461 0.0
990 38.46153846153846 0.0
991 30.76923076923077 0.0
992 26.923076923076923 0.0
993 23.076923076923077 0.0
994 26.923076923076923 0.0
995 34.61538461538461 0.0
996 26.923076923076923 0.0
997 26.923076923076923 0.0
998 23.076923076923077 0.0
999 26.923076923076923 0.0
