#frame monomers_% popc_isolated_%
0 23.076923076923077 0.0
1 42.30769230769231 0.0
2 19.23076923076923 0.0
3 30.76923076923077 0.0
4 23.076923076923077 0.0
5 34.61538461538461 0.0
6 30.76923076923077 0.0
7 30.76923076923077 0.0
8 23.076923076923077 0.0
9 23.076923076923077 0.0
10 26.923076923076923 0.0
11 26.923076923076923 0.0
12 34.61538461538461 0.0
13 30.76923076923077 0.0
14 34.61538461538461 0.0
15 19.23076923076923 0.0
16 15.384615384615385 0.0
17 11.538461538461538 0.0
18 23.076923076923077 0.0
19 15.384615384615385 0.0
20 19.23076923076923 0.0
21 26.923076923076923 0.0
22 23.076923076923077 0.0
23 19.23076923076923 0.0
24 19.23076923076923 0.0
25 7.6923076923076925 0.0
26 7.6923076923076925 0.0
27 7.6923076923076925 0.0
28 19.23076923076923 0.0
29 11.538461538461538 0.0
30 15.384615384615385 0.0
31 15.384615384615385 0.0
32 19.23076923076923 0.0
33 19.23076923076923 0.0
34 23.076923076923077 0.0
35 15.384615384615385 0.0
36 11.538461538461538 0.0
37 15.384615384615385 0.0
38 23.076923076923077 0.0
39 30.76923076923077 0.0
40 19.23076923076923 0.0
41 15.384615384615385 0.0
42 23.076923076923077 0.0
43 11.538461538461538 0.0
44 11.538461538461538 0.0
45 15.384615384615385 0.0
46 3.8461538461538463 0.0
47 26.923076923076923 0.0
48 11.538461538461538 0.0
49 19.23076923076923 0.0
50 26.923076923076923 0.0
51 23.076923076923077 0.0
52 23.076923076923077 0.0
53 19.23076923076923 0.0
54 26.923076923076923 0.0
55 23.076923076923077 0.0
56 15.384615384615385 0.0
57 23.076923076923077 0.0
58 11.538461538461538 0.0
59 7.6923076923076925 0.0
60 7.6923076923076925 0.0
61 15.384615384615385 0.0
62 11.538461538461538 0.0
63 15.384615384615385 0.0
64 23.076923076923077 0.0
65 15.384615384615385 0.0
66 23.076923076923077 0.0
67 19.23076923076923 0.0
68 23.076923076923077 0.0
69 23.076923076923077 0.0
70 23.076923076923077 0.0
71 23.076923076923077 0.0
72 23.076923076923077 0.0
73 23.076923076923077 0.0
74 19.23076923076923 0.0
75 30.76923076923077 0.0
76 38.46153846153846 0.0
77 26.923076923076923 0.0
78 34.61538461538461 0.0
79 34.61538461538461 0.0
80 34.61538461538461 0.0
81 30.76923076923077 0.0
82 34.61538461538461 0.0
83 34.61538461538461 0.0
84 26.923076923076923 0.0
85 23.076923076923077 0.0
86 30.76923076923077 0.0
87 34.61538461538461 0.0
88 26.923076923076923 0.0
89 26.923076923076923 0.0
90 23.076923076923077 0.0
91 30.76923076923077 0.0
92 34.61538461538461 0.0
93 30.76923076923077 0.0
94 30.76923076923077 0.0
95 34.61538461538461 0.0
96 30.76923076923077 0.0
97 46.15384615384615 0.0
98 42.30769230769231 0.0
99 38.46153846153846 0.0
100 30.76923076923077 0.0
101 38.46153846153846 0.0
102 50.0 0.0
103 46.15384615384615 0.0
104 30.76923076923077 0.0
105 34.61538461538461 0.0
106 34.61538461538461 0.0
107 30.76923076923077 0.0
108 34.61538461538461 0.0
109 34.61538461538461 0.0
110 30.76923076923077 0.0
111 30.76923076923077 0.0
112 34.61538461538461 0.0
113 26.923076923076923 0.0
114 26.923076923076923 0.0
115 38.46153846153846 0.0
116 50.0 0.0
117 46.15384615384615 0.0
118 30.76923076923077 0.0
119 42.30769230769231 0.0
120 30.76923076923077 0.0
121 38.46153846153846 0.0
122 46.15384615384615 0.0
123 50.0 0.0
124 30.76923076923077 0.0
125 30.76923076923077 0.0
126 46.15384615384615 0.0
127 50.0 0.0
128 46.15384615384615 0.0
129 38.46153846153846 0.0
130 34.61538461538461 0.0
131 26.923076923076923 0.0
132 30.76923076923077 0.0
133 30.76923076923077 0.0
134 26.923076923076923 0.0
135 19.23076923076923 0.0
136 23.076923076923077 0.0
137 34.61538461538461 0.0
138 30.76923076923077 0.0
139 38.46153846153846 0.0
140 34.61538461538461 0.0
141 46.15384615384615 0.0
142 30.76923076923077 0.0
143 46.15384615384615 0.0
144 30.76923076923077 0.0
145 34.61538461538461 0.0
146 23.076923076923077 0.0
147 19.23076923076923 0.0
148 26.923076923076923 0.0
149 30.76923076923077 0.0
150 26.923076923076923 0.0
151 19.23076923076923 0.0
152 26.923076923076923 0.0
153 23.076923076923077 0.0
154 15.384615384615385 0.0
155 11.538461538461538 0.0
156 30.76923076923077 0.0
157 26.923076923076923 0.0
158 38.46153846153846 0.0
159 38.46153846153846 0.0
160 26.923076923076923 0.0
161 53.84615384615385 0.0
162 38.46153846153846 0.0
163 26.923076923076923 0.0
164 42.30769230769231 0.0
165 46.15384615384615 0.0
166 38.46153846153846 0.0
167 42.30769230769231 0.0
168 38.46153846153846 0.0
169 38.46153846153846 0.0
170 46.15384615384615 0.0
171 42.30769230769231 0.0
172 34.61538461538461 0.0
173 34.61538461538461 0.0
174 38.46153846153846 0.0
175 34.61538461538461 0.0
176 38.46153846153846 0.0
177 57.69230769230769 0.0
178 42.30769230769231 0.0
179 38.46153846153846 0.0
180 42.30769230769231 0.0
181 69.23076923076923 0.0
182 57.69230769230769 0.0
183 46.15384615384615 0.0
184 50.0 0.0
185 65.38461538461539 0.0
186 57.69230769230769 0.0
187 50.0 0.0
188 53.84615384615385 0.0
189 42.30769230769231 0.0
190 50.0 0.0
191 34.61538461538461 0.0
192 46.15384615384615 0.0
193 23.076923076923077 0.0
194 34.61538461538461 0.0
195 30.76923076923077 0.0
196 34.61538461538461 0.0
197 38.46153846153846 0.0
198 30.76923076923077 0.0
199 57.69230769230769 0.0
200 34.61538461538461 0.0
201 50.0 0.0
202 50.0 0.0
203 57.69230769230769 0.0
204 38.46153846153846 0.0
205 34.61538461538461 0.0
206 42.30769230769231 0.0
207 38.46153846153846 0.0
208 46.15384615384615 0.0
209 34.61538461538461 0.0
210 46.15384615384615 0.0
211 38.46153846153846 0.0
212 34.61538461538461 0.0
213 46.15384615384615 0.0
214 38.46153846153846 0.0
215 34.61538461538461 0.0
216 46.15384615384615 0.0
217 30.76923076923077 0.0
218 38.46153846153846 0.0
219 38.46153846153846 0.0
220 30.76923076923077 0.0
221 30.76923076923077 0.0
222 19.23076923076923 0.0
223 26.923076923076923 0.0
224 26.923076923076923 0.0
225 30.76923076923077 0.0
226 26.923076923076923 0.0
227 42.30769230769231 0.0
228 34.61538461538461 0.0
229 26.923076923076923 0.0
230 42.30769230769231 0.0
231 42.30769230769231 0.0
232 42.30769230769231 0.0
233 42.30769230769231 0.0
234 50.0 0.0
235 34.61538461538461 0.0
236 46.15384615384615 0.0
237 50.0 0.0
238 38.46153846153846 0.0
239 19.23076923076923 0.0
240 30.76923076923077 0.0
241 30.76923076923077 0.0
242 34.61538461538461 0.0
243 30.76923076923077 0.0
244 26.923076923076923 0.0
245 23.076923076923077 0.0
246 19.23076923076923 0.0
247 30.76923076923077 0.0
248 19.23076923076923 0.0
249 19.23076923076923 0.0
250 15.384615384615385 0.0
251 19.23076923076923 0.0
252 15.384615384615385 0.0
253 7.6923076923076925 0.0
254 11.538461538461538 0.0
255 7.6923076923076925 0.0
256 11.538461538461538 0.0
257 23.076923076923077 0.0
258 11.538461538461538 0.0
259 11.538461538461538 0.0
260 19.23076923076923 0.0
261 11.538461538461538 0.0
262 11.538461538461538 0.0
263 19.23076923076923 0.0
264 7.6923076923076925 0.0
265 7.6923076923076925 0.0
266 7.6923076923076925 0.0
267 26.923076923076923 0.0
268 19.23076923076923 0.0
269 15.384615384615385 0.0
270 23.076923076923077 0.0
271 15.384615384615385 0.0
272 7.6923076923076925 0.0
273 11.538461538461538 0.0
274 15.384615384615385 0.0
275 15.384615384615385 0.0
276 15.384615384615385 0.0
277 19.23076923076923 0.0
278 19.23076923076923 0.0
279 19.23076923076923 0.0
280 26.923076923076923 0.0
281 34.61538461538461 0.0
282 23.076923076923077 0.0
283 30.76923076923077 0.0
284 23.076923076923077 0.0
285 15.384615384615385 0.0
286 19.23076923076923 0.0
287 7.6923076923076925 0.0
288 7.6923076923076925 0.0
289 11.538461538461538 0.0
290 11.538461538461538 0.0
291 15.384615384615385 0.0
292 15.384615384615385 0.0
293 15.384615384615385 0.0
294 23.076923076923077 0.0
295 15.384615384615385 0.0
296 11.538461538461538 0.0
297 15.384615384615385 0.0
298 11.538461538461538 0.0
299 19.23076923076923 0.0
300 19.23076923076923 0.0
301 15.384615384615385 0.0
302 7.6923076923076925 0.0
303 15.384615384615385 0.0
304 23.076923076923077 0.0
305 11.538461538461538 0.0
306 19.23076923076923 0.0
307 30.76923076923077 0.0
308 15.384615384615385 0.0
309 15.384615384615385 0.0
310 26.923076923076923 0.0
311 15.384615384615385 0.0
312 23.076923076923077 0.0
313 26.923076923076923 0.0
314 42.30769230769231 0.0
315 23.076923076923077 0.0
316 23.076923076923077 0.0
317 19.23076923076923 0.0
318 26.923076923076923 0.0
319 34.61538461538461 0.0
320 26.923076923076923 0.0
321 11.538461538461538 0.0
322 30.76923076923077 0.0
323 38.46153846153846 0.0
324 38.46153846153846 0.0
325 30.76923076923077 0.0
326 23.076923076923077 0.0
327 23.076923076923077 0.0
328 30.76923076923077 0.0
329 23.076923076923077 0.0
330 23.076923076923077 0.0
331 19.23076923076923 0.0
332 23.076923076923077 0.0
333 19.23076923076923 0.0
334 26.923076923076923 0.0
335 26.923076923076923 0.0
336 26.923076923076923 0.0
337 34.61538461538461 0.0
338 23.076923076923077 0.0
339 19.23076923076923 0.0
340 26.923076923076923 0.0
341 23.076923076923077 0.0
342 26.923076923076923 0.0
343 23.076923076923077 0.0
344 38.46153846153846 0.0
345 23.076923076923077 0.0
346 38.46153846153846 0.0
347 26.923076923076923 0.0
348 38.46153846153846 0.0
349 34.61538461538461 0.0
350 38.46153846153846 0.0
351 46.15384615384615 0.0
352 34.61538461538461 0.0
353 46.15384615384615 0.0
354 34.61538461538461 0.0
355 38.46153846153846 0.0
356 46.15384615384615 0.0
357 42.30769230769231 0.0
358 34.61538461538461 0.0
359 26.923076923076923 0.0
360 42.30769230769231 0.0
361 42.30769230769231 0.0
362 26.923076923076923 0.0
363 46.15384615384615 0.0
364 34.61538461538461 0.0
365 38.46153846153846 0.0
366 30.76923076923077 0.0
367 23.076923076923077 0.0
368 19.23076923076923 0.0
369 26.923076923076923 0.0
370 19.23076923076923 0.0
371 26.923076923076923 0.0
372 30.76923076923077 0.0
373 26.923076923076923 0.0
374 26.923076923076923 0.0
375 23.076923076923077 0.0
376 38.46153846153846 0.0
377 34.61538461538461 0.0
378 15.384615384615385 0.0
379 19.23076923076923 0.0
380 26.923076923076923 0.0
381 19.23076923076923 0.0
382 23.076923076923077 0.0
383 15.384615384615385 0.0
384 15.384615384615385 0.0
385 38.46153846153846 0.0
386 26.923076923076923 0.0
387 38.46153846153846 0.0
388 26.923076923076923 0.0
389 34.61538461538461 0.0
390 26.923076923076923 0.0
391 19.23076923076923 0.0
392 19.23076923076923 0.0
393 23.076923076923077 0.0
394 23.076923076923077 0.0
395 26.923076923076923 0.0
396 15.384615384615385 0.0
397 38.46153846153846 0.0
398 34.61538461538461 0.0
399 23.076923076923077 0.0
400 23.076923076923077 0.0
401 34.61538461538461 0.0
402 19.23076923076923 0.0
403 19.23076923076923 0.0
404 23.076923076923077 0.0
405 15.384615384615385 0.0
406 23.076923076923077 0.0
407 26.923076923076923 0.0
408 30.76923076923077 0.0
409 34.61538461538461 0.0
410 30.76923076923077 0.0
411 34.61538461538461 0.0
412 23.076923076923077 0.0
413 26.923076923076923 0.0
414 15.384615384615385 0.0
415 23.076923076923077 0.0
416 15.384615384615385 0.0
417 46.15384615384615 0.0
418 34.61538461538461 0.0
419 19.23076923076923 0.0
420 23.076923076923077 0.0
421 23.076923076923077 0.0
422 19.23076923076923 0.0
423 26.923076923076923 0.0
424 15.384615384615385 0.0
425 19.23076923076923 0.0
426 26.923076923076923 0.0
427 26.923076923076923 0.0
428 30.76923076923077 0.0
429 30.76923076923077 0.0
430 30.76923076923077 0.0
431 15.384615384615385 0.0
432 23.076923076923077 0.0
433 11.538461538461538 0.0
434 23.076923076923077 0.0
435 11.538461538461538 0.0
436 23.076923076923077 0.0
437 19.23076923076923 0.0
438 26.923076923076923 0.0
439 26.923076923076923 0.0
440 26.923076923076923 0.0
441 11.538461538461538 0.0
442 26.923076923076923 0.0
443 26.923076923076923 0.0
444 15.384615384615385 0.0
445 11.538461538461538 0.0
446 23.076923076923077 0.0
447 15.384615384615385 0.0
448 19.23076923076923 0.0
449 19.23076923076923 0.0
450 19.23076923076923 0.0
451 11.538461538461538 0.0
452 15.384615384615385 0.0
453 7.6923076923076925 0.0
454 3.8461538461538463 0.0
455 11.538461538461538 0.0
456 15.384615384615385 0.0
457 7.6923076923076925 0.0
458 15.384615384615385 0.0
459 15.384615384615385 0.0
460 23.076923076923077 0.0
461 23.076923076923077 0.0
462 11.538461538461538 0.0
463 3.8461538461538463 0.0
464 7.6923076923076925 0.0
465 15.384615384615385 0.0
466 15.384615384615385 0.0
467 7.6923076923076925 0.0
468 19.23076923076923 0.0
469 15.384615384615385 0.0
470 11.538461538461538 0.0
471 7.6923076923076925 0.0
472 11.538461538461538 0.0
473 11.538461538461538 0.0
474 23.076923076923077 0.0
475 19.23076923076923 0.0
476 15.384615384615385 0.0
477 11.538461538461538 0.0
478 15.384615384615385 0.0
479 23.076923076923077 0.0
480 26.923076923076923 0.0
481 38.46153846153846 0.0
482 38.46153846153846 0.0
483 38.46153846153846 0.0
484 19.23076923076923 0.0
485 15.384615384615385 0.0
486 19.23076923076923 0.0
487 34.61538461538461 0.0
488 30.76923076923077 0.0
489 30.76923076923077 0.0
490 15.384615384615385 0.0
491 26.923076923076923 0.0
492 19.23076923076923 0.0
493 23.076923076923077 0.0
494 30.76923076923077 0.0
495 19.23076923076923 0.0
496 26.923076923076923 0.0
497 38.46153846153846 0.0
498 30.76923076923077 0.0
499 42.30769230769231 0.0
500 34.61538461538461 0.0
501 26.923076923076923 0.0
502 23.076923076923077 0.0
503 46.15384615384615 0.0
504 23.076923076923077 0.0
505 23.076923076923077 0.0
506 34.61538461538461 0.0
507 34.61538461538461 0.0
508 42.30769230769231 0.0
509 42.30769230769231 0.0
510 26.923076923076923 0.0
511 38.46153846153846 0.0
512 34.61538461538461 0.0
513 30.76923076923077 0.0
514 30.76923076923077 0.0
515 30.76923076923077 0.0
516 34.61538461538461 0.0
517 26.923076923076923 0.0
518 34.61538461538461 0.0
519 19.23076923076923 0.0
520 34.61538461538461 0.0
521 19.23076923076923 0.0
522 46.15384615384615 0.0
523 30.76923076923077 0.0
524 38.46153846153846 0.0
525 30.76923076923077 0.0
526 23.076923076923077 0.0
527 19.23076923076923 0.0
528 19.23076923076923 0.0
529 19.23076923076923 0.0
530 19.23076923076923 0.0
531 30.76923076923077 0.0
532 11.538461538461538 0.0
533 19.23076923076923 0.0
534 34.61538461538461 0.0
535 23.076923076923077 0.0
536 23.076923076923077 0.0
537 19.23076923076923 0.0
538 23.076923076923077 0.0
539 15.384615384615385 0.0
540 30.76923076923077 0.0
541 23.076923076923077 0.0
542 26.923076923076923 0.0
543 19.23076923076923 0.0
544 26.923076923076923 0.0
545 19.23076923076923 0.0
546 23.076923076923077 0.0
547 19.23076923076923 0.0
548 26.923076923076923 0.0
549 30.76923076923077 0.0
550 19.23076923076923 0.0
551 26.923076923076923 0.0
552 34.61538461538461 0.0
553 26.923076923076923 0.0
554 26.923076923076923 0.0
555 26.923076923076923 0.0
556 26.923076923076923 0.0
557 30.76923076923077 0.0
558 34.61538461538461 0.0
559 26.923076923076923 0.0
560 30.76923076923077 0.0
561 30.76923076923077 0.0
562 34.61538461538461 0.0
563 15.384615384615385 0.0
564 15.384615384615385 0.0
565 30.76923076923077 0.0
566 34.61538461538461 0.0
567 26.923076923076923 0.0
568 23.076923076923077 0.0
569 30.76923076923077 0.0
570 38.46153846153846 0.0
571 26.923076923076923 0.0
572 34.61538461538461 0.0
573 15.384615384615385 0.0
574 30.76923076923077 0.0
575 23.076923076923077 0.0
576 26.923076923076923 0.0
577 30.76923076923077 0.0
578 30.76923076923077 0.0
579 30.76923076923077 0.0
580 15.384615384615385 0.0
581 11.538461538461538 0.0
582 34.61538461538461 0.0
583 23.076923076923077 0.0
584 30.76923076923077 0.0
585 38.46153846153846 0.0
586 23.076923076923077 0.0
587 30.76923076923077 0.0
588 26.923076923076923 0.0
589 46.15384615384615 0.0
590 42.30769230769231 0.0
591 42.30769230769231 0.0
592 30.76923076923077 0.0
593 23.076923076923077 0.0
594 23.076923076923077 0.0
595 19.23076923076923 0.0
596 26.923076923076923 0.0
597 23.076923076923077 0.0
598 23.076923076923077 0.0
599 23.076923076923077 0.0
600 23.076923076923077 0.0
601 15.384615384615385 0.0
602 19.23076923076923 0.0
603 30.76923076923077 0.0
604 30.76923076923077 0.0
605 19.23076923076923 0.0
606 30.76923076923077 0.0
607 15.384615384615385 0.0
608 11.538461538461538 0.0
609 23.076923076923077 0.0
610 15.384615384615385 0.0
611 26.923076923076923 0.0
612 38.46153846153846 0.0
613 30.76923076923077 0.0
614 38.46153846153846 0.0
615 42.30769230769231 0.0
616 34.61538461538461 0.0
617 30.76923076923077 0.0
618 26.923076923076923 0.0
619 23.076923076923077 0.0
620 19.23076923076923 0.0
621 23.076923076923077 0.0
622 19.23076923076923 0.0
623 19.23076923076923 0.0
624 19.23076923076923 0.0
625 19.23076923076923 0.0
626 15.384615384615385 0.0
627 15.384615384615385 0.0
628 11.538461538461538 0.0
629 23.076923076923077 0.0
630 19.23076923076923 0.0
631 19.23076923076923 0.0
632 11.538461538461538 0.0
633 23.076923076923077 0.0
634 19.23076923076923 0.0
635 23.076923076923077 0.0
636 15.384615384615385 0.0
637 15.384615384615385 0.0
638 26.923076923076923 0.0
639 19.23076923076923 0.0
640 19.23076923076923 0.0
641 19.23076923076923 0.0
642 15.384615384615385 0.0
643 19.23076923076923 0.0
644 23.076923076923077 0.0
645 23.076923076923077 0.0
646 15.384615384615385 0.0
647 19.23076923076923 0.0
648 23.076923076923077 0.0
649 26.923076923076923 0.0
650 26.923076923076923 0.0
651 26.923076923076923 0.0
652 30.76923076923077 0.0
653 38.46153846153846 0.0
654 23.076923076923077 0.0
655 30.76923076923077 0.0
656 30.76923076923077 0.0
657 30.76923076923077 0.0
658 30.76923076923077 0.0
659 26.923076923076923 0.0
660 38.46153846153846 0.0
661 26.923076923076923 0.0
662 34.61538461538461 0.0
663 26.923076923076923 0.0
664 26.923076923076923 0.0
665 30.76923076923077 0.0
666 34.61538461538461 0.0
667 30.76923076923077 0.0
668 34.61538461538461 0.0
669 26.923076923076923 0.0
670 38.46153846153846 0.0
671 38.46153846153846 0.0
672 42.30769230769231 0.0
673 30.76923076923077 0.0
674 23.076923076923077 0.0
675 23.076923076923077 0.0
676 23.076923076923077 0.0
677 23.076923076923077 0.0
678 26.923076923076923 0.0
679 26.923076923076923 0.0
680 38.46153846153846 0.0
681 30.76923076923077 0.0
682 46.15384615384615 0.0
683 42.30769230769231 0.0
684 26.923076923076923 0.0
685 30.76923076923077 0.0
686 23.076923076923077 0.0
687 26.923076923076923 0.0
688 15.384615384615385 0.0
689 38.46153846153846 0.0
690 23.076923076923077 0.0
691 34.61538461538461 0.0
692 26.923076923076923 0.0
693 30.76923076923077 0.0
694 23.076923076923077 0.0
695 30.76923076923077 0.0
696 30.76923076923077 0.0
697 23.076923076923077 0.0
698 30.76923076923077 0.0
699 30.76923076923077 0.0
700 30.76923076923077 0.0
701 34.61538461538461 0.0
702 26.923076923076923 0.0
703 30.76923076923077 0.0
704 19.23076923076923 0.0
705 23.076923076923077 0.0
706 23.076923076923077 0.0
707 26.923076923076923 0.0
708 23.076923076923077 0.0
709 34.61538461538461 0.0
710 42.30769230769231 0.0
711 46.15384615384615 0.0
712 34.61538461538461 0.0
713 30.76923076923077 0.0
714 42.30769230769231 0.0
715 23.076923076923077 0.0
716 26.923076923076923 0.0
717 23.076923076923077 0.0
718 38.46153846153846 0.0
719 34.61538461538461 0.0
720 19.23076923076923 0.0
721 19.23076923076923 0.0
722 23.076923076923077 0.0
723 23.076923076923077 0.0
724 23.076923076923077 0.0
725 23.076923076923077 0.0
726 19.23076923076923 0.0
727 19.23076923076923 0.0
728 26.923076923076923 0.0
729 19.23076923076923 0.0
730 34.61538461538461 0.0
731 23.076923076923077 0.0
732 30.76923076923077 0.0
733 26.923076923076923 0.0
734 19.23076923076923 0.0
735 19.23076923076923 0.0
736 19.23076923076923 0.0
737 34.61538461538461 0.0
738 23.076923076923077 0.0
739 19.23076923076923 0.0
740 34.61538461538461 0.0
741 23.076923076923077 0.0
742 23.076923076923077 0.0
743 26.923076923076923 0.0
744 23.076923076923077 0.0
745 34.61538461538461 0.0
746 26.923076923076923 0.0
747 26.923076923076923 0.0
748 19.23076923076923 0.0
749 23.076923076923077 0.0
750 23.076923076923077 0.0
751 19.23076923076923 0.0
752 15.384615384615385 0.0
753 19.23076923076923 0.0
754 23.076923076923077 0.0
755 23.076923076923077 0.0
756 11.538461538461538 0.0
757 19.23076923076923 0.0
758 30.76923076923077 0.0
759 23.076923076923077 0.0
760 23.076923076923077 0.0
761 19.23076923076923 0.0
762 46.15384615384615 0.0
763 42.30769230769231 0.0
764 38.46153846153846 0.0
765 30.76923076923077 0.0
766 30.76923076923077 0.0
767 23.076923076923077 0.0
768 19.23076923076923 0.0
769 26.923076923076923 0.0
770 15.384615384615385 0.0
771 23.076923076923077 0.0
772 30.76923076923077 0.0
773 26.923076923076923 0.0
774 19.23076923076923 0.0
775 26.923076923076923 0.0
776 26.923076923076923 0.0
777 19.23076923076923 0.0
778 26.923076923076923 0.0
779 26.923076923076923 0.0
780 19.23076923076923 0.0
781 19.23076923076923 0.0
782 15.384615384615385 0.0
783 19.23076923076923 0.0
784 19.23076923076923 0.0
785 19.23076923076923 0.0
786 19.23076923076923 0.0
787 26.923076923076923 0.0
788 15.384615384615385 0.0
789 15.384615384615385 0.0
790 23.076923076923077 0.0
791 19.23076923076923 0.0
792 7.6923076923076925 0.0
793 26.923076923076923 0.0
794 15.384615384615385 0.0
795 19.23076923076923 0.0
796 7.6923076923076925 0.0
797 7.6923076923076925 0.0
798 11.538461538461538 0.0
799 23.076923076923077 0.0
800 15.384615384615385 0.0
801 23.076923076923077 0.0
802 15.384615384615385 0.0
803 15.384615384615385 0.0
804 11.538461538461538 0.0
805 15.384615384615385 0.0
806 23.076923076923077 0.0
807 19.23076923076923 0.0
808 19.23076923076923 0.0
809 26.923076923076923 0.0
810 23.076923076923077 0.0
811 19.23076923076923 0.0
812 26.923076923076923 0.0
813 46.15384615384615 0.0
814 34.61538461538461 0.0
815 34.61538461538461 0.0
816 34.61538461538461 0.0
817 23.076923076923077 0.0
818 30.76923076923077 0.0
819 23.076923076923077 0.0
820 19.23076923076923 0.0
821 19.23076923076923 0.0
822 23.076923076923077 0.0
823 15.384615384615385 0.0
824 19.23076923076923 0.0
825 19.23076923076923 0.0
826 19.23076923076923 0.0
827 11.538461538461538 0.0
828 15.384615384615385 0.0
829 15.384615384615385 0.0
830 19.23076923076923 0.0
831 15.384615384615385 0.0
832 23.076923076923077 0.0
833 19.23076923076923 0.0
834 19.23076923076923 0.0
835 11.538461538461538 0.0
836 26.923076923076923 0.0
837 15.384615384615385 0.0
838 19.23076923076923 0.0
839 15.384615384615385 0.0
840 15.384615384615385 0.0
841 15.384615384615385 0.0
842 7.6923076923076925 0.0
843 15.384615384615385 0.0
844 15.384615384615385 0.0
845 19.23076923076923 0.0
846 15.384615384615385 0.0
847 19.23076923076923 0.0
848 7.6923076923076925 0.0
849 19.23076923076923 0.0
850 23.076923076923077 0.0
851 15.384615384615385 0.0
852 15.384615384615385 0.0
853 7.6923076923076925 0.0
854 15.384615384615385 0.0
855 26.923076923076923 0.0
856 34.61538461538461 0.0
857 23.076923076923077 0.0
858 38.46153846153846 0.0
859 34.61538461538461 0.0
860 19.23076923076923 0.0
861 34.61538461538461 0.0
862 15.384615384615385 0.0
863 26.923076923076923 0.0
864 30.76923076923077 0.0
865 23.076923076923077 0.0
866 34.61538461538461 0.0
867 42.30769230769231 0.0
868 38.46153846153846 0.0
869 26.923076923076923 0.0
870 38.46153846153846 0.0
871 30.76923076923077 0.0
872 26.923076923076923 0.0
873 30.76923076923077 0.0
874 26.923076923076923 0.0
875 34.61538461538461 0.0
876 23.076923076923077 0.0
877 23.076923076923077 0.0
878 23.076923076923077 0.0
879 38.46153846153846 0.0
880 23.076923076923077 0.0
881 30.76923076923077 0.0
882 42.30769230769231 0.0
883 34.61538461538461 0.0
884 34.61538461538461 0.0
885 34.61538461538461 0.0
886 38.46153846153846 0.0
887 38.46153846153846 0.0
888 26.923076923076923 0.0
889 23.076923076923077 0.0
890 30.76923076923077 0.0
891 34.61538461538461 0.0
892 23.076923076923077 0.0
893 23.076923076923077 0.0
894 23.076923076923077 0.0
895 23.076923076923077 0.0
896 30.76923076923077 0.0
897 19.23076923076923 0.0
898 30.76923076923077 0.0
899 19.23076923076923 0.0
900 30.76923076923077 0.0
901 23.076923076923077 0.0
902 19.23076923076923 0.0
903 26.923076923076923 0.0
904 26.923076923076923 0.0
905 23.076923076923077 0.0
906 34.61538461538461 0.0
907 38.46153846153846 0.0
908 34.61538461538461 0.0
909 23.076923076923077 0.0
910 26.923076923076923 0.0
911 34.61538461538461 0.0
912 26.923076923076923 0.0
913 23.076923076923077 0.0
914 30.76923076923077 0.0
915 30.76923076923077 0.0
916 26.923076923076923 0.0
917 50.0 0.0
918 34.61538461538461 0.0
919 26.923076923076923 0.0
920 34.61538461538461 0.0
921 30.76923076923077 0.0
922 42.30769230769231 0.0
923 34.61538461538461 0.0
924 34.61538461538461 0.0
925 34.61538461538461 0.0
926 34.61538461538461 0.0
927 30.76923076923077 0.0
928 42.30769230769231 0.0
929 38.46153846153846 0.0
930 46.15384615384615 0.0
931 42.30769230769231 0.0
932 46.15384615384615 0.0
933 34.61538461538461 0.0
934 38.46153846153846 0.0
935 34.61538461538461 0.0
936 30.76923076923077 0.0
937 30.76923076923077 0.0
938 23.076923076923077 0.0
939 19.23076923076923 0.0
940 38.46153846153846 0.0
941 38.46153846153846 0.0
942 34.61538461538461 0.0
943 38.46153846153846 0.0
944 42.30769230769231 0.0
945 38.46153846153846 0.0
946 38.46153846153846 0.0
947 42.30769230769231 0.0
948 38.46153846153846 0.0
949 30.76923076923077 0.0
950 23.076923076923077 0.0
951 42.30769230769231 0.0
952 23.076923076923077 0.0
953 30.76923076923077 0.0
954 23.076923076923077 0.0
955 19.23076923076923 0.0
956 26.923076923076923 0.0
957 26.923076923076923 0.0
958 38.46153846153846 0.0
959 26.923076923076923 0.0
960 30.76923076923077 0.0
961 38.46153846153846 0.0
962 38.46153846153846 0.0
963 26.923076923076923 0.0
964 50.0 0.0
965 50.0 0.0
966 26.923076923076923 0.0
967 19.23076923076923 0.0
968 30.76923076923077 0.0
969 23.076923076923077 0.0
970 46.15384615384615 0.0
971 38.46153846153846 0.0
972 34.61538461538461 0.0
973 26.923076923076923 0.0
974 26.923076923076923 0.0
975 23.076923076923077 0.0
976 30.76923076923077 0.0
977 23.076923076923077 0.0
978 19.23076923076923 0.0
979 15.384615384615385 0.0
980 30.76923076923077 0.0
981 19.23076923076923 0.0
982 34.61538461538461 0.0
983 30.76923076923077 0.0
984 30.76923076923077 0.0
985 30.76923076923077 0.0
986 34.61538461538461 0.0
987 26.923076923076923 0.0
988 23.076923076923077 0.0
989 26.923076923076923 0.0
990 15.384615384615385 0.0
991 30.76923076923077 0.0
992 30.76923076923077 0.0
993 30.76923076923077 0.0
994 26.923076923076923 0.0
995 26.923076923076923 0.0
996 26.923076923076923 0.0
997 26.923076923076923 0.0
998 30.76923076923077 0.0
999 23.076923076923077 0.0
