#frame monomers_% popc_isolated_%
0 34.61538461538461 0.0
1 34.61538461538461 0.0
2 19.23076923076923 0.0
3 34.61538461538461 0.0
4 30.76923076923077 0.0
5 26.923076923076923 0.0
6 19.23076923076923 0.0
7 23.076923076923077 0.0
8 26.923076923076923 0.0
9 23.076923076923077 0.0
10 19.23076923076923 0.0
11 23.076923076923077 0.0
12 23.076923076923077 0.0
13 19.23076923076923 0.0
14 19.23076923076923 0.0
15 15.384615384615385 0.0
16 23.076923076923077 0.0
17 15.384615384615385 0.0
18 7.6923076923076925 0.0
19 11.538461538461538 0.0
20 11.538461538461538 0.0
21 26.923076923076923 0.0
22 26.923076923076923 0.0
23 15.384615384615385 0.0
24 15.384615384615385 0.0
25 11.538461538461538 0.0
26 19.23076923076923 0.0
27 15.384615384615385 0.0
28 26.923076923076923 0.0
29 7.6923076923076925 0.0
30 19.23076923076923 0.0
31 19.23076923076923 0.0
32 23.076923076923077 0.0
33 15.384615384615385 0.0
34 26.923076923076923 0.0
35 34.61538461538461 0.0
36 23.076923076923077 0.0
37 26.923076923076923 0.0
38 30.76923076923077 0.0
39 26.923076923076923 0.0
40 26.923076923076923 0.0
41 23.076923076923077 0.0
42 19.23076923076923 0.0
43 26.923076923076923 0.0
44 23.076923076923077 0.0
45 34.61538461538461 0.0
46 26.923076923076923 0.0
47 42.30769230769231 0.0
48 34.61538461538461 0.0
49 23.076923076923077 0.0
50 30.76923076923077 0.0
51 38.46153846153846 0.0
52 42.30769230769231 0.0
53 42.30769230769231 0.0
54 30.76923076923077 0.0
55 42.30769230769231 0.0
56 30.76923076923077 0.0
57 38.46153846153846 0.0
58 26.923076923076923 0.0
59 34.61538461538461 0.0
60 23.076923076923077 0.0
61 30.76923076923077 0.0
62 34.61538461538461 0.0
63 26.923076923076923 0.0
64 26.923076923076923 0.0
65 30.76923076923077 0.0
66 30.76923076923077 0.0
67 26.923076923076923 0.0
68 23.076923076923077 0.0
69 23.076923076923077 0.0
70 38.46153846153846 0.0
71 50.0 0.0
72 30.76923076923077 0.0
73 30.76923076923077 0.0
74 30.76923076923077 0.0
75 34.61538461538461 0.0
76 42.30769230769231 0.0
77 38.46153846153846 0.0
78 42.30769230769231 0.0
79 26.923076923076923 0.0
80 30.76923076923077 0.0
81 30.76923076923077 0.0
82 38.46153846153846 0.0
83 30.76923076923077 0.0
84 26.923076923076923 0.0
85 26.923076923076923 0.0
86 26.923076923076923 0.0
87 19.23076923076923 0.0
88 19.23076923076923 0.0
89 19.23076923076923 0.0
90 23.076923076923077 0.0
91 23.076923076923077 0.0
92 23.076923076923077 0.0
93 26.923076923076923 0.0
94 26.923076923076923 0.0
95 26.923076923076923 0.0
96 23.076923076923077 0.0
97 30.76923076923077 0.0
98 19.23076923076923 0.0
99 23.076923076923077 0.0
100 23.076923076923077 0.0
101 23.076923076923077 0.0
102 26.923076923076923 0.0
103 26.923076923076923 0.0
104 23.076923076923077 0.0
105 23.076923076923077 0.0
106 30.76923076923077 0.0
107 30.76923076923077 0.0
108 30.76923076923077 0.0
109 15.384615384615385 0.0
110 34.61538461538461 0.0
111 26.923076923076923 0.0
112 26.923076923076923 0.0
113 30.76923076923077 0.0
114 34.61538461538461 0.0
115 34.61538461538461 0.0
116 50.0 0.0
117 34.61538461538461 0.0
118 38.46153846153846 0.0
119 38.46153846153846 0.0
120 30.76923076923077 0.0
121 23.076923076923077 0.0
122 26.923076923076923 0.0
123 30.76923076923077 0.0
124 23.076923076923077 0.0
125 38.46153846153846 0.0
126 30.76923076923077 0.0
127 30.76923076923077 0.0
128 30.76923076923077 0.0
129 38.46153846153846 0.0
130 38.46153846153846 0.0
131 30.76923076923077 0.0
132 34.61538461538461 0.0
133 34.61538461538461 0.0
134 34.61538461538461 0.0
135 38.46153846153846 0.0
136 38.46153846153846 0.0
137 34.61538461538461 0.0
138 34.61538461538461 0.0
139 38.46153846153846 0.0
140 30.76923076923077 0.0
141 23.076923076923077 0.0
142 15.384615384615385 0.0
143 23.076923076923077 0.0
144 26.923076923076923 0.0
145 11.538461538461538 0.0
146 23.076923076923077 0.0
147 19.23076923076923 0.0
148 19.23076923076923 0.0
149 23.076923076923077 0.0
150 19.23076923076923 0.0
151 19.23076923076923 0.0
152 23.076923076923077 0.0
153 26.923076923076923 0.0
154 15.384615384615385 0.0
155 19.23076923076923 0.0
156 23.076923076923077 0.0
157 23.076923076923077 0.0
158 3.8461538461538463 0.0
159 19.23076923076923 0.0
160 23.076923076923077 0.0
161 23.076923076923077 0.0
162 19.23076923076923 0.0
163 15.384615384615385 0.0
164 11.538461538461538 0.0
165 7.6923076923076925 0.0
166 7.6923076923076925 0.0
167 23.076923076923077 0.0
168 11.538461538461538 0.0
169 15.384615384615385 0.0
170 23.076923076923077 0.0
171 19.23076923076923 0.0
172 15.384615384615385 0.0
173 19.23076923076923 0.0
174 19.23076923076923 0.0
175 19.23076923076923 0.0
176 19.23076923076923 0.0
177 15.384615384615385 0.0
178 19.23076923076923 0.0
179 23.076923076923077 0.0
180 15.384615384615385 0.0
181 23.076923076923077 0.0
182 23.076923076923077 0.0
183 19.23076923076923 0.0
184 23.076923076923077 0.0
185 19.23076923076923 0.0
186 15.384615384615385 0.0
187 15.384615384615385 0.0
188 11.538461538461538 0.0
189 0.0 0.0
190 19.23076923076923 0.0
191 15.384615384615385 0.0
192 23.076923076923077 0.0
193 23.076923076923077 0.0
194 11.538461538461538 0.0
195 30.76923076923077 0.0
196 23.076923076923077 0.0
197 23.076923076923077 0.0
198 19.23076923076923 0.0
199 26.923076923076923 0.0
200 11.538461538461538 0.0
201 19.23076923076923 0.0
202 15.384615384615385 0.0
203 19.23076923076923 0.0
204 19.23076923076923 0.0
205 19.23076923076923 0.0
206 26.923076923076923 0.0
207 23.076923076923077 0.0
208 19.23076923076923 0.0
209 19.23076923076923 0.0
210 30.76923076923077 0.0
211 23.076923076923077 0.0
212 11.538461538461538 0.0
213 15.384615384615385 0.0
214 15.384615384615385 0.0
215 19.23076923076923 0.0
216 7.6923076923076925 0.0
217 19.23076923076923 0.0
218 11.538461538461538 0.0
219 23.076923076923077 0.0
220 7.6923076923076925 0.0
221 30.76923076923077 0.0
222 23.076923076923077 0.0
223 26.923076923076923 0.0
224 30.76923076923077 0.0
225 23.076923076923077 0.0
226 42.30769230769231 0.0
227 30.76923076923077 0.0
228 26.923076923076923 0.0
229 26.923076923076923 0.0
230 34.61538461538461 0.0
231 19.23076923076923 0.0
232 23.076923076923077 0.0
233 34.61538461538461 0.0
234 38.46153846153846 0.0
235 34.61538461538461 0.0
236 11.538461538461538 0.0
237 30.76923076923077 0.0
238 23.076923076923077 0.0
239 34.61538461538461 0.0
240 19.23076923076923 0.0
241 23.076923076923077 0.0
242 26.923076923076923 0.0
243 23.076923076923077 0.0
244 26.923076923076923 0.0
245 38.46153846153846 0.0
246 26.923076923076923 0.0
247 30.76923076923077 0.0
248 26.923076923076923 0.0
249 19.23076923076923 0.0
250 30.76923076923077 0.0
251 38.46153846153846 0.0
252 23.076923076923077 0.0
253 30.76923076923077 0.0
254 30.76923076923077 0.0
255 42.30769230769231 0.0
256 23.076923076923077 0.0
257 34.61538461538461 0.0
258 34.61538461538461 0.0
259 26.923076923076923 0.0
260 23.076923076923077 0.0
261 30.76923076923077 0.0
262 30.76923076923077 0.0
263 23.076923076923077 0.0
264 15.384615384615385 0.0
265 26.923076923076923 0.0
266 19.23076923076923 0.0
267 23.076923076923077 0.0
268 19.23076923076923 0.0
269 23.076923076923077 0.0
270 26.923076923076923 0.0
271 30.76923076923077 0.0
272 26.923076923076923 0.0
273 30.76923076923077 0.0
274 23.076923076923077 0.0
275 19.23076923076923 0.0
276 30.76923076923077 0.0
277 19.23076923076923 0.0
278 15.384615384615385 0.0
279 19.23076923076923 0.0
280 11.538461538461538 0.0
281 30.76923076923077 0.0
282 30.76923076923077 0.0
283 30.76923076923077 0.0
284 26.923076923076923 0.0
285 38.46153846153846 0.0
286 23.076923076923077 0.0
287 34.61538461538461 0.0
288 23.076923076923077 0.0
289 42.30769230769231 0.0
290 42.30769230769231 0.0
291 42.30769230769231 0.0
292 30.76923076923077 0.0
293 23.076923076923077 0.0
294 34.61538461538461 0.0
295 46.15384615384615 0.0
296 23.076923076923077 0.0
297 38.46153846153846 0.0
298 38.46153846153846 0.0
299 26.923076923076923 0.0
300 38.46153846153846 0.0
301 30.76923076923077 0.0
302 30.76923076923077 0.0
303 30.76923076923077 0.0
304 38.46153846153846 0.0
305 42.30769230769231 0.0
306 34.61538461538461 0.0
307 34.61538461538461 0.0
308 30.76923076923077 0.0
309 30.76923076923077 0.0
310 30.76923076923077 0.0
311 42.30769230769231 0.0
312 42.30769230769231 0.0
313 34.61538461538461 0.0
314 42.30769230769231 0.0
315 26.923076923076923 0.0
316 30.76923076923077 0.0
317 38.46153846153846 0.0
318 23.076923076923077 0.0
319 30.76923076923077 0.0
320 19.23076923076923 0.0
321 19.23076923076923 0.0
322 30.76923076923077 0.0
323 26.923076923076923 0.0
324 30.76923076923077 0.0
325 23.076923076923077 0.0
326 26.923076923076923 0.0
327 34.61538461538461 0.0
328 26.923076923076923 0.0
329 26.923076923076923 0.0
330 19.23076923076923 0.0
331 30.76923076923077 0.0
332 30.76923076923077 0.0
333 23.076923076923077 0.0
334 26.923076923076923 0.0
335 26.923076923076923 0.0
336 30.76923076923077 0.0
337 30.76923076923077 0.0
338 19.23076923076923 0.0
339 23.076923076923077 0.0
340 26.923076923076923 0.0
341 23.076923076923077 0.0
342 15.384615384615385 0.0
343 19.23076923076923 0.0
344 23.076923076923077 0.0
345 15.384615384615385 0.0
346 26.923076923076923 0.0
347 30.76923076923077 0.0
348 15.384615384615385 0.0
349 11.538461538461538 0.0
350 26.923076923076923 0.0
351 19.23076923076923 0.0
352 34.61538461538461 0.0
353 19.23076923076923 0.0
354 26.923076923076923 0.0
355 26.923076923076923 0.0
356 26.923076923076923 0.0
357 23.076923076923077 0.0
358 26.923076923076923 0.0
359 19.23076923076923 0.0
360 23.076923076923077 0.0
361 23.076923076923077 0.0
362 26.923076923076923 0.0
363 34.61538461538461 0.0
364 38.46153846153846 0.0
365 26.923076923076923 0.0
366 34.61538461538461 0.0
367 23.076923076923077 0.0
368 23.076923076923077 0.0
369 19.23076923076923 0.0
370 19.23076923076923 0.0
371 19.23076923076923 0.0
372 30.76923076923077 0.0
373 23.076923076923077 0.0
374 19.23076923076923 0.0
375 42.30769230769231 0.0
376 26.923076923076923 0.0
377 26.923076923076923 0.0
378 30.76923076923077 0.0
379 23.076923076923077 0.0
380 23.076923076923077 0.0
381 34.61538461538461 0.0
382 19.23076923076923 0.0
383 26.923076923076923 0.0
384 15.384615384615385 0.0
385 7.6923076923076925 0.0
386 15.384615384615385 0.0
387 19.23076923076923 0.0
388 15.384615384615385 0.0
389 23.076923076923077 0.0
390 30.76923076923077 0.0
391 30.76923076923077 0.0
392 23.076923076923077 0.0
393 46.15384615384615 0.0
394 38.46153846153846 0.0
395 26.923076923076923 0.0
396 30.76923076923077 0.0
397 38.46153846153846 0.0
398 46.15384615384615 0.0
399 42.30769230769231 0.0
400 42.30769230769231 0.0
401 46.15384615384615 0.0
402 46.15384615384615 0.0
403 26.923076923076923 0.0
404 30.76923076923077 0.0
405 34.61538461538461 0.0
406 30.76923076923077 0.0
407 30.76923076923077 0.0
408 30.76923076923077 0.0
409 26.923076923076923 0.0
410 26.923076923076923 0.0
411 23.076923076923077 0.0
412 26.923076923076923 0.0
413 30.76923076923077 0.0
414 19.23076923076923 0.0
415 26.923076923076923 0.0
416 23.076923076923077 0.0
417 23.076923076923077 0.0
418 23.076923076923077 0.0
419 23.076923076923077 0.0
420 26.923076923076923 0.0
421 23.076923076923077 0.0
422 30.76923076923077 0.0
423 30.76923076923077 0.0
424 30.76923076923077 0.0
425 26.923076923076923 0.0
426 26.923076923076923 0.0
427 26.923076923076923 0.0
428 26.923076923076923 0.0
429 23.076923076923077 0.0
430 19.23076923076923 0.0
431 26.923076923076923 0.0
432 26.923076923076923 0.0
433 26.923076923076923 0.0
434 19.23076923076923 0.0
435 26.923076923076923 0.0
436 23.076923076923077 0.0
437 23.076923076923077 0.0
438 30.76923076923077 0.0
439 26.923076923076923 0.0
440 23.076923076923077 0.0
441 23.076923076923077 0.0
442 23.076923076923077 0.0
443 30.76923076923077 0.0
444 30.76923076923077 0.0
445 30.76923076923077 0.0
446 30.76923076923077 0.0
447 30.76923076923077 0.0
448 30.76923076923077 0.0
449 30.76923076923077 0.0
450 15.384615384615385 0.0
451 23.076923076923077 0.0
452 15.384615384615385 0.0
453 3.8461538461538463 0.0
454 19.23076923076923 0.0
455 26.923076923076923 0.0
456 19.23076923076923 0.0
457 7.6923076923076925 0.0
458 19.23076923076923 0.0
459 3.8461538461538463 0.0
460 0.0 0.0
461 7.6923076923076925 0.0
462 23.076923076923077 0.0
463 7.6923076923076925 0.0
464 7.6923076923076925 0.0
465 11.538461538461538 0.0
466 11.538461538461538 0.0
467 19.23076923076923 0.0
468 19.23076923076923 0.0
469 15.384615384615385 0.0
470 15.384615384615385 0.0
471 23.076923076923077 0.0
472 30.76923076923077 0.0
473 15.384615384615385 0.0
474 30.76923076923077 0.0
475 23.076923076923077 0.0
476 26.923076923076923 0.0
477 30.76923076923077 0.0
478 30.76923076923077 0.0
479 34.61538461538461 0.0
480 26.923076923076923 0.0
481 38.46153846153846 0.0
482 30.76923076923077 0.0
483 38.46153846153846 0.0
484 15.384615384615385 0.0
485 30.76923076923077 0.0
486 23.076923076923077 0.0
487 23.076923076923077 0.0
488 19.23076923076923 0.0
489 30.76923076923077 0.0
490 23.076923076923077 0.0
491 15.384615384615385 0.0
492 19.23076923076923 0.0
493 19.23076923076923 0.0
494 19.23076923076923 0.0
495 15.384615384615385 0.0
496 11.538461538461538 0.0
497 11.538461538461538 0.0
498 19.23076923076923 0.0
499 11.538461538461538 0.0
500 19.23076923076923 0.0
501 23.076923076923077 0.0
502 19.23076923076923 0.0
503 26.923076923076923 0.0
504 30.76923076923077 0.0
505 38.46153846153846 0.0
506 30.76923076923077 0.0
507 19.23076923076923 0.0
508 23.076923076923077 0.0
509 26.923076923076923 0.0
510 19.23076923076923 0.0
511 34.61538461538461 0.0
512 30.76923076923077 0.0
513 15.384615384615385 0.0
514 11.538461538461538 0.0
515 23.076923076923077 0.0
516 23.076923076923077 0.0
517 19.23076923076923 0.0
518 11.538461538461538 0.0
519 23.076923076923077 0.0
520 15.384615384615385 0.0
521 7.6923076923076925 0.0
522 11.538461538461538 0.0
523 11.538461538461538 0.0
524 3.8461538461538463 0.0
525 11.538461538461538 0.0
526 15.384615384615385 0.0
527 15.384615384615385 0.0
528 15.384615384615385 0.0
529 19.23076923076923 0.0
530 15.384615384615385 0.0
531 19.23076923076923 0.0
532 7.6923076923076925 0.0
533 11.538461538461538 0.0
534 11.538461538461538 0.0
535 15.384615384615385 0.0
536 23.076923076923077 0.0
537 7.6923076923076925 0.0
538 7.6923076923076925 0.0
539 11.538461538461538 0.0
540 19.23076923076923 0.0
541 7.6923076923076925 0.0
542 7.6923076923076925 0.0
543 19.23076923076923 0.0
544 7.6923076923076925 0.0
545 15.384615384615385 0.0
546 3.8461538461538463 0.0
547 0.0 0.0
548 3.8461538461538463 0.0
549 15.384615384615385 0.0
550 11.538461538461538 0.0
551 11.538461538461538 0.0
552 11.538461538461538 0.0
553 7.6923076923076925 0.0
554 7.6923076923076925 0.0
555 0.0 0.0
556 19.23076923076923 0.0
557 19.23076923076923 0.0
558 15.384615384615385 0.0
559 23.076923076923077 0.0
560 19.23076923076923 0.0
561 19.23076923076923 0.0
562 15.384615384615385 0.0
563 23.076923076923077 0.0
564 26.923076923076923 0.0
565 7.6923076923076925 0.0
566 15.384615384615385 0.0
567 15.384615384615385 0.0
568 23.076923076923077 0.0
569 23.076923076923077 0.0
570 26.923076923076923 0.0
571 19.23076923076923 0.0
572 23.076923076923077 0.0
573 23.076923076923077 0.0
574 26.923076923076923 0.0
575 23.076923076923077 0.0
576 30.76923076923077 0.0
577 23.076923076923077 0.0
578 23.076923076923077 0.0
579 26.923076923076923 0.0
580 23.076923076923077 0.0
581 30.76923076923077 0.0
582 34.61538461538461 0.0
583 26.923076923076923 0.0
584 38.46153846153846 0.0
585 26.923076923076923 0.0
586 26.923076923076923 0.0
587 23.076923076923077 0.0
588 38.46153846153846 0.0
589 19.23076923076923 0.0
590 23.076923076923077 0.0
591 26.923076923076923 0.0
592 19.23076923076923 0.0
593 26.923076923076923 0.0
594 38.46153846153846 0.0
595 26.923076923076923 0.0
596 19.23076923076923 0.0
597 19.23076923076923 0.0
598 19.23076923076923 0.0
599 7.6923076923076925 0.0
600 15.384615384615385 0.0
601 15.384615384615385 0.0
602 26.923076923076923 0.0
603 26.923076923076923 0.0
604 26.923076923076923 0.0
605 19.23076923076923 0.0
606 34.61538461538461 0.0
607 23.076923076923077 0.0
608 19.23076923076923 0.0
609 30.76923076923077 0.0
610 34.61538461538461 0.0
611 34.61538461538461 0.0
612 38.46153846153846 0.0
613 30.76923076923077 0.0
614 34.61538461538461 0.0
615 38.46153846153846 0.0
616 34.61538461538461 0.0
617 30.76923076923077 0.0
618 34.61538461538461 0.0
619 26.923076923076923 0.0
620 26.923076923076923 0.0
621 34.61538461538461 0.0
622 34.61538461538461 0.0
623 23.076923076923077 0.0
624 38.46153846153846 0.0
625 34.61538461538461 0.0
626 34.61538461538461 0.0
627 34.61538461538461 0.0
628 19.23076923076923 0.0
629 26.923076923076923 0.0
630 30.76923076923077 0.0
631 15.384615384615385 0.0
632 30.76923076923077 0.0
633 23.076923076923077 0.0
634 23.076923076923077 0.0
635 30.76923076923077 0.0
636 23.076923076923077 0.0
637 19.23076923076923 0.0
638 23.076923076923077 0.0
639 19.23076923076923 0.0
640 30.76923076923077 0.0
641 15.384615384615385 0.0
642 34.61538461538461 0.0
643 30.76923076923077 0.0
644 30.76923076923077 0.0
645 30.76923076923077 0.0
646 23.076923076923077 0.0
647 30.76923076923077 0.0
648 30.76923076923077 0.0
649 34.61538461538461 0.0
650 23.076923076923077 0.0
651 26.923076923076923 0.0
652 26.923076923076923 0.0
653 26.923076923076923 0.0
654 34.61538461538461 0.0
655 34.61538461538461 0.0
656 23.076923076923077 0.0
657 26.923076923076923 0.0
658 34.61538461538461 0.0
659 34.61538461538461 0.0
660 42.30769230769231 0.0
661 34.61538461538461 0.0
662 30.76923076923077 0.0
663 38.46153846153846 0.0
664 30.76923076923077 0.0
665 30.76923076923077 0.0
666 26.923076923076923 0.0
667 23.076923076923077 0.0
668 23.076923076923077 0.0
669 15.384615384615385 0.0
670 11.538461538461538 0.0
671 11.538461538461538 0.0
672 19.23076923076923 0.0
673 23.076923076923077 0.0
674 19.23076923076923 0.0
675 23.076923076923077 0.0
676 23.076923076923077 0.0
677 19.23076923076923 0.0
678 7.6923076923076925 0.0
679 11.538461538461538 0.0
680 11.538461538461538 0.0
681 11.538461538461538 0.0
682 11.538461538461538 0.0
683 11.538461538461538 0.0
684 11.538461538461538 0.0
685 15.384615384615385 0.0
686 15.384615384615385 0.0
687 19.23076923076923 0.0
688 15.384615384615385 0.0
689 11.538461538461538 0.0
690 7.6923076923076925 0.0
691 7.6923076923076925 0.0
692 19.23076923076923 0.0
693 15.384615384615385 0.0
694 15.384615384615385 0.0
695 23.076923076923077 0.0
696 30.76923076923077 0.0
697 34.61538461538461 0.0
698 19.23076923076923 0.0
699 42.30769230769231 0.0
700 34.61538461538461 0.0
701 23.076923076923077 0.0
702 23.076923076923077 0.0
703 30.76923076923077 0.0
704 30.76923076923077 0.0
705 19.23076923076923 0.0
706 30.76923076923077 0.0
707 30.76923076923077 0.0
708 23.076923076923077 0.0
709 26.923076923076923 0.0
710 26.923076923076923 0.0
711 23.076923076923077 0.0
712 23.076923076923077 0.0
713 34.61538461538461 0.0
714 34.61538461538461 0.0
715 30.76923076923077 0.0
716 34.61538461538461 0.0
717 30.76923076923077 0.0
718 26.923076923076923 0.0
719 26.923076923076923 0.0
720 23.076923076923077 0.0
721 26.923076923076923 0.0
722 38.46153846153846 0.0
723 34.61538461538461 0.0
724 26.923076923076923 0.0
725 26.923076923076923 0.0
726 19.23076923076923 0.0
727 23.076923076923077 0.0
728 34.61538461538461 0.0
729 42.30769230769231 0.0
730 30.76923076923077 0.0
731 30.76923076923077 0.0
732 34.61538461538461 0.0
733 26.923076923076923 0.0
734 42.30769230769231 0.0
735 26.923076923076923 0.0
736 26.923076923076923 0.0
737 26.923076923076923 0.0
738 26.923076923076923 0.0
739 26.923076923076923 0.0
740 30.76923076923077 0.0
741 30.76923076923077 0.0
742 30.76923076923077 0.0
743 30.76923076923077 0.0
744 30.76923076923077 0.0
745 30.76923076923077 0.0
746 26.923076923076923 0.0
747 30.76923076923077 0.0
748 23.076923076923077 0.0
749 30.76923076923077 0.0
750 30.76923076923077 0.0
751 23.076923076923077 0.0
752 19.23076923076923 0.0
753 23.076923076923077 0.0
754 30.76923076923077 0.0
755 30.76923076923077 0.0
756 26.923076923076923 0.0
757 23.076923076923077 0.0
758 30.76923076923077 0.0
759 23.076923076923077 0.0
760 30.76923076923077 0.0
761 26.923076923076923 0.0
762 26.923076923076923 0.0
763 26.923076923076923 0.0
764 34.61538461538461 0.0
765 34.61538461538461 0.0
766 23.076923076923077 0.0
767 23.076923076923077 0.0
768 19.23076923076923 0.0
769 26.923076923076923 0.0
770 26.923076923076923 0.0
771 19.23076923076923 0.0
772 19.23076923076923 0.0
773 23.076923076923077 0.0
774 30.76923076923077 0.0
775 23.076923076923077 0.0
776 38.46153846153846 0.0
777 30.76923076923077 0.0
778 34.61538461538461 0.0
779 42.30769230769231 0.0
780 38.46153846153846 0.0
781 30.76923076923077 0.0
782 34.61538461538461 0.0
783 26.923076923076923 0.0
784 26.923076923076923 0.0
785 11.538461538461538 0.0
786 15.384615384615385 0.0
787 15.384615384615385 0.0
788 19.23076923076923 0.0
789 19.23076923076923 0.0
790 26.923076923076923 0.0
791 19.23076923076923 0.0
792 15.384615384615385 0.0
793 23.076923076923077 0.0
794 26.923076923076923 0.0
795 19.23076923076923 0.0
796 26.923076923076923 0.0
797 15.384615384615385 0.0
798 19.23076923076923 0.0
799 19.23076923076923 0.0
800 19.23076923076923 0.0
801 19.23076923076923 0.0
802 19.23076923076923 0.0
803 26.923076923076923 0.0
804 23.076923076923077 0.0
805 30.76923076923077 0.0
806 26.923076923076923 0.0
807 26.923076923076923 0.0
808 26.923076923076923 0.0
809 19.23076923076923 0.0
810 30.76923076923077 0.0
811 26.923076923076923 0.0
812 23.076923076923077 0.0
813 23.076923076923077 0.0
814 30.76923076923077 0.0
815 30.76923076923077 0.0
816 30.76923076923077 0.0
817 19.23076923076923 0.0
818 19.23076923076923 0.0
819 23.076923076923077 0.0
820 30.76923076923077 0.0
821 26.923076923076923 0.0
822 30.76923076923077 0.0
823 26.923076923076923 0.0
824 34.61538461538461 0.0
825 30.76923076923077 0.0
826 30.76923076923077 0.0
827 38.46153846153846 0.0
828 34.61538461538461 0.0
829 26.923076923076923 0.0
830 30.76923076923077 0.0
831 38.46153846153846 0.0
832 42.30769230769231 0.0
833 19.23076923076923 0.0
834 38.46153846153846 0.0
835 30.76923076923077 0.0
836 30.76923076923077 0.0
837 34.61538461538461 0.0
838 19.23076923076923 0.0
839 38.46153846153846 0.0
840 34.61538461538461 0.0
841 26.923076923076923 0.0
842 38.46153846153846 0.0
843 38.46153846153846 0.0
844 34.61538461538461 0.0
845 42.30769230769231 0.0
846 34.61538461538461 0.0
847 19.23076923076923 0.0
848 34.61538461538461 0.0
849 23.076923076923077 0.0
850 30.76923076923077 0.0
851 30.76923076923077 0.0
852 30.76923076923077 0.0
853 34.61538461538461 0.0
854 34.61538461538461 0.0
855 26.923076923076923 0.0
856 38.46153846153846 0.0
857 26.923076923076923 0.0
858 23.076923076923077 0.0
859 34.61538461538461 0.0
860 38.46153846153846 0.0
861 26.923076923076923 0.0
862 26.923076923076923 0.0
863 38.46153846153846 0.0
864 34.61538461538461 0.0
865 26.923076923076923 0.0
866 23.076923076923077 0.0
867 23.076923076923077 0.0
868 42.30769230769231 0.0
869 23.076923076923077 0.0
870 30.76923076923077 0.0
871 38.46153846153846 0.0
872 34.61538461538461 0.0
873 34.61538461538461 0.0
874 30.76923076923077 0.0
875 34.61538461538461 0.0
876 34.61538461538461 0.0
877 26.923076923076923 0.0
878 26.923076923076923 0.0
879 23.076923076923077 0.0
880 23.076923076923077 0.0
881 19.23076923076923 0.0
882 26.923076923076923 0.0
883 23.076923076923077 0.0
884 26.923076923076923 0.0
885 26.923076923076923 0.0
886 26.923076923076923 0.0
887 30.76923076923077 0.0
888 34.61538461538461 0.0
889 23.076923076923077 0.0
890 26.923076923076923 0.0
891 23.076923076923077 0.0
892 19.23076923076923 0.0
893 19.23076923076923 0.0
894 26.923076923076923 0.0
895 30.76923076923077 0.0
896 38.46153846153846 0.0
897 42.30769230769231 0.0
898 30.76923076923077 0.0
899 19.23076923076923 0.0
900 30.76923076923077 0.0
901 19.23076923076923 0.0
902 26.923076923076923 0.0
903 23.076923076923077 0.0
904 30.76923076923077 0.0
905 26.923076923076923 0.0
906 26.923076923076923 0.0
907 23.076923076923077 0.0
908 38.46153846153846 0.0
909 26.923076923076923 0.0
910 23.076923076923077 0.0
911 26.923076923076923 0.0
912 34.61538461538461 0.0
913 26.923076923076923 0.0
914 26.923076923076923 0.0
915 15.384615384615385 0.0
916 42.30769230769231 0.0
917 34.61538461538461 0.0
918 38.46153846153846 0.0
919 34.61538461538461 0.0
920 30.76923076923077 0.0
921 23.076923076923077 0.0
922 26.923076923076923 0.0
923 46.15384615384615 0.0
924 30.76923076923077 0.0
925 50.0 0.0
926 42.30769230769231 0.0
927 50.0 0.0
928 46.15384615384615 0.0
929 46.15384615384615 0.0
930 46.15384615384615 0.0
931 34.61538461538461 0.0
932 30.76923076923077 0.0
933 42.30769230769231 0.0
934 46.15384615384615 0.0
935 50.0 0.0
936 34.61538461538461 0.0
937 23.076923076923077 0.0
938 34.61538461538461 0.0
939 34.61538461538461 0.0
940 30.76923076923077 0.0
941 34.61538461538461 0.0
942 34.61538461538461 0.0
943 42.30769230769231 0.0
944 34.61538461538461 0.0
945 34.61538461538461 0.0
946 38.46153846153846 0.0
947 34.61538461538461 0.0
948 42.30769230769231 0.0
949 34.61538461538461 0.0
950 34.61538461538461 0.0
951 30.76923076923077 0.0
952 26.923076923076923 0.0
953 23.076923076923077 0.0
954 30.76923076923077 0.0
955 30.76923076923077 0.0
956 34.61538461538461 0.0
957 38.46153846153846 0.0
958 34.61538461538461 0.0
959 30.76923076923077 0.0
960 38.46153846153846 0.0
961 26.923076923076923 0.0
962 34.61538461538461 0.0
963 30.76923076923077 0.0
964 26.923076923076923 0.0
965 23.076923076923077 0.0
966 38.46153846153846 0.0
967 34.61538461538461 0.0
968 34.61538461538461 0.0
969 26.923076923076923 0.0
970 30.76923076923077 0.0
971 42.30769230769231 0.0
972 50.0 0.0
973 46.15384615384615 0.0
974 34.61538461538461 0.0
975 30.76923076923077 0.0
976 34.61538461538461 0.0
977 38.46153846153846 0.0
978 30.76923076923077 0.0
979 23.076923076923077 0.0
980 23.076923076923077 0.0
981 23.076923076923077 0.0
982 19.23076923076923 0.0
983 19.23076923076923 0.0
984 19.23076923076923 0.0
985 23.076923076923077 0.0
986 15.384615384615385 0.0
987 15.384615384615385 0.0
988 19.23076923076923 0.0
989 26.923076923076923 0.0
990 26.923076923076923 0.0
991 23.076923076923077 0.0
992 23.076923076923077 0.0
993 38.46153846153846 0.0
994 23.076923076923077 0.0
995 30.76923076923077 0.0
996 42.30769230769231 0.0
997 50.0 0.0
998 46.15384615384615 0.0
999 38.46153846153846 0.0
