#frame monomers_% popc_isolated_%
0 34.61538461538461 0.0
1 34.61538461538461 0.0
2 38.46153846153846 0.0
3 30.76923076923077 0.0
4 42.30769230769231 0.0
5 38.46153846153846 0.0
6 34.61538461538461 0.0
7 30.76923076923077 0.0
8 30.76923076923077 0.0
9 26.923076923076923 0.0
10 30.76923076923077 0.0
11 26.923076923076923 0.0
12 26.923076923076923 0.0
13 30.76923076923077 0.0
14 26.923076923076923 0.0
15 30.76923076923077 0.0
16 26.923076923076923 0.0
17 19.23076923076923 0.0
18 19.23076923076923 0.0
19 26.923076923076923 0.0
20 23.076923076923077 0.0
21 23.076923076923077 0.0
22 26.923076923076923 0.0
23 26.923076923076923 0.0
24 23.076923076923077 0.0
25 23.076923076923077 0.0
26 30.76923076923077 0.0
27 23.076923076923077 0.0
28 26.923076923076923 0.0
29 26.923076923076923 0.0
30 26.923076923076923 0.0
31 30.76923076923077 0.0
32 30.76923076923077 0.0
33 38.46153846153846 0.0
34 23.076923076923077 0.0
35 19.23076923076923 0.0
36 26.923076923076923 0.0
37 34.61538461538461 0.0
38 26.923076923076923 0.0
39 19.23076923076923 0.0
40 30.76923076923077 0.0
41 34.61538461538461 0.0
42 30.76923076923077 0.0
43 26.923076923076923 0.0
44 38.46153846153846 0.0
45 23.076923076923077 0.0
46 23.076923076923077 0.0
47 30.76923076923077 0.0
48 19.23076923076923 0.0
49 26.923076923076923 0.0
50 26.923076923076923 0.0
51 15.384615384615385 0.0
52 23.076923076923077 0.0
53 26.923076923076923 0.0
54 23.076923076923077 0.0
55 38.46153846153846 0.0
56 15.384615384615385 0.0
57 30.76923076923077 0.0
58 23.076923076923077 0.0
59 23.076923076923077 0.0
60 26.923076923076923 0.0
61 23.076923076923077 0.0
62 30.76923076923077 0.0
63 26.923076923076923 0.0
64 23.076923076923077 0.0
65 30.76923076923077 0.0
66 34.61538461538461 0.0
67 38.46153846153846 0.0
68 26.923076923076923 0.0
69 30.76923076923077 0.0
70 19.23076923076923 0.0
71 34.61538461538461 0.0
72 23.076923076923077 0.0
73 26.923076923076923 0.0
74 19.23076923076923 0.0
75 23.076923076923077 0.0
76 42.30769230769231 0.0
77 42.30769230769231 0.0
78 34.61538461538461 0.0
79 38.46153846153846 0.0
80 26.923076923076923 0.0
81 42.30769230769231 0.0
82 19.23076923076923 0.0
83 38.46153846153846 0.0
84 42.30769230769231 0.0
85 42.30769230769231 0.0
86 38.46153846153846 0.0
87 38.46153846153846 0.0
88 53.84615384615385 0.0
89 34.61538461538461 0.0
90 42.30769230769231 0.0
91 42.30769230769231 0.0
92 34.61538461538461 0.0
93 38.46153846153846 0.0
94 50.0 0.0
95 50.0 0.0
96 38.46153846153846 0.0
97 46.15384615384615 0.0
98 30.76923076923077 0.0
99 42.30769230769231 0.0
100 30.76923076923077 0.0
101 34.61538461538461 0.0
102 57.69230769230769 0.0
103 34.61538461538461 0.0
104 42.30769230769231 0.0
105 19.23076923076923 0.0
106 38.46153846153846 0.0
107 23.076923076923077 0.0
108 23.076923076923077 0.0
109 11.538461538461538 0.0
110 26.923076923076923 0.0
111 30.76923076923077 0.0
112 15.384615384615385 0.0
113 30.76923076923077 0.0
114 30.76923076923077 0.0
115 26.923076923076923 0.0
116 42.30769230769231 0.0
117 50.0 0.0
118 30.76923076923077 0.0
119 34.61538461538461 0.0
120 38.46153846153846 0.0
121 19.23076923076923 0.0
122 42.30769230769231 0.0
123 23.076923076923077 0.0
124 30.76923076923077 0.0
125 23.076923076923077 0.0
126 23.076923076923077 0.0
127 26.923076923076923 0.0
128 26.923076923076923 0.0
129 15.384615384615385 0.0
130 23.076923076923077 0.0
131 19.23076923076923 0.0
132 38.46153846153846 0.0
133 30.76923076923077 0.0
134 26.923076923076923 0.0
135 23.076923076923077 0.0
136 23.076923076923077 0.0
137 19.23076923076923 0.0
138 11.538461538461538 0.0
139 15.384615384615385 0.0
140 19.23076923076923 0.0
141 23.076923076923077 0.0
142 30.76923076923077 0.0
143 15.384615384615385 0.0
144 23.076923076923077 0.0
145 15.384615384615385 0.0
146 15.384615384615385 0.0
147 7.6923076923076925 0.0
148 11.538461538461538 0.0
149 19.23076923076923 0.0
150 26.923076923076923 0.0
151 19.23076923076923 0.0
152 11.538461538461538 0.0
153 19.23076923076923 0.0
154 11.538461538461538 0.0
155 15.384615384615385 0.0
156 23.076923076923077 0.0
157 19.23076923076923 0.0
158 7.6923076923076925 0.0
159 15.384615384615385 0.0
160 19.23076923076923 0.0
161 11.538461538461538 0.0
162 23.076923076923077 0.0
163 23.076923076923077 0.0
164 19.23076923076923 0.0
165 15.384615384615385 0.0
166 15.384615384615385 0.0
167 11.538461538461538 0.0
168 11.538461538461538 0.0
169 11.538461538461538 0.0
170 26.923076923076923 0.0
171 11.538461538461538 0.0
172 11.538461538461538 0.0
173 7.6923076923076925 0.0
174 7.6923076923076925 0.0
175 11.538461538461538 0.0
176 11.538461538461538 0.0
177 23.076923076923077 0.0
178 11.538461538461538 0.0
179 15.384615384615385 0.0
180 7.6923076923076925 0.0
181 11.538461538461538 0.0
182 7.6923076923076925 0.0
183 15.384615384615385 0.0
184 11.538461538461538 0.0
185 3.8461538461538463 0.0
186 11.538461538461538 0.0
187 7.6923076923076925 0.0
188 15.384615384615385 0.0
189 26.923076923076923 0.0
190 30.76923076923077 0.0
191 30.76923076923077 0.0
192 30.76923076923077 0.0
193 23.076923076923077 0.0
194 15.384615384615385 0.0
195 26.923076923076923 0.0
196 26.923076923076923 0.0
197 34.61538461538461 0.0
198 30.76923076923077 0.0
199 42.30769230769231 0.0
200 46.15384615384615 0.0
201 23.076923076923077 0.0
202 46.15384615384615 0.0
203 34.61538461538461 0.0
204 42.30769230769231 0.0
205 50.0 0.0
206 30.76923076923077 0.0
207 38.46153846153846 0.0
208 30.76923076923077 0.0
209 30.76923076923077 0.0
210 34.61538461538461 0.0
211 19.23076923076923 0.0
212 23.076923076923077 0.0
213 26.923076923076923 0.0
214 26.923076923076923 0.0
215 23.076923076923077 0.0
216 23.076923076923077 0.0
217 30.76923076923077 0.0
218 15.384615384615385 0.0
219 19.23076923076923 0.0
220 38.46153846153846 0.0
221 23.076923076923077 0.0
222 11.538461538461538 0.0
223 26.923076923076923 0.0
224 46.15384615384615 0.0
225 30.76923076923077 0.0
226 34.61538461538461 0.0
227 11.538461538461538 0.0
228 15.384615384615385 0.0
229 23.076923076923077 0.0
230 19.23076923076923 0.0
231 19.23076923076923 0.0
232 19.23076923076923 0.0
233 15.384615384615385 0.0
234 23.076923076923077 0.0
235 34.61538461538461 0.0
236 23.076923076923077 0.0
237 23.076923076923077 0.0
238 30.76923076923077 0.0
239 23.076923076923077 0.0
240 19.23076923076923 0.0
241 11.538461538461538 0.0
242 19.23076923076923 0.0
243 19.23076923076923 0.0
244 19.23076923076923 0.0
245 26.923076923076923 0.0
246 30.76923076923077 0.0
247 23.076923076923077 0.0
248 26.923076923076923 0.0
249 19.23076923076923 0.0
250 30.76923076923077 0.0
251 34.61538461538461 0.0
252 38.46153846153846 0.0
253 23.076923076923077 0.0
254 26.923076923076923 0.0
255 42.30769230769231 0.0
256 30.76923076923077 0.0
257 42.30769230769231 0.0
258 30.76923076923077 0.0
259 23.076923076923077 0.0
260 42.30769230769231 0.0
261 30.76923076923077 0.0
262 26.923076923076923 0.0
263 23.076923076923077 0.0
264 26.923076923076923 0.0
265 46.15384615384615 0.0
266 42.30769230769231 0.0
267 50.0 0.0
268 57.69230769230769 0.0
269 65.38461538461539 0.0
270 46.15384615384615 0.0
271 34.61538461538461 0.0
272 38.46153846153846 0.0
273 34.61538461538461 0.0
274 34.61538461538461 0.0
275 34.61538461538461 0.0
276 30.76923076923077 0.0
277 42.30769230769231 0.0
278 42.30769230769231 0.0
279 42.30769230769231 0.0
280 46.15384615384615 0.0
281 46.15384615384615 0.0
282 50.0 0.0
283 26.923076923076923 0.0
284 23.076923076923077 0.0
285 30.76923076923077 0.0
286 26.923076923076923 0.0
287 30.76923076923077 0.0
288 15.384615384615385 0.0
289 30.76923076923077 0.0
290 23.076923076923077 0.0
291 38.46153846153846 0.0
292 34.61538461538461 0.0
293 50.0 0.0
294 42.30769230769231 0.0
295 34.61538461538461 0.0
296 30.76923076923077 0.0
297 50.0 0.0
298 30.76923076923077 0.0
299 30.76923076923077 0.0
300 30.76923076923077 0.0
301 23.076923076923077 0.0
302 34.61538461538461 0.0
303 30.76923076923077 0.0
304 42.30769230769231 0.0
305 23.076923076923077 0.0
306 26.923076923076923 0.0
307 38.46153846153846 0.0
308 30.76923076923077 0.0
309 34.61538461538461 0.0
310 42.30769230769231 0.0
311 38.46153846153846 0.0
312 38.46153846153846 0.0
313 26.923076923076923 0.0
314 26.923076923076923 0.0
315 23.076923076923077 0.0
316 38.46153846153846 0.0
317 19.23076923076923 0.0
318 34.61538461538461 0.0
319 26.923076923076923 0.0
320 26.923076923076923 0.0
321 30.76923076923077 0.0
322 23.076923076923077 0.0
323 19.23076923076923 0.0
324 15.384615384615385 0.0
325 23.076923076923077 0.0
326 23.076923076923077 0.0
327 26.923076923076923 0.0
328 34.61538461538461 0.0
329 26.923076923076923 0.0
330 30.76923076923077 0.0
331 42.30769230769231 0.0
332 26.923076923076923 0.0
333 34.61538461538461 0.0
334 42.30769230769231 0.0
335 26.923076923076923 0.0
336 38.46153846153846 0.0
337 46.15384615384615 0.0
338 46.15384615384615 0.0
339 42.30769230769231 0.0
340 38.46153846153846 0.0
341 50.0 0.0
342 34.61538461538461 0.0
343 38.46153846153846 0.0
344 46.15384615384615 0.0
345 23.076923076923077 0.0
346 26.923076923076923 0.0
347 26.923076923076923 0.0
348 26.923076923076923 0.0
349 42.30769230769231 0.0
350 30.76923076923077 0.0
351 23.076923076923077 0.0
352 30.76923076923077 0.0
353 23.076923076923077 0.0
354 26.923076923076923 0.0
355 38.46153846153846 0.0
356 34.61538461538461 0.0
357 30.76923076923077 0.0
358 42.30769230769231 0.0
359 26.923076923076923 0.0
360 38.46153846153846 0.0
361 34.61538461538461 0.0
362 34.61538461538461 0.0
363 38.46153846153846 0.0
364 38.46153846153846 0.0
365 42.30769230769231 0.0
366 38.46153846153846 0.0
367 38.46153846153846 0.0
368 34.61538461538461 0.0
369 42.30769230769231 0.0
370 26.923076923076923 0.0
371 34.61538461538461 0.0
372 46.15384615384615 0.0
373 53.84615384615385 0.0
374 46.15384615384615 0.0
375 46.15384615384615 0.0
376 38.46153846153846 0.0
377 46.15384615384615 0.0
378 30.76923076923077 0.0
379 38.46153846153846 0.0
380 42.30769230769231 0.0
381 46.15384615384615 0.0
382 53.84615384615385 0.0
383 50.0 0.0
384 50.0 0.0
385 30.76923076923077 0.0
386 34.61538461538461 0.0
387 42.30769230769231 0.0
388 42.30769230769231 0.0
389 46.15384615384615 0.0
390 42.30769230769231 0.0
391 34.61538461538461 0.0
392 42.30769230769231 0.0
393 30.76923076923077 0.0
394 46.15384615384615 0.0
395 50.0 0.0
396 46.15384615384615 0.0
397 42.30769230769231 0.0
398 34.61538461538461 0.0
399 53.84615384615385 0.0
400 38.46153846153846 0.0
401 26.923076923076923 0.0
402 30.76923076923077 0.0
403 23.076923076923077 0.0
404 30.76923076923077 0.0
405 26.923076923076923 0.0
406 42.30769230769231 0.0
407 38.46153846153846 0.0
408 38.46153846153846 0.0
409 42.30769230769231 0.0
410 30.76923076923077 0.0
411 42.30769230769231 0.0
412 42.30769230769231 0.0
413 46.15384615384615 0.0
414 46.15384615384615 0.0
415 53.84615384615385 0.0
416 50.0 0.0
417 42.30769230769231 0.0
418 38.46153846153846 0.0
419 42.30769230769231 0.0
420 42.30769230769231 0.0
421 38.46153846153846 0.0
422 42.30769230769231 0.0
423 46.15384615384615 0.0
424 42.30769230769231 0.0
425 42.30769230769231 0.0
426 46.15384615384615 0.0
427 42.30769230769231 0.0
428 46.15384615384615 0.0
429 38.46153846153846 0.0
430 42.30769230769231 0.0
431 34.61538461538461 0.0
432 42.30769230769231 0.0
433 50.0 0.0
434 38.46153846153846 0.0
435 38.46153846153846 0.0
436 38.46153846153846 0.0
437 26.923076923076923 0.0
438 38.46153846153846 0.0
439 26.923076923076923 0.0
440 34.61538461538461 0.0
441 30.76923076923077 0.0
442 30.76923076923077 0.0
443 26.923076923076923 0.0
444 26.923076923076923 0.0
445 30.76923076923077 0.0
446 26.923076923076923 0.0
447 34.61538461538461 0.0
448 23.076923076923077 0.0
449 26.923076923076923 0.0
450 30.76923076923077 0.0
451 23.076923076923077 0.0
452 26.923076923076923 0.0
453 30.76923076923077 0.0
454 26.923076923076923 0.0
455 26.923076923076923 0.0
456 42.30769230769231 0.0
457 30.76923076923077 0.0
458 30.76923076923077 0.0
459 26.923076923076923 0.0
460 34.61538461538461 0.0
461 19.23076923076923 0.0
462 26.923076923076923 0.0
463 26.923076923076923 0.0
464 30.76923076923077 0.0
465 34.61538461538461 0.0
466 30.76923076923077 0.0
467 38.46153846153846 0.0
468 30.76923076923077 0.0
469 26.923076923076923 0.0
470 38.46153846153846 0.0
471 42.30769230769231 0.0
472 42.30769230769231 0.0
473 42.30769230769231 0.0
474 38.46153846153846 0.0
475 30.76923076923077 0.0
476 38.46153846153846 0.0
477 38.46153846153846 0.0
478 42.30769230769231 0.0
479 50.0 0.0
480 42.30769230769231 0.0
481 50.0 0.0
482 38.46153846153846 0.0
483 26.923076923076923 0.0
484 34.61538461538461 0.0
485 42.30769230769231 0.0
486 34.61538461538461 0.0
487 34.61538461538461 0.0
488 26.923076923076923 0.0
489 26.923076923076923 0.0
490 19.23076923076923 0.0
491 23.076923076923077 0.0
492 26.923076923076923 0.0
493 30.76923076923077 0.0
494 38.46153846153846 0.0
495 38.46153846153846 0.0
496 34.61538461538461 0.0
497 26.923076923076923 0.0
498 26.923076923076923 0.0
499 34.61538461538461 0.0
500 42.30769230769231 0.0
501 38.46153846153846 0.0
502 34.61538461538461 0.0
503 19.23076923076923 0.0
504 30.76923076923077 0.0
505 23.076923076923077 0.0
506 23.076923076923077 0.0
507 23.076923076923077 0.0
508 19.23076923076923 0.0
509 23.076923076923077 0.0
510 34.61538461538461 0.0
511 26.923076923076923 0.0
512 23.076923076923077 0.0
513 26.923076923076923 0.0
514 34.61538461538461 0.0
515 30.76923076923077 0.0
516 42.30769230769231 0.0
517 26.923076923076923 0.0
518 34.61538461538461 0.0
519 38.46153846153846 0.0
520 50.0 0.0
521 42.30769230769231 0.0
522 30.76923076923077 0.0
523 30.76923076923077 0.0
524 34.61538461538461 0.0
525 42.30769230769231 0.0
526 38.46153846153846 0.0
527 38.46153846153846 0.0
528 38.46153846153846 0.0
529 42.30769230769231 0.0
530 46.15384615384615 0.0
531 38.46153846153846 0.0
532 42.30769230769231 0.0
533 34.61538461538461 0.0
534 34.61538461538461 0.0
535 34.61538461538461 0.0
536 38.46153846153846 0.0
537 38.46153846153846 0.0
538 38.46153846153846 0.0
539 30.76923076923077 0.0
540 30.76923076923077 0.0
541 38.46153846153846 0.0
542 26.923076923076923 0.0
543 38.46153846153846 0.0
544 42.30769230769231 0.0
545 42.30769230769231 0.0
546 46.15384615384615 0.0
547 50.0 0.0
548 46.15384615384615 0.0
549 38.46153846153846 0.0
550 38.46153846153846 0.0
551 38.46153846153846 0.0
552 46.15384615384615 0.0
553 46.15384615384615 0.0
554 38.46153846153846 0.0
555 42.30769230769231 0.0
556 42.30769230769231 0.0
557 46.15384615384615 0.0
558 50.0 0.0
559 42.30769230769231 0.0
560 42.30769230769231 0.0
561 50.0 0.0
562 38.46153846153846 0.0
563 46.15384615384615 0.0
564 46.15384615384615 0.0
565 34.61538461538461 0.0
566 34.61538461538461 0.0
567 50.0 0.0
568 38.46153846153846 0.0
569 53.84615384615385 0.0
570 19.23076923076923 0.0
571 30.76923076923077 0.0
572 26.923076923076923 0.0
573 34.61538461538461 0.0
574 34.61538461538461 0.0
575 34.61538461538461 0.0
576 30.76923076923077 0.0
577 26.923076923076923 0.0
578 26.923076923076923 0.0
579 34.61538461538461 0.0
580 46.15384615384615 0.0
581 38.46153846153846 0.0
582 42.30769230769231 0.0
583 42.30769230769231 0.0
584 30.76923076923077 0.0
585 30.76923076923077 0.0
586 38.46153846153846 0.0
587 23.076923076923077 0.0
588 26.923076923076923 0.0
589 23.076923076923077 0.0
590 30.76923076923077 0.0
591 30.76923076923077 0.0
592 34.61538461538461 0.0
593 26.923076923076923 0.0
594 34.61538461538461 0.0
595 34.61538461538461 0.0
596 34.61538461538461 0.0
597 30.76923076923077 0.0
598 38.46153846153846 0.0
599 19.23076923076923 0.0
600 26.923076923076923 0.0
601 34.61538461538461 0.0
602 23.076923076923077 0.0
603 42.30769230769231 0.0
604 19.23076923076923 0.0
605 26.923076923076923 0.0
606 30.76923076923077 0.0
607 38.46153846153846 0.0
608 30.76923076923077 0.0
609 34.61538461538461 0.0
610 26.923076923076923 0.0
611 23.076923076923077 0.0
612 19.23076923076923 0.0
613 30.76923076923077 0.0
614 26.923076923076923 0.0
615 34.61538461538461 0.0
616 26.923076923076923 0.0
617 26.923076923076923 0.0
618 23.076923076923077 0.0
619 34.61538461538461 0.0
620 30.76923076923077 0.0
621 26.923076923076923 0.0
622 38.46153846153846 0.0
623 15.384615384615385 0.0
624 23.076923076923077 0.0
625 34.61538461538461 0.0
626 11.538461538461538 0.0
627 19.23076923076923 0.0
628 23.076923076923077 0.0
629 30.76923076923077 0.0
630 26.923076923076923 0.0
631 30.76923076923077 0.0
632 23.076923076923077 0.0
633 26.923076923076923 0.0
634 30.76923076923077 0.0
635 26.923076923076923 0.0
636 38.46153846153846 0.0
637 23.076923076923077 0.0
638 26.923076923076923 0.0
639 34.61538461538461 0.0
640 30.76923076923077 0.0
641 23.076923076923077 0.0
642 15.384615384615385 0.0
643 19.23076923076923 0.0
644 15.384615384615385 0.0
645 26.923076923076923 0.0
646 19.23076923076923 0.0
647 23.076923076923077 0.0
648 38.46153846153846 0.0
649 23.076923076923077 0.0
650 19.23076923076923 0.0
651 30.76923076923077 0.0
652 30.76923076923077 0.0
653 34.61538461538461 0.0
654 30.76923076923077 0.0
655 23.076923076923077 0.0
656 26.923076923076923 0.0
657 34.61538461538461 0.0
658 19.23076923076923 0.0
659 26.923076923076923 0.0
660 23.076923076923077 0.0
661 19.23076923076923 0.0
662 19.23076923076923 0.0
663 15.384615384615385 0.0
664 19.23076923076923 0.0
665 19.23076923076923 0.0
666 26.923076923076923 0.0
667 23.076923076923077 0.0
668 19.23076923076923 0.0
669 26.923076923076923 0.0
670 15.384615384615385 0.0
671 19.23076923076923 0.0
672 23.076923076923077 0.0
673 26.923076923076923 0.0
674 30.76923076923077 0.0
675 23.076923076923077 0.0
676 19.23076923076923 0.0
677 23.076923076923077 0.0
678 19.23076923076923 0.0
679 23.076923076923077 0.0
680 26.923076923076923 0.0
681 26.923076923076923 0.0
682 23.076923076923077 0.0
683 26.923076923076923 0.0
684 23.076923076923077 0.0
685 26.923076923076923 0.0
686 19.23076923076923 0.0
687 23.076923076923077 0.0
688 19.23076923076923 0.0
689 23.076923076923077 0.0
690 19.23076923076923 0.0
691 15.384615384615385 0.0
692 15.384615384615385 0.0
693 19.23076923076923 0.0
694 19.23076923076923 0.0
695 23.076923076923077 0.0
696 26.923076923076923 0.0
697 19.23076923076923 0.0
698 30.76923076923077 0.0
699 19.23076923076923 0.0
700 11.538461538461538 0.0
701 19.23076923076923 0.0
702 15.384615384615385 0.0
703 11.538461538461538 0.0
704 19.23076923076923 0.0
705 11.538461538461538 0.0
706 11.538461538461538 0.0
707 19.23076923076923 0.0
708 15.384615384615385 0.0
709 23.076923076923077 0.0
710 19.23076923076923 0.0
711 19.23076923076923 0.0
712 19.23076923076923 0.0
713 34.61538461538461 0.0
714 26.923076923076923 0.0
715 26.923076923076923 0.0
716 30.76923076923077 0.0
717 30.76923076923077 0.0
718 23.076923076923077 0.0
719 23.076923076923077 0.0
720 34.61538461538461 0.0
721 26.923076923076923 0.0
722 34.61538461538461 0.0
723 30.76923076923077 0.0
724 30.76923076923077 0.0
725 26.923076923076923 0.0
726 26.923076923076923 0.0
727 34.61538461538461 0.0
728 30.76923076923077 0.0
729 30.76923076923077 0.0
730 26.923076923076923 0.0
731 34.61538461538461 0.0
732 30.76923076923077 0.0
733 34.61538461538461 0.0
734 34.61538461538461 0.0
735 26.923076923076923 0.0
736 38.46153846153846 0.0
737 34.61538461538461 0.0
738 34.61538461538461 0.0
739 34.61538461538461 0.0
740 30.76923076923077 0.0
741 30.76923076923077 0.0
742 34.61538461538461 0.0
743 34.61538461538461 0.0
744 26.923076923076923 0.0
745 26.923076923076923 0.0
746 34.61538461538461 0.0
747 34.61538461538461 0.0
748 30.76923076923077 0.0
749 26.923076923076923 0.0
750 26.923076923076923 0.0
751 26.923076923076923 0.0
752 30.76923076923077 0.0
753 30.76923076923077 0.0
754 30.76923076923077 0.0
755 30.76923076923077 0.0
756 30.76923076923077 0.0
757 26.923076923076923 0.0
758 30.76923076923077 0.0
759 30.76923076923077 0.0
760 34.61538461538461 0.0
761 23.076923076923077 0.0
762 26.923076923076923 0.0
763 38.46153846153846 0.0
764 46.15384615384615 0.0
765 23.076923076923077 0.0
766 26.923076923076923 0.0
767 34.61538461538461 0.0
768 34.61538461538461 0.0
769 26.923076923076923 0.0
770 30.76923076923077 0.0
771 38.46153846153846 0.0
772 34.61538461538461 0.0
773 30.76923076923077 0.0
774 34.61538461538461 0.0
775 23.076923076923077 0.0
776 30.76923076923077 0.0
777 34.61538461538461 0.0
778 34.61538461538461 0.0
779 26.923076923076923 0.0
780 42.30769230769231 0.0
781 38.46153846153846 0.0
782 42.30769230769231 0.0
783 26.923076923076923 0.0
784 26.923076923076923 0.0
785 38.46153846153846 0.0
786 38.46153846153846 0.0
787 42.30769230769231 0.0
788 50.0 0.0
789 26.923076923076923 0.0
790 26.923076923076923 0.0
791 23.076923076923077 0.0
792 46.15384615384615 0.0
793 30.76923076923077 0.0
794 30.76923076923077 0.0
795 34.61538461538461 0.0
796 26.923076923076923 0.0
797 38.46153846153846 0.0
798 38.46153846153846 0.0
799 34.61538461538461 0.0
800 23.076923076923077 0.0
801 34.61538461538461 0.0
802 34.61538461538461 0.0
803 26.923076923076923 0.0
804 34.61538461538461 0.0
805 42.30769230769231 0.0
806 30.76923076923077 0.0
807 23.076923076923077 0.0
808 23.076923076923077 0.0
809 26.923076923076923 0.0
810 26.923076923076923 0.0
811 30.76923076923077 0.0
812 23.076923076923077 0.0
813 26.923076923076923 0.0
814 19.23076923076923 0.0
815 38.46153846153846 0.0
816 34.61538461538461 0.0
817 23.076923076923077 0.0
818 19.23076923076923 0.0
819 34.61538461538461 0.0
820 26.923076923076923 0.0
821 34.61538461538461 0.0
822 30.76923076923077 0.0
823 30.76923076923077 0.0
824 26.923076923076923 0.0
825 26.923076923076923 0.0
826 23.076923076923077 0.0
827 26.923076923076923 0.0
828 26.923076923076923 0.0
829 26.923076923076923 0.0
830 34.61538461538461 0.0
831 26.923076923076923 0.0
832 30.76923076923077 0.0
833 34.61538461538461 0.0
834 34.61538461538461 0.0
835 30.76923076923077 0.0
836 26.923076923076923 0.0
837 34.61538461538461 0.0
838 34.61538461538461 0.0
839 42.30769230769231 0.0
840 26.923076923076923 0.0
841 30.76923076923077 0.0
842 30.76923076923077 0.0
843 26.923076923076923 0.0
844 34.61538461538461 0.0
845 34.61538461538461 0.0
846 30.76923076923077 0.0
847 26.923076923076923 0.0
848 26.923076923076923 0.0
849 38.46153846153846 0.0
850 38.46153846153846 0.0
851 30.76923076923077 0.0
852 46.15384615384615 0.0
853 46.15384615384615 0.0
854 46.15384615384615 0.0
855 42.30769230769231 0.0
856 38.46153846153846 0.0
857 42.30769230769231 0.0
858 30.76923076923077 0.0
859 42.30769230769231 0.0
860 50.0 0.0
861 42.30769230769231 0.0
862 34.61538461538461 0.0
863 34.61538461538461 0.0
864 26.923076923076923 0.0
865 42.30769230769231 0.0
866 38.46153846153846 0.0
867 42.30769230769231 0.0
868 30.76923076923077 0.0
869 26.923076923076923 0.0
870 38.46153846153846 0.0
871 50.0 0.0
872 34.61538461538461 0.0
873 23.076923076923077 0.0
874 23.076923076923077 0.0
875 34.61538461538461 0.0
876 23.076923076923077 0.0
877 38.46153846153846 0.0
878 42.30769230769231 0.0
879 42.30769230769231 0.0
880 34.61538461538461 0.0
881 30.76923076923077 0.0
882 30.76923076923077 0.0
883 34.61538461538461 0.0
884 26.923076923076923 0.0
885 19.23076923076923 0.0
886 23.076923076923077 0.0
887 34.61538461538461 0.0
888 34.61538461538461 0.0
889 38.46153846153846 0.0
890 23.076923076923077 0.0
891 30.76923076923077 0.0
892 26.923076923076923 0.0
893 23.076923076923077 0.0
894 19.23076923076923 0.0
895 19.23076923076923 0.0
896 26.923076923076923 0.0
897 34.61538461538461 0.0
898 30.76923076923077 0.0
899 23.076923076923077 0.0
900 26.923076923076923 0.0
901 23.076923076923077 0.0
902 23.076923076923077 0.0
903 30.76923076923077 0.0
904 23.076923076923077 0.0
905 23.076923076923077 0.0
906 30.76923076923077 0.0
907 23.076923076923077 0.0
908 38.46153846153846 0.0
909 26.923076923076923 0.0
910 34.61538461538461 0.0
911 30.76923076923077 0.0
912 38.46153846153846 0.0
913 26.923076923076923 0.0
914 26.923076923076923 0.0
915 26.923076923076923 0.0
916 30.76923076923077 0.0
917 34.61538461538461 0.0
918 46.15384615384615 0.0
919 26.923076923076923 0.0
920 34.61538461538461 0.0
921 30.76923076923077 0.0
922 34.61538461538461 0.0
923 34.61538461538461 0.0
924 19.23076923076923 0.0
925 23.076923076923077 0.0
926 26.923076923076923 0.0
927 42.30769230769231 0.0
928 30.76923076923077 0.0
929 46.15384615384615 0.0
930 42.30769230769231 0.0
931 30.76923076923077 0.0
932 30.76923076923077 0.0
933 34.61538461538461 0.0
934 38.46153846153846 0.0
935 26.923076923076923 0.0
936 26.923076923076923 0.0
937 26.923076923076923 0.0
938 38.46153846153846 0.0
939 34.61538461538461 0.0
940 30.76923076923077 0.0
941 26.923076923076923 0.0
942 26.923076923076923 0.0
943 26.923076923076923 0.0
944 30.76923076923077 0.0
945 26.923076923076923 0.0
946 23.076923076923077 0.0
947 30.76923076923077 0.0
948 30.76923076923077 0.0
949 26.923076923076923 0.0
950 19.23076923076923 0.0
951 19.23076923076923 0.0
952 19.23076923076923 0.0
953 19.23076923076923 0.0
954 19.23076923076923 0.0
955 19.23076923076923 0.0
956 19.23076923076923 0.0
957 23.076923076923077 0.0
958 26.923076923076923 0.0
959 23.076923076923077 0.0
960 26.923076923076923 0.0
961 26.923076923076923 0.0
962 19.23076923076923 0.0
963 19.23076923076923 0.0
964 15.384615384615385 0.0
965 30.76923076923077 0.0
966 23.076923076923077 0.0
967 19.23076923076923 0.0
968 26.923076923076923 0.0
969 23.076923076923077 0.0
970 11.538461538461538 0.0
971 23.076923076923077 0.0
972 23.076923076923077 0.0
973 23.076923076923077 0.0
974 30.76923076923077 0.0
975 42.30769230769231 0.0
976 30.76923076923077 0.0
977 30.76923076923077 0.0
978 42.30769230769231 0.0
979 42.30769230769231 0.0
980 50.0 0.0
981 30.76923076923077 0.0
982 30.76923076923077 0.0
983 38.46153846153846 0.0
984 26.923076923076923 0.0
985 23.076923076923077 0.0
986 19.23076923076923 0.0
987 23.076923076923077 0.0
988 30.76923076923077 0.0
989 38.46153846153846 0.0
990 38.46153846153846 0.0
991 38.46153846153846 0.0
992 26.923076923076923 0.0
993 19.23076923076923 0.0
994 23.076923076923077 0.0
995 23.076923076923077 0.0
996 30.76923076923077 0.0
997 23.076923076923077 0.0
998 19.23076923076923 0.0
999 30.76923076923077 0.0
