#frame monomers_% popc_isolated_%
0 26.923076923076923 0.0
1 38.46153846153846 0.0
2 38.46153846153846 0.0
3 38.46153846153846 0.0
4 30.76923076923077 0.0
5 34.61538461538461 0.0
6 30.76923076923077 0.0
7 34.61538461538461 0.0
8 46.15384615384615 0.0
9 34.61538461538461 0.0
10 34.61538461538461 0.0
11 34.61538461538461 0.0
12 46.15384615384615 0.0
13 34.61538461538461 0.0
14 46.15384615384615 0.0
15 34.61538461538461 0.0
16 42.30769230769231 0.0
17 42.30769230769231 0.0
18 50.0 0.0
19 50.0 0.0
20 42.30769230769231 0.0
21 46.15384615384615 0.0
22 46.15384615384615 0.0
23 42.30769230769231 0.0
24 46.15384615384615 0.0
25 50.0 0.0
26 38.46153846153846 0.0
27 42.30769230769231 0.0
28 61.53846153846154 0.0
29 61.53846153846154 0.0
30 46.15384615384615 0.0
31 42.30769230769231 0.0
32 53.84615384615385 0.0
33 46.15384615384615 0.0
34 53.84615384615385 0.0
35 53.84615384615385 0.0
36 57.69230769230769 0.0
37 50.0 0.0
38 50.0 0.0
39 38.46153846153846 0.0
40 50.0 0.0
41 46.15384615384615 0.0
42 38.46153846153846 0.0
43 46.15384615384615 0.0
44 38.46153846153846 0.0
45 46.15384615384615 0.0
46 42.30769230769231 0.0
47 53.84615384615385 0.0
48 46.15384615384615 0.0
49 46.15384615384615 0.0
50 38.46153846153846 0.0
51 42.30769230769231 0.0
52 42.30769230769231 0.0
53 34.61538461538461 0.0
54 42.30769230769231 0.0
55 46.15384615384615 0.0
56 53.84615384615385 0.0
57 53.84615384615385 0.0
58 34.61538461538461 0.0
59 42.30769230769231 0.0
60 38.46153846153846 0.0
61 34.61538461538461 0.0
62 42.30769230769231 0.0
63 42.30769230769231 0.0
64 50.0 0.0
65 50.0 0.0
66 34.61538461538461 0.0
67 42.30769230769231 0.0
68 30.76923076923077 0.0
69 26.923076923076923 0.0
70 26.923076923076923 0.0
71 34.61538461538461 0.0
72 34.61538461538461 0.0
73 26.923076923076923 0.0
74 30.76923076923077 0.0
75 38.46153846153846 0.0
76 46.15384615384615 0.0
77 50.0 0.0
78 46.15384615384615 0.0
79 42.30769230769231 0.0
80 50.0 0.0
81 38.46153846153846 0.0
82 42.30769230769231 0.0
83 50.0 0.0
84 38.46153846153846 0.0
85 38.46153846153846 0.0
86 34.61538461538461 0.0
87 38.46153846153846 0.0
88 34.61538461538461 0.0
89 30.76923076923077 0.0
90 34.61538461538461 0.0
91 23.076923076923077 0.0
92 38.46153846153846 0.0
93 34.61538461538461 0.0
94 38.46153846153846 0.0
95 38.46153846153846 0.0
96 30.76923076923077 0.0
97 42.30769230769231 0.0
98 38.46153846153846 0.0
99 38.46153846153846 0.0
100 38.46153846153846 0.0
101 30.76923076923077 0.0
102 30.76923076923077 0.0
103 38.46153846153846 0.0
104 46.15384615384615 0.0
105 38.46153846153846 0.0
106 34.61538461538461 0.0
107 38.46153846153846 0.0
108 26.923076923076923 0.0
109 19.23076923076923 0.0
110 26.923076923076923 0.0
111 34.61538461538461 0.0
112 23.076923076923077 0.0
113 23.076923076923077 0.0
114 34.61538461538461 0.0
115 26.923076923076923 0.0
116 26.923076923076923 0.0
117 34.61538461538461 0.0
118 26.923076923076923 0.0
119 34.61538461538461 0.0
120 34.61538461538461 0.0
121 34.61538461538461 0.0
122 38.46153846153846 0.0
123 30.76923076923077 0.0
124 34.61538461538461 0.0
125 30.76923076923077 0.0
126 34.61538461538461 0.0
127 38.46153846153846 0.0
128 42.30769230769231 0.0
129 30.76923076923077 0.0
130 38.46153846153846 0.0
131 26.923076923076923 0.0
132 34.61538461538461 0.0
133 30.76923076923077 0.0
134 42.30769230769231 0.0
135 34.61538461538461 0.0
136 26.923076923076923 0.0
137 30.76923076923077 0.0
138 34.61538461538461 0.0
139 42.30769230769231 0.0
140 42.30769230769231 0.0
141 38.46153846153846 0.0
142 38.46153846153846 0.0
143 34.61538461538461 0.0
144 34.61538461538461 0.0
145 30.76923076923077 0.0
146 38.46153846153846 0.0
147 19.23076923076923 0.0
148 19.23076923076923 0.0
149 34.61538461538461 0.0
150 34.61538461538461 0.0
151 34.61538461538461 0.0
152 30.76923076923077 0.0
153 34.61538461538461 0.0
154 26.923076923076923 0.0
155 34.61538461538461 0.0
156 23.076923076923077 0.0
157 26.923076923076923 0.0
158 19.23076923076923 0.0
159 26.923076923076923 0.0
160 30.76923076923077 0.0
161 23.076923076923077 0.0
162 38.46153846153846 0.0
163 30.76923076923077 0.0
164 42.30769230769231 0.0
165 30.76923076923077 0.0
166 26.923076923076923 0.0
167 34.61538461538461 0.0
168 30.76923076923077 0.0
169 34.61538461538461 0.0
170 34.61538461538461 0.0
171 38.46153846153846 0.0
172 38.46153846153846 0.0
173 46.15384615384615 0.0
174 42.30769230769231 0.0
175 42.30769230769231 0.0
176 19.23076923076923 0.0
177 46.15384615384615 0.0
178 46.15384615384615 0.0
179 38.46153846153846 0.0
180 26.923076923076923 0.0
181 34.61538461538461 0.0
182 30.76923076923077 0.0
183 34.61538461538461 0.0
184 38.46153846153846 0.0
185 34.61538461538461 0.0
186 34.61538461538461 0.0
187 38.46153846153846 0.0
188 42.30769230769231 0.0
189 46.15384615384615 0.0
190 26.923076923076923 0.0
191 30.76923076923077 0.0
192 19.23076923076923 0.0
193 26.923076923076923 0.0
194 30.76923076923077 0.0
195 26.923076923076923 0.0
196 19.23076923076923 0.0
197 23.076923076923077 0.0
198 26.923076923076923 0.0
199 34.61538461538461 0.0
200 30.76923076923077 0.0
201 23.076923076923077 0.0
202 30.76923076923077 0.0
203 34.61538461538461 0.0
204 34.61538461538461 0.0
205 19.23076923076923 0.0
206 34.61538461538461 0.0
207 42.30769230769231 0.0
208 38.46153846153846 0.0
209 38.46153846153846 0.0
210 42.30769230769231 0.0
211 42.30769230769231 0.0
212 42.30769230769231 0.0
213 42.30769230769231 0.0
214 57.69230769230769 0.0
215 46.15384615384615 0.0
216 57.69230769230769 0.0
217 50.0 0.0
218 53.84615384615385 0.0
219 46.15384615384615 0.0
220 38.46153846153846 0.0
221 46.15384615384615 0.0
222 46.15384615384615 0.0
223 38.46153846153846 0.0
224 46.15384615384615 0.0
225 38.46153846153846 0.0
226 46.15384615384615 0.0
227 46.15384615384615 0.0
228 30.76923076923077 0.0
229 34.61538461538461 0.0
230 34.61538461538461 0.0
231 26.923076923076923 0.0
232 34.61538461538461 0.0
233 42.30769230769231 0.0
234 38.46153846153846 0.0
235 46.15384615384615 0.0
236 38.46153846153846 0.0
237 42.30769230769231 0.0
238 57.69230769230769 0.0
239 46.15384615384615 0.0
240 50.0 0.0
241 57.69230769230769 0.0
242 38.46153846153846 0.0
243 26.923076923076923 0.0
244 50.0 0.0
245 38.46153846153846 0.0
246 38.46153846153846 0.0
247 42.30769230769231 0.0
248 46.15384615384615 0.0
249 34.61538461538461 0.0
250 38.46153846153846 0.0
251 50.0 0.0
252 34.61538461538461 0.0
253 46.15384615384615 0.0
254 46.15384615384615 0.0
255 34.61538461538461 0.0
256 42.30769230769231 0.0
257 30.76923076923077 0.0
258 30.76923076923077 0.0
259 23.076923076923077 0.0
260 26.923076923076923 0.0
261 30.76923076923077 0.0
262 46.15384615384615 0.0
263 42.30769230769231 0.0
264 30.76923076923077 0.0
265 46.15384615384615 0.0
266 42.30769230769231 0.0
267 38.46153846153846 0.0
268 46.15384615384615 0.0
269 57.69230769230769 0.0
270 34.61538461538461 0.0
271 23.076923076923077 0.0
272 30.76923076923077 0.0
273 19.23076923076923 0.0
274 11.538461538461538 0.0
275 15.384615384615385 0.0
276 26.923076923076923 0.0
277 38.46153846153846 0.0
278 30.76923076923077 0.0
279 19.23076923076923 0.0
280 19.23076923076923 0.0
281 26.923076923076923 0.0
282 23.076923076923077 0.0
283 26.923076923076923 0.0
284 15.384615384615385 0.0
285 26.923076923076923 0.0
286 15.384615384615385 0.0
287 19.23076923076923 0.0
288 23.076923076923077 0.0
289 34.61538461538461 0.0
290 34.61538461538461 0.0
291 42.30769230769231 0.0
292 19.23076923076923 0.0
293 38.46153846153846 0.0
294 34.61538461538461 0.0
295 34.61538461538461 0.0
296 30.76923076923077 0.0
297 30.76923076923077 0.0
298 23.076923076923077 0.0
299 26.923076923076923 0.0
300 19.23076923076923 0.0
301 19.23076923076923 0.0
302 34.61538461538461 0.0
303 15.384615384615385 0.0
304 42.30769230769231 0.0
305 30.76923076923077 0.0
306 26.923076923076923 0.0
307 30.76923076923077 0.0
308 30.76923076923077 0.0
309 30.76923076923077 0.0
310 26.923076923076923 0.0
311 19.23076923076923 0.0
312 26.923076923076923 0.0
313 38.46153846153846 0.0
314 46.15384615384615 0.0
315 34.61538461538461 0.0
316 15.384615384615385 0.0
317 26.923076923076923 0.0
318 38.46153846153846 0.0
319 30.76923076923077 0.0
320 26.923076923076923 0.0
321 26.923076923076923 0.0
322 19.23076923076923 0.0
323 23.076923076923077 0.0
324 34.61538461538461 0.0
325 26.923076923076923 0.0
326 30.76923076923077 0.0
327 19.23076923076923 0.0
328 30.76923076923077 0.0
329 34.61538461538461 0.0
330 34.61538461538461 0.0
331 15.384615384615385 0.0
332 15.384615384615385 0.0
333 30.76923076923077 0.0
334 23.076923076923077 0.0
335 26.923076923076923 0.0
336 19.23076923076923 0.0
337 19.23076923076923 0.0
338 23.076923076923077 0.0
339 26.923076923076923 0.0
340 30.76923076923077 0.0
341 23.076923076923077 0.0
342 30.76923076923077 0.0
343 23.076923076923077 0.0
344 26.923076923076923 0.0
345 30.76923076923077 0.0
346 19.23076923076923 0.0
347 15.384615384615385 0.0
348 19.23076923076923 0.0
349 23.076923076923077 0.0
350 26.923076923076923 0.0
351 19.23076923076923 0.0
352 15.384615384615385 0.0
353 30.76923076923077 0.0
354 23.076923076923077 0.0
355 38.46153846153846 0.0
356 26.923076923076923 0.0
357 34.61538461538461 0.0
358 38.46153846153846 0.0
359 30.76923076923077 0.0
360 34.61538461538461 0.0
361 30.76923076923077 0.0
362 26.923076923076923 0.0
363 34.61538461538461 0.0
364 26.923076923076923 0.0
365 26.923076923076923 0.0
366 26.923076923076923 0.0
367 30.76923076923077 0.0
368 19.23076923076923 0.0
369 23.076923076923077 0.0
370 15.384615384615385 0.0
371 23.076923076923077 0.0
372 26.923076923076923 0.0
373 23.076923076923077 0.0
374 19.23076923076923 0.0
375 23.076923076923077 0.0
376 23.076923076923077 0.0
377 19.23076923076923 0.0
378 11.538461538461538 0.0
379 11.538461538461538 0.0
380 11.538461538461538 0.0
381 19.23076923076923 0.0
382 19.23076923076923 0.0
383 19.23076923076923 0.0
384 11.538461538461538 0.0
385 19.23076923076923 0.0
386 19.23076923076923 0.0
387 11.538461538461538 0.0
388 23.076923076923077 0.0
389 15.384615384615385 0.0
390 15.384615384615385 0.0
391 19.23076923076923 0.0
392 19.23076923076923 0.0
393 19.23076923076923 0.0
394 19.23076923076923 0.0
395 23.076923076923077 0.0
396 19.23076923076923 0.0
397 23.076923076923077 0.0
398 23.076923076923077 0.0
399 34.61538461538461 0.0
400 26.923076923076923 0.0
401 26.923076923076923 0.0
402 30.76923076923077 0.0
403 23.076923076923077 0.0
404 34.61538461538461 0.0
405 42.30769230769231 0.0
406 34.61538461538461 0.0
407 19.23076923076923 0.0
408 26.923076923076923 0.0
409 38.46153846153846 0.0
410 38.46153846153846 0.0
411 34.61538461538461 0.0
412 26.923076923076923 0.0
413 34.61538461538461 0.0
414 34.61538461538461 0.0
415 23.076923076923077 0.0
416 34.61538461538461 0.0
417 34.61538461538461 0.0
418 30.76923076923077 0.0
419 34.61538461538461 0.0
420 34.61538461538461 0.0
421 23.076923076923077 0.0
422 30.76923076923077 0.0
423 23.076923076923077 0.0
424 34.61538461538461 0.0
425 34.61538461538461 0.0
426 42.30769230769231 0.0
427 34.61538461538461 0.0
428 38.46153846153846 0.0
429 38.46153846153846 0.0
430 26.923076923076923 0.0
431 19.23076923076923 0.0
432 34.61538461538461 0.0
433 38.46153846153846 0.0
434 26.923076923076923 0.0
435 23.076923076923077 0.0
436 34.61538461538461 0.0
437 34.61538461538461 0.0
438 34.61538461538461 0.0
439 23.076923076923077 0.0
440 23.076923076923077 0.0
441 23.076923076923077 0.0
442 38.46153846153846 0.0
443 23.076923076923077 0.0
444 30.76923076923077 0.0
445 23.076923076923077 0.0
446 26.923076923076923 0.0
447 30.76923076923077 0.0
448 11.538461538461538 0.0
449 23.076923076923077 0.0
450 26.923076923076923 0.0
451 26.923076923076923 0.0
452 23.076923076923077 0.0
453 23.076923076923077 0.0
454 26.923076923076923 0.0
455 26.923076923076923 0.0
456 15.384615384615385 0.0
457 7.6923076923076925 0.0
458 26.923076923076923 0.0
459 26.923076923076923 0.0
460 15.384615384615385 0.0
461 11.538461538461538 0.0
462 26.923076923076923 0.0
463 26.923076923076923 0.0
464 19.23076923076923 0.0
465 23.076923076923077 0.0
466 19.23076923076923 0.0
467 19.23076923076923 0.0
468 26.923076923076923 0.0
469 23.076923076923077 0.0
470 19.23076923076923 0.0
471 15.384615384615385 0.0
472 26.923076923076923 0.0
473 23.076923076923077 0.0
474 34.61538461538461 0.0
475 26.923076923076923 0.0
476 34.61538461538461 0.0
477 34.61538461538461 0.0
478 23.076923076923077 0.0
479 30.76923076923077 0.0
480 34.61538461538461 0.0
481 30.76923076923077 0.0
482 30.76923076923077 0.0
483 30.76923076923077 0.0
484 26.923076923076923 0.0
485 30.76923076923077 0.0
486 26.923076923076923 0.0
487 26.923076923076923 0.0
488 30.76923076923077 0.0
489 26.923076923076923 0.0
490 26.923076923076923 0.0
491 30.76923076923077 0.0
492 30.76923076923077 0.0
493 30.76923076923077 0.0
494 30.76923076923077 0.0
495 30.76923076923077 0.0
496 26.923076923076923 0.0
497 30.76923076923077 0.0
498 30.76923076923077 0.0
499 30.76923076923077 0.0
500 30.76923076923077 0.0
501 38.46153846153846 0.0
502 30.76923076923077 0.0
503 23.076923076923077 0.0
504 26.923076923076923 0.0
505 30.76923076923077 0.0
506 42.30769230769231 0.0
507 34.61538461538461 0.0
508 38.46153846153846 0.0
509 30.76923076923077 0.0
510 38.46153846153846 0.0
511 30.76923076923077 0.0
512 26.923076923076923 0.0
513 34.61538461538461 0.0
514 42.30769230769231 0.0
515 30.76923076923077 0.0
516 34.61538461538461 0.0
517 34.61538461538461 0.0
518 26.923076923076923 0.0
519 30.76923076923077 0.0
520 26.923076923076923 0.0
521 23.076923076923077 0.0
522 30.76923076923077 0.0
523 26.923076923076923 0.0
524 38.46153846153846 0.0
525 46.15384615384615 0.0
526 26.923076923076923 0.0
527 30.76923076923077 0.0
528 30.76923076923077 0.0
529 34.61538461538461 0.0
530 34.61538461538461 0.0
531 26.923076923076923 0.0
532 23.076923076923077 0.0
533 26.923076923076923 0.0
534 23.076923076923077 0.0
535 26.923076923076923 0.0
536 30.76923076923077 0.0
537 26.923076923076923 0.0
538 26.923076923076923 0.0
539 26.923076923076923 0.0
540 34.61538461538461 0.0
541 34.61538461538461 0.0
542 42.30769230769231 0.0
543 26.923076923076923 0.0
544 30.76923076923077 0.0
545 34.61538461538461 0.0
546 30.76923076923077 0.0
547 38.46153846153846 0.0
548 34.61538461538461 0.0
549 34.61538461538461 0.0
550 38.46153846153846 0.0
551 42.30769230769231 0.0
552 42.30769230769231 0.0
553 34.61538461538461 0.0
554 42.30769230769231 0.0
555 30.76923076923077 0.0
556 34.61538461538461 0.0
557 30.76923076923077 0.0
558 34.61538461538461 0.0
559 38.46153846153846 0.0
560 46.15384615384615 0.0
561 46.15384615384615 0.0
562 34.61538461538461 0.0
563 57.69230769230769 0.0
564 50.0 0.0
565 38.46153846153846 0.0
566 42.30769230769231 0.0
567 38.46153846153846 0.0
568 46.15384615384615 0.0
569 50.0 0.0
570 38.46153846153846 0.0
571 46.15384615384615 0.0
572 46.15384615384615 0.0
573 46.15384615384615 0.0
574 50.0 0.0
575 50.0 0.0
576 46.15384615384615 0.0
577 46.15384615384615 0.0
578 50.0 0.0
579 50.0 0.0
580 34.61538461538461 0.0
581 50.0 0.0
582 46.15384615384615 0.0
583 42.30769230769231 0.0
584 30.76923076923077 0.0
585 34.61538461538461 0.0
586 38.46153846153846 0.0
587 30.76923076923077 0.0
588 42.30769230769231 0.0
589 34.61538461538461 0.0
590 30.76923076923077 0.0
591 34.61538461538461 0.0
592 19.23076923076923 0.0
593 30.76923076923077 0.0
594 30.76923076923077 0.0
595 34.61538461538461 0.0
596 42.30769230769231 0.0
597 34.61538461538461 0.0
598 34.61538461538461 0.0
599 26.923076923076923 0.0
600 34.61538461538461 0.0
601 34.61538461538461 0.0
602 38.46153846153846 0.0
603 26.923076923076923 0.0
604 30.76923076923077 0.0
605 30.76923076923077 0.0
606 34.61538461538461 0.0
607 34.61538461538461 0.0
608 34.61538461538461 0.0
609 38.46153846153846 0.0
610 42.30769230769231 0.0
611 30.76923076923077 0.0
612 46.15384615384615 0.0
613 46.15384615384615 0.0
614 34.61538461538461 0.0
615 42.30769230769231 0.0
616 42.30769230769231 0.0
617 46.15384615384615 0.0
618 34.61538461538461 0.0
619 30.76923076923077 0.0
620 23.076923076923077 0.0
621 30.76923076923077 0.0
622 23.076923076923077 0.0
623 26.923076923076923 0.0
624 30.76923076923077 0.0
625 23.076923076923077 0.0
626 34.61538461538461 0.0
627 34.61538461538461 0.0
628 34.61538461538461 0.0
629 42.30769230769231 0.0
630 38.46153846153846 0.0
631 30.76923076923077 0.0
632 38.46153846153846 0.0
633 38.46153846153846 0.0
634 34.61538461538461 0.0
635 38.46153846153846 0.0
636 26.923076923076923 0.0
637 38.46153846153846 0.0
638 30.76923076923077 0.0
639 38.46153846153846 0.0
640 30.76923076923077 0.0
641 23.076923076923077 0.0
642 26.923076923076923 0.0
643 30.76923076923077 0.0
644 30.76923076923077 0.0
645 23.076923076923077 0.0
646 23.076923076923077 0.0
647 26.923076923076923 0.0
648 34.61538461538461 0.0
649 26.923076923076923 0.0
650 15.384615384615385 0.0
651 19.23076923076923 0.0
652 11.538461538461538 0.0
653 19.23076923076923 0.0
654 19.23076923076923 0.0
655 11.538461538461538 0.0
656 15.384615384615385 0.0
657 15.384615384615385 0.0
658 15.384615384615385 0.0
659 15.384615384615385 0.0
660 19.23076923076923 0.0
661 23.076923076923077 0.0
662 23.076923076923077 0.0
663 34.61538461538461 0.0
664 38.46153846153846 0.0
665 34.61538461538461 0.0
666 23.076923076923077 0.0
667 23.076923076923077 0.0
668 30.76923076923077 0.0
669 34.61538461538461 0.0
670 23.076923076923077 0.0
671 30.76923076923077 0.0
672 19.23076923076923 0.0
673 26.923076923076923 0.0
674 19.23076923076923 0.0
675 30.76923076923077 0.0
676 30.76923076923077 0.0
677 19.23076923076923 0.0
678 26.923076923076923 0.0
679 15.384615384615385 0.0
680 30.76923076923077 0.0
681 11.538461538461538 0.0
682 23.076923076923077 0.0
683 15.384615384615385 0.0
684 34.61538461538461 0.0
685 38.46153846153846 0.0
686 38.46153846153846 0.0
687 30.76923076923077 0.0
688 23.076923076923077 0.0
689 23.076923076923077 0.0
690 26.923076923076923 0.0
691 30.76923076923077 0.0
692 23.076923076923077 0.0
693 30.76923076923077 0.0
694 19.23076923076923 0.0
695 19.23076923076923 0.0
696 30.76923076923077 0.0
697 26.923076923076923 0.0
698 26.923076923076923 0.0
699 38.46153846153846 0.0
700 26.923076923076923 0.0
701 19.23076923076923 0.0
702 23.076923076923077 0.0
703 15.384615384615385 0.0
704 26.923076923076923 0.0
705 26.923076923076923 0.0
706 23.076923076923077 0.0
707 26.923076923076923 0.0
708 26.923076923076923 0.0
709 23.076923076923077 0.0
710 26.923076923076923 0.0
711 30.76923076923077 0.0
712 38.46153846153846 0.0
713 26.923076923076923 0.0
714 19.23076923076923 0.0
715 26.923076923076923 0.0
716 15.384615384615385 0.0
717 30.76923076923077 0.0
718 30.76923076923077 0.0
719 23.076923076923077 0.0
720 15.384615384615385 0.0
721 19.23076923076923 0.0
722 30.76923076923077 0.0
723 30.76923076923077 0.0
724 23.076923076923077 0.0
725 38.46153846153846 0.0
726 34.61538461538461 0.0
727 26.923076923076923 0.0
728 26.923076923076923 0.0
729 23.076923076923077 0.0
730 23.076923076923077 0.0
731 19.23076923076923 0.0
732 19.23076923076923 0.0
733 26.923076923076923 0.0
734 23.076923076923077 0.0
735 19.23076923076923 0.0
736 19.23076923076923 0.0
737 15.384615384615385 0.0
738 23.076923076923077 0.0
739 15.384615384615385 0.0
740 19.23076923076923 0.0
741 19.23076923076923 0.0
742 23.076923076923077 0.0
743 30.76923076923077 0.0
744 19.23076923076923 0.0
745 23.076923076923077 0.0
746 26.923076923076923 0.0
747 26.923076923076923 0.0
748 23.076923076923077 0.0
749 11.538461538461538 0.0
750 19.23076923076923 0.0
751 15.384615384615385 0.0
752 26.923076923076923 0.0
753 30.76923076923077 0.0
754 26.923076923076923 0.0
755 26.923076923076923 0.0
756 19.23076923076923 0.0
757 26.923076923076923 0.0
758 23.076923076923077 0.0
759 34.61538461538461 0.0
760 23.076923076923077 0.0
761 34.61538461538461 0.0
762 34.61538461538461 0.0
763 30.76923076923077 0.0
764 38.46153846153846 0.0
765 42.30769230769231 0.0
766 34.61538461538461 0.0
767 50.0 0.0
768 42.30769230769231 0.0
769 30.76923076923077 0.0
770 38.46153846153846 0.0
771 34.61538461538461 0.0
772 34.61538461538461 0.0
773 34.61538461538461 0.0
774 23.076923076923077 0.0
775 34.61538461538461 0.0
776 26.923076923076923 0.0
777 42.30769230769231 0.0
778 26.923076923076923 0.0
779 23.076923076923077 0.0
780 23.076923076923077 0.0
781 23.076923076923077 0.0
782 26.923076923076923 0.0
783 15.384615384615385 0.0
784 19.23076923076923 0.0
785 11.538461538461538 0.0
786 19.23076923076923 0.0
787 26.923076923076923 0.0
788 38.46153846153846 0.0
789 42.30769230769231 0.0
790 30.76923076923077 0.0
791 34.61538461538461 0.0
792 19.23076923076923 0.0
793 23.076923076923077 0.0
794 38.46153846153846 0.0
795 26.923076923076923 0.0
796 34.61538461538461 0.0
797 26.923076923076923 0.0
798 30.76923076923077 0.0
799 30.76923076923077 0.0
800 26.923076923076923 0.0
801 34.61538461538461 0.0
802 34.61538461538461 0.0
803 26.923076923076923 0.0
804 42.30769230769231 0.0
805 23.076923076923077 0.0
806 30.76923076923077 0.0
807 30.76923076923077 0.0
808 19.23076923076923 0.0
809 34.61538461538461 0.0
810 42.30769230769231 0.0
811 23.076923076923077 0.0
812 26.923076923076923 0.0
813 34.61538461538461 0.0
814 26.923076923076923 0.0
815 26.923076923076923 0.0
816 42.30769230769231 0.0
817 34.61538461538461 0.0
818 30.76923076923077 0.0
819 19.23076923076923 0.0
820 30.76923076923077 0.0
821 26.923076923076923 0.0
822 23.076923076923077 0.0
823 23.076923076923077 0.0
824 23.076923076923077 0.0
825 30.76923076923077 0.0
826 23.076923076923077 0.0
827 26.923076923076923 0.0
828 26.923076923076923 0.0
829 34.61538461538461 0.0
830 34.61538461538461 0.0
831 38.46153846153846 0.0
832 34.61538461538461 0.0
833 42.30769230769231 0.0
834 19.23076923076923 0.0
835 23.076923076923077 0.0
836 34.61538461538461 0.0
837 34.61538461538461 0.0
838 15.384615384615385 0.0
839 30.76923076923077 0.0
840 23.076923076923077 0.0
841 34.61538461538461 0.0
842 30.76923076923077 0.0
843 30.76923076923077 0.0
844 19.23076923076923 0.0
845 23.076923076923077 0.0
846 19.23076923076923 0.0
847 15.384615384615385 0.0
848 15.384615384615385 0.0
849 19.23076923076923 0.0
850 34.61538461538461 0.0
851 30.76923076923077 0.0
852 26.923076923076923 0.0
853 26.923076923076923 0.0
854 23.076923076923077 0.0
855 30.76923076923077 0.0
856 30.76923076923077 0.0
857 23.076923076923077 0.0
858 26.923076923076923 0.0
859 19.23076923076923 0.0
860 7.6923076923076925 0.0
861 15.384615384615385 0.0
862 23.076923076923077 0.0
863 23.076923076923077 0.0
864 23.076923076923077 0.0
865 15.384615384615385 0.0
866 23.076923076923077 0.0
867 23.076923076923077 0.0
868 19.23076923076923 0.0
869 26.923076923076923 0.0
870 15.384615384615385 0.0
871 23.076923076923077 0.0
872 23.076923076923077 0.0
873 30.76923076923077 0.0
874 34.61538461538461 0.0
875 26.923076923076923 0.0
876 30.76923076923077 0.0
877 15.384615384615385 0.0
878 19.23076923076923 0.0
879 15.384615384615385 0.0
880 15.384615384615385 0.0
881 23.076923076923077 0.0
882 26.923076923076923 0.0
883 23.076923076923077 0.0
884 19.23076923076923 0.0
885 23.076923076923077 0.0
886 19.23076923076923 0.0
887 19.23076923076923 0.0
888 26.923076923076923 0.0
889 26.923076923076923 0.0
890 11.538461538461538 0.0
891 11.538461538461538 0.0
892 19.23076923076923 0.0
893 23.076923076923077 0.0
894 11.538461538461538 0.0
895 26.923076923076923 0.0
896 34.61538461538461 0.0
897 30.76923076923077 0.0
898 30.76923076923077 0.0
899 26.923076923076923 0.0
900 42.30769230769231 0.0
901 26.923076923076923 0.0
902 26.923076923076923 0.0
903 46.15384615384615 0.0
904 34.61538461538461 0.0
905 38.46153846153846 0.0
906 42.30769230769231 0.0
907 30.76923076923077 0.0
908 46.15384615384615 0.0
909 46.15384615384615 0.0
910 42.30769230769231 0.0
911 30.76923076923077 0.0
912 42.30769230769231 0.0
913 30.76923076923077 0.0
914 23.076923076923077 0.0
915 23.076923076923077 0.0
916 23.076923076923077 0.0
917 34.61538461538461 0.0
918 26.923076923076923 0.0
919 34.61538461538461 0.0
920 30.76923076923077 0.0
921 34.61538461538461 0.0
922 30.76923076923077 0.0
923 23.076923076923077 0.0
924 23.076923076923077 0.0
925 26.923076923076923 0.0
926 23.076923076923077 0.0
927 34.61538461538461 0.0
928 19.23076923076923 0.0
929 19.23076923076923 0.0
930 19.23076923076923 0.0
931 19.23076923076923 0.0
932 34.61538461538461 0.0
933 26.923076923076923 0.0
934 30.76923076923077 0.0
935 34.61538461538461 0.0
936 42.30769230769231 0.0
937 34.61538461538461 0.0
938 30.76923076923077 0.0
939 38.46153846153846 0.0
940 42.30769230769231 0.0
941 42.30769230769231 0.0
942 26.923076923076923 0.0
943 38.46153846153846 0.0
944 42.30769230769231 0.0
945 53.84615384615385 0.0
946 42.30769230769231 0.0
947 42.30769230769231 0.0
948 46.15384615384615 0.0
949 42.30769230769231 0.0
950 42.30769230769231 0.0
951 42.30769230769231 0.0
952 23.076923076923077 0.0
953 26.923076923076923 0.0
954 53.84615384615385 0.0
955 50.0 0.0
956 38.46153846153846 0.0
957 46.15384615384615 0.0
958 38.46153846153846 0.0
959 46.15384615384615 0.0
960 38.46153846153846 0.0
961 34.61538461538461 0.0
962 42.30769230769231 0.0
963 38.46153846153846 0.0
964 61.53846153846154 0.0
965 50.0 0.0
966 46.15384615384615 0.0
967 38.46153846153846 0.0
968 53.84615384615385 0.0
969 57.69230769230769 0.0
970 46.15384615384615 0.0
971 38.46153846153846 0.0
972 46.15384615384615 0.0
973 42.30769230769231 0.0
974 38.46153846153846 0.0
975 23.076923076923077 0.0
976 38.46153846153846 0.0
977 34.61538461538461 0.0
978 34.61538461538461 0.0
979 30.76923076923077 0.0
980 30.76923076923077 0.0
981 46.15384615384615 0.0
982 34.61538461538461 0.0
983 26.923076923076923 0.0
984 50.0 0.0
985 30.76923076923077 0.0
986 38.46153846153846 0.0
987 38.46153846153846 0.0
988 23.076923076923077 0.0
989 15.384615384615385 0.0
990 19.23076923076923 0.0
991 26.923076923076923 0.0
992 19.23076923076923 0.0
993 23.076923076923077 0.0
994 15.384615384615385 0.0
995 19.23076923076923 0.0
996 26.923076923076923 0.0
997 23.076923076923077 0.0
998 26.923076923076923 0.0
999 26.923076923076923 0.0
