#frame monomers_% popc_isolated_%
0 11.538461538461538 0.0
1 15.384615384615385 0.0
2 11.538461538461538 0.0
3 7.6923076923076925 0.0
4 15.384615384615385 0.0
5 11.538461538461538 0.0
6 23.076923076923077 0.0
7 15.384615384615385 0.0
8 23.076923076923077 0.0
9 7.6923076923076925 0.0
10 11.538461538461538 0.0
11 7.6923076923076925 0.0
12 11.538461538461538 0.0
13 19.23076923076923 0.0
14 15.384615384615385 0.0
15 19.23076923076923 0.0
16 11.538461538461538 0.0
17 23.076923076923077 0.0
18 11.538461538461538 0.0
19 19.23076923076923 0.0
20 19.23076923076923 0.0
21 11.538461538461538 0.0
22 11.538461538461538 0.0
23 11.538461538461538 0.0
24 19.23076923076923 0.0
25 15.384615384615385 0.0
26 11.538461538461538 0.0
27 15.384615384615385 0.0
28 7.6923076923076925 0.0
29 19.23076923076923 0.0
30 15.384615384615385 0.0
31 11.538461538461538 0.0
32 15.384615384615385 0.0
33 11.538461538461538 0.0
34 3.8461538461538463 0.0
35 7.6923076923076925 0.0
36 15.384615384615385 0.0
37 11.538461538461538 0.0
38 7.6923076923076925 0.0
39 11.538461538461538 0.0
40 11.538461538461538 0.0
41 15.384615384615385 0.0
42 7.6923076923076925 0.0
43 15.384615384615385 0.0
44 15.384615384615385 0.0
45 23.076923076923077 0.0
46 26.923076923076923 0.0
47 26.923076923076923 0.0
48 30.76923076923077 0.0
49 26.923076923076923 0.0
50 26.923076923076923 0.0
51 30.76923076923077 0.0
52 30.76923076923077 0.0
53 38.46153846153846 0.0
54 26.923076923076923 0.0
55 34.61538461538461 0.0
56 26.923076923076923 0.0
57 26.923076923076923 0.0
58 30.76923076923077 0.0
59 34.61538461538461 0.0
60 19.23076923076923 0.0
61 26.923076923076923 0.0
62 26.923076923076923 0.0
63 19.23076923076923 0.0
64 26.923076923076923 0.0
65 15.384615384615385 0.0
66 26.923076923076923 0.0
67 38.46153846153846 0.0
68 30.76923076923077 0.0
69 15.384615384615385 0.0
70 23.076923076923077 0.0
71 30.76923076923077 0.0
72 11.538461538461538 0.0
73 26.923076923076923 0.0
74 50.0 0.0
75 34.61538461538461 0.0
76 34.61538461538461 0.0
77 30.76923076923077 0.0
78 23.076923076923077 0.0
79 26.923076923076923 0.0
80 38.46153846153846 0.0
81 34.61538461538461 0.0
82 30.76923076923077 0.0
83 19.23076923076923 0.0
84 38.46153846153846 0.0
85 26.923076923076923 0.0
86 30.76923076923077 0.0
87 26.923076923076923 0.0
88 34.61538461538461 0.0
89 23.076923076923077 0.0
90 26.923076923076923 0.0
91 19.23076923076923 0.0
92 11.538461538461538 0.0
93 23.076923076923077 0.0
94 7.6923076923076925 0.0
95 15.384615384615385 0.0
96 11.538461538461538 0.0
97 7.6923076923076925 0.0
98 11.538461538461538 0.0
99 26.923076923076923 0.0
100 26.923076923076923 0.0
101 19.23076923076923 0.0
102 15.384615384615385 0.0
103 7.6923076923076925 0.0
104 23.076923076923077 0.0
105 15.384615384615385 0.0
106 15.384615384615385 0.0
107 26.923076923076923 0.0
108 23.076923076923077 0.0
109 30.76923076923077 0.0
110 11.538461538461538 0.0
111 11.538461538461538 0.0
112 23.076923076923077 0.0
113 15.384615384615385 0.0
114 23.076923076923077 0.0
115 15.384615384615385 0.0
116 23.076923076923077 0.0
117 26.923076923076923 0.0
118 34.61538461538461 0.0
119 30.76923076923077 0.0
120 23.076923076923077 0.0
121 26.923076923076923 0.0
122 19.23076923076923 0.0
123 15.384615384615385 0.0
124 23.076923076923077 0.0
125 26.923076923076923 0.0
126 38.46153846153846 0.0
127 23.076923076923077 0.0
128 23.076923076923077 0.0
129 23.076923076923077 0.0
130 15.384615384615385 0.0
131 23.076923076923077 0.0
132 15.384615384615385 0.0
133 19.23076923076923 0.0
134 7.6923076923076925 0.0
135 11.538461538461538 0.0
136 7.6923076923076925 0.0
137 19.23076923076923 0.0
138 11.538461538461538 0.0
139 7.6923076923076925 0.0
140 11.538461538461538 0.0
141 11.538461538461538 0.0
142 15.384615384615385 0.0
143 26.923076923076923 0.0
144 23.076923076923077 0.0
145 23.076923076923077 0.0
146 15.384615384615385 0.0
147 15.384615384615385 0.0
148 15.384615384615385 0.0
149 19.23076923076923 0.0
150 30.76923076923077 0.0
151 26.923076923076923 0.0
152 19.23076923076923 0.0
153 19.23076923076923 0.0
154 11.538461538461538 0.0
155 19.23076923076923 0.0
156 34.61538461538461 0.0
157 42.30769230769231 0.0
158 19.23076923076923 0.0
159 19.23076923076923 0.0
160 19.23076923076923 0.0
161 11.538461538461538 0.0
162 15.384615384615385 0.0
163 19.23076923076923 0.0
164 19.23076923076923 0.0
165 15.384615384615385 0.0
166 11.538461538461538 0.0
167 15.384615384615385 0.0
168 15.384615384615385 0.0
169 15.384615384615385 0.0
170 15.384615384615385 0.0
171 11.538461538461538 0.0
172 15.384615384615385 0.0
173 11.538461538461538 0.0
174 30.76923076923077 0.0
175 11.538461538461538 0.0
176 19.23076923076923 0.0
177 26.923076923076923 0.0
178 23.076923076923077 0.0
179 11.538461538461538 0.0
180 30.76923076923077 0.0
181 26.923076923076923 0.0
182 26.923076923076923 0.0
183 23.076923076923077 0.0
184 26.923076923076923 0.0
185 23.076923076923077 0.0
186 30.76923076923077 0.0
187 26.923076923076923 0.0
188 34.61538461538461 0.0
189 19.23076923076923 0.0
190 30.76923076923077 0.0
191 30.76923076923077 0.0
192 23.076923076923077 0.0
193 19.23076923076923 0.0
194 15.384615384615385 0.0
195 26.923076923076923 0.0
196 30.76923076923077 0.0
197 3.8461538461538463 0.0
198 19.23076923076923 0.0
199 7.6923076923076925 0.0
200 23.076923076923077 0.0
201 11.538461538461538 0.0
202 15.384615384615385 0.0
203 15.384615384615385 0.0
204 19.23076923076923 0.0
205 19.23076923076923 0.0
206 30.76923076923077 0.0
207 11.538461538461538 0.0
208 19.23076923076923 0.0
209 19.23076923076923 0.0
210 30.76923076923077 0.0
211 23.076923076923077 0.0
212 23.076923076923077 0.0
213 38.46153846153846 0.0
214 19.23076923076923 0.0
215 34.61538461538461 0.0
216 30.76923076923077 0.0
217 34.61538461538461 0.0
218 26.923076923076923 0.0
219 34.61538461538461 0.0
220 34.61538461538461 0.0
221 26.923076923076923 0.0
222 19.23076923076923 0.0
223 23.076923076923077 0.0
224 19.23076923076923 0.0
225 15.384615384615385 0.0
226 11.538461538461538 0.0
227 11.538461538461538 0.0
228 26.923076923076923 0.0
229 19.23076923076923 0.0
230 23.076923076923077 0.0
231 38.46153846153846 0.0
232 38.46153846153846 0.0
233 15.384615384615385 0.0
234 15.384615384615385 0.0
235 42.30769230769231 0.0
236 26.923076923076923 0.0
237 15.384615384615385 0.0
238 26.923076923076923 0.0
239 34.61538461538461 0.0
240 34.61538461538461 0.0
241 34.61538461538461 0.0
242 30.76923076923077 0.0
243 38.46153846153846 0.0
244 30.76923076923077 0.0
245 38.46153846153846 0.0
246 38.46153846153846 0.0
247 34.61538461538461 0.0
248 38.46153846153846 0.0
249 46.15384615384615 0.0
250 26.923076923076923 0.0
251 34.61538461538461 0.0
252 30.76923076923077 0.0
253 26.923076923076923 0.0
254 23.076923076923077 0.0
255 26.923076923076923 0.0
256 30.76923076923077 0.0
257 38.46153846153846 0.0
258 38.46153846153846 0.0
259 30.76923076923077 0.0
260 26.923076923076923 0.0
261 23.076923076923077 0.0
262 30.76923076923077 0.0
263 23.076923076923077 0.0
264 26.923076923076923 0.0
265 19.23076923076923 0.0
266 38.46153846153846 0.0
267 34.61538461538461 0.0
268 15.384615384615385 0.0
269 34.61538461538461 0.0
270 23.076923076923077 0.0
271 26.923076923076923 0.0
272 19.23076923076923 0.0
273 15.384615384615385 0.0
274 34.61538461538461 0.0
275 34.61538461538461 0.0
276 23.076923076923077 0.0
277 26.923076923076923 0.0
278 19.23076923076923 0.0
279 19.23076923076923 0.0
280 26.923076923076923 0.0
281 30.76923076923077 0.0
282 19.23076923076923 0.0
283 26.923076923076923 0.0
284 19.23076923076923 0.0
285 30.76923076923077 0.0
286 26.923076923076923 0.0
287 34.61538461538461 0.0
288 30.76923076923077 0.0
289 26.923076923076923 0.0
290 23.076923076923077 0.0
291 26.923076923076923 0.0
292 23.076923076923077 0.0
293 30.76923076923077 0.0
294 30.76923076923077 0.0
295 34.61538461538461 0.0
296 30.76923076923077 0.0
297 19.23076923076923 0.0
298 30.76923076923077 0.0
299 26.923076923076923 0.0
300 30.76923076923077 0.0
301 26.923076923076923 0.0
302 23.076923076923077 0.0
303 26.923076923076923 0.0
304 19.23076923076923 0.0
305 23.076923076923077 0.0
306 26.923076923076923 0.0
307 19.23076923076923 0.0
308 23.076923076923077 0.0
309 23.076923076923077 0.0
310 23.076923076923077 0.0
311 15.384615384615385 0.0
312 26.923076923076923 0.0
313 26.923076923076923 0.0
314 23.076923076923077 0.0
315 26.923076923076923 0.0
316 26.923076923076923 0.0
317 23.076923076923077 0.0
318 26.923076923076923 0.0
319 38.46153846153846 0.0
320 26.923076923076923 0.0
321 38.46153846153846 0.0
322 38.46153846153846 0.0
323 30.76923076923077 0.0
324 42.30769230769231 0.0
325 38.46153846153846 0.0
326 53.84615384615385 0.0
327 46.15384615384615 0.0
328 53.84615384615385 0.0
329 50.0 0.0
330 46.15384615384615 0.0
331 38.46153846153846 0.0
332 42.30769230769231 0.0
333 38.46153846153846 0.0
334 38.46153846153846 0.0
335 34.61538461538461 0.0
336 30.76923076923077 0.0
337 23.076923076923077 0.0
338 38.46153846153846 0.0
339 46.15384615384615 0.0
340 38.46153846153846 0.0
341 30.76923076923077 0.0
342 26.923076923076923 0.0
343 19.23076923076923 0.0
344 34.61538461538461 0.0
345 38.46153846153846 0.0
346 30.76923076923077 0.0
347 34.61538461538461 0.0
348 34.61538461538461 0.0
349 38.46153846153846 0.0
350 23.076923076923077 0.0
351 38.46153846153846 0.0
352 26.923076923076923 0.0
353 38.46153846153846 0.0
354 23.076923076923077 0.0
355 34.61538461538461 0.0
356 19.23076923076923 0.0
357 23.076923076923077 0.0
358 11.538461538461538 0.0
359 7.6923076923076925 0.0
360 19.23076923076923 0.0
361 19.23076923076923 0.0
362 19.23076923076923 0.0
363 23.076923076923077 0.0
364 26.923076923076923 0.0
365 26.923076923076923 0.0
366 19.23076923076923 0.0
367 30.76923076923077 0.0
368 34.61538461538461 0.0
369 26.923076923076923 0.0
370 38.46153846153846 0.0
371 34.61538461538461 0.0
372 19.23076923076923 0.0
373 19.23076923076923 0.0
374 11.538461538461538 0.0
375 23.076923076923077 0.0
376 26.923076923076923 0.0
377 30.76923076923077 0.0
378 34.61538461538461 0.0
379 42.30769230769231 0.0
380 23.076923076923077 0.0
381 26.923076923076923 0.0
382 26.923076923076923 0.0
383 19.23076923076923 0.0
384 38.46153846153846 0.0
385 42.30769230769231 0.0
386 30.76923076923077 0.0
387 34.61538461538461 0.0
388 38.46153846153846 0.0
389 42.30769230769231 0.0
390 50.0 0.0
391 50.0 0.0
392 30.76923076923077 0.0
393 38.46153846153846 0.0
394 46.15384615384615 0.0
395 38.46153846153846 0.0
396 26.923076923076923 0.0
397 19.23076923076923 0.0
398 15.384615384615385 0.0
399 23.076923076923077 0.0
400 34.61538461538461 0.0
401 26.923076923076923 0.0
402 30.76923076923077 0.0
403 23.076923076923077 0.0
404 26.923076923076923 0.0
405 34.61538461538461 0.0
406 34.61538461538461 0.0
407 19.23076923076923 0.0
408 23.076923076923077 0.0
409 34.61538461538461 0.0
410 30.76923076923077 0.0
411 19.23076923076923 0.0
412 23.076923076923077 0.0
413 23.076923076923077 0.0
414 15.384615384615385 0.0
415 15.384615384615385 0.0
416 15.384615384615385 0.0
417 19.23076923076923 0.0
418 23.076923076923077 0.0
419 23.076923076923077 0.0
420 15.384615384615385 0.0
421 19.23076923076923 0.0
422 15.384615384615385 0.0
423 15.384615384615385 0.0
424 26.923076923076923 0.0
425 26.923076923076923 0.0
426 19.23076923076923 0.0
427 23.076923076923077 0.0
428 15.384615384615385 0.0
429 30.76923076923077 0.0
430 23.076923076923077 0.0
431 34.61538461538461 0.0
432 34.61538461538461 0.0
433 30.76923076923077 0.0
434 19.23076923076923 0.0
435 19.23076923076923 0.0
436 26.923076923076923 0.0
437 26.923076923076923 0.0
438 19.23076923076923 0.0
439 23.076923076923077 0.0
440 30.76923076923077 0.0
441 42.30769230769231 0.0
442 30.76923076923077 0.0
443 26.923076923076923 0.0
444 30.76923076923077 0.0
445 23.076923076923077 0.0
446 23.076923076923077 0.0
447 23.076923076923077 0.0
448 30.76923076923077 0.0
449 23.076923076923077 0.0
450 23.076923076923077 0.0
451 19.23076923076923 0.0
452 34.61538461538461 0.0
453 23.076923076923077 0.0
454 26.923076923076923 0.0
455 26.923076923076923 0.0
456 26.923076923076923 0.0
457 30.76923076923077 0.0
458 26.923076923076923 0.0
459 26.923076923076923 0.0
460 19.23076923076923 0.0
461 23.076923076923077 0.0
462 23.076923076923077 0.0
463 30.76923076923077 0.0
464 23.076923076923077 0.0
465 30.76923076923077 0.0
466 26.923076923076923 0.0
467 26.923076923076923 0.0
468 23.076923076923077 0.0
469 30.76923076923077 0.0
470 26.923076923076923 0.0
471 42.30769230769231 0.0
472 23.076923076923077 0.0
473 30.76923076923077 0.0
474 26.923076923076923 0.0
475 23.076923076923077 0.0
476 26.923076923076923 0.0
477 26.923076923076923 0.0
478 30.76923076923077 0.0
479 30.76923076923077 0.0
480 34.61538461538461 0.0
481 34.61538461538461 0.0
482 30.76923076923077 0.0
483 30.76923076923077 0.0
484 38.46153846153846 0.0
485 26.923076923076923 0.0
486 19.23076923076923 0.0
487 26.923076923076923 0.0
488 42.30769230769231 0.0
489 30.76923076923077 0.0
490 26.923076923076923 0.0
491 26.923076923076923 0.0
492 26.923076923076923 0.0
493 34.61538461538461 0.0
494 38.46153846153846 0.0
495 42.30769230769231 0.0
496 42.30769230769231 0.0
497 42.30769230769231 0.0
498 34.61538461538461 0.0
499 38.46153846153846 0.0
500 34.61538461538461 0.0
501 23.076923076923077 0.0
502 30.76923076923077 0.0
503 34.61538461538461 0.0
504 34.61538461538461 0.0
505 38.46153846153846 0.0
506 38.46153846153846 0.0
507 19.23076923076923 0.0
508 26.923076923076923 0.0
509 19.23076923076923 0.0
510 23.076923076923077 0.0
511 19.23076923076923 0.0
512 26.923076923076923 0.0
513 26.923076923076923 0.0
514 19.23076923076923 0.0
515 38.46153846153846 0.0
516 34.61538461538461 0.0
517 26.923076923076923 0.0
518 38.46153846153846 0.0
519 50.0 0.0
520 34.61538461538461 0.0
521 30.76923076923077 0.0
522 34.61538461538461 0.0
523 34.61538461538461 0.0
524 26.923076923076923 0.0
525 38.46153846153846 0.0
526 42.30769230769231 0.0
527 46.15384615384615 0.0
528 38.46153846153846 0.0
529 46.15384615384615 0.0
530 50.0 0.0
531 30.76923076923077 0.0
532 46.15384615384615 0.0
533 26.923076923076923 0.0
534 50.0 0.0
535 53.84615384615385 0.0
536 30.76923076923077 0.0
537 53.84615384615385 0.0
538 42.30769230769231 0.0
539 42.30769230769231 0.0
540 46.15384615384615 0.0
541 30.76923076923077 0.0
542 30.76923076923077 0.0
543 42.30769230769231 0.0
544 42.30769230769231 0.0
545 38.46153846153846 0.0
546 30.76923076923077 0.0
547 38.46153846153846 0.0
548 26.923076923076923 0.0
549 34.61538461538461 0.0
550 38.46153846153846 0.0
551 38.46153846153846 0.0
552 34.61538461538461 0.0
553 23.076923076923077 0.0
554 34.61538461538461 0.0
555 15.384615384615385 0.0
556 23.076923076923077 0.0
557 26.923076923076923 0.0
558 38.46153846153846 0.0
559 57.69230769230769 0.0
560 34.61538461538461 0.0
561 42.30769230769231 0.0
562 30.76923076923077 0.0
563 26.923076923076923 0.0
564 26.923076923076923 0.0
565 38.46153846153846 0.0
566 38.46153846153846 0.0
567 34.61538461538461 0.0
568 42.30769230769231 0.0
569 23.076923076923077 0.0
570 30.76923076923077 0.0
571 30.76923076923077 0.0
572 15.384615384615385 0.0
573 30.76923076923077 0.0
574 30.76923076923077 0.0
575 19.23076923076923 0.0
576 26.923076923076923 0.0
577 23.076923076923077 0.0
578 19.23076923076923 0.0
579 23.076923076923077 0.0
580 19.23076923076923 0.0
581 15.384615384615385 0.0
582 15.384615384615385 0.0
583 23.076923076923077 0.0
584 19.23076923076923 0.0
585 19.23076923076923 0.0
586 23.076923076923077 0.0
587 23.076923076923077 0.0
588 15.384615384615385 0.0
589 23.076923076923077 0.0
590 26.923076923076923 0.0
591 26.923076923076923 0.0
592 26.923076923076923 0.0
593 30.76923076923077 0.0
594 19.23076923076923 0.0
595 23.076923076923077 0.0
596 23.076923076923077 0.0
597 19.23076923076923 0.0
598 19.23076923076923 0.0
599 23.076923076923077 0.0
600 19.23076923076923 0.0
601 26.923076923076923 0.0
602 19.23076923076923 0.0
603 15.384615384615385 0.0
604 15.384615384615385 0.0
605 23.076923076923077 0.0
606 19.23076923076923 0.0
607 26.923076923076923 0.0
608 26.923076923076923 0.0
609 30.76923076923077 0.0
610 26.923076923076923 0.0
611 26.923076923076923 0.0
612 34.61538461538461 0.0
613 30.76923076923077 0.0
614 30.76923076923077 0.0
615 26.923076923076923 0.0
616 34.61538461538461 0.0
617 34.61538461538461 0.0
618 23.076923076923077 0.0
619 30.76923076923077 0.0
620 30.76923076923077 0.0
621 42.30769230769231 0.0
622 42.30769230769231 0.0
623 30.76923076923077 0.0
624 38.46153846153846 0.0
625 38.46153846153846 0.0
626 38.46153846153846 0.0
627 26.923076923076923 0.0
628 34.61538461538461 0.0
629 23.076923076923077 0.0
630 30.76923076923077 0.0
631 30.76923076923077 0.0
632 42.30769230769231 0.0
633 38.46153846153846 0.0
634 26.923076923076923 0.0
635 30.76923076923077 0.0
636 34.61538461538461 0.0
637 30.76923076923077 0.0
638 38.46153846153846 0.0
639 46.15384615384615 0.0
640 42.30769230769231 0.0
641 26.923076923076923 0.0
642 46.15384615384615 0.0
643 53.84615384615385 0.0
644 50.0 0.0
645 50.0 0.0
646 46.15384615384615 0.0
647 46.15384615384615 0.0
648 38.46153846153846 0.0
649 23.076923076923077 0.0
650 42.30769230769231 0.0
651 38.46153846153846 0.0
652 42.30769230769231 0.0
653 30.76923076923077 0.0
654 46.15384615384615 0.0
655 42.30769230769231 0.0
656 50.0 0.0
657 46.15384615384615 0.0
658 46.15384615384615 0.0
659 42.30769230769231 0.0
660 34.61538461538461 0.0
661 42.30769230769231 0.0
662 46.15384615384615 0.0
663 42.30769230769231 0.0
664 53.84615384615385 0.0
665 42.30769230769231 0.0
666 53.84615384615385 0.0
667 50.0 0.0
668 61.53846153846154 0.0
669 53.84615384615385 0.0
670 65.38461538461539 0.0
671 57.69230769230769 0.0
672 46.15384615384615 0.0
673 30.76923076923077 0.0
674 23.076923076923077 0.0
675 23.076923076923077 0.0
676 19.23076923076923 0.0
677 23.076923076923077 0.0
678 26.923076923076923 0.0
679 15.384615384615385 0.0
680 15.384615384615385 0.0
681 7.6923076923076925 0.0
682 15.384615384615385 0.0
683 15.384615384615385 0.0
684 38.46153846153846 0.0
685 11.538461538461538 0.0
686 30.76923076923077 0.0
687 30.76923076923077 0.0
688 38.46153846153846 0.0
689 34.61538461538461 0.0
690 53.84615384615385 0.0
691 38.46153846153846 0.0
692 42.30769230769231 0.0
693 50.0 0.0
694 42.30769230769231 0.0
695 38.46153846153846 0.0
696 42.30769230769231 0.0
697 30.76923076923077 0.0
698 30.76923076923077 0.0
699 34.61538461538461 0.0
700 23.076923076923077 0.0
701 42.30769230769231 0.0
702 38.46153846153846 0.0
703 46.15384615384615 0.0
704 42.30769230769231 0.0
705 34.61538461538461 0.0
706 53.84615384615385 0.0
707 38.46153846153846 0.0
708 46.15384615384615 0.0
709 50.0 0.0
710 50.0 0.0
711 30.76923076923077 0.0
712 38.46153846153846 0.0
713 46.15384615384615 0.0
714 38.46153846153846 0.0
715 46.15384615384615 0.0
716 46.15384615384615 0.0
717 34.61538461538461 0.0
718 42.30769230769231 0.0
719 34.61538461538461 0.0
720 38.46153846153846 0.0
721 46.15384615384615 0.0
722 34.61538461538461 0.0
723 42.30769230769231 0.0
724 42.30769230769231 0.0
725 46.15384615384615 0.0
726 23.076923076923077 0.0
727 23.076923076923077 0.0
728 34.61538461538461 0.0
729 26.923076923076923 0.0
730 23.076923076923077 0.0
731 26.923076923076923 0.0
732 19.23076923076923 0.0
733 23.076923076923077 0.0
734 34.61538461538461 0.0
735 26.923076923076923 0.0
736 34.61538461538461 0.0
737 26.923076923076923 0.0
738 30.76923076923077 0.0
739 42.30769230769231 0.0
740 30.76923076923077 0.0
741 30.76923076923077 0.0
742 38.46153846153846 0.0
743 42.30769230769231 0.0
744 34.61538461538461 0.0
745 23.076923076923077 0.0
746 34.61538461538461 0.0
747 19.23076923076923 0.0
748 34.61538461538461 0.0
749 19.23076923076923 0.0
750 19.23076923076923 0.0
751 34.61538461538461 0.0
752 23.076923076923077 0.0
753 30.76923076923077 0.0
754 23.076923076923077 0.0
755 23.076923076923077 0.0
756 23.076923076923077 0.0
757 15.384615384615385 0.0
758 23.076923076923077 0.0
759 15.384615384615385 0.0
760 23.076923076923077 0.0
761 26.923076923076923 0.0
762 26.923076923076923 0.0
763 19.23076923076923 0.0
764 34.61538461538461 0.0
765 19.23076923076923 0.0
766 19.23076923076923 0.0
767 15.384615384615385 0.0
768 26.923076923076923 0.0
769 23.076923076923077 0.0
770 34.61538461538461 0.0
771 30.76923076923077 0.0
772 30.76923076923077 0.0
773 30.76923076923077 0.0
774 34.61538461538461 0.0
775 42.30769230769231 0.0
776 26.923076923076923 0.0
777 23.076923076923077 0.0
778 34.61538461538461 0.0
779 46.15384615384615 0.0
780 26.923076923076923 0.0
781 38.46153846153846 0.0
782 30.76923076923077 0.0
783 30.76923076923077 0.0
784 30.76923076923077 0.0
785 38.46153846153846 0.0
786 19.23076923076923 0.0
787 38.46153846153846 0.0
788 26.923076923076923 0.0
789 26.923076923076923 0.0
790 38.46153846153846 0.0
791 42.30769230769231 0.0
792 26.923076923076923 0.0
793 23.076923076923077 0.0
794 23.076923076923077 0.0
795 42.30769230769231 0.0
796 23.076923076923077 0.0
797 23.076923076923077 0.0
798 30.76923076923077 0.0
799 30.76923076923077 0.0
800 38.46153846153846 0.0
801 23.076923076923077 0.0
802 26.923076923076923 0.0
803 30.76923076923077 0.0
804 30.76923076923077 0.0
805 34.61538461538461 0.0
806 50.0 0.0
807 46.15384615384615 0.0
808 42.30769230769231 0.0
809 42.30769230769231 0.0
810 34.61538461538461 0.0
811 42.30769230769231 0.0
812 34.61538461538461 0.0
813 34.61538461538461 0.0
814 34.61538461538461 0.0
815 38.46153846153846 0.0
816 42.30769230769231 0.0
817 26.923076923076923 0.0
818 34.61538461538461 0.0
819 34.61538461538461 0.0
820 30.76923076923077 0.0
821 30.76923076923077 0.0
822 42.30769230769231 0.0
823 34.61538461538461 0.0
824 30.76923076923077 0.0
825 34.61538461538461 0.0
826 26.923076923076923 0.0
827 26.923076923076923 0.0
828 23.076923076923077 0.0
829 26.923076923076923 0.0
830 30.76923076923077 0.0
831 30.76923076923077 0.0
832 30.76923076923077 0.0
833 26.923076923076923 0.0
834 23.076923076923077 0.0
835 23.076923076923077 0.0
836 19.23076923076923 0.0
837 26.923076923076923 0.0
838 26.923076923076923 0.0
839 23.076923076923077 0.0
840 34.61538461538461 0.0
841 34.61538461538461 0.0
842 38.46153846153846 0.0
843 30.76923076923077 0.0
844 42.30769230769231 0.0
845 30.76923076923077 0.0
846 34.61538461538461 0.0
847 34.61538461538461 0.0
848 38.46153846153846 0.0
849 34.61538461538461 0.0
850 38.46153846153846 0.0
851 42.30769230769231 0.0
852 42.30769230769231 0.0
853 42.30769230769231 0.0
854 38.46153846153846 0.0
855 30.76923076923077 0.0
856 30.76923076923077 0.0
857 15.384615384615385 0.0
858 26.923076923076923 0.0
859 23.076923076923077 0.0
860 26.923076923076923 0.0
861 30.76923076923077 0.0
862 30.76923076923077 0.0
863 26.923076923076923 0.0
864 26.923076923076923 0.0
865 26.923076923076923 0.0
866 34.61538461538461 0.0
867 26.923076923076923 0.0
868 38.46153846153846 0.0
869 34.61538461538461 0.0
870 23.076923076923077 0.0
871 30.76923076923077 0.0
872 23.076923076923077 0.0
873 19.23076923076923 0.0
874 26.923076923076923 0.0
875 23.076923076923077 0.0
876 15.384615384615385 0.0
877 30.76923076923077 0.0
878 19.23076923076923 0.0
879 34.61538461538461 0.0
880 23.076923076923077 0.0
881 38.46153846153846 0.0
882 42.30769230769231 0.0
883 50.0 0.0
884 50.0 0.0
885 46.15384615384615 0.0
886 50.0 0.0
887 46.15384615384615 0.0
888 38.46153846153846 0.0
889 53.84615384615385 0.0
890 34.61538461538461 0.0
891 30.76923076923077 0.0
892 53.84615384615385 0.0
893 53.84615384615385 0.0
894 30.76923076923077 0.0
895 34.61538461538461 0.0
896 30.76923076923077 0.0
897 30.76923076923077 0.0
898 34.61538461538461 0.0
899 38.46153846153846 0.0
900 53.84615384615385 0.0
901 26.923076923076923 0.0
902 34.61538461538461 0.0
903 50.0 0.0
904 61.53846153846154 0.0
905 57.69230769230769 0.0
906 42.30769230769231 0.0
907 46.15384615384615 0.0
908 53.84615384615385 0.0
909 42.30769230769231 0.0
910 42.30769230769231 0.0
911 46.15384615384615 0.0
912 38.46153846153846 0.0
913 38.46153846153846 0.0
914 30.76923076923077 0.0
915 34.61538461538461 0.0
916 34.61538461538461 0.0
917 38.46153846153846 0.0
918 42.30769230769231 0.0
919 38.46153846153846 0.0
920 42.30769230769231 0.0
921 38.46153846153846 0.0
922 38.46153846153846 0.0
923 38.46153846153846 0.0
924 42.30769230769231 0.0
925 30.76923076923077 0.0
926 34.61538461538461 0.0
927 38.46153846153846 0.0
928 38.46153846153846 0.0
929 34.61538461538461 0.0
930 26.923076923076923 0.0
931 30.76923076923077 0.0
932 26.923076923076923 0.0
933 26.923076923076923 0.0
934 26.923076923076923 0.0
935 23.076923076923077 0.0
936 15.384615384615385 0.0
937 19.23076923076923 0.0
938 19.23076923076923 0.0
939 23.076923076923077 0.0
940 23.076923076923077 0.0
941 34.61538461538461 0.0
942 23.076923076923077 0.0
943 15.384615384615385 0.0
944 23.076923076923077 0.0
945 34.61538461538461 0.0
946 26.923076923076923 0.0
947 34.61538461538461 0.0
948 30.76923076923077 0.0
949 30.76923076923077 0.0
950 38.46153846153846 0.0
951 30.76923076923077 0.0
952 26.923076923076923 0.0
953 34.61538461538461 0.0
954 15.384615384615385 0.0
955 34.61538461538461 0.0
956 26.923076923076923 0.0
957 30.76923076923077 0.0
958 26.923076923076923 0.0
959 34.61538461538461 0.0
960 42.30769230769231 0.0
961 38.46153846153846 0.0
962 38.46153846153846 0.0
963 34.61538461538461 0.0
964 34.61538461538461 0.0
965 38.46153846153846 0.0
966 38.46153846153846 0.0
967 26.923076923076923 0.0
968 23.076923076923077 0.0
969 26.923076923076923 0.0
970 30.76923076923077 0.0
971 26.923076923076923 0.0
972 23.076923076923077 0.0
973 19.23076923076923 0.0
974 19.23076923076923 0.0
975 26.923076923076923 0.0
976 11.538461538461538 0.0
977 23.076923076923077 0.0
978 23.076923076923077 0.0
979 23.076923076923077 0.0
980 30.76923076923077 0.0
981 26.923076923076923 0.0
982 19.23076923076923 0.0
983 19.23076923076923 0.0
984 26.923076923076923 0.0
985 15.384615384615385 0.0
986 19.23076923076923 0.0
987 7.6923076923076925 0.0
988 23.076923076923077 0.0
989 19.23076923076923 0.0
990 7.6923076923076925 0.0
991 11.538461538461538 0.0
992 11.538461538461538 0.0
993 11.538461538461538 0.0
994 11.538461538461538 0.0
995 7.6923076923076925 0.0
996 7.6923076923076925 0.0
997 15.384615384615385 0.0
998 11.538461538461538 0.0
999 11.538461538461538 0.0
