#frame monomers_% popc_isolated_%
0 11.538461538461538 0.0
1 23.076923076923077 0.0
2 34.61538461538461 0.0
3 26.923076923076923 0.0
4 30.76923076923077 0.0
5 23.076923076923077 0.0
6 19.23076923076923 0.0
7 23.076923076923077 0.0
8 19.23076923076923 0.0
9 15.384615384615385 0.0
10 19.23076923076923 0.0
11 23.076923076923077 0.0
12 15.384615384615385 0.0
13 19.23076923076923 0.0
14 15.384615384615385 0.0
15 19.23076923076923 0.0
16 7.6923076923076925 0.0
17 11.538461538461538 0.0
18 3.8461538461538463 0.0
19 7.6923076923076925 0.0
20 26.923076923076923 0.0
21 26.923076923076923 0.0
22 23.076923076923077 0.0
23 30.76923076923077 0.0
24 19.23076923076923 0.0
25 30.76923076923077 0.0
26 19.23076923076923 0.0
27 26.923076923076923 0.0
28 23.076923076923077 0.0
29 34.61538461538461 0.0
30 15.384615384615385 0.0
31 11.538461538461538 0.0
32 30.76923076923077 0.0
33 26.923076923076923 0.0
34 26.923076923076923 0.0
35 30.76923076923077 0.0
36 11.538461538461538 0.0
37 19.23076923076923 0.0
38 30.76923076923077 0.0
39 23.076923076923077 0.0
40 34.61538461538461 0.0
41 15.384615384615385 0.0
42 30.76923076923077 0.0
43 30.76923076923077 0.0
44 23.076923076923077 0.0
45 38.46153846153846 0.0
46 26.923076923076923 0.0
47 26.923076923076923 0.0
48 19.23076923076923 0.0
49 26.923076923076923 0.0
50 19.23076923076923 0.0
51 19.23076923076923 0.0
52 19.23076923076923 0.0
53 23.076923076923077 0.0
54 19.23076923076923 0.0
55 23.076923076923077 0.0
56 19.23076923076923 0.0
57 15.384615384615385 0.0
58 23.076923076923077 0.0
59 23.076923076923077 0.0
60 26.923076923076923 0.0
61 11.538461538461538 0.0
62 11.538461538461538 0.0
63 19.23076923076923 0.0
64 23.076923076923077 0.0
65 34.61538461538461 0.0
66 26.923076923076923 0.0
67 26.923076923076923 0.0
68 30.76923076923077 0.0
69 34.61538461538461 0.0
70 42.30769230769231 0.0
71 42.30769230769231 0.0
72 34.61538461538461 0.0
73 23.076923076923077 0.0
74 34.61538461538461 0.0
75 26.923076923076923 0.0
76 23.076923076923077 0.0
77 26.923076923076923 0.0
78 23.076923076923077 0.0
79 26.923076923076923 0.0
80 23.076923076923077 0.0
81 26.923076923076923 0.0
82 26.923076923076923 0.0
83 34.61538461538461 0.0
84 38.46153846153846 0.0
85 30.76923076923077 0.0
86 30.76923076923077 0.0
87 19.23076923076923 0.0
88 19.23076923076923 0.0
89 26.923076923076923 0.0
90 26.923076923076923 0.0
91 34.61538461538461 0.0
92 46.15384615384615 0.0
93 34.61538461538461 0.0
94 34.61538461538461 0.0
95 15.384615384615385 0.0
96 26.923076923076923 0.0
97 30.76923076923077 0.0
98 26.923076923076923 0.0
99 26.923076923076923 0.0
100 23.076923076923077 0.0
101 23.076923076923077 0.0
102 26.923076923076923 0.0
103 26.923076923076923 0.0
104 26.923076923076923 0.0
105 30.76923076923077 0.0
106 34.61538461538461 0.0
107 26.923076923076923 0.0
108 38.46153846153846 0.0
109 26.923076923076923 0.0
110 23.076923076923077 0.0
111 19.23076923076923 0.0
112 15.384615384615385 0.0
113 23.076923076923077 0.0
114 23.076923076923077 0.0
115 19.23076923076923 0.0
116 19.23076923076923 0.0
117 15.384615384615385 0.0
118 15.384615384615385 0.0
119 23.076923076923077 0.0
120 19.23076923076923 0.0
121 15.384615384615385 0.0
122 11.538461538461538 0.0
123 23.076923076923077 0.0
124 19.23076923076923 0.0
125 19.23076923076923 0.0
126 15.384615384615385 0.0
127 26.923076923076923 0.0
128 23.076923076923077 0.0
129 30.76923076923077 0.0
130 26.923076923076923 0.0
131 26.923076923076923 0.0
132 23.076923076923077 0.0
133 26.923076923076923 0.0
134 26.923076923076923 0.0
135 34.61538461538461 0.0
136 38.46153846153846 0.0
137 34.61538461538461 0.0
138 26.923076923076923 0.0
139 23.076923076923077 0.0
140 26.923076923076923 0.0
141 23.076923076923077 0.0
142 19.23076923076923 0.0
143 19.23076923076923 0.0
144 23.076923076923077 0.0
145 19.23076923076923 0.0
146 26.923076923076923 0.0
147 11.538461538461538 0.0
148 34.61538461538461 0.0
149 30.76923076923077 0.0
150 23.076923076923077 0.0
151 26.923076923076923 0.0
152 30.76923076923077 0.0
153 23.076923076923077 0.0
154 23.076923076923077 0.0
155 19.23076923076923 0.0
156 19.23076923076923 0.0
157 23.076923076923077 0.0
158 19.23076923076923 0.0
159 26.923076923076923 0.0
160 23.076923076923077 0.0
161 23.076923076923077 0.0
162 30.76923076923077 0.0
163 23.076923076923077 0.0
164 26.923076923076923 0.0
165 19.23076923076923 0.0
166 23.076923076923077 0.0
167 26.923076923076923 0.0
168 26.923076923076923 0.0
169 19.23076923076923 0.0
170 26.923076923076923 0.0
171 19.23076923076923 0.0
172 26.923076923076923 0.0
173 26.923076923076923 0.0
174 23.076923076923077 0.0
175 30.76923076923077 0.0
176 30.76923076923077 0.0
177 15.384615384615385 0.0
178 23.076923076923077 0.0
179 26.923076923076923 0.0
180 15.384615384615385 0.0
181 23.076923076923077 0.0
182 26.923076923076923 0.0
183 19.23076923076923 0.0
184 19.23076923076923 0.0
185 26.923076923076923 0.0
186 26.923076923076923 0.0
187 30.76923076923077 0.0
188 34.61538461538461 0.0
189 26.923076923076923 0.0
190 23.076923076923077 0.0
191 34.61538461538461 0.0
192 26.923076923076923 0.0
193 23.076923076923077 0.0
194 26.923076923076923 0.0
195 19.23076923076923 0.0
196 23.076923076923077 0.0
197 11.538461538461538 0.0
198 15.384615384615385 0.0
199 7.6923076923076925 0.0
200 7.6923076923076925 0.0
201 7.6923076923076925 0.0
202 19.23076923076923 0.0
203 19.23076923076923 0.0
204 11.538461538461538 0.0
205 26.923076923076923 0.0
206 15.384615384615385 0.0
207 26.923076923076923 0.0
208 15.384615384615385 0.0
209 19.23076923076923 0.0
210 19.23076923076923 0.0
211 19.23076923076923 0.0
212 11.538461538461538 0.0
213 23.076923076923077 0.0
214 11.538461538461538 0.0
215 15.384615384615385 0.0
216 15.384615384615385 0.0
217 23.076923076923077 0.0
218 15.384615384615385 0.0
219 15.384615384615385 0.0
220 19.23076923076923 0.0
221 19.23076923076923 0.0
222 23.076923076923077 0.0
223 23.076923076923077 0.0
224 19.23076923076923 0.0
225 19.23076923076923 0.0
226 19.23076923076923 0.0
227 19.23076923076923 0.0
228 19.23076923076923 0.0
229 19.23076923076923 0.0
230 19.23076923076923 0.0
231 19.23076923076923 0.0
232 19.23076923076923 0.0
233 15.384615384615385 0.0
234 15.384615384615385 0.0
235 19.23076923076923 0.0
236 26.923076923076923 0.0
237 19.23076923076923 0.0
238 19.23076923076923 0.0
239 19.23076923076923 0.0
240 26.923076923076923 0.0
241 19.23076923076923 0.0
242 23.076923076923077 0.0
243 23.076923076923077 0.0
244 19.23076923076923 0.0
245 23.076923076923077 0.0
246 19.23076923076923 0.0
247 19.23076923076923 0.0
248 19.23076923076923 0.0
249 23.076923076923077 0.0
250 23.076923076923077 0.0
251 30.76923076923077 0.0
252 30.76923076923077 0.0
253 23.076923076923077 0.0
254 30.76923076923077 0.0
255 19.23076923076923 0.0
256 23.076923076923077 0.0
257 19.23076923076923 0.0
258 26.923076923076923 0.0
259 23.076923076923077 0.0
260 23.076923076923077 0.0
261 34.61538461538461 0.0
262 34.61538461538461 0.0
263 30.76923076923077 0.0
264 30.76923076923077 0.0
265 26.923076923076923 0.0
266 23.076923076923077 0.0
267 15.384615384615385 0.0
268 11.538461538461538 0.0
269 11.538461538461538 0.0
270 19.23076923076923 0.0
271 11.538461538461538 0.0
272 26.923076923076923 0.0
273 19.23076923076923 0.0
274 23.076923076923077 0.0
275 30.76923076923077 0.0
276 15.384615384615385 0.0
277 34.61538461538461 0.0
278 26.923076923076923 0.0
279 30.76923076923077 0.0
280 34.61538461538461 0.0
281 23.076923076923077 0.0
282 26.923076923076923 0.0
283 23.076923076923077 0.0
284 26.923076923076923 0.0
285 7.6923076923076925 0.0
286 19.23076923076923 0.0
287 23.076923076923077 0.0
288 23.076923076923077 0.0
289 23.076923076923077 0.0
290 19.23076923076923 0.0
291 26.923076923076923 0.0
292 26.923076923076923 0.0
293 30.76923076923077 0.0
294 15.384615384615385 0.0
295 26.923076923076923 0.0
296 19.23076923076923 0.0
297 19.23076923076923 0.0
298 15.384615384615385 0.0
299 26.923076923076923 0.0
300 19.23076923076923 0.0
301 23.076923076923077 0.0
302 15.384615384615385 0.0
303 23.076923076923077 0.0
304 15.384615384615385 0.0
305 19.23076923076923 0.0
306 11.538461538461538 0.0
307 15.384615384615385 0.0
308 19.23076923076923 0.0
309 15.384615384615385 0.0
310 23.076923076923077 0.0
311 15.384615384615385 0.0
312 23.076923076923077 0.0
313 30.76923076923077 0.0
314 26.923076923076923 0.0
315 11.538461538461538 0.0
316 23.076923076923077 0.0
317 19.23076923076923 0.0
318 19.23076923076923 0.0
319 30.76923076923077 0.0
320 15.384615384615385 0.0
321 15.384615384615385 0.0
322 11.538461538461538 0.0
323 15.384615384615385 0.0
324 7.6923076923076925 0.0
325 19.23076923076923 0.0
326 19.23076923076923 0.0
327 19.23076923076923 0.0
328 19.23076923076923 0.0
329 15.384615384615385 0.0
330 23.076923076923077 0.0
331 15.384615384615385 0.0
332 15.384615384615385 0.0
333 19.23076923076923 0.0
334 23.076923076923077 0.0
335 15.384615384615385 0.0
336 15.384615384615385 0.0
337 23.076923076923077 0.0
338 23.076923076923077 0.0
339 15.384615384615385 0.0
340 15.384615384615385 0.0
341 26.923076923076923 0.0
342 26.923076923076923 0.0
343 23.076923076923077 0.0
344 23.076923076923077 0.0
345 23.076923076923077 0.0
346 19.23076923076923 0.0
347 19.23076923076923 0.0
348 23.076923076923077 0.0
349 19.23076923076923 0.0
350 15.384615384615385 0.0
351 19.23076923076923 0.0
352 19.23076923076923 0.0
353 19.23076923076923 0.0
354 26.923076923076923 0.0
355 15.384615384615385 0.0
356 30.76923076923077 0.0
357 26.923076923076923 0.0
358 38.46153846153846 0.0
359 26.923076923076923 0.0
360 15.384615384615385 0.0
361 30.76923076923077 0.0
362 30.76923076923077 0.0
363 26.923076923076923 0.0
364 26.923076923076923 0.0
365 30.76923076923077 0.0
366 26.923076923076923 0.0
367 34.61538461538461 0.0
368 38.46153846153846 0.0
369 23.076923076923077 0.0
370 34.61538461538461 0.0
371 30.76923076923077 0.0
372 26.923076923076923 0.0
373 30.76923076923077 0.0
374 30.76923076923077 0.0
375 26.923076923076923 0.0
376 26.923076923076923 0.0
377 30.76923076923077 0.0
378 30.76923076923077 0.0
379 26.923076923076923 0.0
380 23.076923076923077 0.0
381 23.076923076923077 0.0
382 30.76923076923077 0.0
383 38.46153846153846 0.0
384 42.30769230769231 0.0
385 46.15384615384615 0.0
386 34.61538461538461 0.0
387 30.76923076923077 0.0
388 26.923076923076923 0.0
389 34.61538461538461 0.0
390 42.30769230769231 0.0
391 30.76923076923077 0.0
392 30.76923076923077 0.0
393 38.46153846153846 0.0
394 42.30769230769231 0.0
395 26.923076923076923 0.0
396 42.30769230769231 0.0
397 38.46153846153846 0.0
398 34.61538461538461 0.0
399 30.76923076923077 0.0
400 26.923076923076923 0.0
401 23.076923076923077 0.0
402 26.923076923076923 0.0
403 30.76923076923077 0.0
404 38.46153846153846 0.0
405 38.46153846153846 0.0
406 23.076923076923077 0.0
407 30.76923076923077 0.0
408 30.76923076923077 0.0
409 30.76923076923077 0.0
410 38.46153846153846 0.0
411 26.923076923076923 0.0
412 34.61538461538461 0.0
413 38.46153846153846 0.0
414 26.923076923076923 0.0
415 26.923076923076923 0.0
416 34.61538461538461 0.0
417 26.923076923076923 0.0
418 15.384615384615385 0.0
419 19.23076923076923 0.0
420 42.30769230769231 0.0
421 15.384615384615385 0.0
422 38.46153846153846 0.0
423 34.61538461538461 0.0
424 34.61538461538461 0.0
425 38.46153846153846 0.0
426 26.923076923076923 0.0
427 26.923076923076923 0.0
428 26.923076923076923 0.0
429 26.923076923076923 0.0
430 19.23076923076923 0.0
431 26.923076923076923 0.0
432 30.76923076923077 0.0
433 34.61538461538461 0.0
434 38.46153846153846 0.0
435 34.61538461538461 0.0
436 15.384615384615385 0.0
437 23.076923076923077 0.0
438 11.538461538461538 0.0
439 11.538461538461538 0.0
440 15.384615384615385 0.0
441 7.6923076923076925 0.0
442 15.384615384615385 0.0
443 11.538461538461538 0.0
444 19.23076923076923 0.0
445 11.538461538461538 0.0
446 15.384615384615385 0.0
447 15.384615384615385 0.0
448 23.076923076923077 0.0
449 23.076923076923077 0.0
450 26.923076923076923 0.0
451 19.23076923076923 0.0
452 11.538461538461538 0.0
453 19.23076923076923 0.0
454 15.384615384615385 0.0
455 26.923076923076923 0.0
456 26.923076923076923 0.0
457 23.076923076923077 0.0
458 26.923076923076923 0.0
459 23.076923076923077 0.0
460 30.76923076923077 0.0
461 38.46153846153846 0.0
462 30.76923076923077 0.0
463 30.76923076923077 0.0
464 30.76923076923077 0.0
465 30.76923076923077 0.0
466 23.076923076923077 0.0
467 30.76923076923077 0.0
468 42.30769230769231 0.0
469 30.76923076923077 0.0
470 38.46153846153846 0.0
471 38.46153846153846 0.0
472 34.61538461538461 0.0
473 30.76923076923077 0.0
474 38.46153846153846 0.0
475 38.46153846153846 0.0
476 42.30769230769231 0.0
477 34.61538461538461 0.0
478 42.30769230769231 0.0
479 42.30769230769231 0.0
480 34.61538461538461 0.0
481 38.46153846153846 0.0
482 42.30769230769231 0.0
483 38.46153846153846 0.0
484 26.923076923076923 0.0
485 34.61538461538461 0.0
486 34.61538461538461 0.0
487 30.76923076923077 0.0
488 30.76923076923077 0.0
489 50.0 0.0
490 46.15384615384615 0.0
491 26.923076923076923 0.0
492 42.30769230769231 0.0
493 46.15384615384615 0.0
494 50.0 0.0
495 42.30769230769231 0.0
496 46.15384615384615 0.0
497 46.15384615384615 0.0
498 34.61538461538461 0.0
499 42.30769230769231 0.0
500 34.61538461538461 0.0
501 34.61538461538461 0.0
502 38.46153846153846 0.0
503 38.46153846153846 0.0
504 38.46153846153846 0.0
505 30.76923076923077 0.0
506 30.76923076923077 0.0
507 34.61538461538461 0.0
508 30.76923076923077 0.0
509 38.46153846153846 0.0
510 42.30769230769231 0.0
511 30.76923076923077 0.0
512 34.61538461538461 0.0
513 26.923076923076923 0.0
514 30.76923076923077 0.0
515 19.23076923076923 0.0
516 46.15384615384615 0.0
517 26.923076923076923 0.0
518 38.46153846153846 0.0
519 42.30769230769231 0.0
520 46.15384615384615 0.0
521 53.84615384615385 0.0
522 42.30769230769231 0.0
523 30.76923076923077 0.0
524 53.84615384615385 0.0
525 30.76923076923077 0.0
526 53.84615384615385 0.0
527 42.30769230769231 0.0
528 26.923076923076923 0.0
529 38.46153846153846 0.0
530 38.46153846153846 0.0
531 46.15384615384615 0.0
532 42.30769230769231 0.0
533 53.84615384615385 0.0
534 42.30769230769231 0.0
535 53.84615384615385 0.0
536 38.46153846153846 0.0
537 30.76923076923077 0.0
538 26.923076923076923 0.0
539 26.923076923076923 0.0
540 30.76923076923077 0.0
541 46.15384615384615 0.0
542 42.30769230769231 0.0
543 42.30769230769231 0.0
544 26.923076923076923 0.0
545 23.076923076923077 0.0
546 34.61538461538461 0.0
547 38.46153846153846 0.0
548 26.923076923076923 0.0
549 23.076923076923077 0.0
550 34.61538461538461 0.0
551 19.23076923076923 0.0
552 30.76923076923077 0.0
553 34.61538461538461 0.0
554 38.46153846153846 0.0
555 34.61538461538461 0.0
556 26.923076923076923 0.0
557 42.30769230769231 0.0
558 23.076923076923077 0.0
559 26.923076923076923 0.0
560 30.76923076923077 0.0
561 38.46153846153846 0.0
562 26.923076923076923 0.0
563 26.923076923076923 0.0
564 30.76923076923077 0.0
565 30.76923076923077 0.0
566 34.61538461538461 0.0
567 26.923076923076923 0.0
568 30.76923076923077 0.0
569 42.30769230769231 0.0
570 34.61538461538461 0.0
571 30.76923076923077 0.0
572 42.30769230769231 0.0
573 30.76923076923077 0.0
574 42.30769230769231 0.0
575 23.076923076923077 0.0
576 19.23076923076923 0.0
577 26.923076923076923 0.0
578 23.076923076923077 0.0
579 23.076923076923077 0.0
580 38.46153846153846 0.0
581 34.61538461538461 0.0
582 34.61538461538461 0.0
583 34.61538461538461 0.0
584 46.15384615384615 0.0
585 38.46153846153846 0.0
586 34.61538461538461 0.0
587 34.61538461538461 0.0
588 23.076923076923077 0.0
589 23.076923076923077 0.0
590 42.30769230769231 0.0
591 38.46153846153846 0.0
592 42.30769230769231 0.0
593 57.69230769230769 0.0
594 50.0 0.0
595 50.0 0.0
596 50.0 0.0
597 57.69230769230769 0.0
598 50.0 0.0
599 42.30769230769231 0.0
600 42.30769230769231 0.0
601 42.30769230769231 0.0
602 53.84615384615385 0.0
603 50.0 0.0
604 46.15384615384615 0.0
605 42.30769230769231 0.0
606 50.0 0.0
607 50.0 0.0
608 50.0 0.0
609 50.0 0.0
610 34.61538461538461 0.0
611 42.30769230769231 0.0
612 46.15384615384615 0.0
613 50.0 0.0
614 38.46153846153846 0.0
615 34.61538461538461 0.0
616 34.61538461538461 0.0
617 30.76923076923077 0.0
618 30.76923076923077 0.0
619 15.384615384615385 0.0
620 34.61538461538461 0.0
621 42.30769230769231 0.0
622 34.61538461538461 0.0
623 34.61538461538461 0.0
624 38.46153846153846 0.0
625 42.30769230769231 0.0
626 38.46153846153846 0.0
627 30.76923076923077 0.0
628 38.46153846153846 0.0
629 30.76923076923077 0.0
630 42.30769230769231 0.0
631 34.61538461538461 0.0
632 46.15384615384615 0.0
633 34.61538461538461 0.0
634 38.46153846153846 0.0
635 34.61538461538461 0.0
636 42.30769230769231 0.0
637 38.46153846153846 0.0
638 46.15384615384615 0.0
639 38.46153846153846 0.0
640 30.76923076923077 0.0
641 34.61538461538461 0.0
642 42.30769230769231 0.0
643 23.076923076923077 0.0
644 26.923076923076923 0.0
645 23.076923076923077 0.0
646 30.76923076923077 0.0
647 30.76923076923077 0.0
648 34.61538461538461 0.0
649 26.923076923076923 0.0
650 38.46153846153846 0.0
651 30.76923076923077 0.0
652 38.46153846153846 0.0
653 23.076923076923077 0.0
654 23.076923076923077 0.0
655 30.76923076923077 0.0
656 26.923076923076923 0.0
657 50.0 0.0
658 38.46153846153846 0.0
659 42.30769230769231 0.0
660 53.84615384615385 0.0
661 50.0 0.0
662 34.61538461538461 0.0
663 26.923076923076923 0.0
664 53.84615384615385 0.0
665 34.61538461538461 0.0
666 34.61538461538461 0.0
667 34.61538461538461 0.0
668 42.30769230769231 0.0
669 42.30769230769231 0.0
670 34.61538461538461 0.0
671 38.46153846153846 0.0
672 38.46153846153846 0.0
673 42.30769230769231 0.0
674 34.61538461538461 0.0
675 38.46153846153846 0.0
676 34.61538461538461 0.0
677 38.46153846153846 0.0
678 50.0 0.0
679 30.76923076923077 0.0
680 34.61538461538461 0.0
681 26.923076923076923 0.0
682 23.076923076923077 0.0
683 23.076923076923077 0.0
684 46.15384615384615 0.0
685 34.61538461538461 0.0
686 38.46153846153846 0.0
687 46.15384615384615 0.0
688 23.076923076923077 0.0
689 38.46153846153846 0.0
690 19.23076923076923 0.0
691 34.61538461538461 0.0
692 42.30769230769231 0.0
693 34.61538461538461 0.0
694 30.76923076923077 0.0
695 11.538461538461538 0.0
696 19.23076923076923 0.0
697 23.076923076923077 0.0
698 30.76923076923077 0.0
699 30.76923076923077 0.0
700 30.76923076923077 0.0
701 38.46153846153846 0.0
702 30.76923076923077 0.0
703 30.76923076923077 0.0
704 34.61538461538461 0.0
705 26.923076923076923 0.0
706 23.076923076923077 0.0
707 23.076923076923077 0.0
708 26.923076923076923 0.0
709 34.61538461538461 0.0
710 38.46153846153846 0.0
711 34.61538461538461 0.0
712 19.23076923076923 0.0
713 34.61538461538461 0.0
714 26.923076923076923 0.0
715 30.76923076923077 0.0
716 30.76923076923077 0.0
717 34.61538461538461 0.0
718 46.15384615384615 0.0
719 38.46153846153846 0.0
720 34.61538461538461 0.0
721 34.61538461538461 0.0
722 42.30769230769231 0.0
723 30.76923076923077 0.0
724 34.61538461538461 0.0
725 30.76923076923077 0.0
726 30.76923076923077 0.0
727 26.923076923076923 0.0
728 30.76923076923077 0.0
729 38.46153846153846 0.0
730 19.23076923076923 0.0
731 38.46153846153846 0.0
732 42.30769230769231 0.0
733 30.76923076923077 0.0
734 23.076923076923077 0.0
735 34.61538461538461 0.0
736 23.076923076923077 0.0
737 26.923076923076923 0.0
738 23.076923076923077 0.0
739 23.076923076923077 0.0
740 23.076923076923077 0.0
741 26.923076923076923 0.0
742 46.15384615384615 0.0
743 19.23076923076923 0.0
744 34.61538461538461 0.0
745 30.76923076923077 0.0
746 38.46153846153846 0.0
747 46.15384615384615 0.0
748 38.46153846153846 0.0
749 30.76923076923077 0.0
750 42.30769230769231 0.0
751 30.76923076923077 0.0
752 46.15384615384615 0.0
753 42.30769230769231 0.0
754 38.46153846153846 0.0
755 30.76923076923077 0.0
756 38.46153846153846 0.0
757 46.15384615384615 0.0
758 46.15384615384615 0.0
759 38.46153846153846 0.0
760 34.61538461538461 0.0
761 46.15384615384615 0.0
762 34.61538461538461 0.0
763 26.923076923076923 0.0
764 26.923076923076923 0.0
765 53.84615384615385 0.0
766 34.61538461538461 0.0
767 30.76923076923077 0.0
768 42.30769230769231 0.0
769 38.46153846153846 0.0
770 53.84615384615385 0.0
771 30.76923076923077 0.0
772 38.46153846153846 0.0
773 50.0 0.0
774 34.61538461538461 0.0
775 42.30769230769231 0.0
776 53.84615384615385 0.0
777 46.15384615384615 0.0
778 38.46153846153846 0.0
779 34.61538461538461 0.0
780 46.15384615384615 0.0
781 38.46153846153846 0.0
782 34.61538461538461 0.0
783 38.46153846153846 0.0
784 34.61538461538461 0.0
785 34.61538461538461 0.0
786 34.61538461538461 0.0
787 42.30769230769231 0.0
788 38.46153846153846 0.0
789 42.30769230769231 0.0
790 42.30769230769231 0.0
791 34.61538461538461 0.0
792 30.76923076923077 0.0
793 42.30769230769231 0.0
794 30.76923076923077 0.0
795 34.61538461538461 0.0
796 38.46153846153846 0.0
797 34.61538461538461 0.0
798 30.76923076923077 0.0
799 26.923076923076923 0.0
800 34.61538461538461 0.0
801 38.46153846153846 0.0
802 38.46153846153846 0.0
803 34.61538461538461 0.0
804 38.46153846153846 0.0
805 34.61538461538461 0.0
806 26.923076923076923 0.0
807 42.30769230769231 0.0
808 34.61538461538461 0.0
809 34.61538461538461 0.0
810 34.61538461538461 0.0
811 26.923076923076923 0.0
812 38.46153846153846 0.0
813 42.30769230769231 0.0
814 42.30769230769231 0.0
815 34.61538461538461 0.0
816 42.30769230769231 0.0
817 50.0 0.0
818 50.0 0.0
819 34.61538461538461 0.0
820 42.30769230769231 0.0
821 34.61538461538461 0.0
822 30.76923076923077 0.0
823 38.46153846153846 0.0
824 34.61538461538461 0.0
825 26.923076923076923 0.0
826 42.30769230769231 0.0
827 30.76923076923077 0.0
828 15.384615384615385 0.0
829 26.923076923076923 0.0
830 23.076923076923077 0.0
831 26.923076923076923 0.0
832 30.76923076923077 0.0
833 34.61538461538461 0.0
834 30.76923076923077 0.0
835 26.923076923076923 0.0
836 34.61538461538461 0.0
837 30.76923076923077 0.0
838 19.23076923076923 0.0
839 19.23076923076923 0.0
840 23.076923076923077 0.0
841 34.61538461538461 0.0
842 26.923076923076923 0.0
843 26.923076923076923 0.0
844 26.923076923076923 0.0
845 30.76923076923077 0.0
846 30.76923076923077 0.0
847 30.76923076923077 0.0
848 42.30769230769231 0.0
849 38.46153846153846 0.0
850 50.0 0.0
851 50.0 0.0
852 46.15384615384615 0.0
853 53.84615384615385 0.0
854 53.84615384615385 0.0
855 38.46153846153846 0.0
856 53.84615384615385 0.0
857 46.15384615384615 0.0
858 38.46153846153846 0.0
859 23.076923076923077 0.0
860 46.15384615384615 0.0
861 34.61538461538461 0.0
862 46.15384615384615 0.0
863 34.61538461538461 0.0
864 30.76923076923077 0.0
865 30.76923076923077 0.0
866 26.923076923076923 0.0
867 34.61538461538461 0.0
868 30.76923076923077 0.0
869 38.46153846153846 0.0
870 26.923076923076923 0.0
871 26.923076923076923 0.0
872 26.923076923076923 0.0
873 26.923076923076923 0.0
874 30.76923076923077 0.0
875 38.46153846153846 0.0
876 38.46153846153846 0.0
877 34.61538461538461 0.0
878 34.61538461538461 0.0
879 26.923076923076923 0.0
880 15.384615384615385 0.0
881 38.46153846153846 0.0
882 42.30769230769231 0.0
883 38.46153846153846 0.0
884 34.61538461538461 0.0
885 15.384615384615385 0.0
886 42.30769230769231 0.0
887 38.46153846153846 0.0
888 26.923076923076923 0.0
889 19.23076923076923 0.0
890 34.61538461538461 0.0
891 30.76923076923077 0.0
892 30.76923076923077 0.0
893 26.923076923076923 0.0
894 23.076923076923077 0.0
895 23.076923076923077 0.0
896 26.923076923076923 0.0
897 15.384615384615385 0.0
898 15.384615384615385 0.0
899 15.384615384615385 0.0
900 11.538461538461538 0.0
901 7.6923076923076925 0.0
902 15.384615384615385 0.0
903 15.384615384615385 0.0
904 15.384615384615385 0.0
905 23.076923076923077 0.0
906 15.384615384615385 0.0
907 34.61538461538461 0.0
908 15.384615384615385 0.0
909 26.923076923076923 0.0
910 26.923076923076923 0.0
911 15.384615384615385 0.0
912 23.076923076923077 0.0
913 23.076923076923077 0.0
914 19.23076923076923 0.0
915 26.923076923076923 0.0
916 19.23076923076923 0.0
917 26.923076923076923 0.0
918 23.076923076923077 0.0
919 30.76923076923077 0.0
920 23.076923076923077 0.0
921 30.76923076923077 0.0
922 26.923076923076923 0.0
923 15.384615384615385 0.0
924 23.076923076923077 0.0
925 15.384615384615385 0.0
926 23.076923076923077 0.0
927 19.23076923076923 0.0
928 26.923076923076923 0.0
929 15.384615384615385 0.0
930 19.23076923076923 0.0
931 15.384615384615385 0.0
932 15.384615384615385 0.0
933 26.923076923076923 0.0
934 30.76923076923077 0.0
935 19.23076923076923 0.0
936 30.76923076923077 0.0
937 26.923076923076923 0.0
938 46.15384615384615 0.0
939 11.538461538461538 0.0
940 34.61538461538461 0.0
941 23.076923076923077 0.0
942 34.61538461538461 0.0
943 34.61538461538461 0.0
944 38.46153846153846 0.0
945 38.46153846153846 0.0
946 26.923076923076923 0.0
947 30.76923076923077 0.0
948 30.76923076923077 0.0
949 15.384615384615385 0.0
950 23.076923076923077 0.0
951 23.076923076923077 0.0
952 26.923076923076923 0.0
953 26.923076923076923 0.0
954 38.46153846153846 0.0
955 30.76923076923077 0.0
956 19.23076923076923 0.0
957 23.076923076923077 0.0
958 23.076923076923077 0.0
959 30.76923076923077 0.0
960 34.61538461538461 0.0
961 42.30769230769231 0.0
962 46.15384615384615 0.0
963 38.46153846153846 0.0
964 23.076923076923077 0.0
965 34.61538461538461 0.0
966 30.76923076923077 0.0
967 30.76923076923077 0.0
968 30.76923076923077 0.0
969 38.46153846153846 0.0
970 34.61538461538461 0.0
971 38.46153846153846 0.0
972 53.84615384615385 0.0
973 34.61538461538461 0.0
974 34.61538461538461 0.0
975 42.30769230769231 0.0
976 46.15384615384615 0.0
977 38.46153846153846 0.0
978 30.76923076923077 0.0
979 42.30769230769231 0.0
980 38.46153846153846 0.0
981 46.15384615384615 0.0
982 38.46153846153846 0.0
983 42.30769230769231 0.0
984 26.923076923076923 0.0
985 23.076923076923077 0.0
986 26.923076923076923 0.0
987 30.76923076923077 0.0
988 34.61538461538461 0.0
989 23.076923076923077 0.0
990 23.076923076923077 0.0
991 26.923076923076923 0.0
992 26.923076923076923 0.0
993 23.076923076923077 0.0
994 19.23076923076923 0.0
995 26.923076923076923 0.0
996 19.23076923076923 0.0
997 11.538461538461538 0.0
998 26.923076923076923 0.0
999 26.923076923076923 0.0
