#frame monomers_% popc_isolated_%
0 23.076923076923077 3.125
1 19.23076923076923 4.6875
2 15.384615384615385 3.125
3 3.8461538461538463 3.125
4 23.076923076923077 1.5625
5 26.923076923076923 0.0
6 26.923076923076923 0.0
7 19.23076923076923 1.5625
8 23.076923076923077 0.0
9 23.076923076923077 0.0
10 30.76923076923077 0.0
11 34.61538461538461 0.0
12 30.76923076923077 0.0
13 19.23076923076923 1.5625
14 30.76923076923077 1.5625
15 30.76923076923077 0.0
16 26.923076923076923 1.5625
17 30.76923076923077 1.5625
18 23.076923076923077 0.0
19 23.076923076923077 0.0
20 30.76923076923077 0.0
21 30.76923076923077 0.0
22 42.30769230769231 0.0
23 34.61538461538461 0.0
24 53.84615384615385 1.5625
25 50.0 1.5625
26 19.23076923076923 1.5625
27 23.076923076923077 1.5625
28 30.76923076923077 1.5625
29 26.923076923076923 1.5625
30 19.23076923076923 1.5625
31 30.76923076923077 1.5625
32 30.76923076923077 1.5625
33 38.46153846153846 1.5625
34 23.076923076923077 1.5625
35 34.61538461538461 1.5625
36 34.61538461538461 1.5625
37 26.923076923076923 3.125
38 26.923076923076923 0.0
39 34.61538461538461 1.5625
40 23.076923076923077 1.5625
41 34.61538461538461 0.0
42 26.923076923076923 1.5625
43 15.384615384615385 1.5625
44 30.76923076923077 1.5625
45 23.076923076923077 1.5625
46 26.923076923076923 3.125
47 34.61538461538461 3.125
48 42.30769230769231 3.125
49 42.30769230769231 0.0
50 26.923076923076923 0.0
51 34.61538461538461 1.5625
52 19.23076923076923 3.125
53 23.076923076923077 1.5625
54 30.76923076923077 6.25
55 34.61538461538461 7.8125
56 26.923076923076923 3.125
57 42.30769230769231 1.5625
58 23.076923076923077 1.5625
59 19.23076923076923 1.5625
60 23.076923076923077 3.125
61 23.076923076923077 3.125
62 15.384615384615385 3.125
63 23.076923076923077 3.125
64 19.23076923076923 3.125
65 26.923076923076923 3.125
66 30.76923076923077 3.125
67 23.076923076923077 0.0
68 19.23076923076923 3.125
69 19.23076923076923 0.0
70 30.76923076923077 1.5625
71 15.384615384615385 1.5625
72 23.076923076923077 1.5625
73 23.076923076923077 1.5625
74 23.076923076923077 3.125
75 19.23076923076923 1.5625
76 19.23076923076923 0.0
77 15.384615384615385 1.5625
78 15.384615384615385 0.0
79 11.538461538461538 1.5625
80 11.538461538461538 0.0
81 11.538461538461538 1.5625
82 15.384615384615385 1.5625
83 7.6923076923076925 0.0
84 11.538461538461538 0.0
85 19.23076923076923 0.0
86 23.076923076923077 0.0
87 15.384615384615385 0.0
88 15.384615384615385 0.0
89 11.538461538461538 0.0
90 11.538461538461538 0.0
91 23.076923076923077 1.5625
92 19.23076923076923 0.0
93 15.384615384615385 0.0
94 7.6923076923076925 0.0
95 19.23076923076923 0.0
96 7.6923076923076925 0.0
97 11.538461538461538 0.0
98 15.384615384615385 0.0
99 7.6923076923076925 0.0
100 11.538461538461538 0.0
101 15.384615384615385 1.5625
102 15.384615384615385 1.5625
103 11.538461538461538 0.0
104 23.076923076923077 1.5625
105 23.076923076923077 1.5625
106 23.076923076923077 0.0
107 23.076923076923077 0.0
108 30.76923076923077 0.0
109 19.23076923076923 0.0
110 15.384615384615385 0.0
111 26.923076923076923 0.0
112 23.076923076923077 0.0
113 34.61538461538461 0.0
114 26.923076923076923 0.0
115 30.76923076923077 0.0
116 23.076923076923077 0.0
117 23.076923076923077 0.0
118 30.76923076923077 0.0
119 19.23076923076923 0.0
120 23.076923076923077 0.0
121 30.76923076923077 0.0
122 26.923076923076923 0.0
123 26.923076923076923 0.0
124 26.923076923076923 0.0
125 19.23076923076923 0.0
126 19.23076923076923 0.0
127 19.23076923076923 0.0
128 19.23076923076923 1.5625
129 15.384615384615385 0.0
130 15.384615384615385 0.0
131 23.076923076923077 0.0
132 30.76923076923077 0.0
133 23.076923076923077 0.0
134 30.76923076923077 0.0
135 30.76923076923077 0.0
136 23.076923076923077 0.0
137 15.384615384615385 0.0
138 19.23076923076923 0.0
139 30.76923076923077 0.0
140 30.76923076923077 0.0
141 30.76923076923077 0.0
142 38.46153846153846 0.0
143 23.076923076923077 0.0
144 30.76923076923077 0.0
145 26.923076923076923 0.0
146 34.61538461538461 0.0
147 30.76923076923077 0.0
148 38.46153846153846 0.0
149 26.923076923076923 0.0
150 30.76923076923077 0.0
151 26.923076923076923 0.0
152 42.30769230769231 0.0
153 53.84615384615385 0.0
154 42.30769230769231 0.0
155 38.46153846153846 0.0
156 50.0 0.0
157 23.076923076923077 0.0
158 42.30769230769231 0.0
159 26.923076923076923 0.0
160 34.61538461538461 0.0
161 30.76923076923077 0.0
162 30.76923076923077 0.0
163 23.076923076923077 0.0
164 11.538461538461538 0.0
165 19.23076923076923 0.0
166 38.46153846153846 0.0
167 26.923076923076923 0.0
168 19.23076923076923 0.0
169 26.923076923076923 0.0
170 26.923076923076923 0.0
171 15.384615384615385 0.0
172 30.76923076923077 0.0
173 19.23076923076923 0.0
174 19.23076923076923 0.0
175 23.076923076923077 0.0
176 23.076923076923077 0.0
177 19.23076923076923 0.0
178 23.076923076923077 0.0
179 19.23076923076923 0.0
180 19.23076923076923 0.0
181 11.538461538461538 0.0
182 11.538461538461538 0.0
183 11.538461538461538 0.0
184 15.384615384615385 0.0
185 23.076923076923077 0.0
186 23.076923076923077 0.0
187 30.76923076923077 0.0
188 30.76923076923077 0.0
189 23.076923076923077 0.0
190 30.76923076923077 0.0
191 30.76923076923077 0.0
192 30.76923076923077 0.0
193 26.923076923076923 0.0
194 23.076923076923077 0.0
195 30.76923076923077 0.0
196 26.923076923076923 0.0
197 38.46153846153846 0.0
198 34.61538461538461 0.0
199 34.61538461538461 0.0
200 34.61538461538461 0.0
201 50.0 0.0
202 50.0 0.0
203 38.46153846153846 0.0
204 26.923076923076923 0.0
205 30.76923076923077 0.0
206 34.61538461538461 0.0
207 23.076923076923077 0.0
208 38.46153846153846 0.0
209 46.15384615384615 0.0
210 23.076923076923077 0.0
211 30.76923076923077 0.0
212 23.076923076923077 0.0
213 26.923076923076923 0.0
214 42.30769230769231 0.0
215 19.23076923076923 0.0
216 23.076923076923077 0.0
217 26.923076923076923 0.0
218 30.76923076923077 0.0
219 26.923076923076923 0.0
220 34.61538461538461 0.0
221 38.46153846153846 0.0
222 30.76923076923077 0.0
223 30.76923076923077 0.0
224 23.076923076923077 0.0
225 34.61538461538461 0.0
226 42.30769230769231 0.0
227 38.46153846153846 0.0
228 26.923076923076923 0.0
229 30.76923076923077 0.0
230 23.076923076923077 0.0
231 19.23076923076923 0.0
232 19.23076923076923 0.0
233 23.076923076923077 0.0
234 19.23076923076923 0.0
235 26.923076923076923 0.0
236 30.76923076923077 0.0
237 34.61538461538461 0.0
238 42.30769230769231 0.0
239 26.923076923076923 0.0
240 30.76923076923077 0.0
241 38.46153846153846 0.0
242 34.61538461538461 0.0
243 34.61538461538461 0.0
244 34.61538461538461 0.0
245 38.46153846153846 0.0
246 50.0 0.0
247 42.30769230769231 0.0
248 34.61538461538461 0.0
249 38.46153846153846 0.0
250 34.61538461538461 0.0
251 30.76923076923077 0.0
252 30.76923076923077 0.0
253 34.61538461538461 0.0
254 26.923076923076923 0.0
255 26.923076923076923 0.0
256 38.46153846153846 0.0
257 30.76923076923077 0.0
258 11.538461538461538 0.0
259 30.76923076923077 0.0
260 30.76923076923077 0.0
261 23.076923076923077 0.0
262 23.076923076923077 0.0
263 26.923076923076923 0.0
264 23.076923076923077 0.0
265 30.76923076923077 0.0
266 26.923076923076923 0.0
267 38.46153846153846 0.0
268 30.76923076923077 0.0
269 34.61538461538461 0.0
270 42.30769230769231 0.0
271 38.46153846153846 0.0
272 34.61538461538461 0.0
273 30.76923076923077 0.0
274 34.61538461538461 0.0
275 42.30769230769231 0.0
276 38.46153846153846 0.0
277 26.923076923076923 0.0
278 26.923076923076923 0.0
279 26.923076923076923 0.0
280 23.076923076923077 0.0
281 23.076923076923077 0.0
282 23.076923076923077 0.0
283 30.76923076923077 0.0
284 30.76923076923077 0.0
285 34.61538461538461 0.0
286 30.76923076923077 1.5625
287 34.61538461538461 1.5625
288 23.076923076923077 1.5625
289 34.61538461538461 1.5625
290 38.46153846153846 1.5625
291 23.076923076923077 1.5625
292 23.076923076923077 1.5625
293 30.76923076923077 1.5625
294 15.384615384615385 0.0
295 34.61538461538461 0.0
296 23.076923076923077 1.5625
297 26.923076923076923 0.0
298 23.076923076923077 0.0
299 23.076923076923077 0.0
300 26.923076923076923 0.0
301 26.923076923076923 0.0
302 23.076923076923077 0.0
303 30.76923076923077 0.0
304 34.61538461538461 0.0
305 26.923076923076923 0.0
306 23.076923076923077 0.0
307 38.46153846153846 0.0
308 26.923076923076923 0.0
309 34.61538461538461 0.0
310 30.76923076923077 0.0
311 19.23076923076923 0.0
312 26.923076923076923 0.0
313 34.61538461538461 0.0
314 46.15384615384615 0.0
315 30.76923076923077 0.0
316 50.0 0.0
317 46.15384615384615 0.0
318 38.46153846153846 0.0
319 26.923076923076923 0.0
320 38.46153846153846 0.0
321 42.30769230769231 0.0
322 26.923076923076923 0.0
323 30.76923076923077 0.0
324 42.30769230769231 0.0
325 38.46153846153846 0.0
326 26.923076923076923 0.0
327 42.30769230769231 0.0
328 30.76923076923077 0.0
329 23.076923076923077 0.0
330 30.76923076923077 0.0
331 23.076923076923077 0.0
332 34.61538461538461 0.0
333 38.46153846153846 0.0
334 26.923076923076923 0.0
335 26.923076923076923 0.0
336 23.076923076923077 0.0
337 38.46153846153846 0.0
338 23.076923076923077 0.0
339 34.61538461538461 0.0
340 34.61538461538461 0.0
341 19.23076923076923 0.0
342 30.76923076923077 0.0
343 19.23076923076923 0.0
344 38.46153846153846 0.0
345 26.923076923076923 0.0
346 30.76923076923077 0.0
347 34.61538461538461 0.0
348 34.61538461538461 0.0
349 26.923076923076923 0.0
350 30.76923076923077 0.0
351 42.30769230769231 0.0
352 42.30769230769231 0.0
353 19.23076923076923 0.0
354 38.46153846153846 0.0
355 30.76923076923077 0.0
356 23.076923076923077 0.0
357 34.61538461538461 0.0
358 42.30769230769231 0.0
359 34.61538461538461 0.0
360 34.61538461538461 0.0
361 26.923076923076923 0.0
362 30.76923076923077 0.0
363 26.923076923076923 0.0
364 26.923076923076923 0.0
365 30.76923076923077 0.0
366 34.61538461538461 0.0
367 38.46153846153846 0.0
368 38.46153846153846 0.0
369 26.923076923076923 0.0
370 34.61538461538461 0.0
371 38.46153846153846 0.0
372 38.46153846153846 0.0
373 23.076923076923077 0.0
374 30.76923076923077 0.0
375 23.076923076923077 0.0
376 30.76923076923077 0.0
377 26.923076923076923 0.0
378 26.923076923076923 0.0
379 26.923076923076923 0.0
380 26.923076923076923 0.0
381 23.076923076923077 0.0
382 26.923076923076923 0.0
383 30.76923076923077 0.0
384 23.076923076923077 0.0
385 26.923076923076923 0.0
386 34.61538461538461 0.0
387 30.76923076923077 0.0
388 30.76923076923077 0.0
389 26.923076923076923 0.0
390 26.923076923076923 0.0
391 23.076923076923077 0.0
392 26.923076923076923 0.0
393 19.23076923076923 0.0
394 30.76923076923077 0.0
395 26.923076923076923 0.0
396 19.23076923076923 0.0
397 19.23076923076923 0.0
398 15.384615384615385 1.5625
399 19.23076923076923 0.0
400 26.923076923076923 0.0
401 19.23076923076923 0.0
402 19.23076923076923 0.0
403 34.61538461538461 0.0
404 26.923076923076923 0.0
405 30.76923076923077 0.0
406 19.23076923076923 0.0
407 26.923076923076923 0.0
408 19.23076923076923 0.0
409 34.61538461538461 1.5625
410 19.23076923076923 0.0
411 23.076923076923077 1.5625
412 15.384615384615385 3.125
413 19.23076923076923 1.5625
414 30.76923076923077 1.5625
415 34.61538461538461 3.125
416 38.46153846153846 0.0
417 34.61538461538461 0.0
418 26.923076923076923 1.5625
419 30.76923076923077 0.0
420 34.61538461538461 0.0
421 23.076923076923077 0.0
422 26.923076923076923 0.0
423 23.076923076923077 0.0
424 30.76923076923077 0.0
425 34.61538461538461 1.5625
426 38.46153846153846 0.0
427 30.76923076923077 1.5625
428 38.46153846153846 0.0
429 26.923076923076923 0.0
430 26.923076923076923 0.0
431 26.923076923076923 0.0
432 34.61538461538461 0.0
433 19.23076923076923 0.0
434 30.76923076923077 0.0
435 26.923076923076923 0.0
436 19.23076923076923 0.0
437 26.923076923076923 0.0
438 23.076923076923077 0.0
439 26.923076923076923 0.0
440 26.923076923076923 0.0
441 34.61538461538461 0.0
442 26.923076923076923 0.0
443 34.61538461538461 1.5625
444 30.76923076923077 0.0
445 26.923076923076923 1.5625
446 19.23076923076923 1.5625
447 23.076923076923077 1.5625
448 23.076923076923077 0.0
449 23.076923076923077 0.0
450 19.23076923076923 0.0
451 23.076923076923077 1.5625
452 23.076923076923077 0.0
453 23.076923076923077 0.0
454 23.076923076923077 0.0
455 15.384615384615385 1.5625
456 23.076923076923077 1.5625
457 26.923076923076923 1.5625
458 11.538461538461538 1.5625
459 15.384615384615385 1.5625
460 15.384615384615385 1.5625
461 19.23076923076923 1.5625
462 23.076923076923077 1.5625
463 23.076923076923077 3.125
464 15.384615384615385 1.5625
465 15.384615384615385 1.5625
466 15.384615384615385 1.5625
467 19.23076923076923 1.5625
468 26.923076923076923 0.0
469 15.384615384615385 0.0
470 19.23076923076923 0.0
471 11.538461538461538 1.5625
472 11.538461538461538 0.0
473 15.384615384615385 0.0
474 15.384615384615385 0.0
475 19.23076923076923 1.5625
476 26.923076923076923 1.5625
477 15.384615384615385 1.5625
478 11.538461538461538 1.5625
479 23.076923076923077 0.0
480 23.076923076923077 0.0
481 19.23076923076923 0.0
482 19.23076923076923 0.0
483 19.23076923076923 0.0
484 19.23076923076923 0.0
485 19.23076923076923 0.0
486 15.384615384615385 0.0
487 23.076923076923077 0.0
488 11.538461538461538 0.0
489 15.384615384615385 0.0
490 19.23076923076923 1.5625
491 11.538461538461538 0.0
492 11.538461538461538 0.0
493 11.538461538461538 0.0
494 11.538461538461538 1.5625
495 15.384615384615385 0.0
496 15.384615384615385 0.0
497 19.23076923076923 1.5625
498 15.384615384615385 4.6875
499 19.23076923076923 3.125
500 15.384615384615385 3.125
501 19.23076923076923 1.5625
502 23.076923076923077 1.5625
503 30.76923076923077 1.5625
504 23.076923076923077 1.5625
505 26.923076923076923 1.5625
506 19.23076923076923 3.125
507 30.76923076923077 4.6875
508 23.076923076923077 1.5625
509 23.076923076923077 4.6875
510 15.384615384615385 4.6875
511 30.76923076923077 4.6875
512 26.923076923076923 3.125
513 26.923076923076923 3.125
514 30.76923076923077 3.125
515 19.23076923076923 4.6875
516 26.923076923076923 3.125
517 7.6923076923076925 0.0
518 26.923076923076923 3.125
519 23.076923076923077 4.6875
520 19.23076923076923 1.5625
521 26.923076923076923 1.5625
522 26.923076923076923 3.125
523 30.76923076923077 3.125
524 23.076923076923077 3.125
525 26.923076923076923 1.5625
526 19.23076923076923 0.0
527 15.384615384615385 0.0
528 15.384615384615385 1.5625
529 15.384615384615385 0.0
530 15.384615384615385 3.125
531 26.923076923076923 1.5625
532 15.384615384615385 0.0
533 15.384615384615385 0.0
534 19.23076923076923 0.0
535 15.384615384615385 1.5625
536 15.384615384615385 3.125
537 23.076923076923077 0.0
538 23.076923076923077 1.5625
539 15.384615384615385 0.0
540 19.23076923076923 0.0
541 34.61538461538461 0.0
542 30.76923076923077 0.0
543 15.384615384615385 1.5625
544 19.23076923076923 1.5625
545 23.076923076923077 1.5625
546 19.23076923076923 1.5625
547 19.23076923076923 0.0
548 26.923076923076923 0.0
549 19.23076923076923 0.0
550 30.76923076923077 1.5625
551 26.923076923076923 0.0
552 46.15384615384615 0.0
553 34.61538461538461 0.0
554 34.61538461538461 0.0
555 11.538461538461538 0.0
556 11.538461538461538 0.0
557 15.384615384615385 1.5625
558 15.384615384615385 1.5625
559 26.923076923076923 1.5625
560 19.23076923076923 0.0
561 23.076923076923077 0.0
562 26.923076923076923 1.5625
563 19.23076923076923 1.5625
564 23.076923076923077 1.5625
565 34.61538461538461 1.5625
566 26.923076923076923 1.5625
567 23.076923076923077 0.0
568 19.23076923076923 1.5625
569 23.076923076923077 0.0
570 26.923076923076923 0.0
571 19.23076923076923 0.0
572 30.76923076923077 0.0
573 46.15384615384615 0.0
574 38.46153846153846 0.0
575 34.61538461538461 0.0
576 26.923076923076923 0.0
577 23.076923076923077 0.0
578 30.76923076923077 0.0
579 11.538461538461538 0.0
580 15.384615384615385 0.0
581 19.23076923076923 0.0
582 19.23076923076923 0.0
583 23.076923076923077 0.0
584 19.23076923076923 0.0
585 7.6923076923076925 0.0
586 15.384615384615385 0.0
587 15.384615384615385 0.0
588 15.384615384615385 0.0
589 15.384615384615385 0.0
590 15.384615384615385 1.5625
591 19.23076923076923 0.0
592 19.23076923076923 0.0
593 19.23076923076923 0.0
594 23.076923076923077 0.0
595 23.076923076923077 1.5625
596 23.076923076923077 0.0
597 11.538461538461538 0.0
598 23.076923076923077 1.5625
599 23.076923076923077 1.5625
600 19.23076923076923 0.0
601 11.538461538461538 0.0
602 15.384615384615385 0.0
603 7.6923076923076925 0.0
604 15.384615384615385 0.0
605 11.538461538461538 0.0
606 23.076923076923077 0.0
607 3.8461538461538463 0.0
608 0.0 0.0
609 0.0 0.0
610 11.538461538461538 0.0
611 0.0 0.0
612 11.538461538461538 0.0
613 15.384615384615385 0.0
614 11.538461538461538 0.0
615 11.538461538461538 0.0
616 15.384615384615385 0.0
617 15.384615384615385 0.0
618 11.538461538461538 0.0
619 11.538461538461538 0.0
620 15.384615384615385 0.0
621 15.384615384615385 0.0
622 15.384615384615385 0.0
623 15.384615384615385 0.0
624 15.384615384615385 0.0
625 15.384615384615385 0.0
626 19.23076923076923 0.0
627 15.384615384615385 0.0
628 19.23076923076923 0.0
629 23.076923076923077 0.0
630 34.61538461538461 0.0
631 26.923076923076923 0.0
632 19.23076923076923 0.0
633 23.076923076923077 0.0
634 19.23076923076923 0.0
635 15.384615384615385 0.0
636 15.384615384615385 0.0
637 15.384615384615385 0.0
638 34.61538461538461 0.0
639 15.384615384615385 0.0
640 23.076923076923077 0.0
641 15.384615384615385 0.0
642 30.76923076923077 0.0
643 30.76923076923077 0.0
644 34.61538461538461 0.0
645 30.76923076923077 0.0
646 23.076923076923077 0.0
647 34.61538461538461 0.0
648 38.46153846153846 0.0
649 34.61538461538461 0.0
650 34.61538461538461 0.0
651 30.76923076923077 0.0
652 38.46153846153846 0.0
653 26.923076923076923 0.0
654 26.923076923076923 0.0
655 19.23076923076923 0.0
656 19.23076923076923 0.0
657 30.76923076923077 0.0
658 19.23076923076923 0.0
659 23.076923076923077 0.0
660 30.76923076923077 0.0
661 23.076923076923077 0.0
662 26.923076923076923 0.0
663 23.076923076923077 0.0
664 19.23076923076923 0.0
665 34.61538461538461 0.0
666 23.076923076923077 0.0
667 23.076923076923077 0.0
668 23.076923076923077 0.0
669 7.6923076923076925 0.0
670 23.076923076923077 0.0
671 19.23076923076923 0.0
672 23.076923076923077 0.0
673 26.923076923076923 0.0
674 23.076923076923077 0.0
675 34.61538461538461 0.0
676 11.538461538461538 0.0
677 34.61538461538461 0.0
678 38.46153846153846 0.0
679 34.61538461538461 0.0
680 34.61538461538461 0.0
681 38.46153846153846 0.0
682 30.76923076923077 0.0
683 26.923076923076923 0.0
684 38.46153846153846 0.0
685 30.76923076923077 0.0
686 26.923076923076923 0.0
687 30.76923076923077 0.0
688 30.76923076923077 0.0
689 38.46153846153846 0.0
690 34.61538461538461 0.0
691 34.61538461538461 0.0
692 26.923076923076923 0.0
693 23.076923076923077 0.0
694 26.923076923076923 0.0
695 19.23076923076923 0.0
696 19.23076923076923 0.0
697 34.61538461538461 0.0
698 26.923076923076923 0.0
699 26.923076923076923 0.0
700 26.923076923076923 0.0
701 26.923076923076923 0.0
702 26.923076923076923 0.0
703 19.23076923076923 0.0
704 42.30769230769231 0.0
705 34.61538461538461 0.0
706 30.76923076923077 0.0
707 26.923076923076923 0.0
708 30.76923076923077 0.0
709 34.61538461538461 0.0
710 26.923076923076923 0.0
711 50.0 0.0
712 30.76923076923077 0.0
713 50.0 0.0
714 38.46153846153846 0.0
715 30.76923076923077 0.0
716 50.0 0.0
717 38.46153846153846 0.0
718 42.30769230769231 0.0
719 42.30769230769231 0.0
720 42.30769230769231 0.0
721 38.46153846153846 0.0
722 26.923076923076923 0.0
723 26.923076923076923 0.0
724 30.76923076923077 0.0
725 38.46153846153846 0.0
726 30.76923076923077 0.0
727 34.61538461538461 0.0
728 26.923076923076923 0.0
729 30.76923076923077 0.0
730 30.76923076923077 0.0
731 42.30769230769231 0.0
732 38.46153846153846 0.0
733 34.61538461538461 0.0
734 42.30769230769231 0.0
735 26.923076923076923 0.0
736 38.46153846153846 0.0
737 30.76923076923077 0.0
738 34.61538461538461 0.0
739 46.15384615384615 0.0
740 53.84615384615385 0.0
741 46.15384615384615 0.0
742 50.0 0.0
743 42.30769230769231 0.0
744 42.30769230769231 0.0
745 38.46153846153846 0.0
746 50.0 0.0
747 57.69230769230769 0.0
748 50.0 0.0
749 42.30769230769231 0.0
750 38.46153846153846 0.0
751 38.46153846153846 0.0
752 38.46153846153846 0.0
753 46.15384615384615 0.0
754 50.0 0.0
755 34.61538461538461 0.0
756 34.61538461538461 0.0
757 42.30769230769231 0.0
758 34.61538461538461 0.0
759 26.923076923076923 0.0
760 38.46153846153846 0.0
761 26.923076923076923 0.0
762 26.923076923076923 0.0
763 42.30769230769231 0.0
764 23.076923076923077 0.0
765 38.46153846153846 0.0
766 23.076923076923077 0.0
767 23.076923076923077 0.0
768 34.61538461538461 0.0
769 30.76923076923077 0.0
770 30.76923076923077 0.0
771 23.076923076923077 0.0
772 26.923076923076923 0.0
773 26.923076923076923 0.0
774 26.923076923076923 0.0
775 23.076923076923077 0.0
776 42.30769230769231 0.0
777 23.076923076923077 0.0
778 30.76923076923077 0.0
779 30.76923076923077 0.0
780 26.923076923076923 0.0
781 23.076923076923077 0.0
782 38.46153846153846 0.0
783 38.46153846153846 0.0
784 26.923076923076923 0.0
785 26.923076923076923 0.0
786 38.46153846153846 0.0
787 26.923076923076923 0.0
788 30.76923076923077 0.0
789 26.923076923076923 0.0
790 26.923076923076923 0.0
791 26.923076923076923 0.0
792 19.23076923076923 0.0
793 23.076923076923077 0.0
794 26.923076923076923 0.0
795 19.23076923076923 0.0
796 23.076923076923077 0.0
797 23.076923076923077 0.0
798 23.076923076923077 0.0
799 26.923076923076923 0.0
800 19.23076923076923 0.0
801 26.923076923076923 0.0
802 19.23076923076923 0.0
803 19.23076923076923 0.0
804 30.76923076923077 0.0
805 23.076923076923077 0.0
806 23.076923076923077 0.0
807 26.923076923076923 0.0
808 34.61538461538461 0.0
809 19.23076923076923 0.0
810 15.384615384615385 0.0
811 26.923076923076923 0.0
812 26.923076923076923 0.0
813 15.384615384615385 0.0
814 23.076923076923077 0.0
815 23.076923076923077 0.0
816 19.23076923076923 0.0
817 23.076923076923077 0.0
818 19.23076923076923 0.0
819 19.23076923076923 0.0
820 15.384615384615385 0.0
821 30.76923076923077 0.0
822 26.923076923076923 0.0
823 26.923076923076923 0.0
824 23.076923076923077 0.0
825 26.923076923076923 0.0
826 26.923076923076923 0.0
827 15.384615384615385 0.0
828 15.384615384615385 0.0
829 19.23076923076923 0.0
830 26.923076923076923 0.0
831 11.538461538461538 0.0
832 23.076923076923077 0.0
833 23.076923076923077 0.0
834 15.384615384615385 0.0
835 15.384615384615385 0.0
836 26.923076923076923 0.0
837 30.76923076923077 0.0
838 26.923076923076923 0.0
839 30.76923076923077 0.0
840 15.384615384615385 0.0
841 7.6923076923076925 0.0
842 19.23076923076923 0.0
843 15.384615384615385 0.0
844 23.076923076923077 0.0
845 30.76923076923077 0.0
846 34.61538461538461 0.0
847 23.076923076923077 0.0
848 19.23076923076923 0.0
849 26.923076923076923 0.0
850 34.61538461538461 0.0
851 38.46153846153846 0.0
852 30.76923076923077 0.0
853 30.76923076923077 0.0
854 26.923076923076923 0.0
855 38.46153846153846 0.0
856 42.30769230769231 0.0
857 53.84615384615385 0.0
858 26.923076923076923 0.0
859 30.76923076923077 0.0
860 26.923076923076923 0.0
861 38.46153846153846 0.0
862 38.46153846153846 0.0
863 23.076923076923077 0.0
864 26.923076923076923 0.0
865 38.46153846153846 0.0
866 30.76923076923077 0.0
867 34.61538461538461 0.0
868 19.23076923076923 0.0
869 23.076923076923077 0.0
870 19.23076923076923 0.0
871 23.076923076923077 0.0
872 23.076923076923077 0.0
873 26.923076923076923 0.0
874 15.384615384615385 0.0
875 19.23076923076923 0.0
876 7.6923076923076925 0.0
877 15.384615384615385 0.0
878 15.384615384615385 0.0
879 3.8461538461538463 0.0
880 3.8461538461538463 0.0
881 30.76923076923077 0.0
882 26.923076923076923 0.0
883 26.923076923076923 0.0
884 7.6923076923076925 0.0
885 11.538461538461538 0.0
886 7.6923076923076925 0.0
887 15.384615384615385 0.0
888 15.384615384615385 0.0
889 23.076923076923077 0.0
890 7.6923076923076925 0.0
891 15.384615384615385 0.0
892 11.538461538461538 0.0
893 11.538461538461538 0.0
894 11.538461538461538 0.0
895 23.076923076923077 0.0
896 19.23076923076923 0.0
897 11.538461538461538 0.0
898 23.076923076923077 0.0
899 23.076923076923077 0.0
900 26.923076923076923 0.0
901 26.923076923076923 0.0
902 15.384615384615385 0.0
903 15.384615384615385 0.0
904 19.23076923076923 0.0
905 15.384615384615385 0.0
906 23.076923076923077 0.0
907 30.76923076923077 0.0
908 26.923076923076923 0.0
909 11.538461538461538 0.0
910 23.076923076923077 0.0
911 11.538461538461538 0.0
912 3.8461538461538463 0.0
913 15.384615384615385 0.0
914 19.23076923076923 0.0
915 19.23076923076923 0.0
916 23.076923076923077 0.0
917 15.384615384615385 0.0
918 15.384615384615385 0.0
919 23.076923076923077 0.0
920 11.538461538461538 0.0
921 23.076923076923077 0.0
922 19.23076923076923 0.0
923 7.6923076923076925 0.0
924 15.384615384615385 0.0
925 15.384615384615385 0.0
926 15.384615384615385 0.0
927 15.384615384615385 0.0
928 23.076923076923077 0.0
929 23.076923076923077 0.0
930 15.384615384615385 0.0
931 23.076923076923077 0.0
932 23.076923076923077 0.0
933 19.23076923076923 0.0
934 19.23076923076923 0.0
935 15.384615384615385 0.0
936 11.538461538461538 0.0
937 23.076923076923077 0.0
938 19.23076923076923 0.0
939 23.076923076923077 0.0
940 19.23076923076923 0.0
941 19.23076923076923 0.0
942 11.538461538461538 0.0
943 19.23076923076923 0.0
944 19.23076923076923 0.0
945 34.61538461538461 0.0
946 26.923076923076923 0.0
947 23.076923076923077 0.0
948 26.923076923076923 0.0
949 26.923076923076923 0.0
950 19.23076923076923 0.0
951 26.923076923076923 0.0
952 26.923076923076923 0.0
953 23.076923076923077 0.0
954 15.384615384615385 0.0
955 15.384615384615385 0.0
956 23.076923076923077 0.0
957 11.538461538461538 0.0
958 7.6923076923076925 0.0
959 34.61538461538461 0.0
960 23.076923076923077 0.0
961 11.538461538461538 0.0
962 15.384615384615385 0.0
963 26.923076923076923 0.0
964 19.23076923076923 0.0
965 15.384615384615385 0.0
966 15.384615384615385 0.0
967 26.923076923076923 0.0
968 23.076923076923077 0.0
969 23.076923076923077 0.0
970 19.23076923076923 0.0
971 15.384615384615385 0.0
972 26.923076923076923 0.0
973 26.923076923076923 0.0
974 15.384615384615385 0.0
975 15.384615384615385 0.0
976 26.923076923076923 0.0
977 15.384615384615385 0.0
978 23.076923076923077 0.0
979 19.23076923076923 0.0
980 15.384615384615385 0.0
981 15.384615384615385 0.0
982 15.384615384615385 0.0
983 15.384615384615385 0.0
984 15.384615384615385 0.0
985 15.384615384615385 0.0
986 11.538461538461538 0.0
987 15.384615384615385 0.0
988 11.538461538461538 0.0
989 15.384615384615385 0.0
990 15.384615384615385 0.0
991 11.538461538461538 0.0
992 23.076923076923077 0.0
993 19.23076923076923 0.0
994 19.23076923076923 0.0
995 19.23076923076923 0.0
996 26.923076923076923 0.0
997 23.076923076923077 0.0
998 19.23076923076923 0.0
999 19.23076923076923 0.0
