#frame monomers_% popc_isolated_%
0 11.538461538461538 0.0
1 23.076923076923077 0.0
2 19.23076923076923 0.0
3 11.538461538461538 0.0
4 19.23076923076923 0.0
5 19.23076923076923 0.0
6 11.538461538461538 0.0
7 23.076923076923077 0.0
8 23.076923076923077 0.0
9 38.46153846153846 0.0
10 19.23076923076923 0.0
11 26.923076923076923 0.0
12 30.76923076923077 0.0
13 19.23076923076923 0.0
14 19.23076923076923 0.0
15 26.923076923076923 0.0
16 15.384615384615385 0.0
17 23.076923076923077 0.0
18 23.076923076923077 0.0
19 34.61538461538461 0.0
20 26.923076923076923 0.0
21 23.076923076923077 0.0
22 19.23076923076923 0.0
23 23.076923076923077 0.0
24 30.76923076923077 0.0
25 30.76923076923077 0.0
26 30.76923076923077 0.0
27 30.76923076923077 0.0
28 26.923076923076923 0.0
29 26.923076923076923 0.0
30 34.61538461538461 0.0
31 26.923076923076923 0.0
32 26.923076923076923 0.0
33 23.076923076923077 0.0
34 30.76923076923077 0.0
35 19.23076923076923 0.0
36 26.923076923076923 0.0
37 23.076923076923077 0.0
38 23.076923076923077 0.0
39 30.76923076923077 0.0
40 26.923076923076923 0.0
41 30.76923076923077 0.0
42 34.61538461538461 0.0
43 26.923076923076923 0.0
44 19.23076923076923 0.0
45 30.76923076923077 0.0
46 30.76923076923077 0.0
47 23.076923076923077 0.0
48 30.76923076923077 0.0
49 34.61538461538461 0.0
50 23.076923076923077 0.0
51 38.46153846153846 0.0
52 30.76923076923077 0.0
53 19.23076923076923 0.0
54 19.23076923076923 0.0
55 30.76923076923077 0.0
56 15.384615384615385 0.0
57 19.23076923076923 0.0
58 30.76923076923077 0.0
59 26.923076923076923 0.0
60 23.076923076923077 0.0
61 30.76923076923077 0.0
62 15.384615384615385 0.0
63 19.23076923076923 0.0
64 23.076923076923077 0.0
65 26.923076923076923 0.0
66 11.538461538461538 0.0
67 23.076923076923077 0.0
68 26.923076923076923 0.0
69 30.76923076923077 0.0
70 34.61538461538461 0.0
71 23.076923076923077 0.0
72 23.076923076923077 0.0
73 15.384615384615385 0.0
74 19.23076923076923 0.0
75 23.076923076923077 0.0
76 11.538461538461538 0.0
77 19.23076923076923 0.0
78 23.076923076923077 0.0
79 30.76923076923077 0.0
80 23.076923076923077 0.0
81 15.384615384615385 0.0
82 26.923076923076923 0.0
83 23.076923076923077 0.0
84 26.923076923076923 0.0
85 11.538461538461538 0.0
86 30.76923076923077 0.0
87 26.923076923076923 0.0
88 30.76923076923077 0.0
89 26.923076923076923 0.0
90 11.538461538461538 0.0
91 34.61538461538461 0.0
92 30.76923076923077 0.0
93 23.076923076923077 0.0
94 23.076923076923077 0.0
95 30.76923076923077 0.0
96 30.76923076923077 0.0
97 30.76923076923077 0.0
98 38.46153846153846 0.0
99 34.61538461538461 0.0
100 34.61538461538461 0.0
101 38.46153846153846 0.0
102 38.46153846153846 0.0
103 38.46153846153846 0.0
104 26.923076923076923 0.0
105 26.923076923076923 0.0
106 30.76923076923077 0.0
107 19.23076923076923 0.0
108 23.076923076923077 0.0
109 23.076923076923077 0.0
110 19.23076923076923 0.0
111 23.076923076923077 0.0
112 19.23076923076923 0.0
113 15.384615384615385 0.0
114 38.46153846153846 0.0
115 46.15384615384615 0.0
116 34.61538461538461 0.0
117 23.076923076923077 0.0
118 26.923076923076923 0.0
119 26.923076923076923 0.0
120 23.076923076923077 0.0
121 19.23076923076923 0.0
122 23.076923076923077 0.0
123 23.076923076923077 0.0
124 26.923076923076923 0.0
125 15.384615384615385 0.0
126 26.923076923076923 0.0
127 23.076923076923077 0.0
128 19.23076923076923 0.0
129 19.23076923076923 0.0
130 34.61538461538461 0.0
131 53.84615384615385 0.0
132 46.15384615384615 0.0
133 34.61538461538461 0.0
134 46.15384615384615 0.0
135 38.46153846153846 0.0
136 42.30769230769231 0.0
137 26.923076923076923 0.0
138 30.76923076923077 0.0
139 30.76923076923077 0.0
140 42.30769230769231 0.0
141 30.76923076923077 0.0
142 34.61538461538461 0.0
143 34.61538461538461 0.0
144 42.30769230769231 0.0
145 26.923076923076923 0.0
146 30.76923076923077 0.0
147 30.76923076923077 0.0
148 19.23076923076923 0.0
149 26.923076923076923 0.0
150 23.076923076923077 0.0
151 30.76923076923077 0.0
152 26.923076923076923 0.0
153 23.076923076923077 0.0
154 26.923076923076923 0.0
155 34.61538461538461 0.0
156 42.30769230769231 0.0
157 30.76923076923077 0.0
158 34.61538461538461 0.0
159 38.46153846153846 0.0
160 38.46153846153846 0.0
161 34.61538461538461 0.0
162 38.46153846153846 0.0
163 34.61538461538461 0.0
164 26.923076923076923 0.0
165 30.76923076923077 0.0
166 38.46153846153846 0.0
167 34.61538461538461 0.0
168 30.76923076923077 0.0
169 30.76923076923077 0.0
170 26.923076923076923 0.0
171 34.61538461538461 0.0
172 30.76923076923077 0.0
173 34.61538461538461 0.0
174 38.46153846153846 0.0
175 30.76923076923077 0.0
176 34.61538461538461 0.0
177 42.30769230769231 0.0
178 34.61538461538461 0.0
179 30.76923076923077 0.0
180 34.61538461538461 0.0
181 30.76923076923077 0.0
182 30.76923076923077 0.0
183 26.923076923076923 0.0
184 26.923076923076923 0.0
185 30.76923076923077 0.0
186 30.76923076923077 0.0
187 42.30769230769231 0.0
188 38.46153846153846 0.0
189 38.46153846153846 0.0
190 38.46153846153846 0.0
191 26.923076923076923 0.0
192 23.076923076923077 0.0
193 30.76923076923077 0.0
194 38.46153846153846 0.0
195 34.61538461538461 0.0
196 38.46153846153846 0.0
197 38.46153846153846 0.0
198 30.76923076923077 0.0
199 30.76923076923077 0.0
200 30.76923076923077 0.0
201 34.61538461538461 0.0
202 26.923076923076923 0.0
203 34.61538461538461 0.0
204 30.76923076923077 0.0
205 23.076923076923077 0.0
206 30.76923076923077 0.0
207 26.923076923076923 0.0
208 23.076923076923077 0.0
209 38.46153846153846 0.0
210 34.61538461538461 0.0
211 30.76923076923077 0.0
212 23.076923076923077 0.0
213 19.23076923076923 0.0
214 26.923076923076923 0.0
215 26.923076923076923 0.0
216 23.076923076923077 0.0
217 26.923076923076923 0.0
218 19.23076923076923 0.0
219 34.61538461538461 0.0
220 38.46153846153846 0.0
221 38.46153846153846 0.0
222 30.76923076923077 0.0
223 26.923076923076923 0.0
224 26.923076923076923 0.0
225 30.76923076923077 0.0
226 26.923076923076923 0.0
227 26.923076923076923 0.0
228 26.923076923076923 0.0
229 26.923076923076923 0.0
230 34.61538461538461 0.0
231 26.923076923076923 0.0
232 34.61538461538461 0.0
233 30.76923076923077 0.0
234 34.61538461538461 0.0
235 23.076923076923077 0.0
236 34.61538461538461 0.0
237 23.076923076923077 0.0
238 26.923076923076923 0.0
239 15.384615384615385 0.0
240 26.923076923076923 0.0
241 23.076923076923077 0.0
242 15.384615384615385 0.0
243 11.538461538461538 0.0
244 15.384615384615385 0.0
245 15.384615384615385 0.0
246 11.538461538461538 0.0
247 19.23076923076923 0.0
248 19.23076923076923 0.0
249 26.923076923076923 0.0
250 15.384615384615385 0.0
251 26.923076923076923 0.0
252 19.23076923076923 0.0
253 26.923076923076923 0.0
254 19.23076923076923 0.0
255 26.923076923076923 0.0
256 23.076923076923077 0.0
257 30.76923076923077 0.0
258 38.46153846153846 0.0
259 23.076923076923077 0.0
260 34.61538461538461 0.0
261 23.076923076923077 0.0
262 42.30769230769231 0.0
263 34.61538461538461 0.0
264 38.46153846153846 0.0
265 34.61538461538461 0.0
266 30.76923076923077 0.0
267 23.076923076923077 0.0
268 19.23076923076923 0.0
269 30.76923076923077 0.0
270 23.076923076923077 0.0
271 42.30769230769231 0.0
272 26.923076923076923 0.0
273 23.076923076923077 0.0
274 23.076923076923077 0.0
275 23.076923076923077 0.0
276 19.23076923076923 0.0
277 34.61538461538461 0.0
278 34.61538461538461 0.0
279 30.76923076923077 0.0
280 30.76923076923077 0.0
281 34.61538461538461 0.0
282 30.76923076923077 0.0
283 26.923076923076923 0.0
284 34.61538461538461 0.0
285 34.61538461538461 0.0
286 34.61538461538461 0.0
287 30.76923076923077 0.0
288 23.076923076923077 0.0
289 30.76923076923077 0.0
290 34.61538461538461 0.0
291 34.61538461538461 0.0
292 23.076923076923077 0.0
293 26.923076923076923 0.0
294 34.61538461538461 0.0
295 30.76923076923077 0.0
296 26.923076923076923 0.0
297 26.923076923076923 0.0
298 34.61538461538461 0.0
299 34.61538461538461 0.0
300 23.076923076923077 0.0
301 30.76923076923077 0.0
302 30.76923076923077 0.0
303 30.76923076923077 0.0
304 34.61538461538461 0.0
305 42.30769230769231 0.0
306 30.76923076923077 0.0
307 34.61538461538461 0.0
308 26.923076923076923 0.0
309 26.923076923076923 0.0
310 15.384615384615385 0.0
311 23.076923076923077 0.0
312 26.923076923076923 0.0
313 26.923076923076923 0.0
314 34.61538461538461 0.0
315 26.923076923076923 0.0
316 30.76923076923077 0.0
317 26.923076923076923 0.0
318 26.923076923076923 0.0
319 15.384615384615385 0.0
320 23.076923076923077 0.0
321 34.61538461538461 0.0
322 15.384615384615385 0.0
323 42.30769230769231 0.0
324 23.076923076923077 0.0
325 23.076923076923077 0.0
326 26.923076923076923 0.0
327 19.23076923076923 0.0
328 46.15384615384615 0.0
329 53.84615384615385 0.0
330 42.30769230769231 0.0
331 42.30769230769231 0.0
332 38.46153846153846 0.0
333 42.30769230769231 0.0
334 30.76923076923077 0.0
335 38.46153846153846 0.0
336 30.76923076923077 0.0
337 26.923076923076923 0.0
338 42.30769230769231 0.0
339 42.30769230769231 0.0
340 26.923076923076923 0.0
341 38.46153846153846 0.0
342 34.61538461538461 0.0
343 34.61538461538461 0.0
344 30.76923076923077 0.0
345 34.61538461538461 0.0
346 30.76923076923077 0.0
347 38.46153846153846 0.0
348 38.46153846153846 0.0
349 34.61538461538461 0.0
350 42.30769230769231 0.0
351 42.30769230769231 0.0
352 34.61538461538461 0.0
353 34.61538461538461 0.0
354 26.923076923076923 0.0
355 42.30769230769231 0.0
356 50.0 0.0
357 42.30769230769231 0.0
358 46.15384615384615 0.0
359 26.923076923076923 0.0
360 30.76923076923077 0.0
361 30.76923076923077 0.0
362 26.923076923076923 0.0
363 34.61538461538461 0.0
364 34.61538461538461 0.0
365 34.61538461538461 0.0
366 38.46153846153846 0.0
367 34.61538461538461 0.0
368 42.30769230769231 0.0
369 34.61538461538461 0.0
370 34.61538461538461 0.0
371 26.923076923076923 0.0
372 23.076923076923077 0.0
373 23.076923076923077 0.0
374 34.61538461538461 0.0
375 34.61538461538461 0.0
376 46.15384615384615 0.0
377 30.76923076923077 0.0
378 26.923076923076923 0.0
379 30.76923076923077 0.0
380 19.23076923076923 0.0
381 38.46153846153846 0.0
382 46.15384615384615 0.0
383 46.15384615384615 0.0
384 38.46153846153846 0.0
385 30.76923076923077 0.0
386 30.76923076923077 0.0
387 38.46153846153846 0.0
388 30.76923076923077 0.0
389 34.61538461538461 0.0
390 30.76923076923077 0.0
391 34.61538461538461 0.0
392 38.46153846153846 0.0
393 23.076923076923077 0.0
394 42.30769230769231 0.0
395 42.30769230769231 0.0
396 30.76923076923077 0.0
397 26.923076923076923 0.0
398 26.923076923076923 0.0
399 30.76923076923077 0.0
400 15.384615384615385 0.0
401 19.23076923076923 0.0
402 30.76923076923077 0.0
403 26.923076923076923 0.0
404 11.538461538461538 0.0
405 23.076923076923077 0.0
406 19.23076923076923 0.0
407 19.23076923076923 0.0
408 30.76923076923077 0.0
409 38.46153846153846 0.0
410 38.46153846153846 0.0
411 26.923076923076923 0.0
412 38.46153846153846 0.0
413 50.0 0.0
414 30.76923076923077 0.0
415 26.923076923076923 0.0
416 26.923076923076923 0.0
417 42.30769230769231 0.0
418 23.076923076923077 0.0
419 34.61538461538461 0.0
420 23.076923076923077 0.0
421 15.384615384615385 0.0
422 15.384615384615385 0.0
423 23.076923076923077 0.0
424 26.923076923076923 0.0
425 15.384615384615385 0.0
426 7.6923076923076925 0.0
427 19.23076923076923 0.0
428 26.923076923076923 0.0
429 19.23076923076923 0.0
430 30.76923076923077 0.0
431 15.384615384615385 0.0
432 15.384615384615385 0.0
433 15.384615384615385 0.0
434 15.384615384615385 0.0
435 23.076923076923077 0.0
436 26.923076923076923 0.0
437 15.384615384615385 0.0
438 23.076923076923077 0.0
439 23.076923076923077 0.0
440 19.23076923076923 0.0
441 23.076923076923077 0.0
442 23.076923076923077 0.0
443 15.384615384615385 0.0
444 30.76923076923077 0.0
445 19.23076923076923 0.0
446 11.538461538461538 0.0
447 30.76923076923077 0.0
448 23.076923076923077 0.0
449 15.384615384615385 0.0
450 34.61538461538461 0.0
451 30.76923076923077 0.0
452 30.76923076923077 0.0
453 11.538461538461538 0.0
454 11.538461538461538 0.0
455 11.538461538461538 0.0
456 19.23076923076923 0.0
457 7.6923076923076925 0.0
458 19.23076923076923 0.0
459 7.6923076923076925 0.0
460 15.384615384615385 0.0
461 19.23076923076923 0.0
462 19.23076923076923 0.0
463 11.538461538461538 0.0
464 11.538461538461538 0.0
465 11.538461538461538 0.0
466 11.538461538461538 0.0
467 19.23076923076923 0.0
468 15.384615384615385 0.0
469 23.076923076923077 0.0
470 26.923076923076923 0.0
471 15.384615384615385 0.0
472 30.76923076923077 0.0
473 19.23076923076923 0.0
474 23.076923076923077 0.0
475 23.076923076923077 0.0
476 26.923076923076923 0.0
477 19.23076923076923 0.0
478 23.076923076923077 0.0
479 26.923076923076923 0.0
480 23.076923076923077 0.0
481 23.076923076923077 0.0
482 7.6923076923076925 0.0
483 11.538461538461538 0.0
484 15.384615384615385 0.0
485 19.23076923076923 0.0
486 19.23076923076923 0.0
487 11.538461538461538 0.0
488 19.23076923076923 0.0
489 11.538461538461538 0.0
490 15.384615384615385 0.0
491 19.23076923076923 0.0
492 19.23076923076923 0.0
493 7.6923076923076925 0.0
494 11.538461538461538 0.0
495 7.6923076923076925 0.0
496 15.384615384615385 0.0
497 11.538461538461538 0.0
498 15.384615384615385 0.0
499 15.384615384615385 0.0
500 15.384615384615385 0.0
501 19.23076923076923 0.0
502 30.76923076923077 0.0
503 23.076923076923077 0.0
504 26.923076923076923 0.0
505 19.23076923076923 0.0
506 38.46153846153846 0.0
507 30.76923076923077 0.0
508 42.30769230769231 0.0
509 26.923076923076923 0.0
510 38.46153846153846 0.0
511 34.61538461538461 0.0
512 34.61538461538461 0.0
513 30.76923076923077 0.0
514 38.46153846153846 0.0
515 30.76923076923077 0.0
516 30.76923076923077 0.0
517 30.76923076923077 0.0
518 38.46153846153846 0.0
519 23.076923076923077 0.0
520 30.76923076923077 0.0
521 26.923076923076923 0.0
522 34.61538461538461 0.0
523 34.61538461538461 0.0
524 42.30769230769231 0.0
525 30.76923076923077 0.0
526 34.61538461538461 0.0
527 30.76923076923077 0.0
528 34.61538461538461 0.0
529 34.61538461538461 0.0
530 30.76923076923077 0.0
531 30.76923076923077 0.0
532 23.076923076923077 0.0
533 19.23076923076923 0.0
534 34.61538461538461 0.0
535 34.61538461538461 0.0
536 30.76923076923077 0.0
537 38.46153846153846 0.0
538 34.61538461538461 0.0
539 34.61538461538461 0.0
540 30.76923076923077 0.0
541 30.76923076923077 0.0
542 34.61538461538461 0.0
543 38.46153846153846 0.0
544 38.46153846153846 0.0
545 42.30769230769231 0.0
546 42.30769230769231 0.0
547 38.46153846153846 0.0
548 30.76923076923077 0.0
549 30.76923076923077 0.0
550 23.076923076923077 0.0
551 26.923076923076923 0.0
552 30.76923076923077 0.0
553 30.76923076923077 0.0
554 26.923076923076923 0.0
555 23.076923076923077 0.0
556 19.23076923076923 0.0
557 30.76923076923077 0.0
558 30.76923076923077 0.0
559 23.076923076923077 0.0
560 23.076923076923077 0.0
561 30.76923076923077 0.0
562 23.076923076923077 0.0
563 26.923076923076923 0.0
564 42.30769230769231 0.0
565 42.30769230769231 0.0
566 34.61538461538461 0.0
567 42.30769230769231 0.0
568 23.076923076923077 0.0
569 15.384615384615385 0.0
570 26.923076923076923 0.0
571 26.923076923076923 0.0
572 34.61538461538461 0.0
573 19.23076923076923 0.0
574 23.076923076923077 0.0
575 19.23076923076923 0.0
576 23.076923076923077 0.0
577 34.61538461538461 0.0
578 23.076923076923077 0.0
579 26.923076923076923 0.0
580 23.076923076923077 0.0
581 19.23076923076923 0.0
582 30.76923076923077 0.0
583 30.76923076923077 0.0
584 19.23076923076923 0.0
585 23.076923076923077 0.0
586 23.076923076923077 0.0
587 34.61538461538461 0.0
588 19.23076923076923 0.0
589 23.076923076923077 0.0
590 19.23076923076923 0.0
591 15.384615384615385 0.0
592 15.384615384615385 0.0
593 23.076923076923077 0.0
594 19.23076923076923 0.0
595 15.384615384615385 0.0
596 26.923076923076923 0.0
597 34.61538461538461 0.0
598 30.76923076923077 0.0
599 34.61538461538461 0.0
600 38.46153846153846 0.0
601 38.46153846153846 0.0
602 23.076923076923077 0.0
603 34.61538461538461 0.0
604 46.15384615384615 0.0
605 46.15384615384615 0.0
606 26.923076923076923 0.0
607 26.923076923076923 0.0
608 26.923076923076923 0.0
609 30.76923076923077 0.0
610 30.76923076923077 0.0
611 26.923076923076923 0.0
612 26.923076923076923 0.0
613 34.61538461538461 0.0
614 34.61538461538461 0.0
615 30.76923076923077 0.0
616 26.923076923076923 0.0
617 30.76923076923077 0.0
618 11.538461538461538 0.0
619 26.923076923076923 0.0
620 30.76923076923077 0.0
621 26.923076923076923 0.0
622 23.076923076923077 0.0
623 11.538461538461538 0.0
624 15.384615384615385 0.0
625 30.76923076923077 0.0
626 34.61538461538461 0.0
627 30.76923076923077 0.0
628 30.76923076923077 0.0
629 38.46153846153846 0.0
630 38.46153846153846 0.0
631 34.61538461538461 0.0
632 15.384615384615385 0.0
633 23.076923076923077 0.0
634 26.923076923076923 0.0
635 23.076923076923077 0.0
636 19.23076923076923 0.0
637 26.923076923076923 0.0
638 26.923076923076923 0.0
639 23.076923076923077 0.0
640 26.923076923076923 0.0
641 19.23076923076923 0.0
642 15.384615384615385 0.0
643 38.46153846153846 0.0
644 26.923076923076923 0.0
645 23.076923076923077 0.0
646 23.076923076923077 0.0
647 34.61538461538461 0.0
648 34.61538461538461 0.0
649 34.61538461538461 0.0
650 34.61538461538461 0.0
651 30.76923076923077 0.0
652 34.61538461538461 0.0
653 38.46153846153846 0.0
654 46.15384615384615 0.0
655 42.30769230769231 0.0
656 30.76923076923077 0.0
657 30.76923076923077 0.0
658 23.076923076923077 0.0
659 30.76923076923077 0.0
660 26.923076923076923 0.0
661 34.61538461538461 0.0
662 38.46153846153846 0.0
663 23.076923076923077 0.0
664 26.923076923076923 0.0
665 30.76923076923077 0.0
666 34.61538461538461 0.0
667 30.76923076923077 0.0
668 26.923076923076923 0.0
669 26.923076923076923 0.0
670 38.46153846153846 0.0
671 26.923076923076923 0.0
672 26.923076923076923 0.0
673 30.76923076923077 0.0
674 26.923076923076923 0.0
675 23.076923076923077 0.0
676 34.61538461538461 0.0
677 15.384615384615385 0.0
678 26.923076923076923 0.0
679 11.538461538461538 0.0
680 23.076923076923077 0.0
681 19.23076923076923 0.0
682 34.61538461538461 0.0
683 19.23076923076923 0.0
684 30.76923076923077 0.0
685 30.76923076923077 0.0
686 30.76923076923077 0.0
687 19.23076923076923 0.0
688 23.076923076923077 0.0
689 26.923076923076923 0.0
690 30.76923076923077 0.0
691 26.923076923076923 0.0
692 30.76923076923077 0.0
693 30.76923076923077 0.0
694 26.923076923076923 0.0
695 15.384615384615385 0.0
696 11.538461538461538 0.0
697 23.076923076923077 0.0
698 15.384615384615385 0.0
699 15.384615384615385 0.0
700 23.076923076923077 0.0
701 15.384615384615385 0.0
702 19.23076923076923 0.0
703 11.538461538461538 0.0
704 19.23076923076923 0.0
705 26.923076923076923 0.0
706 15.384615384615385 0.0
707 26.923076923076923 0.0
708 26.923076923076923 0.0
709 34.61538461538461 0.0
710 23.076923076923077 0.0
711 23.076923076923077 0.0
712 19.23076923076923 0.0
713 26.923076923076923 0.0
714 19.23076923076923 0.0
715 19.23076923076923 0.0
716 23.076923076923077 0.0
717 19.23076923076923 0.0
718 15.384615384615385 0.0
719 19.23076923076923 0.0
720 26.923076923076923 0.0
721 19.23076923076923 0.0
722 15.384615384615385 0.0
723 19.23076923076923 0.0
724 26.923076923076923 0.0
725 23.076923076923077 0.0
726 19.23076923076923 0.0
727 19.23076923076923 0.0
728 26.923076923076923 0.0
729 26.923076923076923 0.0
730 23.076923076923077 0.0
731 23.076923076923077 0.0
732 15.384615384615385 0.0
733 23.076923076923077 0.0
734 34.61538461538461 0.0
735 26.923076923076923 0.0
736 23.076923076923077 0.0
737 19.23076923076923 0.0
738 19.23076923076923 0.0
739 19.23076923076923 0.0
740 19.23076923076923 0.0
741 15.384615384615385 0.0
742 26.923076923076923 0.0
743 7.6923076923076925 0.0
744 0.0 0.0
745 7.6923076923076925 0.0
746 11.538461538461538 0.0
747 11.538461538461538 0.0
748 7.6923076923076925 0.0
749 11.538461538461538 0.0
750 15.384615384615385 0.0
751 15.384615384615385 0.0
752 11.538461538461538 0.0
753 11.538461538461538 0.0
754 15.384615384615385 0.0
755 11.538461538461538 0.0
756 11.538461538461538 0.0
757 11.538461538461538 0.0
758 19.23076923076923 0.0
759 15.384615384615385 0.0
760 15.384615384615385 0.0
761 19.23076923076923 0.0
762 11.538461538461538 0.0
763 11.538461538461538 0.0
764 15.384615384615385 0.0
765 11.538461538461538 0.0
766 11.538461538461538 0.0
767 7.6923076923076925 0.0
768 11.538461538461538 0.0
769 15.384615384615385 0.0
770 15.384615384615385 0.0
771 19.23076923076923 0.0
772 3.8461538461538463 0.0
773 11.538461538461538 0.0
774 19.23076923076923 0.0
775 11.538461538461538 0.0
776 15.384615384615385 0.0
777 3.8461538461538463 0.0
778 15.384615384615385 0.0
779 19.23076923076923 0.0
780 11.538461538461538 0.0
781 23.076923076923077 0.0
782 19.23076923076923 0.0
783 11.538461538461538 0.0
784 23.076923076923077 0.0
785 15.384615384615385 0.0
786 15.384615384615385 0.0
787 19.23076923076923 0.0
788 19.23076923076923 0.0
789 19.23076923076923 0.0
790 11.538461538461538 0.0
791 15.384615384615385 0.0
792 19.23076923076923 0.0
793 19.23076923076923 0.0
794 23.076923076923077 0.0
795 19.23076923076923 0.0
796 19.23076923076923 0.0
797 19.23076923076923 0.0
798 15.384615384615385 0.0
799 11.538461538461538 0.0
800 34.61538461538461 0.0
801 34.61538461538461 0.0
802 23.076923076923077 0.0
803 38.46153846153846 0.0
804 34.61538461538461 0.0
805 30.76923076923077 0.0
806 23.076923076923077 0.0
807 26.923076923076923 0.0
808 30.76923076923077 0.0
809 19.23076923076923 0.0
810 19.23076923076923 0.0
811 26.923076923076923 0.0
812 30.76923076923077 0.0
813 26.923076923076923 0.0
814 34.61538461538461 0.0
815 23.076923076923077 0.0
816 26.923076923076923 0.0
817 23.076923076923077 0.0
818 26.923076923076923 0.0
819 15.384615384615385 0.0
820 23.076923076923077 0.0
821 23.076923076923077 0.0
822 19.23076923076923 0.0
823 7.6923076923076925 0.0
824 23.076923076923077 0.0
825 11.538461538461538 0.0
826 11.538461538461538 0.0
827 11.538461538461538 0.0
828 11.538461538461538 0.0
829 15.384615384615385 0.0
830 11.538461538461538 0.0
831 15.384615384615385 0.0
832 15.384615384615385 0.0
833 15.384615384615385 0.0
834 7.6923076923076925 0.0
835 11.538461538461538 0.0
836 23.076923076923077 0.0
837 30.76923076923077 0.0
838 23.076923076923077 0.0
839 23.076923076923077 0.0
840 19.23076923076923 0.0
841 30.76923076923077 0.0
842 11.538461538461538 0.0
843 23.076923076923077 0.0
844 19.23076923076923 0.0
845 23.076923076923077 0.0
846 19.23076923076923 0.0
847 15.384615384615385 0.0
848 11.538461538461538 0.0
849 11.538461538461538 0.0
850 34.61538461538461 0.0
851 26.923076923076923 0.0
852 34.61538461538461 0.0
853 30.76923076923077 0.0
854 34.61538461538461 0.0
855 26.923076923076923 0.0
856 15.384615384615385 0.0
857 11.538461538461538 0.0
858 23.076923076923077 0.0
859 11.538461538461538 0.0
860 15.384615384615385 0.0
861 19.23076923076923 0.0
862 3.8461538461538463 0.0
863 15.384615384615385 0.0
864 7.6923076923076925 0.0
865 19.23076923076923 0.0
866 11.538461538461538 0.0
867 7.6923076923076925 0.0
868 11.538461538461538 0.0
869 26.923076923076923 0.0
870 19.23076923076923 0.0
871 15.384615384615385 0.0
872 15.384615384615385 0.0
873 23.076923076923077 0.0
874 15.384615384615385 0.0
875 19.23076923076923 0.0
876 7.6923076923076925 0.0
877 7.6923076923076925 0.0
878 15.384615384615385 0.0
879 23.076923076923077 0.0
880 26.923076923076923 0.0
881 11.538461538461538 0.0
882 15.384615384615385 0.0
883 15.384615384615385 0.0
884 23.076923076923077 0.0
885 38.46153846153846 0.0
886 23.076923076923077 0.0
887 30.76923076923077 0.0
888 30.76923076923077 0.0
889 23.076923076923077 0.0
890 34.61538461538461 0.0
891 11.538461538461538 0.0
892 34.61538461538461 0.0
893 26.923076923076923 0.0
894 30.76923076923077 0.0
895 23.076923076923077 0.0
896 30.76923076923077 0.0
897 26.923076923076923 0.0
898 26.923076923076923 0.0
899 19.23076923076923 0.0
900 34.61538461538461 0.0
901 26.923076923076923 0.0
902 30.76923076923077 0.0
903 30.76923076923077 0.0
904 19.23076923076923 0.0
905 26.923076923076923 0.0
906 23.076923076923077 0.0
907 15.384615384615385 0.0
908 30.76923076923077 0.0
909 26.923076923076923 0.0
910 23.076923076923077 0.0
911 15.384615384615385 0.0
912 19.23076923076923 0.0
913 23.076923076923077 0.0
914 19.23076923076923 0.0
915 15.384615384615385 0.0
916 30.76923076923077 0.0
917 7.6923076923076925 0.0
918 19.23076923076923 0.0
919 23.076923076923077 0.0
920 26.923076923076923 0.0
921 26.923076923076923 0.0
922 19.23076923076923 0.0
923 11.538461538461538 0.0
924 15.384615384615385 0.0
925 11.538461538461538 0.0
926 11.538461538461538 0.0
927 11.538461538461538 0.0
928 15.384615384615385 0.0
929 15.384615384615385 0.0
930 11.538461538461538 0.0
931 11.538461538461538 0.0
932 11.538461538461538 0.0
933 11.538461538461538 0.0
934 11.538461538461538 0.0
935 11.538461538461538 0.0
936 11.538461538461538 0.0
937 11.538461538461538 0.0
938 11.538461538461538 0.0
939 11.538461538461538 0.0
940 11.538461538461538 0.0
941 11.538461538461538 0.0
942 11.538461538461538 0.0
943 11.538461538461538 0.0
944 15.384615384615385 0.0
945 15.384615384615385 0.0
946 15.384615384615385 0.0
947 15.384615384615385 0.0
948 15.384615384615385 0.0
949 11.538461538461538 0.0
950 15.384615384615385 0.0
951 15.384615384615385 0.0
952 15.384615384615385 0.0
953 11.538461538461538 0.0
954 11.538461538461538 0.0
955 23.076923076923077 0.0
956 38.46153846153846 0.0
957 19.23076923076923 0.0
958 34.61538461538461 0.0
959 7.6923076923076925 0.0
960 15.384615384615385 0.0
961 15.384615384615385 0.0
962 19.23076923076923 0.0
963 15.384615384615385 0.0
964 19.23076923076923 0.0
965 26.923076923076923 0.0
966 15.384615384615385 0.0
967 15.384615384615385 0.0
968 15.384615384615385 0.0
969 19.23076923076923 0.0
970 15.384615384615385 0.0
971 11.538461538461538 0.0
972 23.076923076923077 0.0
973 30.76923076923077 0.0
974 23.076923076923077 0.0
975 23.076923076923077 0.0
976 38.46153846153846 0.0
977 34.61538461538461 0.0
978 23.076923076923077 0.0
979 34.61538461538461 0.0
980 26.923076923076923 0.0
981 19.23076923076923 0.0
982 30.76923076923077 0.0
983 26.923076923076923 0.0
984 30.76923076923077 0.0
985 23.076923076923077 0.0
986 23.076923076923077 0.0
987 34.61538461538461 0.0
988 23.076923076923077 0.0
989 30.76923076923077 0.0
990 26.923076923076923 0.0
991 30.76923076923077 0.0
992 30.76923076923077 0.0
993 15.384615384615385 0.0
994 23.076923076923077 0.0
995 19.23076923076923 0.0
996 23.076923076923077 0.0
997 30.76923076923077 0.0
998 26.923076923076923 0.0
999 26.923076923076923 0.0
