#resid average_duration max_duration persistent_contacts
1 6.751269035532995 61 197
10 6.984126984126984 91 126
11 6.32520325203252 36 123
12 6.11377245508982 55 167
13 8.494845360824742 47 97
14 5.887931034482759 42 116
15 8.014084507042254 91 142
16 7.739130434782608 55 115
17 7.173469387755102 58 98
18 7.229050279329609 63 179
19 7.321951219512195 71 205
2 7.585714285714285 55 210
20 6.338888888888889 64 180
21 8.402234636871508 64 179
22 7.441340782122905 45 179
23 7.273684210526316 51 95
24 6.858156028368795 36 141
25 7.324074074074074 55 216
26 6.2303030303030305 58 165
3 5.8793969849246235 44 199
4 7.3559322033898304 43 177
5 5.377049180327869 42 183
6 7.533707865168539 71 178
7 8.373271889400922 51 217
8 6.920731707317073 47 164
9 6.9 63 190
#TOTAL_CONTACTS 17149 for 1000 frames
