#resid average_duration max_duration persistent_contacts
1 7.719745222929936 92 157
10 7.513513513513513 104 185
11 7.590643274853801 64 171
12 6.704761904761905 64 210
13 6.860576923076923 49 208
14 6.978494623655914 62 186
15 7.2025316455696204 54 158
16 7.013698630136986 70 146
17 7.579831932773109 45 238
18 7.185022026431718 40 227
19 6.159574468085107 39 188
2 7.415730337078652 39 89
20 6.919753086419753 64 162
21 7.59375 71 192
22 7.320987654320987 52 243
23 8.227272727272727 70 198
24 7.285714285714286 92 189
25 8.09009009009009 71 222
26 6.405405405405405 34 148
3 7.6531791907514455 53 173
4 7.335135135135135 49 185
5 6.2073170731707314 51 246
6 6.681081081081081 52 185
7 8.503649635036496 104 137
8 7.722513089005235 44 191
9 7.741071428571429 80 224
#TOTAL_CONTACTS 19999 for 1000 frames
