#resid average_duration max_duration persistent_contacts
1 6.327659574468085 57 235
10 7.909803921568628 83 255
11 7.318181818181818 64 132
12 6.762114537444934 52 227
13 7.219123505976095 95 251
14 7.54320987654321 76 243
15 8.032467532467532 52 154
16 6.581818181818182 63 165
17 6.760683760683761 36 234
18 6.216216216216216 38 222
19 6.547413793103448 37 232
2 6.125 44 240
20 6.659574468085107 57 235
21 8.15 58 200
22 6.48404255319149 36 188
23 8.68452380952381 69 168
24 8.075221238938052 78 226
25 7.093023255813954 69 172
26 8.040358744394618 95 223
3 6.779661016949152 66 236
4 6.793103448275862 47 145
5 7.722222222222222 46 216
6 6.35632183908046 41 174
7 9.638461538461538 83 130
8 7.528688524590164 69 244
9 6.670520231213873 66 173
#TOTAL_CONTACTS 21549 for 1000 frames
