#resid average_duration max_duration persistent_contacts
1 6.228571428571429 50 105
10 7.226666666666667 47 150
11 7.267441860465116 38 86
12 6.382978723404255 48 94
13 7.532934131736527 67 167
14 7.482142857142857 82 168
15 7.25531914893617 70 188
16 6.725 43 160
17 7.290780141843972 69 141
18 6.08 36 125
19 6.7 51 160
2 7.790697674418604 70 172
20 4.913043478260869 20 23
21 7.216049382716049 67 162
22 6.503030303030303 71 165
23 6.429245283018868 71 212
24 6.974789915966387 76 119
25 6.128 38 125
26 7.491329479768786 76 173
3 5.394117647058824 42 170
4 7.015625 66 128
5 6.605555555555555 49 180
6 6.0 51 114
7 5.82 33 100
8 6.457142857142857 37 140
9 5.714285714285714 82 147
#TOTAL_CONTACTS 14404 for 1000 frames
