#resid average_duration max_duration persistent_contacts
1 6.777777777777778 44 189
10 8.622340425531915 107 188
11 8.128834355828221 66 163
12 6.296774193548387 35 155
13 6.8 49 200
14 5.283018867924528 37 212
15 4.926829268292683 28 82
16 6.38671875 63 256
17 6.423076923076923 58 182
18 6.831578947368421 40 95
19 7.991803278688525 71 244
2 6.418918918918919 44 222
20 8.645502645502646 46 189
21 7.592814371257485 117 167
22 5.1571428571428575 28 140
23 6.658536585365853 69 164
24 7.482213438735178 52 253
25 6.869346733668341 44 199
26 6.9520547945205475 44 146
3 7.880239520958084 117 167
4 5.696774193548387 58 155
5 6.744318181818182 37 176
6 8.45 107 240
7 6.965 40 200
8 6.9655172413793105 48 116
9 7.6201923076923075 62 208
#TOTAL_CONTACTS 18802 for 1000 frames
