#resid average_duration max_duration persistent_contacts
1 4.963172804532578 31 353
10 9.719489981785063 332 549
11 7.357021996615905 128 591
12 10.667774086378737 642 301
13 7.67409948542024 180 583
14 7.630289532293987 143 449
15 9.20855614973262 184 374
16 9.10064935064935 232 308
17 6.145348837209302 74 344
18 9.32132132132132 184 333
19 9.566433566433567 310 429
2 9.522421524663677 332 446
20 5.194835680751174 30 426
21 5.605080831408776 74 433
22 6.030973451327434 69 452
23 8.887096774193548 158 372
24 7.597069597069597 162 273
25 7.6567567567567565 134 370
26 10.581613508442777 370 533
3 9.899795501022496 310 489
4 12.161209068010075 370 397
5 12.890489913544668 642 347
6 8.793427230046948 189 426
7 9.765886287625419 339 299
8 8.978260869565217 162 276
9 9.464968152866241 211 471
#TOTAL_CONTACTS 50658 for 10100 frames
