#resid average_duration max_duration persistent_contacts
1 5.755056179775281 111 445
10 5.716599190283401 35 494
11 11.580645161290322 174 186
12 5.441975308641975 39 405
13 6.240770465489566 117 623
14 4.9609375 28 384
15 6.477611940298507 253 469
16 8.359437751004016 252 498
17 7.853658536585366 200 615
18 8.98447204968944 176 322
19 6.986 283 500
2 11.188172043010752 240 372
20 7.968390804597701 318 348
21 4.692982456140351 54 456
22 7.408695652173913 145 460
23 6.627272727272727 120 330
24 8.301369863013699 161 146
25 7.346067415730337 142 445
26 7.5790476190476195 200 525
3 7.302631578947368 318 532
4 9.058252427184467 252 515
5 7.77536231884058 215 276
6 5.23608017817372 44 449
7 5.118867924528302 36 530
8 9.81294964028777 283 278
9 5.941772151898734 161 395
#TOTAL_CONTACTS 43816 for 10100 frames
