#resid average_duration max_duration persistent_contacts
1 10.395348837209303 168 344
10 8.405759162303665 305 382
11 8.989873417721519 305 395
12 7.774111675126903 456 394
13 6.237057220708447 196 367
14 13.490867579908675 300 438
15 8.543123543123544 148 429
16 8.354395604395604 151 364
17 8.884012539184953 396 319
18 10.619047619047619 392 525
19 10.229850746268657 396 335
2 6.542613636363637 123 352
20 5.906172839506173 123 405
21 8.039832285115304 215 477
22 13.165094339622641 456 424
23 9.127272727272727 333 330
24 5.363070539419087 141 482
25 7.833333333333333 122 294
26 5.415512465373961 36 361
3 11.104651162790697 206 344
4 8.32089552238806 215 268
5 10.66593886462882 392 458
6 17.803571428571427 300 336
7 11.781569965870307 281 293
8 6.212201591511937 146 377
9 10.93002915451895 284 343
#TOTAL_CONTACTS 49989 for 10100 frames
