#resid average_duration max_duration persistent_contacts
1 12.511848341232227 498 633
10 15.527131782945736 796 774
11 11.313829787234043 456 376
12 17.089452603471294 833 749
13 13.485781990521327 670 422
14 12.486976217440544 752 883
15 12.26752503576538 588 699
16 13.502832861189802 727 706
17 15.11340206185567 796 776
18 16.463347164591976 684 723
19 13.193633952254642 490 377
2 14.944444444444445 684 630
20 13.94425087108014 738 574
21 14.477178423236515 530 482
22 11.794089609151573 592 1049
23 18.068825910931174 871 988
24 15.330043859649123 793 912
25 14.97787610619469 822 678
26 17.943844492440604 537 463
3 13.771428571428572 822 700
4 11.71415770609319 871 1116
5 12.562865497076023 383 684
6 14.132589838909542 530 807
7 10.73388429752066 410 605
8 14.51201923076923 456 416
9 13.537037037037036 360 594
#TOTAL_CONTACTS 133274 for 10100 frames
