#resid average_duration max_duration persistent_contacts
1 2.976923076923077 33 260
10 3.2813559322033896 33 295
11 2.792517006802721 9 294
12 2.8075471698113206 8 265
13 2.8846153846153846 10 260
14 3.0288808664259927 23 277
15 3.07421875 14 256
16 3.1392405063291138 19 237
17 2.898550724637681 10 276
18 3.074074074074074 22 297
19 3.116788321167883 10 274
2 2.940520446096654 9 269
20 3.043918918918919 22 296
21 3.1099290780141846 10 282
22 3.037931034482759 19 290
23 2.953846153846154 9 260
24 3.006802721088435 13 294
25 2.9688581314878895 23 289
26 2.929712460063898 9 313
3 2.8652482269503547 9 282
4 3.018867924528302 19 265
5 3.088372093023256 17 215
6 2.9607843137254903 13 306
7 2.9051094890510947 13 274
8 2.8066666666666666 13 300
9 3.0198412698412698 13 252
#TOTAL_CONTACTS 15724 for 10100 frames
