-69.5 2.485178e-07
-68.5 9.145110e-06
-67.5 8.737950e-05
-66.5 2.048665e-04
-65.5 4.825363e-04
-64.5 7.006805e-04
-63.5 9.487181e-04
-62.5 1.115317e-03
-61.5 1.401286e-03
-60.5 1.676910e-03
-59.5 2.320816e-03
-58.5 2.672895e-03
-57.5 3.151137e-03
-56.5 3.365784e-03
-55.5 3.294642e-03
-54.5 3.195269e-03
-53.5 3.185359e-03
-52.5 3.123412e-03
-51.5 3.039067e-03
-50.5 3.408111e-03
-49.5 3.577600e-03
-48.5 3.490970e-03
-47.5 3.692814e-03
-46.5 3.852622e-03
-45.5 4.492826e-03
-44.5 4.769924e-03
-43.5 4.518837e-03
-42.5 4.428526e-03
-41.5 4.374583e-03
-40.5 3.745014e-03
-39.5 3.533084e-03
-38.5 3.096985e-03
-37.5 3.195910e-03
-36.5 3.306009e-03
-35.5 3.198644e-03
-34.5 3.138589e-03
-33.5 2.677821e-03
-32.5 2.303097e-03
-31.5 2.116348e-03
-30.5 1.905581e-03
-29.5 1.723272e-03
-28.5 1.469383e-03
-27.5 1.298649e-03
-26.5 1.153756e-03
-25.5 9.728121e-04
-24.5 1.128739e-03
-23.5 1.778592e-03
-22.5 2.872432e-03
-21.5 5.782359e-03
-20.5 9.543505e-03
-19.5 1.476233e-02
-18.5 2.282879e-02
-17.5 3.302546e-02
-16.5 4.101009e-02
-15.5 4.143494e-02
-14.5 3.741688e-02
-13.5 2.922138e-02
-12.5 1.878450e-02
-11.5 1.087277e-02
-10.5 5.445682e-03
 -9.5 2.409546e-03
 -8.5 6.739623e-04
 -7.5 1.251114e-04
 -6.5 7.632365e-06
 -5.5 1.981869e-07
 -4.5 0.000000e+00
 -3.5 0.000000e+00
 -2.5 0.000000e+00
 -1.5 0.000000e+00
 -0.5 0.000000e+00
  0.5 0.000000e+00
  1.5 0.000000e+00
  2.5 0.000000e+00
  3.5 0.000000e+00
  4.5 0.000000e+00
  5.5 2.195767e-07
  6.5 1.174532e-05
  7.5 1.890146e-04
  8.5 9.676594e-04
  9.5 2.473916e-03
 10.5 5.203723e-03
 11.5 1.080009e-02
 12.5 1.956885e-02
 13.5 3.167291e-02
 14.5 4.125407e-02
 15.5 4.416726e-02
 16.5 3.859192e-02
 17.5 3.238783e-02
 18.5 2.496839e-02
 19.5 1.808343e-02
 20.5 1.386943e-02
 21.5 9.851892e-03
 22.5 7.109707e-03
 23.5 5.164198e-03
 24.5 4.219156e-03
 25.5 3.530298e-03
 26.5 3.367814e-03
 27.5 4.291619e-03
 28.5 4.830831e-03
 29.5 5.093184e-03
 30.5 5.732466e-03
 31.5 6.339028e-03
 32.5 6.958374e-03
 33.5 7.227733e-03
 34.5 7.489546e-03
 35.5 7.628032e-03
 36.5 7.568235e-03
 37.5 7.954883e-03
 38.5 8.013094e-03
 39.5 7.677640e-03
 40.5 7.382308e-03
 41.5 7.906462e-03
 42.5 7.753814e-03
 43.5 7.874317e-03
 44.5 7.939673e-03
 45.5 8.452955e-03
 46.5 8.591273e-03
 47.5 8.665106e-03
 48.5 9.252797e-03
 49.5 9.043790e-03
 50.5 9.331503e-03
 51.5 9.049970e-03
 52.5 9.033580e-03
 53.5 8.154638e-03
 54.5 7.350340e-03
 55.5 6.759880e-03
 56.5 6.800846e-03
 57.5 6.773957e-03
 58.5 6.293333e-03
 59.5 6.423589e-03
 60.5 5.920875e-03
 61.5 5.730400e-03
 62.5 5.554402e-03
 63.5 5.370101e-03
 64.5 5.339548e-03
 65.5 4.538217e-03
 66.5 4.243790e-03
 67.5 3.206761e-03
 68.5 2.055147e-03
 69.5 1.280403e-03
 70.5 6.311441e-04
 71.5 2.811652e-04
 72.5 1.360374e-04
 73.5 6.470050e-05
 74.5 9.745407e-06
 75.5 2.950238e-06
 76.5 1.640119e-07
