-68.5 7.847113e-06
-67.5 4.313361e-05
-66.5 8.095761e-05
-65.5 2.371835e-04
-64.5 4.192123e-04
-63.5 7.118172e-04
-62.5 1.114449e-03
-61.5 1.391315e-03
-60.5 1.742727e-03
-59.5 1.890571e-03
-58.5 2.169259e-03
-57.5 2.377844e-03
-56.5 2.462778e-03
-55.5 2.631207e-03
-54.5 2.767115e-03
-53.5 2.791440e-03
-52.5 2.520310e-03
-51.5 2.325099e-03
-50.5 2.398546e-03
-49.5 2.311178e-03
-48.5 2.119917e-03
-47.5 2.208856e-03
-46.5 2.136918e-03
-45.5 2.210689e-03
-44.5 2.281246e-03
-43.5 2.106481e-03
-42.5 2.031606e-03
-41.5 1.864705e-03
-40.5 1.653999e-03
-39.5 1.534274e-03
-38.5 1.417423e-03
-37.5 1.321558e-03
-36.5 9.791906e-04
-35.5 8.197046e-04
-34.5 6.576643e-04
-33.5 6.438727e-04
-32.5 6.233940e-04
-31.5 5.924533e-04
-30.5 4.907739e-04
-29.5 4.966162e-04
-28.5 4.995281e-04
-27.5 6.073611e-04
-26.5 8.723179e-04
-25.5 1.232530e-03
-24.5 1.751252e-03
-23.5 2.591633e-03
-22.5 3.923199e-03
-21.5 6.452268e-03
-20.5 1.030962e-02
-19.5 1.527709e-02
-18.5 2.119273e-02
-17.5 3.070742e-02
-16.5 4.011408e-02
-15.5 4.375637e-02
-14.5 4.294898e-02
-13.5 3.466906e-02
-12.5 2.449137e-02
-11.5 1.495456e-02
-10.5 8.320734e-03
 -9.5 3.929269e-03
 -8.5 1.532339e-03
 -7.5 4.122707e-04
 -6.5 7.265361e-05
 -5.5 1.006523e-05
 -4.5 3.119467e-07
 -3.5 0.000000e+00
 -2.5 0.000000e+00
 -1.5 0.000000e+00
 -0.5 0.000000e+00
  0.5 0.000000e+00
  1.5 0.000000e+00
  2.5 0.000000e+00
  3.5 0.000000e+00
  4.5 0.000000e+00
  5.5 6.628809e-06
  6.5 1.287716e-04
  7.5 5.786914e-04
  8.5 1.747361e-03
  9.5 4.121371e-03
 10.5 8.772375e-03
 11.5 1.593298e-02
 12.5 2.754202e-02
 13.5 4.494759e-02
 14.5 6.388943e-02
 15.5 7.494589e-02
 16.5 7.348826e-02
 17.5 6.384000e-02
 18.5 4.901549e-02
 19.5 3.379277e-02
 20.5 2.155065e-02
 21.5 1.448153e-02
 22.5 1.031752e-02
 23.5 7.011275e-03
 24.5 4.982203e-03
 25.5 3.789141e-03
 26.5 2.847475e-03
 27.5 2.106740e-03
 28.5 1.687147e-03
 29.5 1.665052e-03
 30.5 1.841837e-03
 31.5 1.864804e-03
 32.5 1.759004e-03
 33.5 1.697240e-03
 34.5 1.691688e-03
 35.5 1.527896e-03
 36.5 1.367491e-03
 37.5 1.392756e-03
 38.5 1.443451e-03
 39.5 1.654598e-03
 40.5 1.867525e-03
 41.5 2.047694e-03
 42.5 2.150490e-03
 43.5 2.236111e-03
 44.5 2.600930e-03
 45.5 2.822707e-03
 46.5 3.080769e-03
 47.5 2.981958e-03
 48.5 3.292646e-03
 49.5 3.260781e-03
 50.5 3.260279e-03
 51.5 3.266296e-03
 52.5 3.161294e-03
 53.5 3.058306e-03
 54.5 2.953984e-03
 55.5 2.933912e-03
 56.5 3.165841e-03
 57.5 3.009720e-03
 58.5 3.010025e-03
 59.5 3.057935e-03
 60.5 3.297354e-03
 61.5 3.120025e-03
 62.5 3.220736e-03
 63.5 2.874377e-03
 64.5 2.586509e-03
 65.5 2.276260e-03
 66.5 1.805299e-03
 67.5 1.260590e-03
 68.5 8.255010e-04
 69.5 4.729858e-04
 70.5 2.683599e-04
 71.5 7.947748e-05
 72.5 3.734428e-05
 73.5 1.026794e-05
 74.5 1.951955e-06
 75.5 2.819395e-07
