-65.5 2.815976e-06
-64.5 2.321010e-05
-63.5 1.079949e-04
-62.5 2.621683e-04
-61.5 4.991415e-04
-60.5 8.359494e-04
-59.5 1.006261e-03
-58.5 1.150299e-03
-57.5 1.437081e-03
-56.5 1.647506e-03
-55.5 1.603744e-03
-54.5 1.581864e-03
-53.5 1.667331e-03
-52.5 1.727565e-03
-51.5 1.701678e-03
-50.5 1.755176e-03
-49.5 1.621184e-03
-48.5 1.425352e-03
-47.5 1.391622e-03
-46.5 1.255423e-03
-45.5 1.183141e-03
-44.5 1.087409e-03
-43.5 1.103468e-03
-42.5 1.034177e-03
-41.5 1.045051e-03
-40.5 1.077447e-03
-39.5 1.088990e-03
-38.5 1.005836e-03
-37.5 9.781982e-04
-36.5 8.650132e-04
-35.5 7.271410e-04
-34.5 5.851594e-04
-33.5 4.520783e-04
-32.5 3.000569e-04
-31.5 2.798886e-04
-30.5 2.579240e-04
-29.5 2.343964e-04
-28.5 2.387081e-04
-27.5 2.651031e-04
-26.5 4.965524e-04
-25.5 8.107918e-04
-24.5 1.383663e-03
-23.5 2.689215e-03
-22.5 5.484911e-03
-21.5 1.040947e-02
-20.5 1.873906e-02
-19.5 2.985085e-02
-18.5 4.153998e-02
-17.5 5.340302e-02
-16.5 5.716361e-02
-15.5 5.498582e-02
-14.5 4.990380e-02
-13.5 3.880547e-02
-12.5 2.562759e-02
-11.5 1.517383e-02
-10.5 8.266921e-03
 -9.5 4.127973e-03
 -8.5 1.954661e-03
 -7.5 6.702879e-04
 -6.5 2.559871e-04
 -5.5 3.300034e-05
 -4.5 1.011719e-06
 -3.5 0.000000e+00
 -2.5 0.000000e+00
 -1.5 0.000000e+00
 -0.5 0.000000e+00
  0.5 0.000000e+00
  1.5 0.000000e+00
  2.5 0.000000e+00
  3.5 0.000000e+00
  4.5 0.000000e+00
  5.5 3.793586e-06
  6.5 4.971826e-05
  7.5 2.625767e-04
  8.5 9.874367e-04
  9.5 3.016325e-03
 10.5 7.843196e-03
 11.5 1.610821e-02
 12.5 2.845192e-02
 13.5 4.350480e-02
 14.5 6.078080e-02
 15.5 6.879516e-02
 16.5 6.500837e-02
 17.5 5.481233e-02
 18.5 4.256642e-02
 19.5 3.244480e-02
 20.5 2.376508e-02
 21.5 1.578521e-02
 22.5 9.213055e-03
 23.5 5.802773e-03
 24.5 3.629575e-03
 25.5 2.172308e-03
 26.5 1.364012e-03
 27.5 9.185955e-04
 28.5 7.089381e-04
 29.5 7.443986e-04
 30.5 7.209972e-04
 31.5 8.087478e-04
 32.5 7.428581e-04
 33.5 7.436937e-04
 34.5 7.954600e-04
 35.5 8.919645e-04
 36.5 1.016211e-03
 37.5 1.271758e-03
 38.5 1.261506e-03
 39.5 1.302794e-03
 40.5 1.269453e-03
 41.5 1.318888e-03
 42.5 1.166079e-03
 43.5 1.132198e-03
 44.5 1.062101e-03
 45.5 1.009021e-03
 46.5 1.159205e-03
 47.5 1.351635e-03
 48.5 1.426305e-03
 49.5 1.656408e-03
 50.5 1.724598e-03
 51.5 1.855302e-03
 52.5 1.839070e-03
 53.5 1.957342e-03
 54.5 2.058488e-03
 55.5 2.150732e-03
 56.5 2.163770e-03
 57.5 2.165488e-03
 58.5 2.315060e-03
 59.5 2.406295e-03
 60.5 2.300494e-03
 61.5 1.970796e-03
 62.5 1.744977e-03
 63.5 1.476035e-03
 64.5 1.033835e-03
 65.5 7.628555e-04
 66.5 5.167190e-04
 67.5 2.720819e-04
 68.5 1.024660e-04
 69.5 3.428785e-05
 70.5 1.150967e-05
 71.5 6.900607e-07
