#frame monomers_% popc_isolated_%
0 38.46153846153846 0.0
1 50.0 0.0
2 53.84615384615385 0.0
3 46.15384615384615 0.0
4 42.30769230769231 0.0
5 42.30769230769231 0.0
6 38.46153846153846 0.0
7 38.46153846153846 0.0
8 38.46153846153846 0.0
9 38.46153846153846 0.0
10 38.46153846153846 0.0
11 30.76923076923077 0.0
12 46.15384615384615 0.0
13 30.76923076923077 0.0
14 38.46153846153846 0.0
15 38.46153846153846 0.0
16 26.923076923076923 0.0
17 30.76923076923077 0.0
18 26.923076923076923 0.0
19 38.46153846153846 0.0
20 34.61538461538461 0.0
21 19.23076923076923 0.0
22 26.923076923076923 0.0
23 30.76923076923077 0.0
24 23.076923076923077 0.0
25 23.076923076923077 0.0
26 26.923076923076923 0.0
27 23.076923076923077 0.0
28 34.61538461538461 0.0
29 34.61538461538461 0.0
30 26.923076923076923 0.0
31 30.76923076923077 0.0
32 34.61538461538461 0.0
33 34.61538461538461 0.0
34 34.61538461538461 0.0
35 34.61538461538461 0.0
36 34.61538461538461 0.0
37 34.61538461538461 0.0
38 38.46153846153846 0.0
39 38.46153846153846 0.0
40 38.46153846153846 0.0
41 38.46153846153846 0.0
42 34.61538461538461 0.0
43 34.61538461538461 0.0
44 30.76923076923077 0.0
45 34.61538461538461 0.0
46 34.61538461538461 0.0
47 30.76923076923077 0.0
48 30.76923076923077 0.0
49 34.61538461538461 0.0
50 26.923076923076923 0.0
51 34.61538461538461 0.0
52 30.76923076923077 0.0
53 34.61538461538461 0.0
54 34.61538461538461 0.0
55 34.61538461538461 0.0
56 11.538461538461538 0.0
57 26.923076923076923 0.0
58 30.76923076923077 0.0
59 19.23076923076923 0.0
60 34.61538461538461 0.0
61 42.30769230769231 0.0
62 34.61538461538461 0.0
63 26.923076923076923 0.0
64 26.923076923076923 0.0
65 34.61538461538461 0.0
66 34.61538461538461 0.0
67 38.46153846153846 0.0
68 30.76923076923077 0.0
69 34.61538461538461 0.0
70 26.923076923076923 0.0
71 34.61538461538461 0.0
72 42.30769230769231 0.0
73 38.46153846153846 0.0
74 34.61538461538461 0.0
75 34.61538461538461 0.0
76 38.46153846153846 0.0
77 38.46153846153846 0.0
78 26.923076923076923 0.0
79 26.923076923076923 0.0
80 34.61538461538461 0.0
81 38.46153846153846 0.0
82 34.61538461538461 0.0
83 30.76923076923077 0.0
84 30.76923076923077 0.0
85 46.15384615384615 0.0
86 42.30769230769231 0.0
87 46.15384615384615 0.0
88 34.61538461538461 0.0
89 38.46153846153846 0.0
90 34.61538461538461 0.0
91 30.76923076923077 0.0
92 34.61538461538461 0.0
93 26.923076923076923 0.0
94 38.46153846153846 0.0
95 38.46153846153846 0.0
96 30.76923076923077 0.0
97 30.76923076923077 0.0
98 34.61538461538461 0.0
99 38.46153846153846 0.0
100 30.76923076923077 0.0
101 30.76923076923077 0.0
102 26.923076923076923 0.0
103 38.46153846153846 0.0
104 30.76923076923077 0.0
105 34.61538461538461 0.0
106 30.76923076923077 0.0
107 30.76923076923077 0.0
108 30.76923076923077 0.0
109 34.61538461538461 0.0
110 30.76923076923077 0.0
111 46.15384615384615 0.0
112 38.46153846153846 0.0
113 38.46153846153846 0.0
114 30.76923076923077 0.0
115 42.30769230769231 0.0
116 42.30769230769231 0.0
117 38.46153846153846 0.0
118 26.923076923076923 0.0
119 23.076923076923077 0.0
120 30.76923076923077 0.0
121 23.076923076923077 0.0
122 34.61538461538461 0.0
123 38.46153846153846 0.0
124 19.23076923076923 0.0
125 26.923076923076923 0.0
126 26.923076923076923 0.0
127 19.23076923076923 0.0
128 23.076923076923077 0.0
129 30.76923076923077 0.0
130 26.923076923076923 0.0
131 30.76923076923077 0.0
132 26.923076923076923 0.0
133 34.61538461538461 0.0
134 34.61538461538461 0.0
135 38.46153846153846 0.0
136 30.76923076923077 0.0
137 38.46153846153846 0.0
138 38.46153846153846 0.0
139 46.15384615384615 0.0
140 38.46153846153846 0.0
141 34.61538461538461 0.0
142 46.15384615384615 0.0
143 34.61538461538461 0.0
144 42.30769230769231 0.0
145 42.30769230769231 0.0
146 42.30769230769231 0.0
147 42.30769230769231 0.0
148 42.30769230769231 0.0
149 46.15384615384615 0.0
150 46.15384615384615 0.0
151 46.15384615384615 0.0
152 46.15384615384615 0.0
153 46.15384615384615 0.0
154 42.30769230769231 0.0
155 38.46153846153846 0.0
156 42.30769230769231 0.0
157 42.30769230769231 0.0
158 38.46153846153846 0.0
159 38.46153846153846 0.0
160 42.30769230769231 0.0
161 50.0 0.0
162 38.46153846153846 0.0
163 38.46153846153846 0.0
164 38.46153846153846 0.0
165 38.46153846153846 0.0
166 42.30769230769231 0.0
167 46.15384615384615 0.0
168 50.0 0.0
169 42.30769230769231 0.0
170 50.0 0.0
171 53.84615384615385 0.0
172 53.84615384615385 0.0
173 50.0 0.0
174 61.53846153846154 0.0
175 57.69230769230769 0.0
176 38.46153846153846 0.0
177 42.30769230769231 0.0
178 42.30769230769231 0.0
179 42.30769230769231 0.0
180 38.46153846153846 0.0
181 42.30769230769231 0.0
182 34.61538461538461 0.0
183 30.76923076923077 0.0
184 38.46153846153846 0.0
185 42.30769230769231 0.0
186 34.61538461538461 0.0
187 34.61538461538461 0.0
188 34.61538461538461 0.0
189 34.61538461538461 0.0
190 38.46153846153846 0.0
191 38.46153846153846 0.0
192 34.61538461538461 0.0
193 46.15384615384615 0.0
194 38.46153846153846 0.0
195 26.923076923076923 0.0
196 34.61538461538461 0.0
197 38.46153846153846 0.0
198 57.69230769230769 0.0
199 57.69230769230769 0.0
200 34.61538461538461 0.0
201 26.923076923076923 0.0
202 34.61538461538461 0.0
203 34.61538461538461 0.0
204 38.46153846153846 0.0
205 38.46153846153846 0.0
206 38.46153846153846 0.0
207 30.76923076923077 0.0
208 34.61538461538461 0.0
209 34.61538461538461 0.0
210 34.61538461538461 0.0
211 34.61538461538461 0.0
212 30.76923076923077 0.0
213 30.76923076923077 0.0
214 26.923076923076923 0.0
215 23.076923076923077 0.0
216 26.923076923076923 0.0
217 23.076923076923077 0.0
218 26.923076923076923 0.0
219 23.076923076923077 0.0
220 23.076923076923077 0.0
221 26.923076923076923 0.0
222 26.923076923076923 0.0
223 26.923076923076923 0.0
224 30.76923076923077 0.0
225 26.923076923076923 0.0
226 23.076923076923077 0.0
227 26.923076923076923 0.0
228 26.923076923076923 0.0
229 30.76923076923077 0.0
230 34.61538461538461 0.0
231 38.46153846153846 0.0
232 34.61538461538461 0.0
233 30.76923076923077 0.0
234 38.46153846153846 0.0
235 34.61538461538461 0.0
236 42.30769230769231 0.0
237 42.30769230769231 0.0
238 38.46153846153846 0.0
239 30.76923076923077 0.0
240 34.61538461538461 0.0
241 46.15384615384615 0.0
242 46.15384615384615 0.0
243 34.61538461538461 0.0
244 42.30769230769231 0.0
245 38.46153846153846 0.0
246 26.923076923076923 0.0
247 42.30769230769231 0.0
248 38.46153846153846 0.0
249 38.46153846153846 0.0
250 42.30769230769231 0.0
251 30.76923076923077 0.0
252 38.46153846153846 0.0
253 34.61538461538461 0.0
254 30.76923076923077 0.0
255 38.46153846153846 0.0
256 42.30769230769231 0.0
257 38.46153846153846 0.0
258 46.15384615384615 0.0
259 42.30769230769231 0.0
260 38.46153846153846 0.0
261 34.61538461538461 0.0
262 23.076923076923077 0.0
263 26.923076923076923 0.0
264 23.076923076923077 0.0
265 38.46153846153846 0.0
266 42.30769230769231 0.0
267 50.0 0.0
268 42.30769230769231 0.0
269 46.15384615384615 0.0
270 53.84615384615385 0.0
271 46.15384615384615 0.0
272 38.46153846153846 0.0
273 42.30769230769231 0.0
274 50.0 0.0
275 34.61538461538461 0.0
276 57.69230769230769 0.0
277 42.30769230769231 0.0
278 46.15384615384615 0.0
279 38.46153846153846 0.0
280 26.923076923076923 0.0
281 38.46153846153846 0.0
282 30.76923076923077 0.0
283 30.76923076923077 0.0
284 23.076923076923077 0.0
285 26.923076923076923 0.0
286 26.923076923076923 0.0
287 26.923076923076923 0.0
288 26.923076923076923 0.0
289 26.923076923076923 0.0
290 26.923076923076923 0.0
291 26.923076923076923 0.0
292 26.923076923076923 0.0
293 23.076923076923077 0.0
294 34.61538461538461 0.0
295 38.46153846153846 0.0
296 23.076923076923077 0.0
297 19.23076923076923 0.0
298 34.61538461538461 0.0
299 38.46153846153846 0.0
300 34.61538461538461 0.0
301 38.46153846153846 0.0
302 26.923076923076923 0.0
303 42.30769230769231 0.0
304 26.923076923076923 0.0
305 38.46153846153846 0.0
306 34.61538461538461 0.0
307 30.76923076923077 0.0
308 42.30769230769231 0.0
309 46.15384615384615 0.0
310 46.15384615384615 0.0
311 50.0 0.0
312 46.15384615384615 0.0
313 50.0 0.0
314 50.0 0.0
315 46.15384615384615 0.0
316 42.30769230769231 0.0
317 34.61538461538461 0.0
318 42.30769230769231 0.0
319 42.30769230769231 0.0
320 50.0 0.0
321 42.30769230769231 0.0
322 50.0 0.0
323 50.0 0.0
324 46.15384615384615 0.0
325 46.15384615384615 0.0
326 34.61538461538461 0.0
327 50.0 0.0
328 42.30769230769231 0.0
329 46.15384615384615 0.0
330 38.46153846153846 0.0
331 57.69230769230769 0.0
332 46.15384615384615 0.0
333 42.30769230769231 0.0
334 26.923076923076923 0.0
335 38.46153846153846 0.0
336 30.76923076923077 0.0
337 34.61538461538461 0.0
338 46.15384615384615 0.0
339 38.46153846153846 0.0
340 38.46153846153846 0.0
341 46.15384615384615 0.0
342 34.61538461538461 0.0
343 30.76923076923077 0.0
344 30.76923076923077 0.0
345 42.30769230769231 0.0
346 38.46153846153846 0.0
347 34.61538461538461 0.0
348 34.61538461538461 0.0
349 42.30769230769231 0.0
350 38.46153846153846 0.0
351 34.61538461538461 0.0
352 34.61538461538461 0.0
353 34.61538461538461 0.0
354 26.923076923076923 0.0
355 50.0 0.0
356 26.923076923076923 0.0
357 34.61538461538461 0.0
358 42.30769230769231 0.0
359 50.0 0.0
360 30.76923076923077 0.0
361 38.46153846153846 0.0
362 34.61538461538461 0.0
363 26.923076923076923 0.0
364 34.61538461538461 0.0
365 34.61538461538461 0.0
366 26.923076923076923 0.0
367 42.30769230769231 0.0
368 34.61538461538461 0.0
369 34.61538461538461 0.0
370 30.76923076923077 0.0
371 30.76923076923077 0.0
372 19.23076923076923 0.0
373 34.61538461538461 0.0
374 46.15384615384615 0.0
375 38.46153846153846 0.0
376 46.15384615384615 0.0
377 46.15384615384615 0.0
378 34.61538461538461 0.0
379 42.30769230769231 0.0
380 38.46153846153846 0.0
381 50.0 0.0
382 50.0 0.0
383 30.76923076923077 0.0
384 46.15384615384615 0.0
385 38.46153846153846 0.0
386 46.15384615384615 0.0
387 42.30769230769231 0.0
388 42.30769230769231 0.0
389 50.0 0.0
390 46.15384615384615 0.0
391 46.15384615384615 0.0
392 42.30769230769231 0.0
393 26.923076923076923 0.0
394 46.15384615384615 0.0
395 38.46153846153846 0.0
396 50.0 0.0
397 42.30769230769231 0.0
398 50.0 0.0
399 50.0 0.0
400 50.0 0.0
401 46.15384615384615 0.0
402 53.84615384615385 0.0
403 46.15384615384615 0.0
404 53.84615384615385 0.0
405 53.84615384615385 0.0
406 53.84615384615385 0.0
407 53.84615384615385 0.0
408 46.15384615384615 0.0
409 57.69230769230769 0.0
410 50.0 0.0
411 53.84615384615385 0.0
412 53.84615384615385 0.0
413 53.84615384615385 0.0
414 57.69230769230769 0.0
415 46.15384615384615 0.0
416 46.15384615384615 0.0
417 38.46153846153846 0.0
418 42.30769230769231 0.0
419 38.46153846153846 0.0
420 38.46153846153846 0.0
421 42.30769230769231 0.0
422 46.15384615384615 0.0
423 50.0 0.0
424 50.0 0.0
425 42.30769230769231 0.0
426 46.15384615384615 0.0
427 42.30769230769231 0.0
428 38.46153846153846 0.0
429 46.15384615384615 0.0
430 46.15384615384615 0.0
431 46.15384615384615 0.0
432 46.15384615384615 0.0
433 46.15384615384615 0.0
434 53.84615384615385 0.0
435 42.30769230769231 0.0
436 53.84615384615385 0.0
437 46.15384615384615 0.0
438 50.0 0.0
439 50.0 0.0
440 30.76923076923077 0.0
441 34.61538461538461 0.0
442 42.30769230769231 0.0
443 42.30769230769231 0.0
444 50.0 0.0
445 38.46153846153846 0.0
446 42.30769230769231 0.0
447 46.15384615384615 0.0
448 46.15384615384615 0.0
449 46.15384615384615 0.0
450 53.84615384615385 0.0
451 61.53846153846154 0.0
452 53.84615384615385 0.0
453 46.15384615384615 0.0
454 38.46153846153846 0.0
455 46.15384615384615 0.0
456 38.46153846153846 0.0
457 50.0 0.0
458 46.15384615384615 0.0
459 46.15384615384615 0.0
460 53.84615384615385 0.0
461 53.84615384615385 0.0
462 38.46153846153846 0.0
463 38.46153846153846 0.0
464 50.0 0.0
465 53.84615384615385 0.0
466 46.15384615384615 0.0
467 46.15384615384615 0.0
468 53.84615384615385 0.0
469 46.15384615384615 0.0
470 53.84615384615385 0.0
471 53.84615384615385 0.0
472 53.84615384615385 0.0
473 53.84615384615385 0.0
474 42.30769230769231 0.0
475 42.30769230769231 0.0
476 34.61538461538461 0.0
477 42.30769230769231 0.0
478 42.30769230769231 0.0
479 53.84615384615385 0.0
480 42.30769230769231 0.0
481 42.30769230769231 0.0
482 42.30769230769231 0.0
483 42.30769230769231 0.0
484 42.30769230769231 0.0
485 42.30769230769231 0.0
486 46.15384615384615 0.0
487 42.30769230769231 0.0
488 46.15384615384615 0.0
489 42.30769230769231 0.0
490 46.15384615384615 0.0
491 46.15384615384615 0.0
492 46.15384615384615 0.0
493 50.0 0.0
494 34.61538461538461 0.0
495 46.15384615384615 0.0
496 46.15384615384615 0.0
497 42.30769230769231 0.0
498 42.30769230769231 0.0
499 42.30769230769231 0.0
500 46.15384615384615 0.0
501 46.15384615384615 0.0
502 53.84615384615385 0.0
503 38.46153846153846 0.0
504 42.30769230769231 0.0
505 46.15384615384615 0.0
506 53.84615384615385 0.0
507 42.30769230769231 0.0
508 38.46153846153846 0.0
509 42.30769230769231 0.0
510 42.30769230769231 0.0
511 46.15384615384615 0.0
512 42.30769230769231 0.0
513 34.61538461538461 0.0
514 50.0 0.0
515 34.61538461538461 0.0
516 38.46153846153846 0.0
517 42.30769230769231 0.0
518 34.61538461538461 0.0
519 42.30769230769231 0.0
520 34.61538461538461 0.0
521 46.15384615384615 0.0
522 46.15384615384615 0.0
523 26.923076923076923 0.0
524 34.61538461538461 0.0
525 38.46153846153846 0.0
526 46.15384615384615 0.0
527 34.61538461538461 0.0
528 42.30769230769231 0.0
529 46.15384615384615 0.0
530 50.0 0.0
531 34.61538461538461 0.0
532 57.69230769230769 0.0
533 53.84615384615385 0.0
534 38.46153846153846 0.0
535 30.76923076923077 0.0
536 34.61538461538461 0.0
537 26.923076923076923 0.0
538 34.61538461538461 0.0
539 34.61538461538461 0.0
540 42.30769230769231 0.0
541 34.61538461538461 0.0
542 46.15384615384615 0.0
543 42.30769230769231 0.0
544 42.30769230769231 0.0
545 42.30769230769231 0.0
546 34.61538461538461 0.0
547 34.61538461538461 0.0
548 34.61538461538461 0.0
549 38.46153846153846 0.0
550 46.15384615384615 0.0
551 42.30769230769231 0.0
552 30.76923076923077 0.0
553 42.30769230769231 0.0
554 30.76923076923077 0.0
555 34.61538461538461 0.0
556 42.30769230769231 0.0
557 34.61538461538461 0.0
558 19.23076923076923 0.0
559 38.46153846153846 0.0
560 42.30769230769231 0.0
561 46.15384615384615 0.0
562 30.76923076923077 0.0
563 38.46153846153846 0.0
564 26.923076923076923 0.0
565 42.30769230769231 0.0
566 38.46153846153846 0.0
567 38.46153846153846 0.0
568 38.46153846153846 0.0
569 34.61538461538461 0.0
570 23.076923076923077 0.0
571 23.076923076923077 0.0
572 30.76923076923077 0.0
573 38.46153846153846 0.0
574 38.46153846153846 0.0
575 34.61538461538461 0.0
576 26.923076923076923 0.0
577 34.61538461538461 0.0
578 42.30769230769231 0.0
579 38.46153846153846 0.0
580 38.46153846153846 0.0
581 34.61538461538461 0.0
582 34.61538461538461 0.0
583 38.46153846153846 0.0
584 34.61538461538461 0.0
585 30.76923076923077 0.0
586 34.61538461538461 0.0
587 38.46153846153846 0.0
588 42.30769230769231 0.0
589 42.30769230769231 0.0
590 50.0 0.0
591 34.61538461538461 0.0
592 46.15384615384615 0.0
593 42.30769230769231 0.0
594 38.46153846153846 0.0
595 38.46153846153846 0.0
596 46.15384615384615 0.0
597 46.15384615384615 0.0
598 38.46153846153846 0.0
599 46.15384615384615 0.0
600 46.15384615384615 0.0
601 42.30769230769231 0.0
602 42.30769230769231 0.0
603 46.15384615384615 0.0
604 50.0 0.0
605 42.30769230769231 0.0
606 50.0 0.0
607 42.30769230769231 0.0
608 34.61538461538461 0.0
609 34.61538461538461 0.0
610 38.46153846153846 0.0
611 38.46153846153846 0.0
612 42.30769230769231 0.0
613 38.46153846153846 0.0
614 42.30769230769231 0.0
615 42.30769230769231 0.0
616 42.30769230769231 0.0
617 46.15384615384615 0.0
618 30.76923076923077 0.0
619 42.30769230769231 0.0
620 38.46153846153846 0.0
621 30.76923076923077 0.0
622 30.76923076923077 0.0
623 46.15384615384615 0.0
624 34.61538461538461 0.0
625 38.46153846153846 0.0
626 30.76923076923077 0.0
627 30.76923076923077 0.0
628 34.61538461538461 0.0
629 26.923076923076923 0.0
630 38.46153846153846 0.0
631 42.30769230769231 0.0
632 46.15384615384615 0.0
633 53.84615384615385 0.0
634 30.76923076923077 0.0
635 38.46153846153846 0.0
636 34.61538461538461 0.0
637 30.76923076923077 0.0
638 38.46153846153846 0.0
639 38.46153846153846 0.0
640 34.61538461538461 0.0
641 34.61538461538461 0.0
642 38.46153846153846 0.0
643 46.15384615384615 0.0
644 42.30769230769231 0.0
645 42.30769230769231 0.0
646 46.15384615384615 0.0
647 42.30769230769231 0.0
648 46.15384615384615 0.0
649 46.15384615384615 0.0
650 46.15384615384615 0.0
651 46.15384615384615 0.0
652 46.15384615384615 0.0
653 38.46153846153846 0.0
654 30.76923076923077 0.0
655 50.0 0.0
656 53.84615384615385 0.0
657 42.30769230769231 0.0
658 53.84615384615385 0.0
659 46.15384615384615 0.0
660 38.46153846153846 0.0
661 46.15384615384615 0.0
662 38.46153846153846 0.0
663 46.15384615384615 0.0
664 53.84615384615385 0.0
665 50.0 0.0
666 57.69230769230769 0.0
667 57.69230769230769 0.0
668 57.69230769230769 0.0
669 53.84615384615385 0.0
670 50.0 0.0
671 57.69230769230769 0.0
672 57.69230769230769 0.0
673 50.0 0.0
674 53.84615384615385 0.0
675 57.69230769230769 0.0
676 50.0 0.0
677 50.0 0.0
678 46.15384615384615 0.0
679 46.15384615384615 0.0
680 38.46153846153846 0.0
681 42.30769230769231 0.0
682 42.30769230769231 0.0
683 42.30769230769231 0.0
684 50.0 0.0
685 53.84615384615385 0.0
686 53.84615384615385 0.0
687 53.84615384615385 0.0
688 50.0 0.0
689 46.15384615384615 0.0
690 42.30769230769231 0.0
691 50.0 0.0
692 46.15384615384615 0.0
693 57.69230769230769 0.0
694 57.69230769230769 0.0
695 57.69230769230769 0.0
696 57.69230769230769 0.0
697 46.15384615384615 0.0
698 50.0 0.0
699 46.15384615384615 0.0
700 57.69230769230769 0.0
701 53.84615384615385 0.0
702 57.69230769230769 0.0
703 46.15384615384615 0.0
704 42.30769230769231 0.0
705 50.0 0.0
706 46.15384615384615 0.0
707 38.46153846153846 0.0
708 38.46153846153846 0.0
709 38.46153846153846 0.0
710 30.76923076923077 0.0
711 38.46153846153846 0.0
712 38.46153846153846 0.0
713 42.30769230769231 0.0
714 38.46153846153846 0.0
715 38.46153846153846 0.0
716 42.30769230769231 0.0
717 42.30769230769231 0.0
718 34.61538461538461 0.0
719 23.076923076923077 0.0
720 26.923076923076923 0.0
721 23.076923076923077 0.0
722 19.23076923076923 0.0
723 26.923076923076923 0.0
724 19.23076923076923 0.0
725 26.923076923076923 0.0
726 19.23076923076923 0.0
727 19.23076923076923 0.0
728 19.23076923076923 0.0
729 23.076923076923077 0.0
730 19.23076923076923 0.0
731 23.076923076923077 0.0
732 23.076923076923077 0.0
733 19.23076923076923 0.0
734 15.384615384615385 0.0
735 34.61538461538461 0.0
736 26.923076923076923 0.0
737 42.30769230769231 0.0
738 30.76923076923077 0.0
739 38.46153846153846 0.0
740 42.30769230769231 0.0
741 34.61538461538461 0.0
742 30.76923076923077 0.0
743 38.46153846153846 0.0
744 38.46153846153846 0.0
745 34.61538461538461 0.0
746 46.15384615384615 0.0
747 46.15384615384615 0.0
748 30.76923076923077 0.0
749 26.923076923076923 0.0
750 38.46153846153846 0.0
751 38.46153846153846 0.0
752 46.15384615384615 0.0
753 42.30769230769231 0.0
754 46.15384615384615 0.0
755 46.15384615384615 0.0
756 46.15384615384615 0.0
757 42.30769230769231 0.0
758 38.46153846153846 0.0
759 42.30769230769231 0.0
760 34.61538461538461 0.0
761 50.0 0.0
762 42.30769230769231 0.0
763 50.0 0.0
764 42.30769230769231 0.0
765 38.46153846153846 0.0
766 53.84615384615385 0.0
767 50.0 0.0
768 53.84615384615385 0.0
769 53.84615384615385 0.0
770 46.15384615384615 0.0
771 38.46153846153846 0.0
772 34.61538461538461 0.0
773 42.30769230769231 0.0
774 34.61538461538461 0.0
775 46.15384615384615 0.0
776 38.46153846153846 0.0
777 30.76923076923077 0.0
778 46.15384615384615 0.0
779 38.46153846153846 0.0
780 38.46153846153846 0.0
781 26.923076923076923 0.0
782 46.15384615384615 0.0
783 38.46153846153846 0.0
784 42.30769230769231 0.0
785 46.15384615384615 0.0
786 42.30769230769231 0.0
787 26.923076923076923 0.0
788 30.76923076923077 0.0
789 30.76923076923077 0.0
790 30.76923076923077 0.0
791 30.76923076923077 0.0
792 30.76923076923077 0.0
793 34.61538461538461 0.0
794 38.46153846153846 0.0
795 34.61538461538461 0.0
796 42.30769230769231 0.0
797 34.61538461538461 0.0
798 38.46153846153846 0.0
799 30.76923076923077 0.0
800 26.923076923076923 0.0
801 38.46153846153846 0.0
802 30.76923076923077 0.0
803 30.76923076923077 0.0
804 30.76923076923077 0.0
805 34.61538461538461 0.0
806 30.76923076923077 0.0
807 50.0 0.0
808 50.0 0.0
809 38.46153846153846 0.0
810 57.69230769230769 0.0
811 38.46153846153846 0.0
812 42.30769230769231 0.0
813 50.0 0.0
814 42.30769230769231 0.0
815 38.46153846153846 0.0
816 34.61538461538461 0.0
817 42.30769230769231 0.0
818 38.46153846153846 0.0
819 38.46153846153846 0.0
820 26.923076923076923 0.0
821 26.923076923076923 0.0
822 30.76923076923077 0.0
823 34.61538461538461 0.0
824 34.61538461538461 0.0
825 38.46153846153846 0.0
826 30.76923076923077 0.0
827 42.30769230769231 0.0
828 34.61538461538461 0.0
829 30.76923076923077 0.0
830 23.076923076923077 0.0
831 15.384615384615385 0.0
832 23.076923076923077 0.0
833 34.61538461538461 0.0
834 23.076923076923077 0.0
835 26.923076923076923 0.0
836 26.923076923076923 0.0
837 26.923076923076923 0.0
838 30.76923076923077 0.0
839 15.384615384615385 0.0
840 26.923076923076923 0.0
841 26.923076923076923 0.0
842 11.538461538461538 0.0
843 26.923076923076923 0.0
844 34.61538461538461 0.0
845 38.46153846153846 0.0
846 38.46153846153846 0.0
847 30.76923076923077 0.0
848 38.46153846153846 0.0
849 26.923076923076923 0.0
850 30.76923076923077 0.0
851 26.923076923076923 0.0
852 34.61538461538461 0.0
853 19.23076923076923 0.0
854 38.46153846153846 0.0
855 34.61538461538461 0.0
856 34.61538461538461 0.0
857 30.76923076923077 0.0
858 30.76923076923077 0.0
859 38.46153846153846 0.0
860 34.61538461538461 0.0
861 34.61538461538461 0.0
862 26.923076923076923 0.0
863 38.46153846153846 0.0
864 34.61538461538461 0.0
865 38.46153846153846 0.0
866 34.61538461538461 0.0
867 23.076923076923077 0.0
868 42.30769230769231 0.0
869 42.30769230769231 0.0
870 50.0 0.0
871 46.15384615384615 0.0
872 50.0 0.0
873 50.0 0.0
874 42.30769230769231 0.0
875 57.69230769230769 0.0
876 50.0 0.0
877 42.30769230769231 0.0
878 50.0 0.0
879 42.30769230769231 0.0
880 50.0 0.0
881 38.46153846153846 0.0
882 50.0 0.0
883 38.46153846153846 0.0
884 50.0 0.0
885 30.76923076923077 0.0
886 34.61538461538461 0.0
887 38.46153846153846 0.0
888 34.61538461538461 0.0
889 61.53846153846154 0.0
890 42.30769230769231 0.0
891 61.53846153846154 0.0
892 65.38461538461539 0.0
893 46.15384615384615 0.0
894 50.0 0.0
895 46.15384615384615 0.0
896 46.15384615384615 0.0
897 46.15384615384615 0.0
898 53.84615384615385 0.0
899 38.46153846153846 0.0
900 46.15384615384615 0.0
901 42.30769230769231 0.0
902 42.30769230769231 0.0
903 34.61538461538461 0.0
904 23.076923076923077 0.0
905 23.076923076923077 0.0
906 42.30769230769231 0.0
907 42.30769230769231 0.0
908 34.61538461538461 0.0
909 26.923076923076923 0.0
910 46.15384615384615 0.0
911 42.30769230769231 0.0
912 34.61538461538461 0.0
913 34.61538461538461 0.0
914 34.61538461538461 0.0
915 26.923076923076923 0.0
916 42.30769230769231 0.0
917 38.46153846153846 0.0
918 26.923076923076923 0.0
919 26.923076923076923 0.0
920 19.23076923076923 0.0
921 26.923076923076923 0.0
922 38.46153846153846 0.0
923 34.61538461538461 0.0
924 38.46153846153846 0.0
925 42.30769230769231 0.0
926 46.15384615384615 0.0
927 34.61538461538461 0.0
928 38.46153846153846 0.0
929 38.46153846153846 0.0
930 38.46153846153846 0.0
931 42.30769230769231 0.0
932 30.76923076923077 0.0
933 46.15384615384615 0.0
934 42.30769230769231 0.0
935 46.15384615384615 0.0
936 46.15384615384615 0.0
937 30.76923076923077 0.0
938 26.923076923076923 0.0
939 34.61538461538461 0.0
940 42.30769230769231 0.0
941 42.30769230769231 0.0
942 30.76923076923077 0.0
943 42.30769230769231 0.0
944 42.30769230769231 0.0
945 30.76923076923077 0.0
946 34.61538461538461 0.0
947 38.46153846153846 0.0
948 38.46153846153846 0.0
949 30.76923076923077 0.0
950 34.61538461538461 0.0
951 30.76923076923077 0.0
952 30.76923076923077 0.0
953 38.46153846153846 0.0
954 42.30769230769231 0.0
955 42.30769230769231 0.0
956 38.46153846153846 0.0
957 26.923076923076923 0.0
958 42.30769230769231 0.0
959 34.61538461538461 0.0
960 34.61538461538461 0.0
961 42.30769230769231 0.0
962 38.46153846153846 0.0
963 38.46153846153846 0.0
964 30.76923076923077 0.0
965 38.46153846153846 0.0
966 38.46153846153846 0.0
967 30.76923076923077 0.0
968 46.15384615384615 0.0
969 38.46153846153846 0.0
970 30.76923076923077 0.0
971 42.30769230769231 0.0
972 42.30769230769231 0.0
973 46.15384615384615 0.0
974 42.30769230769231 0.0
975 42.30769230769231 0.0
976 46.15384615384615 0.0
977 38.46153846153846 0.0
978 42.30769230769231 0.0
979 30.76923076923077 0.0
980 46.15384615384615 0.0
981 38.46153846153846 0.0
982 38.46153846153846 0.0
983 38.46153846153846 0.0
984 34.61538461538461 0.0
985 38.46153846153846 0.0
986 38.46153846153846 0.0
987 38.46153846153846 0.0
988 42.30769230769231 0.0
989 42.30769230769231 0.0
990 50.0 0.0
991 50.0 0.0
992 38.46153846153846 0.0
993 38.46153846153846 0.0
994 42.30769230769231 0.0
995 46.15384615384615 0.0
996 50.0 0.0
997 46.15384615384615 0.0
998 46.15384615384615 0.0
999 46.15384615384615 0.0
