#frame monomers_% popc_isolated_%
0 50.0 0.0
1 46.15384615384615 0.0
2 50.0 0.0
3 42.30769230769231 0.0
4 46.15384615384615 0.0
5 46.15384615384615 0.0
6 42.30769230769231 0.0
7 34.61538461538461 0.0
8 38.46153846153846 0.0
9 46.15384615384615 0.0
10 50.0 0.0
11 42.30769230769231 0.0
12 34.61538461538461 0.0
13 42.30769230769231 0.0
14 34.61538461538461 0.0
15 26.923076923076923 0.0
16 23.076923076923077 0.0
17 38.46153846153846 0.0
18 46.15384615384615 0.0
19 50.0 0.0
20 38.46153846153846 0.0
21 50.0 0.0
22 46.15384615384615 0.0
23 42.30769230769231 0.0
24 50.0 0.0
25 42.30769230769231 0.0
26 42.30769230769231 0.0
27 38.46153846153846 0.0
28 23.076923076923077 0.0
29 38.46153846153846 0.0
30 30.76923076923077 0.0
31 30.76923076923077 0.0
32 23.076923076923077 0.0
33 38.46153846153846 0.0
34 26.923076923076923 0.0
35 26.923076923076923 0.0
36 34.61538461538461 0.0
37 30.76923076923077 0.0
38 23.076923076923077 0.0
39 23.076923076923077 0.0
40 30.76923076923077 0.0
41 23.076923076923077 0.0
42 30.76923076923077 0.0
43 30.76923076923077 0.0
44 30.76923076923077 0.0
45 30.76923076923077 0.0
46 23.076923076923077 0.0
47 23.076923076923077 0.0
48 30.76923076923077 0.0
49 38.46153846153846 0.0
50 38.46153846153846 0.0
51 38.46153846153846 0.0
52 30.76923076923077 0.0
53 30.76923076923077 0.0
54 23.076923076923077 0.0
55 30.76923076923077 0.0
56 23.076923076923077 0.0
57 19.23076923076923 0.0
58 19.23076923076923 0.0
59 19.23076923076923 0.0
60 23.076923076923077 0.0
61 26.923076923076923 0.0
62 34.61538461538461 0.0
63 26.923076923076923 0.0
64 26.923076923076923 0.0
65 23.076923076923077 0.0
66 26.923076923076923 0.0
67 30.76923076923077 0.0
68 34.61538461538461 0.0
69 30.76923076923077 0.0
70 26.923076923076923 0.0
71 46.15384615384615 0.0
72 26.923076923076923 0.0
73 30.76923076923077 0.0
74 30.76923076923077 0.0
75 42.30769230769231 0.0
76 26.923076923076923 0.0
77 26.923076923076923 0.0
78 26.923076923076923 0.0
79 19.23076923076923 0.0
80 11.538461538461538 0.0
81 15.384615384615385 0.0
82 38.46153846153846 0.0
83 19.23076923076923 0.0
84 34.61538461538461 0.0
85 34.61538461538461 0.0
86 26.923076923076923 0.0
87 30.76923076923077 0.0
88 26.923076923076923 0.0
89 26.923076923076923 0.0
90 34.61538461538461 0.0
91 11.538461538461538 0.0
92 15.384615384615385 0.0
93 26.923076923076923 0.0
94 26.923076923076923 0.0
95 26.923076923076923 0.0
96 30.76923076923077 0.0
97 23.076923076923077 0.0
98 30.76923076923077 0.0
99 19.23076923076923 0.0
100 23.076923076923077 0.0
101 19.23076923076923 0.0
102 11.538461538461538 0.0
103 7.6923076923076925 0.0
104 11.538461538461538 0.0
105 23.076923076923077 0.0
106 23.076923076923077 0.0
107 19.23076923076923 0.0
108 23.076923076923077 0.0
109 19.23076923076923 0.0
110 15.384615384615385 0.0
111 23.076923076923077 0.0
112 19.23076923076923 0.0
113 23.076923076923077 0.0
114 19.23076923076923 0.0
115 23.076923076923077 0.0
116 19.23076923076923 0.0
117 23.076923076923077 0.0
118 23.076923076923077 0.0
119 15.384615384615385 0.0
120 26.923076923076923 0.0
121 34.61538461538461 0.0
122 26.923076923076923 0.0
123 30.76923076923077 0.0
124 19.23076923076923 0.0
125 26.923076923076923 0.0
126 30.76923076923077 0.0
127 42.30769230769231 0.0
128 50.0 0.0
129 42.30769230769231 0.0
130 30.76923076923077 0.0
131 42.30769230769231 0.0
132 42.30769230769231 0.0
133 38.46153846153846 0.0
134 26.923076923076923 0.0
135 30.76923076923077 0.0
136 26.923076923076923 0.0
137 30.76923076923077 0.0
138 30.76923076923077 0.0
139 42.30769230769231 0.0
140 34.61538461538461 0.0
141 38.46153846153846 0.0
142 30.76923076923077 0.0
143 34.61538461538461 0.0
144 42.30769230769231 0.0
145 42.30769230769231 0.0
146 38.46153846153846 0.0
147 26.923076923076923 0.0
148 30.76923076923077 0.0
149 34.61538461538461 0.0
150 38.46153846153846 0.0
151 34.61538461538461 0.0
152 38.46153846153846 0.0
153 26.923076923076923 0.0
154 38.46153846153846 0.0
155 38.46153846153846 0.0
156 38.46153846153846 0.0
157 38.46153846153846 0.0
158 23.076923076923077 0.0
159 30.76923076923077 0.0
160 26.923076923076923 0.0
161 30.76923076923077 0.0
162 38.46153846153846 0.0
163 30.76923076923077 0.0
164 26.923076923076923 0.0
165 30.76923076923077 0.0
166 23.076923076923077 0.0
167 23.076923076923077 0.0
168 30.76923076923077 0.0
169 38.46153846153846 0.0
170 19.23076923076923 0.0
171 26.923076923076923 0.0
172 30.76923076923077 0.0
173 23.076923076923077 0.0
174 26.923076923076923 0.0
175 30.76923076923077 0.0
176 19.23076923076923 0.0
177 26.923076923076923 0.0
178 30.76923076923077 0.0
179 38.46153846153846 0.0
180 19.23076923076923 0.0
181 19.23076923076923 0.0
182 23.076923076923077 0.0
183 19.23076923076923 0.0
184 19.23076923076923 0.0
185 26.923076923076923 0.0
186 26.923076923076923 0.0
187 26.923076923076923 0.0
188 26.923076923076923 0.0
189 19.23076923076923 0.0
190 23.076923076923077 0.0
191 19.23076923076923 0.0
192 19.23076923076923 0.0
193 26.923076923076923 0.0
194 30.76923076923077 0.0
195 26.923076923076923 0.0
196 26.923076923076923 0.0
197 23.076923076923077 0.0
198 26.923076923076923 0.0
199 19.23076923076923 0.0
200 26.923076923076923 0.0
201 19.23076923076923 0.0
202 23.076923076923077 0.0
203 26.923076923076923 0.0
204 30.76923076923077 0.0
205 34.61538461538461 0.0
206 38.46153846153846 0.0
207 26.923076923076923 0.0
208 34.61538461538461 0.0
209 38.46153846153846 0.0
210 34.61538461538461 0.0
211 38.46153846153846 0.0
212 38.46153846153846 0.0
213 19.23076923076923 0.0
214 34.61538461538461 0.0
215 30.76923076923077 0.0
216 42.30769230769231 0.0
217 34.61538461538461 0.0
218 30.76923076923077 0.0
219 23.076923076923077 0.0
220 15.384615384615385 0.0
221 34.61538461538461 0.0
222 30.76923076923077 0.0
223 34.61538461538461 0.0
224 30.76923076923077 0.0
225 34.61538461538461 0.0
226 15.384615384615385 0.0
227 15.384615384615385 0.0
228 30.76923076923077 0.0
229 23.076923076923077 0.0
230 23.076923076923077 0.0
231 23.076923076923077 0.0
232 26.923076923076923 0.0
233 23.076923076923077 0.0
234 23.076923076923077 0.0
235 30.76923076923077 0.0
236 23.076923076923077 0.0
237 30.76923076923077 0.0
238 34.61538461538461 0.0
239 23.076923076923077 0.0
240 42.30769230769231 0.0
241 50.0 0.0
242 38.46153846153846 0.0
243 42.30769230769231 0.0
244 42.30769230769231 0.0
245 34.61538461538461 0.0
246 26.923076923076923 0.0
247 38.46153846153846 0.0
248 23.076923076923077 0.0
249 46.15384615384615 0.0
250 34.61538461538461 0.0
251 30.76923076923077 0.0
252 34.61538461538461 0.0
253 34.61538461538461 0.0
254 34.61538461538461 0.0
255 42.30769230769231 0.0
256 34.61538461538461 0.0
257 34.61538461538461 0.0
258 34.61538461538461 0.0
259 30.76923076923077 0.0
260 38.46153846153846 0.0
261 42.30769230769231 0.0
262 26.923076923076923 0.0
263 30.76923076923077 0.0
264 30.76923076923077 0.0
265 38.46153846153846 0.0
266 34.61538461538461 0.0
267 38.46153846153846 0.0
268 34.61538461538461 0.0
269 38.46153846153846 0.0
270 42.30769230769231 0.0
271 46.15384615384615 0.0
272 34.61538461538461 0.0
273 34.61538461538461 0.0
274 38.46153846153846 0.0
275 26.923076923076923 0.0
276 34.61538461538461 0.0
277 42.30769230769231 0.0
278 42.30769230769231 0.0
279 38.46153846153846 0.0
280 34.61538461538461 0.0
281 42.30769230769231 0.0
282 46.15384615384615 0.0
283 46.15384615384615 0.0
284 38.46153846153846 0.0
285 38.46153846153846 0.0
286 38.46153846153846 0.0
287 38.46153846153846 0.0
288 38.46153846153846 0.0
289 30.76923076923077 0.0
290 34.61538461538461 0.0
291 30.76923076923077 0.0
292 30.76923076923077 0.0
293 30.76923076923077 0.0
294 30.76923076923077 0.0
295 38.46153846153846 0.0
296 30.76923076923077 0.0
297 38.46153846153846 0.0
298 30.76923076923077 0.0
299 30.76923076923077 0.0
300 26.923076923076923 0.0
301 38.46153846153846 0.0
302 34.61538461538461 0.0
303 23.076923076923077 0.0
304 19.23076923076923 0.0
305 26.923076923076923 0.0
306 26.923076923076923 0.0
307 26.923076923076923 0.0
308 34.61538461538461 0.0
309 34.61538461538461 0.0
310 30.76923076923077 0.0
311 30.76923076923077 0.0
312 23.076923076923077 0.0
313 19.23076923076923 0.0
314 23.076923076923077 0.0
315 26.923076923076923 0.0
316 34.61538461538461 0.0
317 19.23076923076923 0.0
318 26.923076923076923 0.0
319 19.23076923076923 0.0
320 23.076923076923077 0.0
321 19.23076923076923 0.0
322 30.76923076923077 0.0
323 34.61538461538461 0.0
324 30.76923076923077 0.0
325 34.61538461538461 0.0
326 38.46153846153846 0.0
327 26.923076923076923 0.0
328 26.923076923076923 0.0
329 23.076923076923077 0.0
330 26.923076923076923 0.0
331 23.076923076923077 0.0
332 30.76923076923077 0.0
333 34.61538461538461 0.0
334 30.76923076923077 0.0
335 30.76923076923077 0.0
336 23.076923076923077 0.0
337 34.61538461538461 0.0
338 23.076923076923077 0.0
339 30.76923076923077 0.0
340 26.923076923076923 0.0
341 30.76923076923077 0.0
342 26.923076923076923 0.0
343 19.23076923076923 0.0
344 30.76923076923077 0.0
345 19.23076923076923 0.0
346 19.23076923076923 0.0
347 34.61538461538461 0.0
348 19.23076923076923 0.0
349 19.23076923076923 0.0
350 23.076923076923077 0.0
351 19.23076923076923 0.0
352 15.384615384615385 0.0
353 38.46153846153846 0.0
354 19.23076923076923 0.0
355 23.076923076923077 0.0
356 19.23076923076923 0.0
357 19.23076923076923 0.0
358 19.23076923076923 0.0
359 19.23076923076923 0.0
360 19.23076923076923 0.0
361 19.23076923076923 0.0
362 15.384615384615385 0.0
363 23.076923076923077 0.0
364 23.076923076923077 0.0
365 19.23076923076923 0.0
366 23.076923076923077 0.0
367 26.923076923076923 0.0
368 19.23076923076923 0.0
369 26.923076923076923 0.0
370 19.23076923076923 0.0
371 19.23076923076923 0.0
372 23.076923076923077 0.0
373 23.076923076923077 0.0
374 19.23076923076923 0.0
375 19.23076923076923 0.0
376 15.384615384615385 0.0
377 26.923076923076923 0.0
378 38.46153846153846 0.0
379 30.76923076923077 0.0
380 38.46153846153846 0.0
381 38.46153846153846 0.0
382 38.46153846153846 0.0
383 34.61538461538461 0.0
384 34.61538461538461 0.0
385 34.61538461538461 0.0
386 23.076923076923077 0.0
387 19.23076923076923 0.0
388 26.923076923076923 0.0
389 19.23076923076923 0.0
390 19.23076923076923 0.0
391 23.076923076923077 0.0
392 26.923076923076923 0.0
393 30.76923076923077 0.0
394 23.076923076923077 0.0
395 23.076923076923077 0.0
396 26.923076923076923 0.0
397 26.923076923076923 0.0
398 30.76923076923077 0.0
399 30.76923076923077 0.0
400 30.76923076923077 0.0
401 19.23076923076923 0.0
402 19.23076923076923 0.0
403 23.076923076923077 0.0
404 30.76923076923077 0.0
405 15.384615384615385 0.0
406 15.384615384615385 0.0
407 19.23076923076923 0.0
408 19.23076923076923 0.0
409 23.076923076923077 0.0
410 23.076923076923077 0.0
411 26.923076923076923 0.0
412 23.076923076923077 0.0
413 23.076923076923077 0.0
414 23.076923076923077 0.0
415 23.076923076923077 0.0
416 19.23076923076923 0.0
417 19.23076923076923 0.0
418 19.23076923076923 0.0
419 23.076923076923077 0.0
420 15.384615384615385 0.0
421 15.384615384615385 0.0
422 15.384615384615385 0.0
423 30.76923076923077 0.0
424 23.076923076923077 0.0
425 26.923076923076923 0.0
426 30.76923076923077 0.0
427 23.076923076923077 0.0
428 26.923076923076923 0.0
429 26.923076923076923 0.0
430 34.61538461538461 0.0
431 34.61538461538461 0.0
432 30.76923076923077 0.0
433 26.923076923076923 0.0
434 15.384615384615385 0.0
435 19.23076923076923 0.0
436 30.76923076923077 0.0
437 26.923076923076923 0.0
438 26.923076923076923 0.0
439 19.23076923076923 0.0
440 26.923076923076923 0.0
441 26.923076923076923 0.0
442 26.923076923076923 0.0
443 34.61538461538461 0.0
444 30.76923076923077 0.0
445 57.69230769230769 0.0
446 42.30769230769231 0.0
447 38.46153846153846 0.0
448 30.76923076923077 0.0
449 23.076923076923077 0.0
450 26.923076923076923 0.0
451 26.923076923076923 0.0
452 26.923076923076923 0.0
453 23.076923076923077 0.0
454 19.23076923076923 0.0
455 19.23076923076923 0.0
456 23.076923076923077 0.0
457 23.076923076923077 0.0
458 19.23076923076923 1.5625
459 15.384615384615385 0.0
460 19.23076923076923 1.5625
461 23.076923076923077 0.0
462 11.538461538461538 0.0
463 23.076923076923077 0.0
464 23.076923076923077 0.0
465 26.923076923076923 0.0
466 26.923076923076923 0.0
467 26.923076923076923 0.0
468 23.076923076923077 0.0
469 30.76923076923077 0.0
470 11.538461538461538 0.0
471 19.23076923076923 0.0
472 15.384615384615385 0.0
473 23.076923076923077 0.0
474 15.384615384615385 0.0
475 23.076923076923077 0.0
476 23.076923076923077 0.0
477 23.076923076923077 0.0
478 19.23076923076923 0.0
479 23.076923076923077 0.0
480 23.076923076923077 0.0
481 15.384615384615385 0.0
482 23.076923076923077 0.0
483 34.61538461538461 0.0
484 15.384615384615385 0.0
485 19.23076923076923 0.0
486 15.384615384615385 0.0
487 15.384615384615385 0.0
488 19.23076923076923 0.0
489 15.384615384615385 0.0
490 11.538461538461538 0.0
491 23.076923076923077 0.0
492 30.76923076923077 0.0
493 15.384615384615385 0.0
494 7.6923076923076925 0.0
495 15.384615384615385 0.0
496 11.538461538461538 0.0
497 11.538461538461538 0.0
498 23.076923076923077 0.0
499 15.384615384615385 0.0
500 19.23076923076923 0.0
501 11.538461538461538 0.0
502 11.538461538461538 0.0
503 7.6923076923076925 0.0
504 15.384615384615385 0.0
505 11.538461538461538 0.0
506 19.23076923076923 0.0
507 23.076923076923077 0.0
508 19.23076923076923 0.0
509 23.076923076923077 0.0
510 26.923076923076923 0.0
511 30.76923076923077 0.0
512 38.46153846153846 0.0
513 38.46153846153846 0.0
514 42.30769230769231 0.0
515 30.76923076923077 0.0
516 23.076923076923077 0.0
517 23.076923076923077 0.0
518 26.923076923076923 0.0
519 19.23076923076923 0.0
520 26.923076923076923 0.0
521 23.076923076923077 0.0
522 11.538461538461538 0.0
523 19.23076923076923 0.0
524 19.23076923076923 0.0
525 19.23076923076923 0.0
526 19.23076923076923 0.0
527 23.076923076923077 0.0
528 15.384615384615385 0.0
529 15.384615384615385 0.0
530 15.384615384615385 0.0
531 19.23076923076923 0.0
532 19.23076923076923 0.0
533 23.076923076923077 0.0
534 11.538461538461538 0.0
535 19.23076923076923 0.0
536 19.23076923076923 0.0
537 15.384615384615385 0.0
538 23.076923076923077 0.0
539 15.384615384615385 0.0
540 19.23076923076923 0.0
541 19.23076923076923 0.0
542 19.23076923076923 0.0
543 7.6923076923076925 0.0
544 15.384615384615385 0.0
545 15.384615384615385 0.0
546 19.23076923076923 0.0
547 7.6923076923076925 0.0
548 23.076923076923077 0.0
549 26.923076923076923 0.0
550 19.23076923076923 0.0
551 23.076923076923077 0.0
552 26.923076923076923 0.0
553 34.61538461538461 0.0
554 15.384615384615385 0.0
555 15.384615384615385 0.0
556 23.076923076923077 0.0
557 15.384615384615385 0.0
558 19.23076923076923 0.0
559 15.384615384615385 0.0
560 30.76923076923077 0.0
561 23.076923076923077 0.0
562 23.076923076923077 0.0
563 11.538461538461538 0.0
564 19.23076923076923 0.0
565 26.923076923076923 0.0
566 19.23076923076923 0.0
567 19.23076923076923 0.0
568 23.076923076923077 0.0
569 26.923076923076923 0.0
570 23.076923076923077 0.0
571 19.23076923076923 0.0
572 15.384615384615385 0.0
573 19.23076923076923 0.0
574 30.76923076923077 0.0
575 23.076923076923077 0.0
576 26.923076923076923 0.0
577 23.076923076923077 0.0
578 23.076923076923077 0.0
579 23.076923076923077 0.0
580 23.076923076923077 0.0
581 26.923076923076923 0.0
582 34.61538461538461 0.0
583 30.76923076923077 0.0
584 26.923076923076923 0.0
585 30.76923076923077 0.0
586 26.923076923076923 0.0
587 26.923076923076923 0.0
588 38.46153846153846 0.0
589 42.30769230769231 0.0
590 15.384615384615385 0.0
591 15.384615384615385 0.0
592 26.923076923076923 0.0
593 19.23076923076923 0.0
594 11.538461538461538 0.0
595 15.384615384615385 0.0
596 15.384615384615385 0.0
597 23.076923076923077 0.0
598 23.076923076923077 0.0
599 19.23076923076923 0.0
600 23.076923076923077 0.0
601 26.923076923076923 0.0
602 23.076923076923077 0.0
603 23.076923076923077 0.0
604 26.923076923076923 0.0
605 30.76923076923077 0.0
606 30.76923076923077 0.0
607 23.076923076923077 0.0
608 23.076923076923077 0.0
609 26.923076923076923 0.0
610 26.923076923076923 0.0
611 26.923076923076923 0.0
612 26.923076923076923 0.0
613 23.076923076923077 0.0
614 23.076923076923077 0.0
615 23.076923076923077 0.0
616 26.923076923076923 0.0
617 30.76923076923077 0.0
618 30.76923076923077 0.0
619 23.076923076923077 0.0
620 19.23076923076923 0.0
621 30.76923076923077 0.0
622 30.76923076923077 0.0
623 23.076923076923077 0.0
624 30.76923076923077 0.0
625 23.076923076923077 0.0
626 26.923076923076923 0.0
627 26.923076923076923 0.0
628 23.076923076923077 0.0
629 26.923076923076923 0.0
630 34.61538461538461 0.0
631 26.923076923076923 0.0
632 30.76923076923077 0.0
633 30.76923076923077 0.0
634 30.76923076923077 0.0
635 34.61538461538461 0.0
636 42.30769230769231 0.0
637 34.61538461538461 0.0
638 38.46153846153846 0.0
639 38.46153846153846 0.0
640 34.61538461538461 0.0
641 34.61538461538461 0.0
642 34.61538461538461 0.0
643 38.46153846153846 0.0
644 34.61538461538461 0.0
645 34.61538461538461 0.0
646 42.30769230769231 0.0
647 26.923076923076923 0.0
648 38.46153846153846 0.0
649 38.46153846153846 0.0
650 26.923076923076923 0.0
651 30.76923076923077 0.0
652 30.76923076923077 0.0
653 38.46153846153846 0.0
654 42.30769230769231 0.0
655 42.30769230769231 0.0
656 42.30769230769231 0.0
657 34.61538461538461 0.0
658 30.76923076923077 0.0
659 30.76923076923077 0.0
660 42.30769230769231 0.0
661 46.15384615384615 0.0
662 38.46153846153846 0.0
663 42.30769230769231 0.0
664 46.15384615384615 0.0
665 42.30769230769231 0.0
666 42.30769230769231 0.0
667 42.30769230769231 0.0
668 42.30769230769231 0.0
669 42.30769230769231 0.0
670 34.61538461538461 0.0
671 42.30769230769231 0.0
672 38.46153846153846 0.0
673 38.46153846153846 0.0
674 30.76923076923077 0.0
675 38.46153846153846 0.0
676 38.46153846153846 0.0
677 30.76923076923077 0.0
678 38.46153846153846 0.0
679 38.46153846153846 0.0
680 34.61538461538461 0.0
681 34.61538461538461 0.0
682 34.61538461538461 0.0
683 38.46153846153846 0.0
684 38.46153846153846 0.0
685 34.61538461538461 0.0
686 30.76923076923077 0.0
687 42.30769230769231 0.0
688 42.30769230769231 0.0
689 34.61538461538461 0.0
690 38.46153846153846 0.0
691 38.46153846153846 0.0
692 38.46153846153846 0.0
693 38.46153846153846 0.0
694 46.15384615384615 0.0
695 46.15384615384615 0.0
696 42.30769230769231 0.0
697 42.30769230769231 0.0
698 46.15384615384615 0.0
699 38.46153846153846 0.0
700 42.30769230769231 0.0
701 46.15384615384615 0.0
702 42.30769230769231 0.0
703 34.61538461538461 0.0
704 34.61538461538461 0.0
705 26.923076923076923 0.0
706 34.61538461538461 0.0
707 34.61538461538461 0.0
708 26.923076923076923 0.0
709 30.76923076923077 0.0
710 26.923076923076923 0.0
711 34.61538461538461 0.0
712 38.46153846153846 0.0
713 34.61538461538461 0.0
714 34.61538461538461 0.0
715 30.76923076923077 0.0
716 30.76923076923077 0.0
717 34.61538461538461 0.0
718 30.76923076923077 0.0
719 38.46153846153846 0.0
720 34.61538461538461 0.0
721 34.61538461538461 0.0
722 42.30769230769231 0.0
723 38.46153846153846 0.0
724 46.15384615384615 0.0
725 46.15384615384615 0.0
726 46.15384615384615 0.0
727 46.15384615384615 0.0
728 42.30769230769231 0.0
729 46.15384615384615 0.0
730 42.30769230769231 0.0
731 46.15384615384615 0.0
732 46.15384615384615 0.0
733 46.15384615384615 0.0
734 38.46153846153846 0.0
735 46.15384615384615 0.0
736 46.15384615384615 0.0
737 38.46153846153846 0.0
738 46.15384615384615 0.0
739 46.15384615384615 0.0
740 46.15384615384615 0.0
741 46.15384615384615 0.0
742 42.30769230769231 0.0
743 42.30769230769231 0.0
744 42.30769230769231 0.0
745 38.46153846153846 0.0
746 34.61538461538461 0.0
747 30.76923076923077 0.0
748 30.76923076923077 0.0
749 42.30769230769231 0.0
750 38.46153846153846 0.0
751 30.76923076923077 0.0
752 46.15384615384615 0.0
753 38.46153846153846 0.0
754 38.46153846153846 0.0
755 42.30769230769231 0.0
756 42.30769230769231 0.0
757 42.30769230769231 0.0
758 38.46153846153846 0.0
759 38.46153846153846 0.0
760 42.30769230769231 0.0
761 38.46153846153846 0.0
762 38.46153846153846 0.0
763 38.46153846153846 0.0
764 38.46153846153846 0.0
765 42.30769230769231 0.0
766 38.46153846153846 0.0
767 42.30769230769231 0.0
768 38.46153846153846 0.0
769 34.61538461538461 0.0
770 46.15384615384615 0.0
771 50.0 0.0
772 34.61538461538461 0.0
773 34.61538461538461 0.0
774 26.923076923076923 0.0
775 42.30769230769231 0.0
776 46.15384615384615 0.0
777 38.46153846153846 0.0
778 38.46153846153846 0.0
779 34.61538461538461 0.0
780 34.61538461538461 0.0
781 46.15384615384615 0.0
782 38.46153846153846 0.0
783 38.46153846153846 0.0
784 38.46153846153846 0.0
785 46.15384615384615 0.0
786 42.30769230769231 0.0
787 38.46153846153846 0.0
788 30.76923076923077 0.0
789 34.61538461538461 0.0
790 30.76923076923077 0.0
791 30.76923076923077 0.0
792 34.61538461538461 0.0
793 34.61538461538461 0.0
794 30.76923076923077 0.0
795 42.30769230769231 0.0
796 34.61538461538461 0.0
797 46.15384615384615 0.0
798 34.61538461538461 0.0
799 38.46153846153846 0.0
800 26.923076923076923 0.0
801 34.61538461538461 0.0
802 26.923076923076923 0.0
803 34.61538461538461 0.0
804 30.76923076923077 0.0
805 46.15384615384615 0.0
806 34.61538461538461 0.0
807 42.30769230769231 0.0
808 26.923076923076923 0.0
809 30.76923076923077 0.0
810 42.30769230769231 0.0
811 30.76923076923077 0.0
812 26.923076923076923 0.0
813 23.076923076923077 0.0
814 26.923076923076923 0.0
815 26.923076923076923 0.0
816 23.076923076923077 0.0
817 26.923076923076923 0.0
818 26.923076923076923 0.0
819 34.61538461538461 0.0
820 38.46153846153846 0.0
821 30.76923076923077 0.0
822 34.61538461538461 0.0
823 30.76923076923077 0.0
824 30.76923076923077 0.0
825 34.61538461538461 0.0
826 23.076923076923077 0.0
827 30.76923076923077 0.0
828 30.76923076923077 0.0
829 34.61538461538461 0.0
830 30.76923076923077 0.0
831 30.76923076923077 0.0
832 26.923076923076923 0.0
833 34.61538461538461 0.0
834 30.76923076923077 0.0
835 30.76923076923077 0.0
836 34.61538461538461 0.0
837 34.61538461538461 0.0
838 30.76923076923077 0.0
839 30.76923076923077 0.0
840 38.46153846153846 0.0
841 38.46153846153846 0.0
842 38.46153846153846 0.0
843 38.46153846153846 0.0
844 38.46153846153846 0.0
845 42.30769230769231 0.0
846 38.46153846153846 0.0
847 34.61538461538461 0.0
848 26.923076923076923 0.0
849 34.61538461538461 0.0
850 26.923076923076923 0.0
851 30.76923076923077 0.0
852 30.76923076923077 0.0
853 34.61538461538461 0.0
854 26.923076923076923 0.0
855 30.76923076923077 0.0
856 34.61538461538461 0.0
857 30.76923076923077 0.0
858 23.076923076923077 0.0
859 23.076923076923077 0.0
860 38.46153846153846 0.0
861 38.46153846153846 0.0
862 30.76923076923077 0.0
863 38.46153846153846 0.0
864 38.46153846153846 0.0
865 34.61538461538461 0.0
866 38.46153846153846 0.0
867 42.30769230769231 0.0
868 34.61538461538461 0.0
869 46.15384615384615 0.0
870 38.46153846153846 0.0
871 46.15384615384615 0.0
872 34.61538461538461 0.0
873 30.76923076923077 0.0
874 34.61538461538461 0.0
875 30.76923076923077 0.0
876 30.76923076923077 0.0
877 30.76923076923077 0.0
878 26.923076923076923 0.0
879 30.76923076923077 0.0
880 30.76923076923077 0.0
881 30.76923076923077 0.0
882 38.46153846153846 0.0
883 38.46153846153846 0.0
884 26.923076923076923 0.0
885 38.46153846153846 0.0
886 34.61538461538461 0.0
887 38.46153846153846 0.0
888 34.61538461538461 0.0
889 30.76923076923077 0.0
890 30.76923076923077 0.0
891 30.76923076923077 0.0
892 42.30769230769231 0.0
893 42.30769230769231 0.0
894 46.15384615384615 0.0
895 38.46153846153846 0.0
896 38.46153846153846 0.0
897 38.46153846153846 0.0
898 34.61538461538461 0.0
899 34.61538461538461 0.0
900 34.61538461538461 0.0
901 34.61538461538461 0.0
902 38.46153846153846 0.0
903 30.76923076923077 0.0
904 30.76923076923077 0.0
905 30.76923076923077 0.0
906 34.61538461538461 0.0
907 46.15384615384615 0.0
908 38.46153846153846 0.0
909 38.46153846153846 0.0
910 34.61538461538461 0.0
911 34.61538461538461 0.0
912 26.923076923076923 0.0
913 38.46153846153846 0.0
914 34.61538461538461 0.0
915 38.46153846153846 0.0
916 34.61538461538461 0.0
917 38.46153846153846 0.0
918 38.46153846153846 0.0
919 34.61538461538461 0.0
920 30.76923076923077 0.0
921 34.61538461538461 0.0
922 38.46153846153846 0.0
923 46.15384615384615 0.0
924 38.46153846153846 0.0
925 38.46153846153846 0.0
926 38.46153846153846 0.0
927 38.46153846153846 0.0
928 38.46153846153846 0.0
929 38.46153846153846 0.0
930 34.61538461538461 0.0
931 38.46153846153846 0.0
932 38.46153846153846 0.0
933 38.46153846153846 0.0
934 38.46153846153846 0.0
935 38.46153846153846 0.0
936 38.46153846153846 0.0
937 30.76923076923077 0.0
938 38.46153846153846 0.0
939 34.61538461538461 0.0
940 46.15384615384615 0.0
941 38.46153846153846 0.0
942 46.15384615384615 0.0
943 46.15384615384615 0.0
944 46.15384615384615 0.0
945 42.30769230769231 0.0
946 46.15384615384615 0.0
947 53.84615384615385 0.0
948 46.15384615384615 0.0
949 53.84615384615385 0.0
950 46.15384615384615 0.0
951 46.15384615384615 0.0
952 46.15384615384615 0.0
953 38.46153846153846 0.0
954 46.15384615384615 0.0
955 38.46153846153846 0.0
956 38.46153846153846 0.0
957 38.46153846153846 0.0
958 42.30769230769231 0.0
959 38.46153846153846 0.0
960 34.61538461538461 0.0
961 38.46153846153846 0.0
962 42.30769230769231 0.0
963 42.30769230769231 0.0
964 42.30769230769231 0.0
965 26.923076923076923 0.0
966 26.923076923076923 0.0
967 30.76923076923077 0.0
968 34.61538461538461 0.0
969 30.76923076923077 0.0
970 26.923076923076923 0.0
971 26.923076923076923 0.0
972 30.76923076923077 0.0
973 30.76923076923077 0.0
974 34.61538461538461 0.0
975 34.61538461538461 0.0
976 26.923076923076923 0.0
977 30.76923076923077 0.0
978 38.46153846153846 0.0
979 42.30769230769231 0.0
980 42.30769230769231 0.0
981 30.76923076923077 0.0
982 42.30769230769231 0.0
983 42.30769230769231 0.0
984 42.30769230769231 0.0
985 50.0 0.0
986 38.46153846153846 0.0
987 38.46153846153846 0.0
988 30.76923076923077 0.0
989 26.923076923076923 0.0
990 30.76923076923077 0.0
991 30.76923076923077 0.0
992 38.46153846153846 0.0
993 34.61538461538461 0.0
994 34.61538461538461 0.0
995 34.61538461538461 0.0
996 42.30769230769231 0.0
997 38.46153846153846 0.0
998 34.61538461538461 0.0
999 30.76923076923077 0.0
