#resid average_duration max_duration persistent_contacts
1 13.0 83 36
10 7.626865671641791 86 67
11 8.470588235294118 70 34
12 13.608695652173912 136 69
13 27.193548387096776 447 62
14 11.782608695652174 225 69
15 11.253731343283581 142 67
16 4.12280701754386 16 57
17 17.475409836065573 225 61
18 12.156862745098039 147 51
19 14.631578947368421 221 57
2 10.875 130 32
20 3.8541666666666665 13 48
21 15.256410256410257 130 39
22 22.0 382 30
23 0 0 0
24 17.639344262295083 229 61
25 15.655737704918034 447 61
26 3.6470588235294117 9 17
3 15.481481481481481 147 54
4 4.815789473684211 87 38
5 15.0 128 59
6 9.084507042253522 176 71
7 23.5 382 28
8 12.35 136 20
9 7.965909090909091 176 88
#TOTAL_CONTACTS 8824 for 1000 frames
