#resid average_duration max_duration persistent_contacts
1 6.076923076923077 22 13
10 10.02127659574468 99 47
11 4.416666666666667 22 24
12 3.625 10 8
13 8.96774193548387 123 62
14 19.262295081967213 245 61
15 19.972972972972972 142 37
16 4.2105263157894735 14 19
17 3.0 9 14
18 16.508196721311474 162 61
19 6.462962962962963 76 54
2 21.94047619047619 792 84
20 22.0 295 67
21 12.36111111111111 142 72
22 19.21311475409836 229 61
23 20.681159420289855 510 69
24 12.26086956521739 211 92
25 12.25 146 28
26 14.638297872340425 249 94
3 36.48717948717949 510 39
4 6.533333333333333 49 30
5 18.140845070422536 249 71
6 39.958333333333336 792 48
7 23.320987654320987 608 81
8 8.564102564102564 55 39
9 5.066666666666666 15 15
#TOTAL_CONTACTS 11340 for 1000 frames
