#resid average_duration max_duration persistent_contacts
1 25.323529411764707 414 102
10 12.84 101 50
11 20.8 463 80
12 9.131736526946108 147 167
13 6.166666666666667 63 30
14 14.647058823529411 414 102
15 12.054054054054054 220 37
16 14.037037037037036 220 27
17 4.4375 20 16
18 8.149122807017545 72 114
19 21.16030534351145 463 131
2 7.876288659793815 45 97
20 3.76 16 25
21 7.045454545454546 63 44
22 0 0 0
23 11.64102564102564 196 39
24 5.571428571428571 16 7
25 3.0 4 4
26 7.214285714285714 31 42
3 8.5 28 24
4 11.25 196 44
5 10.414634146341463 152 41
6 4.1 10 10
7 10.568965517241379 68 58
8 20.0 387 120
9 8.36734693877551 101 49
#TOTAL_CONTACTS 10296 for 1000 frames
