#resid average_duration max_duration persistent_contacts
1 17.1 59 10
10 2.0 2 1
11 0 0 0
12 7.625 15 8
13 15.25 36 4
14 15.3 98 10
15 15.615384615384615 69 13
16 7.176470588235294 42 17
17 6.882352941176471 15 17
18 15.6 48 10
19 9.0 9 1
2 17.77777777777778 98 9
20 81.66666666666667 100 3
21 2.0 2 1
22 35.666666666666664 100 6
23 9.0 9 1
24 10.0 10 1
25 62.75 100 4
26 2.8 3 5
3 11.333333333333334 34 9
4 11.4 34 5
5 2.75 3 4
6 2.0 2 2
7 9.0 36 14
8 21.77777777777778 69 9
9 0 0 0
#TOTAL_CONTACTS 1294 for 100 frames
