#resid average_duration max_duration persistent_contacts
1 18.3125 237 48
10 8.6 80 25
11 22.36842105263158 370 133
12 36.0 370 90
13 20.932038834951456 433 103
14 5.926470588235294 40 68
15 16.17241379310345 125 29
16 15.8 201 45
17 22.97752808988764 506 89
18 13.231707317073171 177 82
19 0 0 0
2 21.96153846153846 201 26
20 18.94927536231884 544 138
21 9.2 34 15
22 14.192307692307692 143 26
23 16.13274336283186 346 113
24 20.7 261 50
25 5.177777777777778 24 45
26 15.052631578947368 93 19
3 18.537037037037038 337 108
4 16.3 261 40
5 19.583333333333332 544 96
6 23.741935483870968 506 62
7 6.666666666666667 17 6
8 15.929078014184396 342 141
9 5.28 32 25
#TOTAL_CONTACTS 15591 for 1000 frames
