#resid average_duration max_duration persistent_contacts
1 6.317117117117117 100 1665
10 5.850716757291152 103 2023
11 6.02672147995889 52 1946
12 5.974166275246595 98 2129
13 6.018487394957983 126 1785
14 5.986854917234664 78 2054
15 5.688352570828961 111 1906
16 6.122614227877386 101 1729
17 6.13599126160568 135 1831
18 6.3572439830108545 135 2119
19 5.7957446808510635 97 2115
2 5.780086998550024 59 2069
20 6.362216624685138 108 1985
21 5.872279495990836 85 1746
22 5.995019920318725 99 2008
23 5.825280898876405 101 1780
24 6.228648648648648 108 1850
25 6.049812533476165 75 1867
26 5.759269507470946 98 1807
3 5.931289040318001 67 1761
4 5.9247515380974916 79 2113
5 6.277011494252873 111 1740
6 5.983094262295082 59 1952
7 6.096860986547085 89 2230
8 6.142782969885774 103 1926
9 6.130938586326767 126 1726
#TOTAL_CONTACTS 176169 for 10100 frames
