#resid average_duration max_duration persistent_contacts
1 10.913533834586467 176 266
10 10.853107344632768 166 177
11 11.192307692307692 269 286
12 9.093385214007782 173 257
13 10.803418803418804 160 351
14 9.653005464480874 118 366
15 9.67487684729064 176 203
16 11.054313099041533 288 313
17 13.153310104529616 200 287
18 7.767326732673268 96 202
19 9.314720812182742 241 394
2 15.730478589420654 306 397
20 18.281976744186046 385 344
21 7.6568627450980395 92 102
22 9.254335260115607 182 173
23 13.65235173824131 299 489
24 13.14375 200 160
25 9.468253968253968 86 252
26 12.032786885245901 288 305
3 11.55732484076433 299 314
4 11.614678899082568 182 545
5 14.584905660377359 385 265
6 11.876 200 250
7 10.109263657957245 184 421
8 9.49433962264151 176 265
9 6.263513513513513 67 148
#TOTAL_CONTACTS 46226 for 10100 frames
