#resid average_duration max_duration persistent_contacts
1 4.56701030927835 26 485
10 6.190635451505017 81 299
11 4.5675 28 400
12 6.52987012987013 338 385
13 4.705263157894737 97 475
14 4.9352112676056334 28 355
15 4.671806167400881 29 454
16 7.7 186 270
17 4.396270396270396 23 429
18 11.691176470588236 338 136
19 4.743362831858407 34 452
2 5.425882352941176 128 425
20 10.426008968609866 116 223
21 6.295180722891566 81 332
22 4.583877995642702 46 459
23 4.479838709677419 29 496
24 4.699561403508772 138 456
25 4.4945295404814 31 457
26 4.573122529644269 41 506
3 4.689497716894977 97 219
4 7.554726368159204 186 402
5 4.992753623188406 61 414
6 6.963503649635037 160 274
7 9.437275985663083 128 279
8 5.7531380753138075 48 239
9 4.73120728929385 29 439
#TOTAL_CONTACTS 31881 for 10100 frames
