#resid average_duration max_duration persistent_contacts
1 3.1448598130841123 18 214
10 3.484126984126984 15 252
11 3.6964285714285716 28 224
12 3.3660377358490567 14 265
13 3.6127450980392157 21 204
14 3.4291666666666667 18 240
15 3.3732718894009217 14 217
16 3.4056224899598395 15 249
17 3.218867924528302 14 265
18 3.2645502645502646 18 189
19 3.480349344978166 19 229
2 3.267857142857143 14 224
20 3.448717948717949 38 234
21 3.3544303797468356 10 237
22 3.128099173553719 10 242
23 3.5089285714285716 15 224
24 3.6126482213438735 21 253
25 3.4122137404580153 19 262
26 3.4801762114537445 22 227
3 3.574468085106383 38 282
4 3.191666666666667 18 240
5 3.4056603773584904 19 212
6 3.2511627906976743 12 215
7 3.389090909090909 20 275
8 3.596412556053812 28 223
9 3.2063492063492065 10 252
#TOTAL_CONTACTS 14699 for 10100 frames
