#frame monomers_% popc_isolated_%
0 69.23076923076923 0.0
1 61.53846153846154 0.0
2 61.53846153846154 0.0
3 69.23076923076923 0.0
4 76.92307692307692 0.0
5 69.23076923076923 0.0
6 57.69230769230769 0.0
7 57.69230769230769 0.0
8 57.69230769230769 0.0
9 61.53846153846154 0.0
10 53.84615384615385 0.0
11 46.15384615384615 0.0
12 50.0 0.0
13 57.69230769230769 0.0
14 53.84615384615385 0.0
15 53.84615384615385 0.0
16 53.84615384615385 0.0
17 50.0 0.0
18 46.15384615384615 0.0
19 42.30769230769231 0.0
20 42.30769230769231 0.0
21 50.0 0.0
22 57.69230769230769 0.0
23 53.84615384615385 0.0
24 65.38461538461539 0.0
25 57.69230769230769 0.0
26 73.07692307692308 0.0
27 69.23076923076923 0.0
28 76.92307692307692 0.0
29 73.07692307692308 0.0
30 73.07692307692308 0.0
31 69.23076923076923 0.0
32 65.38461538461539 0.0
33 80.76923076923077 0.0
34 69.23076923076923 0.0
35 65.38461538461539 0.0
36 80.76923076923077 0.0
37 73.07692307692308 0.0
38 73.07692307692308 0.0
39 76.92307692307692 0.0
40 73.07692307692308 0.0
41 61.53846153846154 0.0
42 69.23076923076923 0.0
43 73.07692307692308 0.0
44 80.76923076923077 0.0
45 76.92307692307692 0.0
46 73.07692307692308 0.0
47 76.92307692307692 0.0
48 73.07692307692308 0.0
49 73.07692307692308 0.0
50 61.53846153846154 0.0
51 53.84615384615385 0.0
52 38.46153846153846 0.0
53 38.46153846153846 0.0
54 42.30769230769231 0.0
55 50.0 0.0
56 53.84615384615385 0.0
57 50.0 0.0
58 50.0 0.0
59 61.53846153846154 0.0
60 65.38461538461539 0.0
61 57.69230769230769 0.0
62 46.15384615384615 0.0
63 42.30769230769231 0.0
64 50.0 0.0
65 50.0 0.0
66 38.46153846153846 0.0
67 50.0 0.0
68 30.76923076923077 0.0
69 30.76923076923077 0.0
70 42.30769230769231 0.0
71 53.84615384615385 0.0
72 61.53846153846154 0.0
73 57.69230769230769 0.0
74 38.46153846153846 0.0
75 50.0 0.0
76 38.46153846153846 0.0
77 57.69230769230769 0.0
78 26.923076923076923 0.0
79 34.61538461538461 0.0
80 26.923076923076923 0.0
81 30.76923076923077 0.0
82 34.61538461538461 0.0
83 42.30769230769231 0.0
84 30.76923076923077 0.0
85 34.61538461538461 0.0
86 34.61538461538461 0.0
87 50.0 0.0
88 34.61538461538461 0.0
89 42.30769230769231 0.0
90 53.84615384615385 0.0
91 53.84615384615385 0.0
92 53.84615384615385 0.0
93 46.15384615384615 0.0
94 34.61538461538461 0.0
95 38.46153846153846 0.0
96 50.0 0.0
97 50.0 0.0
98 42.30769230769231 0.0
99 53.84615384615385 0.0
100 46.15384615384615 0.0
101 42.30769230769231 0.0
102 50.0 0.0
103 46.15384615384615 0.0
104 38.46153846153846 0.0
105 50.0 0.0
106 57.69230769230769 0.0
107 53.84615384615385 0.0
108 38.46153846153846 0.0
109 42.30769230769231 0.0
110 38.46153846153846 0.0
111 50.0 0.0
112 38.46153846153846 0.0
113 26.923076923076923 0.0
114 26.923076923076923 0.0
115 34.61538461538461 0.0
116 50.0 0.0
117 34.61538461538461 0.0
118 46.15384615384615 0.0
119 46.15384615384615 0.0
120 42.30769230769231 0.0
121 38.46153846153846 0.0
122 46.15384615384615 0.0
123 46.15384615384615 0.0
124 53.84615384615385 0.0
125 50.0 0.0
126 53.84615384615385 0.0
127 50.0 0.0
128 50.0 0.0
129 38.46153846153846 0.0
130 38.46153846153846 0.0
131 46.15384615384615 0.0
132 50.0 0.0
133 57.69230769230769 0.0
134 50.0 0.0
135 53.84615384615385 0.0
136 50.0 0.0
137 42.30769230769231 0.0
138 61.53846153846154 0.0
139 65.38461538461539 0.0
140 50.0 0.0
141 73.07692307692308 0.0
142 61.53846153846154 0.0
143 57.69230769230769 0.0
144 65.38461538461539 0.0
145 65.38461538461539 0.0
146 50.0 0.0
147 65.38461538461539 0.0
148 69.23076923076923 0.0
149 46.15384615384615 0.0
150 46.15384615384615 0.0
151 61.53846153846154 0.0
152 53.84615384615385 0.0
153 57.69230769230769 0.0
154 57.69230769230769 0.0
155 65.38461538461539 0.0
156 73.07692307692308 0.0
157 57.69230769230769 0.0
158 69.23076923076923 0.0
159 50.0 0.0
160 73.07692307692308 0.0
161 69.23076923076923 0.0
162 73.07692307692308 0.0
163 69.23076923076923 0.0
164 73.07692307692308 0.0
165 69.23076923076923 0.0
166 76.92307692307692 0.0
167 76.92307692307692 0.0
168 76.92307692307692 0.0
169 69.23076923076923 0.0
170 76.92307692307692 0.0
171 73.07692307692308 0.0
172 65.38461538461539 0.0
173 69.23076923076923 0.0
174 65.38461538461539 0.0
175 65.38461538461539 0.0
176 46.15384615384615 0.0
177 53.84615384615385 0.0
178 61.53846153846154 0.0
179 61.53846153846154 0.0
180 46.15384615384615 0.0
181 50.0 0.0
182 69.23076923076923 0.0
183 61.53846153846154 0.0
184 65.38461538461539 0.0
185 61.53846153846154 0.0
186 69.23076923076923 0.0
187 65.38461538461539 0.0
188 69.23076923076923 0.0
189 65.38461538461539 0.0
190 50.0 0.0
191 61.53846153846154 0.0
192 73.07692307692308 0.0
193 61.53846153846154 0.0
194 42.30769230769231 0.0
195 61.53846153846154 0.0
196 65.38461538461539 0.0
197 65.38461538461539 0.0
198 57.69230769230769 0.0
199 61.53846153846154 0.0
200 50.0 0.0
201 53.84615384615385 0.0
202 50.0 0.0
203 53.84615384615385 0.0
204 50.0 0.0
205 50.0 0.0
206 46.15384615384615 0.0
207 57.69230769230769 0.0
208 65.38461538461539 0.0
209 61.53846153846154 0.0
210 61.53846153846154 0.0
211 53.84615384615385 0.0
212 65.38461538461539 0.0
213 65.38461538461539 0.0
214 61.53846153846154 0.0
215 65.38461538461539 0.0
216 73.07692307692308 0.0
217 76.92307692307692 0.0
218 50.0 0.0
219 53.84615384615385 0.0
220 65.38461538461539 0.0
221 65.38461538461539 0.0
222 50.0 0.0
223 61.53846153846154 0.0
224 61.53846153846154 0.0
225 73.07692307692308 0.0
226 61.53846153846154 0.0
227 61.53846153846154 0.0
228 57.69230769230769 0.0
229 69.23076923076923 0.0
230 65.38461538461539 0.0
231 61.53846153846154 0.0
232 61.53846153846154 0.0
233 61.53846153846154 0.0
234 57.69230769230769 0.0
235 69.23076923076923 0.0
236 61.53846153846154 0.0
237 69.23076923076923 0.0
238 73.07692307692308 0.0
239 53.84615384615385 0.0
240 61.53846153846154 0.0
241 73.07692307692308 0.0
242 69.23076923076923 0.0
243 69.23076923076923 0.0
244 65.38461538461539 0.0
245 76.92307692307692 0.0
246 61.53846153846154 0.0
247 61.53846153846154 0.0
248 61.53846153846154 0.0
249 57.69230769230769 0.0
250 50.0 0.0
251 61.53846153846154 0.0
252 50.0 0.0
253 61.53846153846154 0.0
254 50.0 0.0
255 65.38461538461539 0.0
256 53.84615384615385 0.0
257 69.23076923076923 0.0
258 53.84615384615385 0.0
259 57.69230769230769 0.0
260 65.38461538461539 0.0
261 73.07692307692308 0.0
262 80.76923076923077 0.0
263 80.76923076923077 0.0
264 80.76923076923077 0.0
265 80.76923076923077 0.0
266 73.07692307692308 0.0
267 73.07692307692308 0.0
268 73.07692307692308 0.0
269 69.23076923076923 0.0
270 61.53846153846154 0.0
271 65.38461538461539 0.0
272 50.0 0.0
273 61.53846153846154 0.0
274 65.38461538461539 0.0
275 69.23076923076923 0.0
276 57.69230769230769 0.0
277 61.53846153846154 0.0
278 69.23076923076923 0.0
279 53.84615384615385 0.0
280 61.53846153846154 0.0
281 57.69230769230769 0.0
282 61.53846153846154 0.0
283 46.15384615384615 0.0
284 57.69230769230769 0.0
285 57.69230769230769 0.0
286 46.15384615384615 0.0
287 38.46153846153846 0.0
288 50.0 0.0
289 50.0 0.0
290 46.15384615384615 0.0
291 34.61538461538461 0.0
292 46.15384615384615 0.0
293 30.76923076923077 0.0
294 50.0 0.0
295 42.30769230769231 0.0
296 34.61538461538461 0.0
297 46.15384615384615 0.0
298 46.15384615384615 0.0
299 53.84615384615385 0.0
300 65.38461538461539 0.0
301 38.46153846153846 0.0
302 46.15384615384615 0.0
303 42.30769230769231 0.0
304 42.30769230769231 0.0
305 50.0 0.0
306 46.15384615384615 0.0
307 50.0 0.0
308 57.69230769230769 0.0
309 50.0 0.0
310 46.15384615384615 0.0
311 50.0 0.0
312 61.53846153846154 0.0
313 57.69230769230769 0.0
314 61.53846153846154 0.0
315 42.30769230769231 0.0
316 57.69230769230769 0.0
317 50.0 0.0
318 46.15384615384615 0.0
319 53.84615384615385 0.0
320 53.84615384615385 0.0
321 46.15384615384615 0.0
322 42.30769230769231 0.0
323 50.0 0.0
324 46.15384615384615 0.0
325 34.61538461538461 0.0
326 38.46153846153846 0.0
327 46.15384615384615 0.0
328 57.69230769230769 0.0
329 53.84615384615385 0.0
330 46.15384615384615 0.0
331 42.30769230769231 0.0
332 46.15384615384615 0.0
333 38.46153846153846 0.0
334 50.0 0.0
335 50.0 0.0
336 46.15384615384615 0.0
337 57.69230769230769 0.0
338 50.0 0.0
339 73.07692307692308 0.0
340 69.23076923076923 0.0
341 57.69230769230769 0.0
342 61.53846153846154 0.0
343 69.23076923076923 0.0
344 57.69230769230769 0.0
345 65.38461538461539 0.0
346 69.23076923076923 0.0
347 61.53846153846154 0.0
348 69.23076923076923 0.0
349 73.07692307692308 0.0
350 69.23076923076923 0.0
351 80.76923076923077 0.0
352 69.23076923076923 0.0
353 61.53846153846154 0.0
354 61.53846153846154 0.0
355 61.53846153846154 0.0
356 61.53846153846154 0.0
357 65.38461538461539 0.0
358 57.69230769230769 0.0
359 73.07692307692308 0.0
360 61.53846153846154 0.0
361 61.53846153846154 0.0
362 65.38461538461539 0.0
363 57.69230769230769 0.0
364 69.23076923076923 0.0
365 61.53846153846154 0.0
366 50.0 0.0
367 57.69230769230769 0.0
368 61.53846153846154 0.0
369 53.84615384615385 0.0
370 61.53846153846154 0.0
371 61.53846153846154 0.0
372 46.15384615384615 0.0
373 53.84615384615385 0.0
374 53.84615384615385 0.0
375 57.69230769230769 0.0
376 61.53846153846154 0.0
377 50.0 0.0
378 65.38461538461539 0.0
379 65.38461538461539 0.0
380 61.53846153846154 0.0
381 69.23076923076923 0.0
382 69.23076923076923 0.0
383 65.38461538461539 0.0
384 69.23076923076923 0.0
385 69.23076923076923 0.0
386 69.23076923076923 0.0
387 57.69230769230769 0.0
388 65.38461538461539 0.0
389 76.92307692307692 0.0
390 84.61538461538461 0.0
391 69.23076923076923 0.0
392 84.61538461538461 0.0
393 92.3076923076923 0.0
394 57.69230769230769 0.0
395 73.07692307692308 0.0
396 76.92307692307692 0.0
397 65.38461538461539 0.0
398 65.38461538461539 0.0
399 65.38461538461539 0.0
400 61.53846153846154 0.0
401 69.23076923076923 0.0
402 76.92307692307692 0.0
403 73.07692307692308 0.0
404 69.23076923076923 0.0
405 84.61538461538461 0.0
406 92.3076923076923 0.0
407 92.3076923076923 0.0
408 84.61538461538461 0.0
409 84.61538461538461 0.0
410 84.61538461538461 0.0
411 76.92307692307692 0.0
412 69.23076923076923 0.0
413 76.92307692307692 0.0
414 69.23076923076923 0.0
415 84.61538461538461 0.0
416 76.92307692307692 0.0
417 69.23076923076923 0.0
418 69.23076923076923 0.0
419 65.38461538461539 0.0
420 65.38461538461539 0.0
421 57.69230769230769 0.0
422 50.0 0.0
423 50.0 0.0
424 57.69230769230769 0.0
425 53.84615384615385 0.0
426 50.0 0.0
427 53.84615384615385 0.0
428 76.92307692307692 0.0
429 65.38461538461539 0.0
430 61.53846153846154 0.0
431 69.23076923076923 0.0
432 65.38461538461539 0.0
433 69.23076923076923 0.0
434 61.53846153846154 0.0
435 61.53846153846154 0.0
436 57.69230769230769 0.0
437 76.92307692307692 0.0
438 61.53846153846154 0.0
439 61.53846153846154 0.0
440 61.53846153846154 0.0
441 69.23076923076923 0.0
442 69.23076923076923 0.0
443 76.92307692307692 0.0
444 65.38461538461539 0.0
445 76.92307692307692 0.0
446 73.07692307692308 0.0
447 61.53846153846154 0.0
448 61.53846153846154 0.0
449 57.69230769230769 0.0
450 57.69230769230769 0.0
451 57.69230769230769 0.0
452 61.53846153846154 0.0
453 73.07692307692308 0.0
454 65.38461538461539 0.0
455 80.76923076923077 0.0
456 73.07692307692308 0.0
457 65.38461538461539 0.0
458 65.38461538461539 0.0
459 50.0 0.0
460 73.07692307692308 0.0
461 65.38461538461539 0.0
462 69.23076923076923 0.0
463 53.84615384615385 0.0
464 53.84615384615385 0.0
465 61.53846153846154 0.0
466 61.53846153846154 0.0
467 65.38461538461539 0.0
468 65.38461538461539 0.0
469 69.23076923076923 0.0
470 61.53846153846154 0.0
471 53.84615384615385 0.0
472 50.0 0.0
473 53.84615384615385 0.0
474 53.84615384615385 0.0
475 57.69230769230769 0.0
476 50.0 0.0
477 57.69230769230769 0.0
478 57.69230769230769 0.0
479 50.0 0.0
480 46.15384615384615 0.0
481 50.0 0.0
482 50.0 0.0
483 65.38461538461539 0.0
484 69.23076923076923 0.0
485 65.38461538461539 0.0
486 80.76923076923077 0.0
487 80.76923076923077 0.0
488 73.07692307692308 0.0
489 69.23076923076923 0.0
490 76.92307692307692 0.0
491 73.07692307692308 0.0
492 76.92307692307692 0.0
493 76.92307692307692 0.0
494 76.92307692307692 0.0
495 76.92307692307692 0.0
496 61.53846153846154 0.0
497 76.92307692307692 0.0
498 65.38461538461539 0.0
499 65.38461538461539 0.0
500 61.53846153846154 0.0
501 61.53846153846154 0.0
502 50.0 0.0
503 57.69230769230769 0.0
504 65.38461538461539 0.0
505 69.23076923076923 0.0
506 57.69230769230769 0.0
507 76.92307692307692 0.0
508 65.38461538461539 0.0
509 65.38461538461539 0.0
510 53.84615384615385 0.0
511 65.38461538461539 0.0
512 76.92307692307692 0.0
513 65.38461538461539 0.0
514 73.07692307692308 0.0
515 53.84615384615385 0.0
516 65.38461538461539 0.0
517 73.07692307692308 0.0
518 80.76923076923077 0.0
519 61.53846153846154 0.0
520 73.07692307692308 0.0
521 69.23076923076923 0.0
522 69.23076923076923 0.0
523 69.23076923076923 0.0
524 46.15384615384615 0.0
525 53.84615384615385 0.0
526 57.69230769230769 0.0
527 65.38461538461539 0.0
528 57.69230769230769 0.0
529 69.23076923076923 0.0
530 69.23076923076923 0.0
531 69.23076923076923 0.0
532 50.0 0.0
533 50.0 0.0
534 50.0 0.0
535 46.15384615384615 0.0
536 57.69230769230769 0.0
537 57.69230769230769 0.0
538 53.84615384615385 0.0
539 50.0 0.0
540 65.38461538461539 0.0
541 46.15384615384615 0.0
542 38.46153846153846 0.0
543 46.15384615384615 0.0
544 42.30769230769231 0.0
545 61.53846153846154 0.0
546 61.53846153846154 0.0
547 50.0 0.0
548 42.30769230769231 0.0
549 42.30769230769231 0.0
550 53.84615384615385 0.0
551 50.0 0.0
552 57.69230769230769 0.0
553 53.84615384615385 0.0
554 50.0 0.0
555 57.69230769230769 0.0
556 65.38461538461539 0.0
557 65.38461538461539 0.0
558 69.23076923076923 0.0
559 69.23076923076923 0.0
560 80.76923076923077 0.0
561 53.84615384615385 0.0
562 65.38461538461539 0.0
563 69.23076923076923 0.0
564 53.84615384615385 0.0
565 69.23076923076923 0.0
566 69.23076923076923 0.0
567 61.53846153846154 0.0
568 61.53846153846154 0.0
569 61.53846153846154 0.0
570 53.84615384615385 0.0
571 57.69230769230769 0.0
572 50.0 0.0
573 53.84615384615385 0.0
574 69.23076923076923 0.0
575 57.69230769230769 0.0
576 65.38461538461539 0.0
577 50.0 0.0
578 57.69230769230769 0.0
579 61.53846153846154 0.0
580 73.07692307692308 0.0
581 61.53846153846154 0.0
582 76.92307692307692 0.0
583 73.07692307692308 0.0
584 76.92307692307692 0.0
585 65.38461538461539 0.0
586 61.53846153846154 0.0
587 69.23076923076923 0.0
588 53.84615384615385 0.0
589 46.15384615384615 0.0
590 57.69230769230769 0.0
591 53.84615384615385 0.0
592 46.15384615384615 0.0
593 50.0 0.0
594 61.53846153846154 0.0
595 61.53846153846154 0.0
596 57.69230769230769 0.0
597 57.69230769230769 0.0
598 57.69230769230769 0.0
599 88.46153846153847 0.0
600 73.07692307692308 0.0
601 57.69230769230769 0.0
602 76.92307692307692 0.0
603 57.69230769230769 0.0
604 57.69230769230769 0.0
605 53.84615384615385 0.0
606 65.38461538461539 0.0
607 57.69230769230769 0.0
608 57.69230769230769 0.0
609 53.84615384615385 0.0
610 50.0 0.0
611 61.53846153846154 0.0
612 61.53846153846154 0.0
613 69.23076923076923 0.0
614 69.23076923076923 0.0
615 69.23076923076923 0.0
616 73.07692307692308 0.0
617 73.07692307692308 0.0
618 73.07692307692308 0.0
619 65.38461538461539 0.0
620 53.84615384615385 0.0
621 84.61538461538461 0.0
622 76.92307692307692 0.0
623 65.38461538461539 0.0
624 80.76923076923077 0.0
625 65.38461538461539 0.0
626 84.61538461538461 0.0
627 69.23076923076923 0.0
628 69.23076923076923 0.0
629 76.92307692307692 0.0
630 42.30769230769231 0.0
631 61.53846153846154 0.0
632 53.84615384615385 0.0
633 57.69230769230769 0.0
634 46.15384615384615 0.0
635 69.23076923076923 0.0
636 53.84615384615385 0.0
637 57.69230769230769 0.0
638 57.69230769230769 0.0
639 57.69230769230769 0.0
640 57.69230769230769 0.0
641 61.53846153846154 0.0
642 53.84615384615385 0.0
643 42.30769230769231 0.0
644 57.69230769230769 0.0
645 73.07692307692308 0.0
646 34.61538461538461 0.0
647 53.84615384615385 0.0
648 46.15384615384615 0.0
649 57.69230769230769 0.0
650 57.69230769230769 0.0
651 61.53846153846154 0.0
652 57.69230769230769 0.0
653 46.15384615384615 0.0
654 53.84615384615385 0.0
655 46.15384615384615 0.0
656 50.0 0.0
657 46.15384615384615 0.0
658 46.15384615384615 0.0
659 50.0 0.0
660 69.23076923076923 0.0
661 84.61538461538461 0.0
662 76.92307692307692 0.0
663 76.92307692307692 0.0
664 76.92307692307692 0.0
665 50.0 0.0
666 46.15384615384615 0.0
667 38.46153846153846 0.0
668 34.61538461538461 0.0
669 61.53846153846154 0.0
670 50.0 0.0
671 42.30769230769231 0.0
672 53.84615384615385 0.0
673 38.46153846153846 0.0
674 57.69230769230769 0.0
675 69.23076923076923 0.0
676 61.53846153846154 0.0
677 80.76923076923077 0.0
678 73.07692307692308 0.0
679 61.53846153846154 0.0
680 69.23076923076923 0.0
681 53.84615384615385 0.0
682 46.15384615384615 0.0
683 65.38461538461539 0.0
684 57.69230769230769 0.0
685 73.07692307692308 0.0
686 61.53846153846154 0.0
687 53.84615384615385 0.0
688 69.23076923076923 0.0
689 73.07692307692308 0.0
690 61.53846153846154 0.0
691 61.53846153846154 0.0
692 46.15384615384615 0.0
693 46.15384615384615 0.0
694 61.53846153846154 0.0
695 65.38461538461539 0.0
696 53.84615384615385 0.0
697 53.84615384615385 0.0
698 80.76923076923077 0.0
699 73.07692307692308 0.0
700 53.84615384615385 0.0
701 61.53846153846154 0.0
702 50.0 0.0
703 53.84615384615385 0.0
704 53.84615384615385 0.0
705 53.84615384615385 0.0
706 46.15384615384615 0.0
707 38.46153846153846 0.0
708 50.0 0.0
709 53.84615384615385 0.0
710 69.23076923076923 0.0
711 50.0 0.0
712 53.84615384615385 0.0
713 61.53846153846154 0.0
714 61.53846153846154 0.0
715 57.69230769230769 0.0
716 61.53846153846154 0.0
717 69.23076923076923 0.0
718 61.53846153846154 0.0
719 69.23076923076923 0.0
720 50.0 0.0
721 61.53846153846154 0.0
722 61.53846153846154 0.0
723 53.84615384615385 0.0
724 61.53846153846154 0.0
725 65.38461538461539 0.0
726 61.53846153846154 0.0
727 53.84615384615385 0.0
728 50.0 0.0
729 46.15384615384615 0.0
730 61.53846153846154 0.0
731 50.0 0.0
732 57.69230769230769 0.0
733 73.07692307692308 0.0
734 50.0 0.0
735 46.15384615384615 0.0
736 73.07692307692308 0.0
737 65.38461538461539 0.0
738 65.38461538461539 0.0
739 73.07692307692308 0.0
740 76.92307692307692 0.0
741 69.23076923076923 0.0
742 76.92307692307692 0.0
743 69.23076923076923 0.0
744 61.53846153846154 0.0
745 42.30769230769231 0.0
746 61.53846153846154 0.0
747 53.84615384615385 0.0
748 69.23076923076923 0.0
749 73.07692307692308 0.0
750 84.61538461538461 0.0
751 61.53846153846154 0.0
752 73.07692307692308 0.0
753 69.23076923076923 0.0
754 65.38461538461539 0.0
755 76.92307692307692 0.0
756 76.92307692307692 0.0
757 84.61538461538461 0.0
758 84.61538461538461 0.0
759 73.07692307692308 0.0
760 65.38461538461539 0.0
761 76.92307692307692 0.0
762 76.92307692307692 0.0
763 73.07692307692308 0.0
764 69.23076923076923 0.0
765 69.23076923076923 0.0
766 65.38461538461539 0.0
767 80.76923076923077 0.0
768 84.61538461538461 0.0
769 92.3076923076923 0.0
770 69.23076923076923 0.0
771 69.23076923076923 0.0
772 84.61538461538461 0.0
773 73.07692307692308 0.0
774 73.07692307692308 0.0
775 69.23076923076923 0.0
776 65.38461538461539 0.0
777 65.38461538461539 0.0
778 69.23076923076923 0.0
779 57.69230769230769 0.0
780 53.84615384615385 0.0
781 53.84615384615385 0.0
782 65.38461538461539 0.0
783 61.53846153846154 0.0
784 57.69230769230769 0.0
785 76.92307692307692 0.0
786 61.53846153846154 0.0
787 76.92307692307692 0.0
788 69.23076923076923 0.0
789 73.07692307692308 0.0
790 76.92307692307692 0.0
791 65.38461538461539 0.0
792 73.07692307692308 0.0
793 65.38461538461539 0.0
794 80.76923076923077 0.0
795 69.23076923076923 0.0
796 61.53846153846154 0.0
797 57.69230769230769 0.0
798 61.53846153846154 0.0
799 73.07692307692308 0.0
800 61.53846153846154 0.0
801 65.38461538461539 0.0
802 80.76923076923077 0.0
803 73.07692307692308 0.0
804 76.92307692307692 0.0
805 57.69230769230769 0.0
806 65.38461538461539 0.0
807 73.07692307692308 0.0
808 73.07692307692308 0.0
809 73.07692307692308 0.0
810 80.76923076923077 0.0
811 73.07692307692308 0.0
812 73.07692307692308 0.0
813 73.07692307692308 0.0
814 65.38461538461539 0.0
815 50.0 0.0
816 57.69230769230769 0.0
817 57.69230769230769 0.0
818 61.53846153846154 0.0
819 65.38461538461539 0.0
820 65.38461538461539 0.0
821 65.38461538461539 0.0
822 65.38461538461539 0.0
823 69.23076923076923 0.0
824 57.69230769230769 0.0
825 61.53846153846154 0.0
826 65.38461538461539 0.0
827 57.69230769230769 0.0
828 65.38461538461539 0.0
829 76.92307692307692 0.0
830 76.92307692307692 0.0
831 65.38461538461539 0.0
832 73.07692307692308 0.0
833 69.23076923076923 0.0
834 69.23076923076923 0.0
835 61.53846153846154 0.0
836 69.23076923076923 0.0
837 69.23076923076923 0.0
838 73.07692307692308 0.0
839 61.53846153846154 0.0
840 53.84615384615385 0.0
841 50.0 0.0
842 50.0 0.0
843 50.0 0.0
844 57.69230769230769 0.0
845 61.53846153846154 0.0
846 57.69230769230769 0.0
847 53.84615384615385 0.0
848 57.69230769230769 0.0
849 61.53846153846154 0.0
850 61.53846153846154 0.0
851 57.69230769230769 0.0
852 69.23076923076923 0.0
853 50.0 0.0
854 61.53846153846154 0.0
855 57.69230769230769 0.0
856 57.69230769230769 0.0
857 61.53846153846154 0.0
858 53.84615384615385 0.0
859 65.38461538461539 0.0
860 61.53846153846154 0.0
861 61.53846153846154 0.0
862 57.69230769230769 0.0
863 53.84615384615385 0.0
864 46.15384615384615 0.0
865 50.0 0.0
866 61.53846153846154 0.0
867 65.38461538461539 0.0
868 57.69230769230769 0.0
869 69.23076923076923 0.0
870 57.69230769230769 0.0
871 61.53846153846154 0.0
872 65.38461538461539 0.0
873 65.38461538461539 0.0
874 69.23076923076923 0.0
875 69.23076923076923 0.0
876 73.07692307692308 0.0
877 65.38461538461539 0.0
878 65.38461538461539 0.0
879 57.69230769230769 0.0
880 57.69230769230769 0.0
881 69.23076923076923 0.0
882 61.53846153846154 0.0
883 61.53846153846154 0.0
884 69.23076923076923 0.0
885 65.38461538461539 0.0
886 53.84615384615385 0.0
887 80.76923076923077 0.0
888 73.07692307692308 0.0
889 61.53846153846154 0.0
890 69.23076923076923 0.0
891 65.38461538461539 0.0
892 65.38461538461539 0.0
893 57.69230769230769 0.0
894 65.38461538461539 0.0
895 65.38461538461539 0.0
896 69.23076923076923 0.0
897 80.76923076923077 0.0
898 73.07692307692308 0.0
899 73.07692307692308 0.0
900 61.53846153846154 0.0
901 61.53846153846154 0.0
902 69.23076923076923 0.0
903 57.69230769230769 0.0
904 50.0 0.0
905 65.38461538461539 0.0
906 61.53846153846154 0.0
907 42.30769230769231 0.0
908 69.23076923076923 0.0
909 57.69230769230769 0.0
910 53.84615384615385 0.0
911 42.30769230769231 0.0
912 65.38461538461539 0.0
913 50.0 0.0
914 57.69230769230769 0.0
915 53.84615384615385 0.0
916 53.84615384615385 0.0
917 46.15384615384615 0.0
918 57.69230769230769 0.0
919 61.53846153846154 0.0
920 69.23076923076923 0.0
921 69.23076923076923 0.0
922 57.69230769230769 0.0
923 76.92307692307692 0.0
924 69.23076923076923 0.0
925 69.23076923076923 0.0
926 69.23076923076923 0.0
927 61.53846153846154 0.0
928 69.23076923076923 0.0
929 65.38461538461539 0.0
930 65.38461538461539 0.0
931 57.69230769230769 0.0
932 65.38461538461539 0.0
933 65.38461538461539 0.0
934 65.38461538461539 0.0
935 73.07692307692308 0.0
936 73.07692307692308 0.0
937 73.07692307692308 0.0
938 65.38461538461539 0.0
939 65.38461538461539 0.0
940 57.69230769230769 0.0
941 65.38461538461539 0.0
942 57.69230769230769 0.0
943 65.38461538461539 0.0
944 73.07692307692308 0.0
945 73.07692307692308 0.0
946 65.38461538461539 0.0
947 65.38461538461539 0.0
948 57.69230769230769 0.0
949 53.84615384615385 0.0
950 65.38461538461539 0.0
951 69.23076923076923 0.0
952 65.38461538461539 0.0
953 73.07692307692308 0.0
954 65.38461538461539 0.0
955 80.76923076923077 0.0
956 65.38461538461539 0.0
957 69.23076923076923 0.0
958 69.23076923076923 0.0
959 53.84615384615385 0.0
960 69.23076923076923 0.0
961 65.38461538461539 0.0
962 69.23076923076923 0.0
963 73.07692307692308 0.0
964 69.23076923076923 0.0
965 65.38461538461539 0.0
966 73.07692307692308 0.0
967 61.53846153846154 0.0
968 76.92307692307692 0.0
969 50.0 0.0
970 57.69230769230769 0.0
971 34.61538461538461 0.0
972 53.84615384615385 0.0
973 42.30769230769231 0.0
974 53.84615384615385 0.0
975 53.84615384615385 0.0
976 50.0 0.0
977 34.61538461538461 0.0
978 38.46153846153846 0.0
979 38.46153846153846 0.0
980 38.46153846153846 0.0
981 46.15384615384615 0.0
982 30.76923076923077 0.0
983 42.30769230769231 0.0
984 38.46153846153846 0.0
985 34.61538461538461 0.0
986 34.61538461538461 0.0
987 42.30769230769231 0.0
988 46.15384615384615 0.0
989 30.76923076923077 0.0
990 38.46153846153846 0.0
991 23.076923076923077 0.0
992 30.76923076923077 0.0
993 38.46153846153846 0.0
994 38.46153846153846 0.0
995 34.61538461538461 0.0
996 42.30769230769231 0.0
997 38.46153846153846 0.0
998 42.30769230769231 0.0
999 26.923076923076923 0.0
