#frame monomers_% popc_isolated_%
0 57.69230769230769 0.0
1 65.38461538461539 0.0
2 57.69230769230769 0.0
3 61.53846153846154 0.0
4 57.69230769230769 0.0
5 69.23076923076923 0.0
6 61.53846153846154 0.0
7 69.23076923076923 0.0
8 50.0 0.0
9 69.23076923076923 0.0
10 76.92307692307692 0.0
11 57.69230769230769 0.0
12 61.53846153846154 0.0
13 65.38461538461539 0.0
14 46.15384615384615 0.0
15 69.23076923076923 0.0
16 57.69230769230769 0.0
17 61.53846153846154 0.0
18 57.69230769230769 0.0
19 46.15384615384615 0.0
20 46.15384615384615 0.0
21 53.84615384615385 0.0
22 50.0 0.0
23 53.84615384615385 0.0
24 57.69230769230769 0.0
25 61.53846153846154 0.0
26 69.23076923076923 0.0
27 61.53846153846154 0.0
28 61.53846153846154 0.0
29 61.53846153846154 0.0
30 73.07692307692308 0.0
31 69.23076923076923 0.0
32 65.38461538461539 0.0
33 57.69230769230769 0.0
34 65.38461538461539 0.0
35 73.07692307692308 0.0
36 65.38461538461539 0.0
37 65.38461538461539 0.0
38 61.53846153846154 0.0
39 76.92307692307692 0.0
40 80.76923076923077 0.0
41 76.92307692307692 0.0
42 80.76923076923077 0.0
43 76.92307692307692 0.0
44 65.38461538461539 0.0
45 65.38461538461539 0.0
46 65.38461538461539 0.0
47 65.38461538461539 0.0
48 65.38461538461539 0.0
49 80.76923076923077 0.0
50 73.07692307692308 0.0
51 69.23076923076923 0.0
52 73.07692307692308 0.0
53 80.76923076923077 0.0
54 69.23076923076923 0.0
55 61.53846153846154 0.0
56 65.38461538461539 0.0
57 73.07692307692308 0.0
58 76.92307692307692 0.0
59 42.30769230769231 0.0
60 61.53846153846154 0.0
61 80.76923076923077 0.0
62 84.61538461538461 0.0
63 61.53846153846154 0.0
64 69.23076923076923 0.0
65 69.23076923076923 0.0
66 61.53846153846154 0.0
67 65.38461538461539 0.0
68 53.84615384615385 0.0
69 65.38461538461539 0.0
70 61.53846153846154 0.0
71 92.3076923076923 0.0
72 76.92307692307692 0.0
73 73.07692307692308 0.0
74 76.92307692307692 0.0
75 69.23076923076923 0.0
76 69.23076923076923 0.0
77 76.92307692307692 0.0
78 76.92307692307692 0.0
79 76.92307692307692 0.0
80 76.92307692307692 0.0
81 84.61538461538461 0.0
82 65.38461538461539 0.0
83 69.23076923076923 0.0
84 76.92307692307692 0.0
85 76.92307692307692 0.0
86 76.92307692307692 0.0
87 84.61538461538461 0.0
88 69.23076923076923 0.0
89 65.38461538461539 0.0
90 69.23076923076923 0.0
91 80.76923076923077 0.0
92 69.23076923076923 0.0
93 69.23076923076923 0.0
94 73.07692307692308 0.0
95 69.23076923076923 0.0
96 84.61538461538461 0.0
97 73.07692307692308 0.0
98 61.53846153846154 0.0
99 69.23076923076923 0.0
100 69.23076923076923 0.0
101 73.07692307692308 0.0
102 73.07692307692308 0.0
103 80.76923076923077 0.0
104 61.53846153846154 0.0
105 65.38461538461539 0.0
106 73.07692307692308 0.0
107 57.69230769230769 0.0
108 65.38461538461539 0.0
109 73.07692307692308 0.0
110 73.07692307692308 0.0
111 65.38461538461539 0.0
112 80.76923076923077 0.0
113 73.07692307692308 0.0
114 65.38461538461539 0.0
115 73.07692307692308 0.0
116 80.76923076923077 0.0
117 80.76923076923077 0.0
118 73.07692307692308 0.0
119 76.92307692307692 0.0
120 76.92307692307692 0.0
121 69.23076923076923 0.0
122 73.07692307692308 0.0
123 76.92307692307692 0.0
124 65.38461538461539 0.0
125 76.92307692307692 0.0
126 76.92307692307692 0.0
127 76.92307692307692 0.0
128 73.07692307692308 0.0
129 69.23076923076923 0.0
130 69.23076923076923 0.0
131 53.84615384615385 0.0
132 76.92307692307692 0.0
133 76.92307692307692 0.0
134 76.92307692307692 0.0
135 84.61538461538461 0.0
136 65.38461538461539 0.0
137 65.38461538461539 0.0
138 69.23076923076923 0.0
139 65.38461538461539 0.0
140 84.61538461538461 0.0
141 76.92307692307692 0.0
142 76.92307692307692 0.0
143 65.38461538461539 0.0
144 61.53846153846154 0.0
145 53.84615384615385 0.0
146 61.53846153846154 0.0
147 57.69230769230769 0.0
148 53.84615384615385 0.0
149 76.92307692307692 0.0
150 69.23076923076923 0.0
151 69.23076923076923 0.0
152 57.69230769230769 0.0
153 65.38461538461539 0.0
154 65.38461538461539 0.0
155 46.15384615384615 0.0
156 50.0 0.0
157 50.0 0.0
158 46.15384615384615 0.0
159 57.69230769230769 0.0
160 38.46153846153846 0.0
161 50.0 0.0
162 61.53846153846154 0.0
163 53.84615384615385 0.0
164 42.30769230769231 0.0
165 50.0 0.0
166 50.0 0.0
167 50.0 0.0
168 61.53846153846154 0.0
169 53.84615384615385 0.0
170 61.53846153846154 0.0
171 53.84615384615385 0.0
172 46.15384615384615 0.0
173 50.0 0.0
174 57.69230769230769 0.0
175 42.30769230769231 0.0
176 61.53846153846154 0.0
177 69.23076923076923 0.0
178 57.69230769230769 0.0
179 57.69230769230769 0.0
180 57.69230769230769 0.0
181 61.53846153846154 0.0
182 65.38461538461539 0.0
183 61.53846153846154 0.0
184 50.0 0.0
185 50.0 0.0
186 57.69230769230769 0.0
187 65.38461538461539 0.0
188 53.84615384615385 0.0
189 50.0 0.0
190 46.15384615384615 0.0
191 57.69230769230769 0.0
192 61.53846153846154 0.0
193 53.84615384615385 0.0
194 57.69230769230769 0.0
195 57.69230769230769 0.0
196 73.07692307692308 0.0
197 57.69230769230769 0.0
198 65.38461538461539 0.0
199 50.0 0.0
200 61.53846153846154 0.0
201 69.23076923076923 0.0
202 61.53846153846154 0.0
203 57.69230769230769 0.0
204 65.38461538461539 0.0
205 61.53846153846154 0.0
206 61.53846153846154 0.0
207 50.0 0.0
208 61.53846153846154 0.0
209 65.38461538461539 0.0
210 65.38461538461539 0.0
211 61.53846153846154 0.0
212 65.38461538461539 0.0
213 65.38461538461539 0.0
214 61.53846153846154 0.0
215 57.69230769230769 0.0
216 61.53846153846154 0.0
217 53.84615384615385 0.0
218 57.69230769230769 0.0
219 57.69230769230769 0.0
220 61.53846153846154 0.0
221 57.69230769230769 0.0
222 65.38461538461539 0.0
223 73.07692307692308 0.0
224 61.53846153846154 0.0
225 53.84615384615385 0.0
226 53.84615384615385 0.0
227 61.53846153846154 0.0
228 69.23076923076923 0.0
229 61.53846153846154 0.0
230 61.53846153846154 0.0
231 61.53846153846154 0.0
232 53.84615384615385 0.0
233 61.53846153846154 0.0
234 50.0 0.0
235 57.69230769230769 0.0
236 57.69230769230769 0.0
237 50.0 0.0
238 50.0 0.0
239 61.53846153846154 0.0
240 61.53846153846154 0.0
241 61.53846153846154 0.0
242 53.84615384615385 0.0
243 65.38461538461539 0.0
244 65.38461538461539 0.0
245 65.38461538461539 0.0
246 65.38461538461539 0.0
247 73.07692307692308 0.0
248 65.38461538461539 0.0
249 57.69230769230769 0.0
250 65.38461538461539 0.0
251 65.38461538461539 0.0
252 69.23076923076923 0.0
253 61.53846153846154 0.0
254 65.38461538461539 0.0
255 65.38461538461539 0.0
256 65.38461538461539 0.0
257 76.92307692307692 0.0
258 69.23076923076923 0.0
259 73.07692307692308 0.0
260 76.92307692307692 0.0
261 73.07692307692308 0.0
262 84.61538461538461 0.0
263 69.23076923076923 0.0
264 92.3076923076923 0.0
265 76.92307692307692 0.0
266 76.92307692307692 0.0
267 84.61538461538461 0.0
268 84.61538461538461 0.0
269 76.92307692307692 0.0
270 69.23076923076923 0.0
271 69.23076923076923 0.0
272 53.84615384615385 0.0
273 61.53846153846154 0.0
274 61.53846153846154 0.0
275 69.23076923076923 0.0
276 65.38461538461539 0.0
277 57.69230769230769 0.0
278 53.84615384615385 0.0
279 50.0 0.0
280 46.15384615384615 0.0
281 46.15384615384615 0.0
282 46.15384615384615 0.0
283 53.84615384615385 0.0
284 50.0 0.0
285 61.53846153846154 0.0
286 69.23076923076923 0.0
287 76.92307692307692 0.0
288 50.0 0.0
289 53.84615384615385 0.0
290 53.84615384615385 0.0
291 57.69230769230769 0.0
292 57.69230769230769 0.0
293 69.23076923076923 0.0
294 57.69230769230769 0.0
295 65.38461538461539 0.0
296 73.07692307692308 0.0
297 65.38461538461539 0.0
298 65.38461538461539 0.0
299 61.53846153846154 0.0
300 53.84615384615385 0.0
301 61.53846153846154 0.0
302 57.69230769230769 0.0
303 57.69230769230769 0.0
304 61.53846153846154 0.0
305 76.92307692307692 0.0
306 57.69230769230769 0.0
307 61.53846153846154 0.0
308 61.53846153846154 0.0
309 69.23076923076923 0.0
310 69.23076923076923 0.0
311 73.07692307692308 0.0
312 65.38461538461539 0.0
313 53.84615384615385 0.0
314 69.23076923076923 0.0
315 73.07692307692308 0.0
316 84.61538461538461 0.0
317 69.23076923076923 0.0
318 80.76923076923077 0.0
319 69.23076923076923 0.0
320 69.23076923076923 0.0
321 76.92307692307692 0.0
322 65.38461538461539 0.0
323 69.23076923076923 0.0
324 61.53846153846154 0.0
325 53.84615384615385 0.0
326 50.0 0.0
327 46.15384615384615 0.0
328 57.69230769230769 0.0
329 57.69230769230769 0.0
330 76.92307692307692 0.0
331 61.53846153846154 0.0
332 46.15384615384615 0.0
333 69.23076923076923 0.0
334 69.23076923076923 0.0
335 61.53846153846154 0.0
336 57.69230769230769 0.0
337 69.23076923076923 0.0
338 50.0 0.0
339 69.23076923076923 0.0
340 57.69230769230769 0.0
341 57.69230769230769 0.0
342 73.07692307692308 0.0
343 42.30769230769231 0.0
344 57.69230769230769 0.0
345 61.53846153846154 0.0
346 65.38461538461539 0.0
347 69.23076923076923 0.0
348 69.23076923076923 0.0
349 69.23076923076923 0.0
350 76.92307692307692 0.0
351 73.07692307692308 0.0
352 69.23076923076923 0.0
353 84.61538461538461 0.0
354 73.07692307692308 0.0
355 53.84615384615385 0.0
356 76.92307692307692 0.0
357 73.07692307692308 0.0
358 65.38461538461539 0.0
359 73.07692307692308 0.0
360 65.38461538461539 0.0
361 65.38461538461539 0.0
362 69.23076923076923 0.0
363 69.23076923076923 0.0
364 76.92307692307692 0.0
365 69.23076923076923 0.0
366 69.23076923076923 0.0
367 69.23076923076923 0.0
368 69.23076923076923 0.0
369 76.92307692307692 0.0
370 73.07692307692308 0.0
371 61.53846153846154 0.0
372 80.76923076923077 0.0
373 84.61538461538461 0.0
374 84.61538461538461 0.0
375 76.92307692307692 0.0
376 80.76923076923077 0.0
377 76.92307692307692 0.0
378 76.92307692307692 0.0
379 84.61538461538461 0.0
380 84.61538461538461 0.0
381 100.0 0.0
382 92.3076923076923 0.0
383 84.61538461538461 0.0
384 100.0 0.0
385 76.92307692307692 0.0
386 65.38461538461539 0.0
387 69.23076923076923 0.0
388 80.76923076923077 0.0
389 76.92307692307692 0.0
390 73.07692307692308 0.0
391 73.07692307692308 0.0
392 57.69230769230769 0.0
393 69.23076923076923 0.0
394 69.23076923076923 0.0
395 65.38461538461539 0.0
396 53.84615384615385 0.0
397 61.53846153846154 0.0
398 65.38461538461539 0.0
399 57.69230769230769 0.0
400 50.0 0.0
401 53.84615384615385 0.0
402 69.23076923076923 0.0
403 46.15384615384615 0.0
404 65.38461538461539 0.0
405 69.23076923076923 0.0
406 73.07692307692308 0.0
407 73.07692307692308 0.0
408 61.53846153846154 0.0
409 69.23076923076923 0.0
410 76.92307692307692 0.0
411 61.53846153846154 0.0
412 76.92307692307692 0.0
413 76.92307692307692 0.0
414 69.23076923076923 0.0
415 69.23076923076923 0.0
416 69.23076923076923 0.0
417 57.69230769230769 0.0
418 69.23076923076923 0.0
419 46.15384615384615 0.0
420 61.53846153846154 0.0
421 57.69230769230769 0.0
422 69.23076923076923 0.0
423 69.23076923076923 0.0
424 69.23076923076923 0.0
425 69.23076923076923 0.0
426 57.69230769230769 0.0
427 57.69230769230769 0.0
428 69.23076923076923 0.0
429 61.53846153846154 0.0
430 61.53846153846154 0.0
431 57.69230769230769 0.0
432 61.53846153846154 0.0
433 53.84615384615385 0.0
434 65.38461538461539 0.0
435 65.38461538461539 0.0
436 61.53846153846154 0.0
437 61.53846153846154 0.0
438 73.07692307692308 0.0
439 73.07692307692308 0.0
440 65.38461538461539 0.0
441 65.38461538461539 0.0
442 69.23076923076923 0.0
443 61.53846153846154 0.0
444 53.84615384615385 0.0
445 46.15384615384615 0.0
446 61.53846153846154 0.0
447 69.23076923076923 0.0
448 61.53846153846154 0.0
449 76.92307692307692 0.0
450 80.76923076923077 0.0
451 73.07692307692308 0.0
452 76.92307692307692 0.0
453 57.69230769230769 0.0
454 69.23076923076923 0.0
455 73.07692307692308 0.0
456 65.38461538461539 0.0
457 57.69230769230769 0.0
458 57.69230769230769 0.0
459 61.53846153846154 0.0
460 65.38461538461539 0.0
461 69.23076923076923 0.0
462 80.76923076923077 0.0
463 76.92307692307692 0.0
464 65.38461538461539 0.0
465 65.38461538461539 0.0
466 73.07692307692308 0.0
467 69.23076923076923 0.0
468 65.38461538461539 0.0
469 61.53846153846154 0.0
470 50.0 0.0
471 61.53846153846154 0.0
472 46.15384615384615 0.0
473 57.69230769230769 0.0
474 57.69230769230769 0.0
475 50.0 0.0
476 53.84615384615385 0.0
477 53.84615384615385 0.0
478 46.15384615384615 0.0
479 46.15384615384615 0.0
480 42.30769230769231 0.0
481 53.84615384615385 0.0
482 61.53846153846154 0.0
483 53.84615384615385 0.0
484 57.69230769230769 0.0
485 57.69230769230769 0.0
486 65.38461538461539 0.0
487 65.38461538461539 0.0
488 65.38461538461539 0.0
489 73.07692307692308 0.0
490 73.07692307692308 0.0
491 53.84615384615385 0.0
492 57.69230769230769 0.0
493 65.38461538461539 0.0
494 65.38461538461539 0.0
495 73.07692307692308 0.0
496 65.38461538461539 0.0
497 73.07692307692308 0.0
498 65.38461538461539 0.0
499 61.53846153846154 0.0
500 57.69230769230769 0.0
501 57.69230769230769 0.0
502 53.84615384615385 0.0
503 57.69230769230769 0.0
504 57.69230769230769 0.0
505 57.69230769230769 0.0
506 61.53846153846154 0.0
507 61.53846153846154 0.0
508 73.07692307692308 0.0
509 61.53846153846154 0.0
510 76.92307692307692 0.0
511 80.76923076923077 0.0
512 65.38461538461539 0.0
513 61.53846153846154 0.0
514 61.53846153846154 0.0
515 65.38461538461539 0.0
516 65.38461538461539 0.0
517 57.69230769230769 0.0
518 65.38461538461539 0.0
519 65.38461538461539 0.0
520 53.84615384615385 0.0
521 57.69230769230769 0.0
522 73.07692307692308 0.0
523 65.38461538461539 0.0
524 73.07692307692308 0.0
525 65.38461538461539 0.0
526 61.53846153846154 0.0
527 73.07692307692308 0.0
528 69.23076923076923 0.0
529 73.07692307692308 0.0
530 65.38461538461539 0.0
531 73.07692307692308 0.0
532 61.53846153846154 0.0
533 73.07692307692308 0.0
534 69.23076923076923 0.0
535 61.53846153846154 0.0
536 73.07692307692308 0.0
537 69.23076923076923 0.0
538 57.69230769230769 0.0
539 61.53846153846154 0.0
540 65.38461538461539 0.0
541 69.23076923076923 0.0
542 65.38461538461539 0.0
543 73.07692307692308 0.0
544 57.69230769230769 0.0
545 69.23076923076923 0.0
546 65.38461538461539 0.0
547 69.23076923076923 0.0
548 57.69230769230769 0.0
549 61.53846153846154 0.0
550 69.23076923076923 0.0
551 65.38461538461539 0.0
552 46.15384615384615 0.0
553 65.38461538461539 0.0
554 65.38461538461539 0.0
555 73.07692307692308 0.0
556 57.69230769230769 0.0
557 61.53846153846154 0.0
558 57.69230769230769 0.0
559 61.53846153846154 0.0
560 69.23076923076923 0.0
561 69.23076923076923 0.0
562 69.23076923076923 0.0
563 50.0 0.0
564 61.53846153846154 0.0
565 53.84615384615385 0.0
566 46.15384615384615 0.0
567 46.15384615384615 0.0
568 57.69230769230769 0.0
569 73.07692307692308 0.0
570 76.92307692307692 0.0
571 53.84615384615385 0.0
572 69.23076923076923 0.0
573 61.53846153846154 0.0
574 76.92307692307692 0.0
575 73.07692307692308 0.0
576 57.69230769230769 0.0
577 61.53846153846154 0.0
578 57.69230769230769 0.0
579 57.69230769230769 0.0
580 73.07692307692308 0.0
581 57.69230769230769 0.0
582 53.84615384615385 0.0
583 53.84615384615385 0.0
584 65.38461538461539 0.0
585 61.53846153846154 0.0
586 57.69230769230769 0.0
587 50.0 0.0
588 53.84615384615385 0.0
589 61.53846153846154 0.0
590 53.84615384615385 0.0
591 53.84615384615385 0.0
592 65.38461538461539 0.0
593 57.69230769230769 0.0
594 46.15384615384615 0.0
595 50.0 0.0
596 46.15384615384615 0.0
597 50.0 0.0
598 53.84615384615385 0.0
599 50.0 0.0
600 57.69230769230769 0.0
601 53.84615384615385 0.0
602 46.15384615384615 0.0
603 53.84615384615385 0.0
604 53.84615384615385 0.0
605 57.69230769230769 0.0
606 61.53846153846154 0.0
607 76.92307692307692 0.0
608 65.38461538461539 0.0
609 69.23076923076923 0.0
610 69.23076923076923 0.0
611 76.92307692307692 0.0
612 61.53846153846154 0.0
613 73.07692307692308 0.0
614 65.38461538461539 0.0
615 57.69230769230769 0.0
616 65.38461538461539 0.0
617 65.38461538461539 0.0
618 69.23076923076923 0.0
619 57.69230769230769 0.0
620 57.69230769230769 0.0
621 61.53846153846154 0.0
622 53.84615384615385 0.0
623 61.53846153846154 0.0
624 61.53846153846154 0.0
625 61.53846153846154 0.0
626 57.69230769230769 0.0
627 65.38461538461539 0.0
628 65.38461538461539 0.0
629 61.53846153846154 0.0
630 57.69230769230769 0.0
631 50.0 0.0
632 69.23076923076923 0.0
633 61.53846153846154 0.0
634 61.53846153846154 0.0
635 69.23076923076923 0.0
636 65.38461538461539 0.0
637 65.38461538461539 0.0
638 61.53846153846154 0.0
639 65.38461538461539 0.0
640 80.76923076923077 0.0
641 57.69230769230769 0.0
642 69.23076923076923 0.0
643 73.07692307692308 0.0
644 65.38461538461539 0.0
645 69.23076923076923 0.0
646 76.92307692307692 0.0
647 65.38461538461539 0.0
648 57.69230769230769 0.0
649 57.69230769230769 0.0
650 69.23076923076923 0.0
651 61.53846153846154 0.0
652 61.53846153846154 0.0
653 73.07692307692308 0.0
654 76.92307692307692 0.0
655 76.92307692307692 0.0
656 61.53846153846154 0.0
657 61.53846153846154 0.0
658 61.53846153846154 0.0
659 53.84615384615385 0.0
660 57.69230769230769 0.0
661 57.69230769230769 0.0
662 57.69230769230769 0.0
663 65.38461538461539 0.0
664 53.84615384615385 0.0
665 61.53846153846154 0.0
666 61.53846153846154 0.0
667 61.53846153846154 0.0
668 50.0 0.0
669 50.0 0.0
670 53.84615384615385 0.0
671 61.53846153846154 0.0
672 61.53846153846154 0.0
673 69.23076923076923 0.0
674 69.23076923076923 0.0
675 57.69230769230769 0.0
676 46.15384615384615 0.0
677 53.84615384615385 0.0
678 53.84615384615385 0.0
679 57.69230769230769 0.0
680 65.38461538461539 0.0
681 61.53846153846154 0.0
682 61.53846153846154 0.0
683 73.07692307692308 0.0
684 65.38461538461539 0.0
685 57.69230769230769 0.0
686 69.23076923076923 0.0
687 69.23076923076923 0.0
688 61.53846153846154 0.0
689 76.92307692307692 0.0
690 69.23076923076923 0.0
691 61.53846153846154 0.0
692 53.84615384615385 0.0
693 69.23076923076923 0.0
694 61.53846153846154 0.0
695 65.38461538461539 0.0
696 61.53846153846154 0.0
697 76.92307692307692 0.0
698 65.38461538461539 0.0
699 76.92307692307692 0.0
700 69.23076923076923 0.0
701 53.84615384615385 0.0
702 46.15384615384615 0.0
703 61.53846153846154 0.0
704 61.53846153846154 0.0
705 53.84615384615385 0.0
706 69.23076923076923 0.0
707 69.23076923076923 0.0
708 61.53846153846154 0.0
709 53.84615384615385 0.0
710 57.69230769230769 0.0
711 46.15384615384615 0.0
712 53.84615384615385 0.0
713 50.0 0.0
714 57.69230769230769 0.0
715 53.84615384615385 0.0
716 50.0 0.0
717 46.15384615384615 0.0
718 53.84615384615385 0.0
719 57.69230769230769 0.0
720 61.53846153846154 0.0
721 57.69230769230769 0.0
722 57.69230769230769 0.0
723 57.69230769230769 0.0
724 61.53846153846154 0.0
725 65.38461538461539 0.0
726 65.38461538461539 0.0
727 65.38461538461539 0.0
728 69.23076923076923 0.0
729 65.38461538461539 0.0
730 57.69230769230769 0.0
731 50.0 0.0
732 65.38461538461539 0.0
733 65.38461538461539 0.0
734 61.53846153846154 0.0
735 65.38461538461539 0.0
736 69.23076923076923 0.0
737 65.38461538461539 0.0
738 76.92307692307692 0.0
739 69.23076923076923 0.0
740 65.38461538461539 0.0
741 73.07692307692308 0.0
742 76.92307692307692 0.0
743 61.53846153846154 0.0
744 76.92307692307692 0.0
745 69.23076923076923 0.0
746 65.38461538461539 0.0
747 65.38461538461539 0.0
748 61.53846153846154 0.0
749 65.38461538461539 0.0
750 76.92307692307692 0.0
751 61.53846153846154 0.0
752 69.23076923076923 0.0
753 61.53846153846154 0.0
754 69.23076923076923 0.0
755 65.38461538461539 0.0
756 76.92307692307692 0.0
757 69.23076923076923 0.0
758 53.84615384615385 0.0
759 69.23076923076923 0.0
760 65.38461538461539 0.0
761 65.38461538461539 0.0
762 76.92307692307692 0.0
763 65.38461538461539 0.0
764 84.61538461538461 0.0
765 73.07692307692308 0.0
766 57.69230769230769 0.0
767 69.23076923076923 0.0
768 69.23076923076923 0.0
769 76.92307692307692 0.0
770 61.53846153846154 0.0
771 53.84615384615385 0.0
772 73.07692307692308 0.0
773 73.07692307692308 0.0
774 76.92307692307692 0.0
775 73.07692307692308 0.0
776 65.38461538461539 0.0
777 69.23076923076923 0.0
778 57.69230769230769 0.0
779 57.69230769230769 0.0
780 76.92307692307692 0.0
781 69.23076923076923 0.0
782 69.23076923076923 0.0
783 53.84615384615385 0.0
784 61.53846153846154 0.0
785 50.0 0.0
786 46.15384615384615 0.0
787 50.0 0.0
788 53.84615384615385 0.0
789 53.84615384615385 0.0
790 53.84615384615385 0.0
791 53.84615384615385 0.0
792 50.0 0.0
793 50.0 0.0
794 53.84615384615385 0.0
795 57.69230769230769 0.0
796 42.30769230769231 0.0
797 46.15384615384615 0.0
798 53.84615384615385 0.0
799 42.30769230769231 0.0
800 50.0 0.0
801 46.15384615384615 0.0
802 53.84615384615385 0.0
803 50.0 0.0
804 65.38461538461539 0.0
805 65.38461538461539 0.0
806 57.69230769230769 0.0
807 80.76923076923077 0.0
808 73.07692307692308 0.0
809 65.38461538461539 0.0
810 57.69230769230769 0.0
811 57.69230769230769 0.0
812 73.07692307692308 0.0
813 73.07692307692308 0.0
814 65.38461538461539 0.0
815 73.07692307692308 0.0
816 80.76923076923077 0.0
817 76.92307692307692 0.0
818 80.76923076923077 0.0
819 73.07692307692308 0.0
820 76.92307692307692 0.0
821 73.07692307692308 0.0
822 73.07692307692308 0.0
823 88.46153846153847 0.0
824 65.38461538461539 0.0
825 88.46153846153847 0.0
826 65.38461538461539 0.0
827 80.76923076923077 0.0
828 76.92307692307692 0.0
829 69.23076923076923 0.0
830 61.53846153846154 0.0
831 61.53846153846154 0.0
832 73.07692307692308 0.0
833 57.69230769230769 0.0
834 61.53846153846154 0.0
835 65.38461538461539 0.0
836 53.84615384615385 0.0
837 50.0 0.0
838 57.69230769230769 0.0
839 69.23076923076923 0.0
840 50.0 0.0
841 65.38461538461539 0.0
842 65.38461538461539 0.0
843 65.38461538461539 0.0
844 61.53846153846154 0.0
845 76.92307692307692 0.0
846 69.23076923076923 0.0
847 76.92307692307692 0.0
848 69.23076923076923 0.0
849 76.92307692307692 0.0
850 69.23076923076923 0.0
851 76.92307692307692 0.0
852 65.38461538461539 0.0
853 76.92307692307692 0.0
854 69.23076923076923 0.0
855 61.53846153846154 0.0
856 76.92307692307692 0.0
857 76.92307692307692 0.0
858 73.07692307692308 0.0
859 53.84615384615385 0.0
860 57.69230769230769 0.0
861 61.53846153846154 0.0
862 69.23076923076923 0.0
863 76.92307692307692 0.0
864 61.53846153846154 0.0
865 65.38461538461539 0.0
866 73.07692307692308 0.0
867 73.07692307692308 0.0
868 69.23076923076923 0.0
869 61.53846153846154 0.0
870 76.92307692307692 0.0
871 61.53846153846154 0.0
872 69.23076923076923 0.0
873 61.53846153846154 0.0
874 61.53846153846154 0.0
875 65.38461538461539 0.0
876 61.53846153846154 0.0
877 65.38461538461539 0.0
878 73.07692307692308 0.0
879 69.23076923076923 0.0
880 73.07692307692308 0.0
881 65.38461538461539 0.0
882 80.76923076923077 0.0
883 73.07692307692308 0.0
884 80.76923076923077 0.0
885 65.38461538461539 0.0
886 88.46153846153847 0.0
887 73.07692307692308 0.0
888 65.38461538461539 0.0
889 61.53846153846154 0.0
890 65.38461538461539 0.0
891 73.07692307692308 0.0
892 76.92307692307692 0.0
893 73.07692307692308 0.0
894 69.23076923076923 0.0
895 53.84615384615385 0.0
896 76.92307692307692 0.0
897 100.0 0.0
898 92.3076923076923 0.0
899 76.92307692307692 0.0
900 65.38461538461539 0.0
901 88.46153846153847 0.0
902 88.46153846153847 0.0
903 76.92307692307692 0.0
904 80.76923076923077 0.0
905 73.07692307692308 0.0
906 84.61538461538461 0.0
907 80.76923076923077 0.0
908 57.69230769230769 0.0
909 73.07692307692308 0.0
910 73.07692307692308 0.0
911 80.76923076923077 0.0
912 61.53846153846154 0.0
913 76.92307692307692 0.0
914 61.53846153846154 0.0
915 76.92307692307692 0.0
916 84.61538461538461 0.0
917 92.3076923076923 0.0
918 84.61538461538461 0.0
919 84.61538461538461 0.0
920 84.61538461538461 0.0
921 84.61538461538461 0.0
922 84.61538461538461 0.0
923 100.0 0.0
924 84.61538461538461 0.0
925 92.3076923076923 0.0
926 69.23076923076923 0.0
927 84.61538461538461 0.0
928 73.07692307692308 0.0
929 69.23076923076923 0.0
930 61.53846153846154 0.0
931 76.92307692307692 0.0
932 76.92307692307692 0.0
933 76.92307692307692 0.0
934 76.92307692307692 0.0
935 61.53846153846154 0.0
936 57.69230769230769 0.0
937 57.69230769230769 0.0
938 53.84615384615385 0.0
939 65.38461538461539 0.0
940 61.53846153846154 0.0
941 80.76923076923077 0.0
942 69.23076923076923 0.0
943 69.23076923076923 0.0
944 65.38461538461539 0.0
945 73.07692307692308 0.0
946 76.92307692307692 0.0
947 84.61538461538461 0.0
948 84.61538461538461 0.0
949 84.61538461538461 0.0
950 69.23076923076923 0.0
951 76.92307692307692 0.0
952 76.92307692307692 0.0
953 65.38461538461539 0.0
954 73.07692307692308 0.0
955 84.61538461538461 0.0
956 53.84615384615385 0.0
957 69.23076923076923 0.0
958 76.92307692307692 0.0
959 76.92307692307692 0.0
960 76.92307692307692 0.0
961 76.92307692307692 0.0
962 65.38461538461539 0.0
963 76.92307692307692 0.0
964 76.92307692307692 0.0
965 69.23076923076923 0.0
966 69.23076923076923 0.0
967 73.07692307692308 0.0
968 76.92307692307692 0.0
969 76.92307692307692 0.0
970 76.92307692307692 0.0
971 76.92307692307692 0.0
972 76.92307692307692 0.0
973 76.92307692307692 0.0
974 76.92307692307692 0.0
975 69.23076923076923 0.0
976 84.61538461538461 0.0
977 76.92307692307692 0.0
978 76.92307692307692 0.0
979 76.92307692307692 0.0
980 73.07692307692308 0.0
981 80.76923076923077 0.0
982 84.61538461538461 0.0
983 76.92307692307692 0.0
984 76.92307692307692 0.0
985 80.76923076923077 0.0
986 84.61538461538461 0.0
987 76.92307692307692 0.0
988 80.76923076923077 0.0
989 92.3076923076923 0.0
990 73.07692307692308 0.0
991 69.23076923076923 0.0
992 76.92307692307692 0.0
993 92.3076923076923 0.0
994 84.61538461538461 0.0
995 92.3076923076923 0.0
996 80.76923076923077 0.0
997 80.76923076923077 0.0
998 76.92307692307692 0.0
999 73.07692307692308 0.0
