#frame monomers_% popc_isolated_%
0 61.53846153846154 0.0
1 61.53846153846154 0.0
2 57.69230769230769 0.0
3 73.07692307692308 0.0
4 69.23076923076923 0.0
5 84.61538461538461 0.0
6 76.92307692307692 0.0
7 80.76923076923077 0.0
8 80.76923076923077 0.0
9 76.92307692307692 0.0
10 65.38461538461539 0.0
11 69.23076923076923 0.0
12 69.23076923076923 0.0
13 57.69230769230769 0.0
14 65.38461538461539 0.0
15 76.92307692307692 0.0
16 57.69230769230769 0.0
17 65.38461538461539 0.0
18 73.07692307692308 0.0
19 65.38461538461539 0.0
20 69.23076923076923 0.0
21 84.61538461538461 0.0
22 80.76923076923077 0.0
23 53.84615384615385 0.0
24 53.84615384615385 0.0
25 65.38461538461539 0.0
26 65.38461538461539 0.0
27 69.23076923076923 0.0
28 65.38461538461539 0.0
29 65.38461538461539 0.0
30 80.76923076923077 0.0
31 65.38461538461539 0.0
32 65.38461538461539 0.0
33 76.92307692307692 0.0
34 53.84615384615385 0.0
35 61.53846153846154 0.0
36 57.69230769230769 0.0
37 69.23076923076923 0.0
38 69.23076923076923 0.0
39 65.38461538461539 0.0
40 53.84615384615385 0.0
41 50.0 0.0
42 46.15384615384615 0.0
43 53.84615384615385 0.0
44 50.0 0.0
45 57.69230769230769 0.0
46 38.46153846153846 0.0
47 73.07692307692308 0.0
48 50.0 0.0
49 61.53846153846154 0.0
50 65.38461538461539 0.0
51 53.84615384615385 0.0
52 50.0 0.0
53 61.53846153846154 0.0
54 65.38461538461539 0.0
55 46.15384615384615 0.0
56 42.30769230769231 0.0
57 50.0 0.0
58 65.38461538461539 0.0
59 65.38461538461539 0.0
60 73.07692307692308 0.0
61 73.07692307692308 0.0
62 61.53846153846154 0.0
63 69.23076923076923 0.0
64 57.69230769230769 0.0
65 65.38461538461539 0.0
66 46.15384615384615 0.0
67 61.53846153846154 0.0
68 57.69230769230769 0.0
69 53.84615384615385 0.0
70 53.84615384615385 0.0
71 57.69230769230769 0.0
72 69.23076923076923 0.0
73 61.53846153846154 0.0
74 50.0 0.0
75 53.84615384615385 0.0
76 53.84615384615385 0.0
77 46.15384615384615 0.0
78 57.69230769230769 0.0
79 57.69230769230769 0.0
80 53.84615384615385 0.0
81 61.53846153846154 0.0
82 73.07692307692308 0.0
83 65.38461538461539 0.0
84 57.69230769230769 0.0
85 57.69230769230769 0.0
86 50.0 0.0
87 57.69230769230769 0.0
88 57.69230769230769 0.0
89 53.84615384615385 0.0
90 50.0 0.0
91 73.07692307692308 0.0
92 57.69230769230769 0.0
93 57.69230769230769 0.0
94 50.0 0.0
95 65.38461538461539 0.0
96 50.0 0.0
97 57.69230769230769 0.0
98 53.84615384615385 0.0
99 65.38461538461539 0.0
100 65.38461538461539 0.0
101 65.38461538461539 0.0
102 50.0 0.0
103 57.69230769230769 0.0
104 76.92307692307692 0.0
105 69.23076923076923 0.0
106 61.53846153846154 0.0
107 61.53846153846154 0.0
108 53.84615384615385 0.0
109 61.53846153846154 0.0
110 65.38461538461539 0.0
111 46.15384615384615 0.0
112 46.15384615384615 0.0
113 57.69230769230769 0.0
114 61.53846153846154 0.0
115 50.0 0.0
116 57.69230769230769 0.0
117 50.0 0.0
118 46.15384615384615 0.0
119 57.69230769230769 0.0
120 57.69230769230769 0.0
121 50.0 0.0
122 57.69230769230769 0.0
123 53.84615384615385 0.0
124 61.53846153846154 0.0
125 53.84615384615385 0.0
126 42.30769230769231 0.0
127 46.15384615384615 0.0
128 61.53846153846154 0.0
129 46.15384615384615 0.0
130 46.15384615384615 0.0
131 50.0 0.0
132 42.30769230769231 0.0
133 57.69230769230769 0.0
134 50.0 0.0
135 38.46153846153846 0.0
136 46.15384615384615 0.0
137 50.0 0.0
138 42.30769230769231 0.0
139 50.0 0.0
140 46.15384615384615 0.0
141 46.15384615384615 0.0
142 53.84615384615385 0.0
143 50.0 0.0
144 61.53846153846154 0.0
145 53.84615384615385 0.0
146 50.0 0.0
147 69.23076923076923 0.0
148 69.23076923076923 0.0
149 46.15384615384615 0.0
150 65.38461538461539 0.0
151 53.84615384615385 0.0
152 42.30769230769231 0.0
153 46.15384615384615 0.0
154 57.69230769230769 0.0
155 50.0 0.0
156 50.0 0.0
157 53.84615384615385 0.0
158 61.53846153846154 0.0
159 65.38461538461539 0.0
160 53.84615384615385 0.0
161 46.15384615384615 0.0
162 57.69230769230769 0.0
163 34.61538461538461 0.0
164 46.15384615384615 0.0
165 46.15384615384615 0.0
166 53.84615384615385 0.0
167 50.0 0.0
168 53.84615384615385 0.0
169 38.46153846153846 0.0
170 53.84615384615385 0.0
171 42.30769230769231 0.0
172 42.30769230769231 0.0
173 46.15384615384615 0.0
174 53.84615384615385 0.0
175 57.69230769230769 0.0
176 57.69230769230769 0.0
177 50.0 0.0
178 53.84615384615385 0.0
179 57.69230769230769 0.0
180 57.69230769230769 0.0
181 42.30769230769231 0.0
182 50.0 0.0
183 65.38461538461539 0.0
184 42.30769230769231 0.0
185 50.0 0.0
186 46.15384615384615 0.0
187 57.69230769230769 0.0
188 69.23076923076923 0.0
189 46.15384615384615 0.0
190 65.38461538461539 0.0
191 50.0 0.0
192 73.07692307692308 0.0
193 76.92307692307692 0.0
194 69.23076923076923 0.0
195 73.07692307692308 0.0
196 80.76923076923077 0.0
197 69.23076923076923 0.0
198 61.53846153846154 0.0
199 69.23076923076923 0.0
200 65.38461538461539 0.0
201 42.30769230769231 0.0
202 65.38461538461539 0.0
203 61.53846153846154 0.0
204 38.46153846153846 0.0
205 38.46153846153846 0.0
206 46.15384615384615 0.0
207 53.84615384615385 0.0
208 57.69230769230769 0.0
209 46.15384615384615 0.0
210 61.53846153846154 0.0
211 50.0 0.0
212 38.46153846153846 0.0
213 53.84615384615385 0.0
214 53.84615384615385 0.0
215 57.69230769230769 0.0
216 61.53846153846154 0.0
217 65.38461538461539 0.0
218 76.92307692307692 0.0
219 61.53846153846154 0.0
220 80.76923076923077 0.0
221 69.23076923076923 0.0
222 65.38461538461539 0.0
223 53.84615384615385 0.0
224 80.76923076923077 0.0
225 65.38461538461539 0.0
226 65.38461538461539 0.0
227 69.23076923076923 0.0
228 80.76923076923077 0.0
229 73.07692307692308 0.0
230 76.92307692307692 0.0
231 73.07692307692308 0.0
232 76.92307692307692 0.0
233 84.61538461538461 0.0
234 69.23076923076923 0.0
235 80.76923076923077 0.0
236 65.38461538461539 0.0
237 69.23076923076923 0.0
238 69.23076923076923 0.0
239 61.53846153846154 0.0
240 76.92307692307692 0.0
241 84.61538461538461 0.0
242 69.23076923076923 0.0
243 65.38461538461539 0.0
244 69.23076923076923 0.0
245 76.92307692307692 0.0
246 69.23076923076923 0.0
247 61.53846153846154 0.0
248 61.53846153846154 0.0
249 57.69230769230769 0.0
250 69.23076923076923 0.0
251 69.23076923076923 0.0
252 69.23076923076923 0.0
253 69.23076923076923 0.0
254 69.23076923076923 0.0
255 69.23076923076923 0.0
256 69.23076923076923 0.0
257 76.92307692307692 0.0
258 61.53846153846154 0.0
259 69.23076923076923 0.0
260 65.38461538461539 0.0
261 69.23076923076923 0.0
262 73.07692307692308 0.0
263 69.23076923076923 0.0
264 65.38461538461539 0.0
265 65.38461538461539 0.0
266 65.38461538461539 0.0
267 53.84615384615385 0.0
268 53.84615384615385 0.0
269 57.69230769230769 0.0
270 57.69230769230769 0.0
271 61.53846153846154 0.0
272 50.0 0.0
273 61.53846153846154 0.0
274 65.38461538461539 0.0
275 50.0 0.0
276 65.38461538461539 0.0
277 69.23076923076923 0.0
278 69.23076923076923 0.0
279 57.69230769230769 0.0
280 80.76923076923077 0.0
281 69.23076923076923 0.0
282 57.69230769230769 0.0
283 73.07692307692308 0.0
284 61.53846153846154 0.0
285 57.69230769230769 0.0
286 57.69230769230769 0.0
287 57.69230769230769 0.0
288 73.07692307692308 0.0
289 61.53846153846154 0.0
290 69.23076923076923 0.0
291 53.84615384615385 0.0
292 57.69230769230769 0.0
293 53.84615384615385 0.0
294 61.53846153846154 0.0
295 69.23076923076923 0.0
296 73.07692307692308 0.0
297 65.38461538461539 0.0
298 76.92307692307692 0.0
299 76.92307692307692 0.0
300 76.92307692307692 0.0
301 76.92307692307692 0.0
302 69.23076923076923 0.0
303 57.69230769230769 0.0
304 65.38461538461539 0.0
305 76.92307692307692 0.0
306 69.23076923076923 0.0
307 76.92307692307692 0.0
308 76.92307692307692 0.0
309 65.38461538461539 0.0
310 65.38461538461539 0.0
311 76.92307692307692 0.0
312 69.23076923076923 0.0
313 69.23076923076923 0.0
314 84.61538461538461 0.0
315 84.61538461538461 0.0
316 76.92307692307692 0.0
317 61.53846153846154 0.0
318 65.38461538461539 0.0
319 76.92307692307692 0.0
320 76.92307692307692 0.0
321 69.23076923076923 0.0
322 61.53846153846154 0.0
323 76.92307692307692 0.0
324 84.61538461538461 0.0
325 88.46153846153847 0.0
326 80.76923076923077 0.0
327 76.92307692307692 0.0
328 80.76923076923077 0.0
329 84.61538461538461 0.0
330 73.07692307692308 0.0
331 69.23076923076923 0.0
332 76.92307692307692 0.0
333 92.3076923076923 0.0
334 80.76923076923077 0.0
335 61.53846153846154 0.0
336 73.07692307692308 0.0
337 69.23076923076923 0.0
338 84.61538461538461 0.0
339 76.92307692307692 0.0
340 80.76923076923077 0.0
341 84.61538461538461 0.0
342 76.92307692307692 0.0
343 84.61538461538461 0.0
344 69.23076923076923 0.0
345 92.3076923076923 0.0
346 65.38461538461539 0.0
347 76.92307692307692 0.0
348 65.38461538461539 0.0
349 69.23076923076923 0.0
350 76.92307692307692 0.0
351 76.92307692307692 0.0
352 65.38461538461539 0.0
353 69.23076923076923 0.0
354 69.23076923076923 0.0
355 80.76923076923077 0.0
356 69.23076923076923 0.0
357 65.38461538461539 0.0
358 57.69230769230769 0.0
359 76.92307692307692 0.0
360 69.23076923076923 0.0
361 76.92307692307692 0.0
362 76.92307692307692 0.0
363 69.23076923076923 0.0
364 69.23076923076923 0.0
365 65.38461538461539 0.0
366 80.76923076923077 0.0
367 73.07692307692308 0.0
368 80.76923076923077 0.0
369 76.92307692307692 0.0
370 73.07692307692308 0.0
371 80.76923076923077 0.0
372 84.61538461538461 0.0
373 80.76923076923077 0.0
374 76.92307692307692 0.0
375 65.38461538461539 0.0
376 73.07692307692308 0.0
377 76.92307692307692 0.0
378 69.23076923076923 0.0
379 76.92307692307692 0.0
380 69.23076923076923 0.0
381 69.23076923076923 0.0
382 76.92307692307692 0.0
383 76.92307692307692 0.0
384 73.07692307692308 0.0
385 73.07692307692308 0.0
386 76.92307692307692 0.0
387 69.23076923076923 0.0
388 69.23076923076923 0.0
389 76.92307692307692 0.0
390 76.92307692307692 0.0
391 76.92307692307692 0.0
392 69.23076923076923 0.0
393 76.92307692307692 0.0
394 69.23076923076923 0.0
395 76.92307692307692 0.0
396 84.61538461538461 0.0
397 84.61538461538461 0.0
398 76.92307692307692 0.0
399 69.23076923076923 0.0
400 84.61538461538461 0.0
401 69.23076923076923 0.0
402 69.23076923076923 0.0
403 69.23076923076923 0.0
404 84.61538461538461 0.0
405 61.53846153846154 0.0
406 53.84615384615385 0.0
407 61.53846153846154 0.0
408 69.23076923076923 0.0
409 76.92307692307692 0.0
410 65.38461538461539 0.0
411 61.53846153846154 0.0
412 73.07692307692308 0.0
413 53.84615384615385 0.0
414 53.84615384615385 0.0
415 57.69230769230769 0.0
416 57.69230769230769 0.0
417 65.38461538461539 0.0
418 69.23076923076923 0.0
419 57.69230769230769 0.0
420 57.69230769230769 0.0
421 61.53846153846154 0.0
422 50.0 0.0
423 53.84615384615385 0.0
424 50.0 0.0
425 53.84615384615385 0.0
426 57.69230769230769 0.0
427 57.69230769230769 0.0
428 53.84615384615385 0.0
429 65.38461538461539 0.0
430 80.76923076923077 0.0
431 84.61538461538461 0.0
432 69.23076923076923 0.0
433 76.92307692307692 0.0
434 69.23076923076923 0.0
435 69.23076923076923 0.0
436 65.38461538461539 0.0
437 69.23076923076923 0.0
438 69.23076923076923 0.0
439 84.61538461538461 0.0
440 84.61538461538461 0.0
441 76.92307692307692 0.0
442 84.61538461538461 0.0
443 92.3076923076923 0.0
444 84.61538461538461 0.0
445 76.92307692307692 0.0
446 92.3076923076923 0.0
447 92.3076923076923 0.0
448 80.76923076923077 0.0
449 92.3076923076923 0.0
450 92.3076923076923 0.0
451 84.61538461538461 0.0
452 73.07692307692308 0.0
453 57.69230769230769 0.0
454 84.61538461538461 0.0
455 76.92307692307692 0.0
456 92.3076923076923 0.0
457 65.38461538461539 0.0
458 65.38461538461539 0.0
459 84.61538461538461 0.0
460 76.92307692307692 0.0
461 76.92307692307692 0.0
462 73.07692307692308 0.0
463 69.23076923076923 0.0
464 73.07692307692308 0.0
465 50.0 0.0
466 46.15384615384615 0.0
467 46.15384615384615 0.0
468 57.69230769230769 0.0
469 57.69230769230769 0.0
470 61.53846153846154 0.0
471 69.23076923076923 0.0
472 69.23076923076923 0.0
473 69.23076923076923 0.0
474 50.0 0.0
475 69.23076923076923 0.0
476 53.84615384615385 0.0
477 53.84615384615385 0.0
478 61.53846153846154 0.0
479 50.0 0.0
480 61.53846153846154 0.0
481 61.53846153846154 0.0
482 61.53846153846154 0.0
483 61.53846153846154 0.0
484 42.30769230769231 0.0
485 61.53846153846154 0.0
486 65.38461538461539 0.0
487 65.38461538461539 0.0
488 42.30769230769231 0.0
489 84.61538461538461 0.0
490 57.69230769230769 0.0
491 53.84615384615385 0.0
492 46.15384615384615 0.0
493 69.23076923076923 0.0
494 53.84615384615385 0.0
495 53.84615384615385 0.0
496 76.92307692307692 0.0
497 61.53846153846154 0.0
498 65.38461538461539 0.0
499 69.23076923076923 0.0
500 69.23076923076923 0.0
501 46.15384615384615 0.0
502 61.53846153846154 0.0
503 50.0 0.0
504 69.23076923076923 0.0
505 65.38461538461539 0.0
506 65.38461538461539 0.0
507 73.07692307692308 0.0
508 57.69230769230769 0.0
509 57.69230769230769 0.0
510 57.69230769230769 0.0
511 53.84615384615385 0.0
512 61.53846153846154 0.0
513 61.53846153846154 0.0
514 57.69230769230769 0.0
515 57.69230769230769 0.0
516 57.69230769230769 0.0
517 73.07692307692308 0.0
518 53.84615384615385 0.0
519 65.38461538461539 0.0
520 57.69230769230769 0.0
521 65.38461538461539 0.0
522 65.38461538461539 0.0
523 65.38461538461539 0.0
524 65.38461538461539 0.0
525 61.53846153846154 0.0
526 69.23076923076923 0.0
527 65.38461538461539 0.0
528 73.07692307692308 0.0
529 73.07692307692308 0.0
530 57.69230769230769 0.0
531 53.84615384615385 0.0
532 53.84615384615385 0.0
533 57.69230769230769 0.0
534 53.84615384615385 0.0
535 46.15384615384615 0.0
536 34.61538461538461 0.0
537 46.15384615384615 0.0
538 46.15384615384615 0.0
539 42.30769230769231 0.0
540 42.30769230769231 0.0
541 38.46153846153846 0.0
542 46.15384615384615 0.0
543 34.61538461538461 0.0
544 42.30769230769231 0.0
545 46.15384615384615 0.0
546 46.15384615384615 0.0
547 46.15384615384615 0.0
548 42.30769230769231 0.0
549 42.30769230769231 0.0
550 46.15384615384615 0.0
551 38.46153846153846 0.0
552 46.15384615384615 0.0
553 46.15384615384615 0.0
554 50.0 0.0
555 53.84615384615385 0.0
556 46.15384615384615 0.0
557 50.0 0.0
558 42.30769230769231 0.0
559 38.46153846153846 0.0
560 53.84615384615385 0.0
561 57.69230769230769 0.0
562 53.84615384615385 0.0
563 46.15384615384615 0.0
564 46.15384615384615 0.0
565 42.30769230769231 0.0
566 42.30769230769231 0.0
567 46.15384615384615 0.0
568 46.15384615384615 0.0
569 38.46153846153846 0.0
570 50.0 0.0
571 46.15384615384615 0.0
572 53.84615384615385 0.0
573 50.0 0.0
574 42.30769230769231 0.0
575 65.38461538461539 0.0
576 50.0 0.0
577 65.38461538461539 0.0
578 53.84615384615385 0.0
579 76.92307692307692 0.0
580 50.0 0.0
581 76.92307692307692 0.0
582 69.23076923076923 0.0
583 57.69230769230769 0.0
584 69.23076923076923 0.0
585 57.69230769230769 0.0
586 57.69230769230769 0.0
587 69.23076923076923 0.0
588 61.53846153846154 0.0
589 46.15384615384615 0.0
590 65.38461538461539 0.0
591 61.53846153846154 0.0
592 57.69230769230769 0.0
593 73.07692307692308 0.0
594 73.07692307692308 0.0
595 50.0 0.0
596 61.53846153846154 0.0
597 73.07692307692308 0.0
598 65.38461538461539 0.0
599 61.53846153846154 0.0
600 57.69230769230769 0.0
601 57.69230769230769 0.0
602 65.38461538461539 0.0
603 65.38461538461539 0.0
604 73.07692307692308 0.0
605 73.07692307692308 0.0
606 73.07692307692308 0.0
607 80.76923076923077 0.0
608 88.46153846153847 0.0
609 88.46153846153847 0.0
610 84.61538461538461 0.0
611 84.61538461538461 0.0
612 80.76923076923077 0.0
613 84.61538461538461 0.0
614 84.61538461538461 0.0
615 84.61538461538461 0.0
616 76.92307692307692 0.0
617 84.61538461538461 0.0
618 84.61538461538461 0.0
619 80.76923076923077 0.0
620 80.76923076923077 0.0
621 76.92307692307692 0.0
622 80.76923076923077 0.0
623 65.38461538461539 0.0
624 73.07692307692308 0.0
625 80.76923076923077 0.0
626 84.61538461538461 0.0
627 84.61538461538461 0.0
628 84.61538461538461 0.0
629 84.61538461538461 0.0
630 84.61538461538461 0.0
631 76.92307692307692 0.0
632 76.92307692307692 0.0
633 76.92307692307692 0.0
634 80.76923076923077 0.0
635 73.07692307692308 0.0
636 84.61538461538461 0.0
637 69.23076923076923 0.0
638 84.61538461538461 0.0
639 92.3076923076923 0.0
640 84.61538461538461 0.0
641 73.07692307692308 0.0
642 57.69230769230769 0.0
643 65.38461538461539 0.0
644 73.07692307692308 0.0
645 65.38461538461539 0.0
646 76.92307692307692 0.0
647 65.38461538461539 0.0
648 69.23076923076923 0.0
649 65.38461538461539 0.0
650 73.07692307692308 0.0
651 61.53846153846154 0.0
652 69.23076923076923 0.0
653 69.23076923076923 0.0
654 80.76923076923077 0.0
655 84.61538461538461 0.0
656 76.92307692307692 0.0
657 73.07692307692308 0.0
658 69.23076923076923 0.0
659 53.84615384615385 0.0
660 61.53846153846154 0.0
661 76.92307692307692 0.0
662 57.69230769230769 0.0
663 69.23076923076923 0.0
664 73.07692307692308 0.0
665 61.53846153846154 0.0
666 73.07692307692308 0.0
667 50.0 0.0
668 57.69230769230769 0.0
669 69.23076923076923 0.0
670 57.69230769230769 0.0
671 69.23076923076923 0.0
672 76.92307692307692 0.0
673 65.38461538461539 0.0
674 69.23076923076923 0.0
675 65.38461538461539 0.0
676 69.23076923076923 0.0
677 84.61538461538461 0.0
678 76.92307692307692 0.0
679 76.92307692307692 0.0
680 69.23076923076923 0.0
681 69.23076923076923 0.0
682 65.38461538461539 0.0
683 61.53846153846154 0.0
684 84.61538461538461 0.0
685 65.38461538461539 0.0
686 61.53846153846154 0.0
687 61.53846153846154 0.0
688 61.53846153846154 0.0
689 61.53846153846154 0.0
690 53.84615384615385 0.0
691 76.92307692307692 0.0
692 53.84615384615385 0.0
693 50.0 0.0
694 50.0 0.0
695 53.84615384615385 0.0
696 53.84615384615385 0.0
697 46.15384615384615 0.0
698 50.0 0.0
699 53.84615384615385 0.0
700 46.15384615384615 0.0
701 42.30769230769231 0.0
702 46.15384615384615 0.0
703 46.15384615384615 0.0
704 57.69230769230769 0.0
705 53.84615384615385 0.0
706 69.23076923076923 0.0
707 65.38461538461539 0.0
708 65.38461538461539 0.0
709 69.23076923076923 0.0
710 69.23076923076923 0.0
711 61.53846153846154 0.0
712 65.38461538461539 0.0
713 65.38461538461539 0.0
714 69.23076923076923 0.0
715 73.07692307692308 0.0
716 73.07692307692308 0.0
717 69.23076923076923 0.0
718 69.23076923076923 0.0
719 61.53846153846154 0.0
720 65.38461538461539 0.0
721 69.23076923076923 0.0
722 69.23076923076923 0.0
723 65.38461538461539 0.0
724 65.38461538461539 0.0
725 65.38461538461539 0.0
726 53.84615384615385 0.0
727 80.76923076923077 0.0
728 80.76923076923077 0.0
729 84.61538461538461 0.0
730 80.76923076923077 0.0
731 73.07692307692308 0.0
732 65.38461538461539 0.0
733 53.84615384615385 0.0
734 65.38461538461539 0.0
735 61.53846153846154 0.0
736 53.84615384615385 0.0
737 50.0 0.0
738 57.69230769230769 0.0
739 46.15384615384615 0.0
740 57.69230769230769 0.0
741 46.15384615384615 0.0
742 53.84615384615385 0.0
743 50.0 0.0
744 57.69230769230769 0.0
745 65.38461538461539 0.0
746 57.69230769230769 0.0
747 57.69230769230769 0.0
748 42.30769230769231 0.0
749 50.0 0.0
750 46.15384615384615 0.0
751 26.923076923076923 0.0
752 38.46153846153846 0.0
753 26.923076923076923 0.0
754 23.076923076923077 0.0
755 26.923076923076923 0.0
756 19.23076923076923 0.0
757 38.46153846153846 0.0
758 26.923076923076923 0.0
759 34.61538461538461 0.0
760 38.46153846153846 0.0
761 34.61538461538461 0.0
762 61.53846153846154 0.0
763 57.69230769230769 0.0
764 57.69230769230769 0.0
765 57.69230769230769 0.0
766 57.69230769230769 0.0
767 50.0 0.0
768 61.53846153846154 0.0
769 61.53846153846154 0.0
770 53.84615384615385 0.0
771 50.0 0.0
772 50.0 0.0
773 57.69230769230769 0.0
774 50.0 0.0
775 57.69230769230769 0.0
776 53.84615384615385 0.0
777 61.53846153846154 0.0
778 50.0 0.0
779 46.15384615384615 0.0
780 61.53846153846154 0.0
781 57.69230769230769 0.0
782 57.69230769230769 0.0
783 61.53846153846154 0.0
784 57.69230769230769 0.0
785 69.23076923076923 0.0
786 65.38461538461539 0.0
787 73.07692307692308 0.0
788 57.69230769230769 0.0
789 65.38461538461539 0.0
790 46.15384615384615 0.0
791 57.69230769230769 0.0
792 50.0 0.0
793 57.69230769230769 0.0
794 50.0 0.0
795 57.69230769230769 0.0
796 73.07692307692308 0.0
797 61.53846153846154 0.0
798 69.23076923076923 0.0
799 53.84615384615385 0.0
800 69.23076923076923 0.0
801 53.84615384615385 0.0
802 61.53846153846154 0.0
803 65.38461538461539 0.0
804 57.69230769230769 0.0
805 69.23076923076923 0.0
806 57.69230769230769 0.0
807 73.07692307692308 0.0
808 73.07692307692308 0.0
809 73.07692307692308 0.0
810 57.69230769230769 0.0
811 61.53846153846154 0.0
812 69.23076923076923 0.0
813 69.23076923076923 0.0
814 69.23076923076923 0.0
815 88.46153846153847 0.0
816 69.23076923076923 0.0
817 73.07692307692308 0.0
818 84.61538461538461 0.0
819 76.92307692307692 0.0
820 69.23076923076923 0.0
821 76.92307692307692 0.0
822 69.23076923076923 0.0
823 69.23076923076923 0.0
824 65.38461538461539 0.0
825 61.53846153846154 0.0
826 53.84615384615385 0.0
827 65.38461538461539 0.0
828 53.84615384615385 0.0
829 73.07692307692308 0.0
830 69.23076923076923 0.0
831 61.53846153846154 0.0
832 69.23076923076923 0.0
833 69.23076923076923 0.0
834 61.53846153846154 0.0
835 80.76923076923077 0.0
836 73.07692307692308 0.0
837 76.92307692307692 0.0
838 80.76923076923077 0.0
839 80.76923076923077 0.0
840 69.23076923076923 0.0
841 69.23076923076923 0.0
842 80.76923076923077 0.0
843 80.76923076923077 0.0
844 69.23076923076923 0.0
845 73.07692307692308 0.0
846 73.07692307692308 0.0
847 69.23076923076923 0.0
848 73.07692307692308 0.0
849 84.61538461538461 0.0
850 69.23076923076923 0.0
851 84.61538461538461 0.0
852 73.07692307692308 0.0
853 76.92307692307692 0.0
854 84.61538461538461 0.0
855 73.07692307692308 0.0
856 76.92307692307692 0.0
857 61.53846153846154 0.0
858 69.23076923076923 0.0
859 69.23076923076923 0.0
860 84.61538461538461 0.0
861 65.38461538461539 0.0
862 73.07692307692308 0.0
863 73.07692307692308 0.0
864 69.23076923076923 0.0
865 61.53846153846154 0.0
866 65.38461538461539 0.0
867 65.38461538461539 0.0
868 69.23076923076923 0.0
869 73.07692307692308 0.0
870 76.92307692307692 0.0
871 73.07692307692308 0.0
872 53.84615384615385 0.0
873 53.84615384615385 0.0
874 42.30769230769231 0.0
875 42.30769230769231 0.0
876 46.15384615384615 0.0
877 50.0 0.0
878 65.38461538461539 0.0
879 65.38461538461539 0.0
880 61.53846153846154 0.0
881 53.84615384615385 0.0
882 61.53846153846154 0.0
883 61.53846153846154 0.0
884 73.07692307692308 0.0
885 57.69230769230769 0.0
886 65.38461538461539 0.0
887 65.38461538461539 0.0
888 80.76923076923077 0.0
889 73.07692307692308 0.0
890 73.07692307692308 0.0
891 76.92307692307692 0.0
892 65.38461538461539 0.0
893 61.53846153846154 0.0
894 69.23076923076923 0.0
895 61.53846153846154 0.0
896 69.23076923076923 0.0
897 61.53846153846154 0.0
898 80.76923076923077 0.0
899 76.92307692307692 0.0
900 65.38461538461539 0.0
901 73.07692307692308 0.0
902 73.07692307692308 0.0
903 61.53846153846154 0.0
904 65.38461538461539 0.0
905 69.23076923076923 0.0
906 76.92307692307692 0.0
907 61.53846153846154 0.0
908 53.84615384615385 0.0
909 53.84615384615385 0.0
910 53.84615384615385 0.0
911 65.38461538461539 0.0
912 61.53846153846154 0.0
913 61.53846153846154 0.0
914 69.23076923076923 0.0
915 65.38461538461539 0.0
916 50.0 0.0
917 50.0 0.0
918 46.15384615384615 0.0
919 57.69230769230769 0.0
920 61.53846153846154 0.0
921 80.76923076923077 0.0
922 65.38461538461539 0.0
923 80.76923076923077 0.0
924 69.23076923076923 0.0
925 65.38461538461539 0.0
926 57.69230769230769 0.0
927 65.38461538461539 0.0
928 53.84615384615385 0.0
929 76.92307692307692 0.0
930 57.69230769230769 0.0
931 73.07692307692308 0.0
932 84.61538461538461 0.0
933 73.07692307692308 0.0
934 50.0 0.0
935 61.53846153846154 0.0
936 61.53846153846154 0.0
937 73.07692307692308 0.0
938 69.23076923076923 0.0
939 69.23076923076923 0.0
940 57.69230769230769 0.0
941 69.23076923076923 0.0
942 73.07692307692308 0.0
943 65.38461538461539 0.0
944 65.38461538461539 0.0
945 65.38461538461539 0.0
946 65.38461538461539 0.0
947 65.38461538461539 0.0
948 65.38461538461539 0.0
949 73.07692307692308 0.0
950 61.53846153846154 0.0
951 65.38461538461539 0.0
952 84.61538461538461 0.0
953 76.92307692307692 0.0
954 53.84615384615385 0.0
955 61.53846153846154 0.0
956 57.69230769230769 0.0
957 65.38461538461539 0.0
958 65.38461538461539 0.0
959 57.69230769230769 0.0
960 53.84615384615385 0.0
961 69.23076923076923 0.0
962 61.53846153846154 0.0
963 61.53846153846154 0.0
964 61.53846153846154 0.0
965 61.53846153846154 0.0
966 46.15384615384615 0.0
967 53.84615384615385 0.0
968 53.84615384615385 0.0
969 61.53846153846154 0.0
970 53.84615384615385 0.0
971 50.0 0.0
972 57.69230769230769 0.0
973 53.84615384615385 0.0
974 61.53846153846154 0.0
975 65.38461538461539 0.0
976 65.38461538461539 0.0
977 65.38461538461539 0.0
978 53.84615384615385 0.0
979 61.53846153846154 0.0
980 73.07692307692308 0.0
981 53.84615384615385 0.0
982 69.23076923076923 0.0
983 65.38461538461539 0.0
984 69.23076923076923 0.0
985 69.23076923076923 0.0
986 61.53846153846154 0.0
987 73.07692307692308 0.0
988 53.84615384615385 0.0
989 61.53846153846154 0.0
990 61.53846153846154 0.0
991 61.53846153846154 0.0
992 73.07692307692308 0.0
993 50.0 0.0
994 61.53846153846154 0.0
995 53.84615384615385 0.0
996 50.0 0.0
997 46.15384615384615 0.0
998 50.0 0.0
999 50.0 0.0
