#resid average_duration max_duration persistent_contacts
1 7.975 44 40
10 4.75 13 12
11 8.176470588235293 42 68
12 6.583333333333333 53 48
13 5.835820895522388 38 67
14 5.410526315789474 34 95
15 5.833333333333333 23 30
16 5.791666666666667 18 24
17 4.625 11 8
18 4.842696629213483 18 89
19 2.75 4 8
2 5.7272727272727275 31 55
20 4.8 19 45
21 6.576576576576577 64 111
22 4.490196078431373 21 51
23 6.608695652173913 38 46
24 8.077922077922079 66 77
25 6.555555555555555 34 63
26 4.0 13 13
3 7.951612903225806 48 62
4 5.940298507462686 40 67
5 0 0 0
6 5.45 24 40
7 7.552631578947368 66 76
8 8.384615384615385 53 65
9 6.551724137931035 38 58
#TOTAL_CONTACTS 5026 for 1000 frames
