#resid average_duration max_duration persistent_contacts
1 6.209876543209877 35 81
10 8.333333333333334 41 99
11 8.033333333333333 63 90
12 0 0 0
13 5.674418604651163 35 86
14 8.108108108108109 47 111
15 7.075268817204301 38 93
16 7.723076923076923 63 65
17 8.126315789473685 110 95
18 7.6 63 125
19 8.065217391304348 50 92
2 5.64 41 50
20 6.186440677966102 34 59
21 7.314814814814815 42 108
22 13.0 62 17
23 5.635416666666667 30 96
24 5.435897435897436 24 78
25 5.9411764705882355 42 85
26 7.419753086419753 57 81
3 6.986666666666666 50 75
4 6.556818181818182 38 88
5 7.947916666666667 60 96
6 9.8125 60 64
7 7.710843373493976 62 83
8 5.525252525252525 24 99
9 9.09 110 100
#TOTAL_CONTACTS 8780 for 1000 frames
