#frame monomers_% popc_isolated_%
0 80.76923076923077 0.0
1 88.46153846153847 0.0
2 92.3076923076923 0.0
3 84.61538461538461 0.0
4 92.3076923076923 0.0
5 92.3076923076923 0.0
6 84.61538461538461 0.0
7 84.61538461538461 0.0
8 84.61538461538461 0.0
9 84.61538461538461 0.0
10 84.61538461538461 0.0
11 84.61538461538461 0.0
12 76.92307692307692 0.0
13 84.61538461538461 0.0
14 84.61538461538461 0.0
15 84.61538461538461 0.0
16 84.61538461538461 0.0
17 61.53846153846154 0.0
18 69.23076923076923 0.0
19 69.23076923076923 0.0
20 76.92307692307692 0.0
21 76.92307692307692 0.0
22 76.92307692307692 0.0
23 69.23076923076923 0.0
24 69.23076923076923 0.0
25 69.23076923076923 0.0
26 76.92307692307692 0.0
27 76.92307692307692 0.0
28 65.38461538461539 0.0
29 84.61538461538461 0.0
30 76.92307692307692 0.0
31 76.92307692307692 0.0
32 84.61538461538461 0.0
33 84.61538461538461 0.0
34 92.3076923076923 0.0
35 61.53846153846154 0.0
36 84.61538461538461 0.0
37 92.3076923076923 0.0
38 76.92307692307692 0.0
39 69.23076923076923 0.0
40 84.61538461538461 0.0
41 80.76923076923077 0.0
42 80.76923076923077 0.0
43 80.76923076923077 0.0
44 84.61538461538461 0.0
45 73.07692307692308 0.0
46 80.76923076923077 0.0
47 73.07692307692308 0.0
48 73.07692307692308 0.0
49 76.92307692307692 0.0
50 80.76923076923077 0.0
51 80.76923076923077 0.0
52 80.76923076923077 0.0
53 73.07692307692308 0.0
54 73.07692307692308 0.0
55 73.07692307692308 0.0
56 76.92307692307692 0.0
57 84.61538461538461 0.0
58 84.61538461538461 0.0
59 84.61538461538461 0.0
60 76.92307692307692 0.0
61 84.61538461538461 0.0
62 84.61538461538461 0.0
63 76.92307692307692 0.0
64 84.61538461538461 0.0
65 84.61538461538461 0.0
66 84.61538461538461 0.0
67 84.61538461538461 0.0
68 80.76923076923077 0.0
69 80.76923076923077 0.0
70 84.61538461538461 0.0
71 80.76923076923077 0.0
72 84.61538461538461 0.0
73 92.3076923076923 0.0
74 84.61538461538461 0.0
75 92.3076923076923 0.0
76 84.61538461538461 0.0
77 84.61538461538461 0.0
78 80.76923076923077 0.0
79 84.61538461538461 0.0
80 76.92307692307692 0.0
81 69.23076923076923 0.0
82 69.23076923076923 0.0
83 76.92307692307692 0.0
84 84.61538461538461 0.0
85 84.61538461538461 0.0
86 76.92307692307692 0.0
87 84.61538461538461 0.0
88 84.61538461538461 0.0
89 76.92307692307692 0.0
90 80.76923076923077 0.0
91 84.61538461538461 0.0
92 92.3076923076923 0.0
93 76.92307692307692 0.0
94 76.92307692307692 0.0
95 84.61538461538461 0.0
96 84.61538461538461 0.0
97 84.61538461538461 0.0
98 84.61538461538461 0.0
99 80.76923076923077 0.0
100 76.92307692307692 0.0
101 84.61538461538461 0.0
102 80.76923076923077 0.0
103 80.76923076923077 0.0
104 84.61538461538461 0.0
105 84.61538461538461 0.0
106 76.92307692307692 0.0
107 76.92307692307692 0.0
108 76.92307692307692 0.0
109 61.53846153846154 0.0
110 69.23076923076923 0.0
111 69.23076923076923 0.0
112 76.92307692307692 0.0
113 76.92307692307692 0.0
114 69.23076923076923 0.0
115 84.61538461538461 0.0
116 84.61538461538461 0.0
117 84.61538461538461 0.0
118 76.92307692307692 0.0
119 84.61538461538461 0.0
120 84.61538461538461 0.0
121 69.23076923076923 0.0
122 84.61538461538461 0.0
123 80.76923076923077 0.0
124 84.61538461538461 0.0
125 88.46153846153847 0.0
126 76.92307692307692 0.0
127 84.61538461538461 0.0
128 84.61538461538461 0.0
129 69.23076923076923 0.0
130 73.07692307692308 0.0
131 76.92307692307692 0.0
132 84.61538461538461 0.0
133 80.76923076923077 0.0
134 84.61538461538461 0.0
135 92.3076923076923 0.0
136 69.23076923076923 0.0
137 76.92307692307692 0.0
138 69.23076923076923 0.0
139 80.76923076923077 0.0
140 76.92307692307692 0.0
141 76.92307692307692 0.0
142 76.92307692307692 0.0
143 73.07692307692308 0.0
144 69.23076923076923 0.0
145 84.61538461538461 0.0
146 76.92307692307692 0.0
147 84.61538461538461 0.0
148 84.61538461538461 0.0
149 73.07692307692308 0.0
150 76.92307692307692 0.0
151 84.61538461538461 0.0
152 84.61538461538461 0.0
153 84.61538461538461 0.0
154 76.92307692307692 0.0
155 76.92307692307692 0.0
156 76.92307692307692 0.0
157 76.92307692307692 0.0
158 76.92307692307692 0.0
159 84.61538461538461 0.0
160 92.3076923076923 0.0
161 92.3076923076923 0.0
162 80.76923076923077 0.0
163 92.3076923076923 0.0
164 92.3076923076923 0.0
165 92.3076923076923 0.0
166 84.61538461538461 0.0
167 92.3076923076923 0.0
168 76.92307692307692 0.0
169 80.76923076923077 0.0
170 84.61538461538461 0.0
171 84.61538461538461 0.0
172 84.61538461538461 0.0
173 84.61538461538461 0.0
174 84.61538461538461 0.0
175 84.61538461538461 0.0
176 69.23076923076923 0.0
177 73.07692307692308 0.0
178 84.61538461538461 0.0
179 84.61538461538461 0.0
180 88.46153846153847 0.0
181 84.61538461538461 0.0
182 92.3076923076923 0.0
183 84.61538461538461 0.0
184 80.76923076923077 0.0
185 80.76923076923077 0.0
186 76.92307692307692 0.0
187 84.61538461538461 0.0
188 69.23076923076923 0.0
189 76.92307692307692 0.0
190 80.76923076923077 0.0
191 84.61538461538461 0.0
192 73.07692307692308 0.0
193 92.3076923076923 0.0
194 92.3076923076923 0.0
195 84.61538461538461 0.0
196 69.23076923076923 0.0
197 84.61538461538461 0.0
198 84.61538461538461 0.0
199 100.0 0.0
200 76.92307692307692 0.0
201 84.61538461538461 0.0
202 84.61538461538461 0.0
203 84.61538461538461 0.0
204 84.61538461538461 0.0
205 73.07692307692308 0.0
206 80.76923076923077 0.0
207 88.46153846153847 0.0
208 88.46153846153847 0.0
209 73.07692307692308 0.0
210 80.76923076923077 0.0
211 88.46153846153847 0.0
212 80.76923076923077 0.0
213 80.76923076923077 0.0
214 73.07692307692308 0.0
215 73.07692307692308 0.0
216 84.61538461538461 0.0
217 84.61538461538461 0.0
218 84.61538461538461 0.0
219 76.92307692307692 0.0
220 73.07692307692308 0.0
221 92.3076923076923 0.0
222 84.61538461538461 0.0
223 73.07692307692308 0.0
224 76.92307692307692 0.0
225 92.3076923076923 0.0
226 84.61538461538461 0.0
227 76.92307692307692 0.0
228 76.92307692307692 0.0
229 92.3076923076923 0.0
230 69.23076923076923 0.0
231 84.61538461538461 0.0
232 84.61538461538461 0.0
233 84.61538461538461 0.0
234 92.3076923076923 0.0
235 84.61538461538461 0.0
236 76.92307692307692 0.0
237 84.61538461538461 0.0
238 76.92307692307692 0.0
239 84.61538461538461 0.0
240 65.38461538461539 0.0
241 65.38461538461539 0.0
242 76.92307692307692 0.0
243 73.07692307692308 0.0
244 57.69230769230769 0.0
245 65.38461538461539 0.0
246 65.38461538461539 0.0
247 65.38461538461539 0.0
248 65.38461538461539 0.0
249 57.69230769230769 0.0
250 46.15384615384615 0.0
251 61.53846153846154 0.0
252 69.23076923076923 0.0
253 73.07692307692308 0.0
254 65.38461538461539 0.0
255 61.53846153846154 0.0
256 50.0 0.0
257 46.15384615384615 0.0
258 53.84615384615385 0.0
259 46.15384615384615 0.0
260 69.23076923076923 0.0
261 57.69230769230769 0.0
262 61.53846153846154 0.0
263 65.38461538461539 0.0
264 61.53846153846154 0.0
265 61.53846153846154 0.0
266 73.07692307692308 0.0
267 61.53846153846154 0.0
268 76.92307692307692 0.0
269 73.07692307692308 0.0
270 65.38461538461539 0.0
271 73.07692307692308 0.0
272 76.92307692307692 0.0
273 76.92307692307692 0.0
274 65.38461538461539 0.0
275 73.07692307692308 0.0
276 65.38461538461539 0.0
277 76.92307692307692 0.0
278 57.69230769230769 0.0
279 69.23076923076923 0.0
280 69.23076923076923 0.0
281 69.23076923076923 0.0
282 61.53846153846154 0.0
283 65.38461538461539 0.0
284 61.53846153846154 0.0
285 46.15384615384615 0.0
286 57.69230769230769 0.0
287 38.46153846153846 0.0
288 50.0 0.0
289 46.15384615384615 0.0
290 50.0 0.0
291 65.38461538461539 0.0
292 50.0 0.0
293 61.53846153846154 0.0
294 57.69230769230769 0.0
295 61.53846153846154 0.0
296 57.69230769230769 0.0
297 61.53846153846154 0.0
298 65.38461538461539 0.0
299 69.23076923076923 0.0
300 76.92307692307692 0.0
301 76.92307692307692 0.0
302 65.38461538461539 0.0
303 92.3076923076923 0.0
304 69.23076923076923 0.0
305 65.38461538461539 0.0
306 69.23076923076923 0.0
307 76.92307692307692 0.0
308 61.53846153846154 0.0
309 69.23076923076923 0.0
310 69.23076923076923 0.0
311 57.69230769230769 0.0
312 57.69230769230769 0.0
313 61.53846153846154 0.0
314 53.84615384615385 0.0
315 46.15384615384615 0.0
316 53.84615384615385 0.0
317 53.84615384615385 0.0
318 46.15384615384615 0.0
319 73.07692307692308 0.0
320 61.53846153846154 0.0
321 57.69230769230769 0.0
322 61.53846153846154 0.0
323 61.53846153846154 0.0
324 57.69230769230769 0.0
325 61.53846153846154 0.0
326 76.92307692307692 0.0
327 65.38461538461539 0.0
328 65.38461538461539 0.0
329 61.53846153846154 0.0
330 73.07692307692308 0.0
331 69.23076923076923 0.0
332 57.69230769230769 0.0
333 53.84615384615385 0.0
334 46.15384615384615 0.0
335 50.0 0.0
336 50.0 0.0
337 57.69230769230769 0.0
338 57.69230769230769 0.0
339 57.69230769230769 0.0
340 50.0 0.0
341 61.53846153846154 0.0
342 65.38461538461539 0.0
343 61.53846153846154 0.0
344 69.23076923076923 0.0
345 73.07692307692308 0.0
346 73.07692307692308 0.0
347 65.38461538461539 0.0
348 73.07692307692308 0.0
349 73.07692307692308 0.0
350 65.38461538461539 0.0
351 73.07692307692308 0.0
352 80.76923076923077 0.0
353 57.69230769230769 0.0
354 61.53846153846154 0.0
355 65.38461538461539 0.0
356 61.53846153846154 0.0
357 53.84615384615385 0.0
358 57.69230769230769 0.0
359 65.38461538461539 0.0
360 53.84615384615385 0.0
361 57.69230769230769 0.0
362 50.0 0.0
363 65.38461538461539 0.0
364 50.0 0.0
365 69.23076923076923 0.0
366 53.84615384615385 0.0
367 61.53846153846154 0.0
368 73.07692307692308 0.0
369 57.69230769230769 0.0
370 50.0 0.0
371 73.07692307692308 0.0
372 57.69230769230769 0.0
373 65.38461538461539 0.0
374 53.84615384615385 0.0
375 57.69230769230769 0.0
376 65.38461538461539 0.0
377 57.69230769230769 0.0
378 57.69230769230769 0.0
379 53.84615384615385 0.0
380 53.84615384615385 0.0
381 61.53846153846154 0.0
382 65.38461538461539 0.0
383 57.69230769230769 0.0
384 53.84615384615385 0.0
385 61.53846153846154 0.0
386 61.53846153846154 0.0
387 61.53846153846154 0.0
388 61.53846153846154 0.0
389 53.84615384615385 0.0
390 69.23076923076923 0.0
391 53.84615384615385 0.0
392 61.53846153846154 0.0
393 61.53846153846154 0.0
394 57.69230769230769 0.0
395 65.38461538461539 0.0
396 65.38461538461539 0.0
397 61.53846153846154 0.0
398 61.53846153846154 0.0
399 38.46153846153846 0.0
400 57.69230769230769 0.0
401 46.15384615384615 0.0
402 46.15384615384615 0.0
403 50.0 0.0
404 53.84615384615385 0.0
405 46.15384615384615 0.0
406 53.84615384615385 0.0
407 53.84615384615385 0.0
408 53.84615384615385 0.0
409 61.53846153846154 0.0
410 53.84615384615385 0.0
411 61.53846153846154 0.0
412 53.84615384615385 0.0
413 61.53846153846154 0.0
414 53.84615384615385 0.0
415 61.53846153846154 0.0
416 53.84615384615385 0.0
417 76.92307692307692 0.0
418 61.53846153846154 0.0
419 61.53846153846154 0.0
420 50.0 0.0
421 69.23076923076923 0.0
422 61.53846153846154 0.0
423 61.53846153846154 0.0
424 61.53846153846154 0.0
425 53.84615384615385 0.0
426 46.15384615384615 0.0
427 53.84615384615385 0.0
428 53.84615384615385 0.0
429 53.84615384615385 0.0
430 53.84615384615385 0.0
431 61.53846153846154 0.0
432 61.53846153846154 0.0
433 61.53846153846154 0.0
434 69.23076923076923 0.0
435 69.23076923076923 0.0
436 61.53846153846154 0.0
437 61.53846153846154 0.0
438 69.23076923076923 0.0
439 69.23076923076923 0.0
440 69.23076923076923 0.0
441 73.07692307692308 0.0
442 69.23076923076923 0.0
443 73.07692307692308 0.0
444 69.23076923076923 0.0
445 53.84615384615385 0.0
446 69.23076923076923 0.0
447 69.23076923076923 0.0
448 53.84615384615385 0.0
449 61.53846153846154 0.0
450 57.69230769230769 0.0
451 65.38461538461539 0.0
452 76.92307692307692 0.0
453 61.53846153846154 0.0
454 69.23076923076923 0.0
455 65.38461538461539 0.0
456 61.53846153846154 0.0
457 69.23076923076923 0.0
458 69.23076923076923 0.0
459 69.23076923076923 0.0
460 69.23076923076923 0.0
461 61.53846153846154 0.0
462 76.92307692307692 0.0
463 69.23076923076923 0.0
464 80.76923076923077 0.0
465 84.61538461538461 0.0
466 69.23076923076923 0.0
467 76.92307692307692 0.0
468 80.76923076923077 0.0
469 80.76923076923077 0.0
470 88.46153846153847 0.0
471 88.46153846153847 0.0
472 76.92307692307692 0.0
473 76.92307692307692 0.0
474 73.07692307692308 0.0
475 65.38461538461539 0.0
476 73.07692307692308 0.0
477 73.07692307692308 0.0
478 80.76923076923077 0.0
479 80.76923076923077 0.0
480 57.69230769230769 0.0
481 65.38461538461539 0.0
482 69.23076923076923 0.0
483 76.92307692307692 0.0
484 65.38461538461539 0.0
485 73.07692307692308 0.0
486 73.07692307692308 0.0
487 69.23076923076923 0.0
488 73.07692307692308 0.0
489 65.38461538461539 0.0
490 73.07692307692308 0.0
491 65.38461538461539 0.0
492 73.07692307692308 0.0
493 73.07692307692308 0.0
494 80.76923076923077 0.0
495 80.76923076923077 0.0
496 73.07692307692308 0.0
497 73.07692307692308 0.0
498 65.38461538461539 0.0
499 69.23076923076923 0.0
500 57.69230769230769 0.0
501 65.38461538461539 0.0
502 65.38461538461539 0.0
503 76.92307692307692 0.0
504 73.07692307692308 0.0
505 73.07692307692308 0.0
506 65.38461538461539 0.0
507 69.23076923076923 0.0
508 76.92307692307692 0.0
509 73.07692307692308 0.0
510 65.38461538461539 0.0
511 57.69230769230769 0.0
512 61.53846153846154 0.0
513 65.38461538461539 0.0
514 50.0 0.0
515 42.30769230769231 0.0
516 46.15384615384615 0.0
517 46.15384615384615 0.0
518 65.38461538461539 0.0
519 50.0 0.0
520 50.0 0.0
521 50.0 0.0
522 50.0 0.0
523 50.0 0.0
524 57.69230769230769 0.0
525 65.38461538461539 0.0
526 50.0 0.0
527 57.69230769230769 0.0
528 73.07692307692308 0.0
529 61.53846153846154 0.0
530 57.69230769230769 0.0
531 57.69230769230769 0.0
532 61.53846153846154 0.0
533 69.23076923076923 0.0
534 57.69230769230769 0.0
535 61.53846153846154 0.0
536 61.53846153846154 0.0
537 61.53846153846154 0.0
538 65.38461538461539 0.0
539 65.38461538461539 0.0
540 69.23076923076923 0.0
541 61.53846153846154 0.0
542 61.53846153846154 0.0
543 57.69230769230769 0.0
544 57.69230769230769 0.0
545 69.23076923076923 0.0
546 65.38461538461539 0.0
547 69.23076923076923 0.0
548 73.07692307692308 0.0
549 69.23076923076923 0.0
550 69.23076923076923 0.0
551 69.23076923076923 0.0
552 61.53846153846154 0.0
553 69.23076923076923 0.0
554 65.38461538461539 0.0
555 73.07692307692308 0.0
556 53.84615384615385 0.0
557 57.69230769230769 0.0
558 46.15384615384615 0.0
559 69.23076923076923 0.0
560 65.38461538461539 0.0
561 50.0 0.0
562 53.84615384615385 0.0
563 61.53846153846154 0.0
564 53.84615384615385 0.0
565 61.53846153846154 0.0
566 53.84615384615385 0.0
567 53.84615384615385 0.0
568 57.69230769230769 0.0
569 65.38461538461539 0.0
570 57.69230769230769 0.0
571 57.69230769230769 0.0
572 46.15384615384615 0.0
573 53.84615384615385 0.0
574 57.69230769230769 0.0
575 53.84615384615385 0.0
576 65.38461538461539 0.0
577 69.23076923076923 0.0
578 69.23076923076923 0.0
579 50.0 0.0
580 53.84615384615385 0.0
581 50.0 0.0
582 46.15384615384615 0.0
583 53.84615384615385 0.0
584 57.69230769230769 0.0
585 61.53846153846154 0.0
586 69.23076923076923 0.0
587 57.69230769230769 0.0
588 61.53846153846154 0.0
589 73.07692307692308 0.0
590 53.84615384615385 0.0
591 46.15384615384615 0.0
592 73.07692307692308 0.0
593 73.07692307692308 0.0
594 65.38461538461539 0.0
595 61.53846153846154 0.0
596 84.61538461538461 0.0
597 76.92307692307692 0.0
598 80.76923076923077 0.0
599 65.38461538461539 0.0
600 61.53846153846154 0.0
601 73.07692307692308 0.0
602 65.38461538461539 0.0
603 65.38461538461539 0.0
604 57.69230769230769 0.0
605 73.07692307692308 0.0
606 76.92307692307692 0.0
607 69.23076923076923 0.0
608 69.23076923076923 0.0
609 80.76923076923077 0.0
610 76.92307692307692 0.0
611 76.92307692307692 0.0
612 84.61538461538461 0.0
613 84.61538461538461 0.0
614 84.61538461538461 0.0
615 76.92307692307692 0.0
616 76.92307692307692 0.0
617 73.07692307692308 0.0
618 76.92307692307692 0.0
619 76.92307692307692 0.0
620 76.92307692307692 0.0
621 73.07692307692308 0.0
622 76.92307692307692 0.0
623 69.23076923076923 0.0
624 65.38461538461539 0.0
625 69.23076923076923 0.0
626 57.69230769230769 0.0
627 57.69230769230769 0.0
628 69.23076923076923 0.0
629 61.53846153846154 0.0
630 69.23076923076923 0.0
631 69.23076923076923 0.0
632 61.53846153846154 0.0
633 61.53846153846154 0.0
634 61.53846153846154 0.0
635 76.92307692307692 0.0
636 76.92307692307692 0.0
637 76.92307692307692 0.0
638 61.53846153846154 0.0
639 57.69230769230769 0.0
640 61.53846153846154 0.0
641 69.23076923076923 0.0
642 69.23076923076923 0.0
643 76.92307692307692 0.0
644 76.92307692307692 0.0
645 69.23076923076923 0.0
646 57.69230769230769 0.0
647 69.23076923076923 0.0
648 61.53846153846154 0.0
649 65.38461538461539 0.0
650 53.84615384615385 0.0
651 53.84615384615385 0.0
652 76.92307692307692 0.0
653 69.23076923076923 0.0
654 61.53846153846154 0.0
655 65.38461538461539 0.0
656 69.23076923076923 0.0
657 69.23076923076923 0.0
658 65.38461538461539 0.0
659 65.38461538461539 0.0
660 61.53846153846154 0.0
661 65.38461538461539 0.0
662 61.53846153846154 0.0
663 76.92307692307692 0.0
664 57.69230769230769 0.0
665 73.07692307692308 0.0
666 73.07692307692308 0.0
667 73.07692307692308 0.0
668 69.23076923076923 0.0
669 53.84615384615385 0.0
670 65.38461538461539 0.0
671 76.92307692307692 0.0
672 73.07692307692308 0.0
673 76.92307692307692 0.0
674 69.23076923076923 0.0
675 73.07692307692308 0.0
676 69.23076923076923 0.0
677 69.23076923076923 0.0
678 69.23076923076923 0.0
679 76.92307692307692 0.0
680 76.92307692307692 0.0
681 76.92307692307692 0.0
682 69.23076923076923 0.0
683 69.23076923076923 0.0
684 76.92307692307692 0.0
685 69.23076923076923 0.0
686 76.92307692307692 0.0
687 76.92307692307692 0.0
688 84.61538461538461 0.0
689 84.61538461538461 0.0
690 76.92307692307692 0.0
691 80.76923076923077 0.0
692 80.76923076923077 0.0
693 73.07692307692308 0.0
694 73.07692307692308 0.0
695 73.07692307692308 0.0
696 65.38461538461539 0.0
697 73.07692307692308 0.0
698 73.07692307692308 0.0
699 73.07692307692308 0.0
700 76.92307692307692 0.0
701 61.53846153846154 0.0
702 80.76923076923077 0.0
703 84.61538461538461 0.0
704 84.61538461538461 0.0
705 76.92307692307692 0.0
706 73.07692307692308 0.0
707 73.07692307692308 0.0
708 76.92307692307692 0.0
709 84.61538461538461 0.0
710 76.92307692307692 0.0
711 65.38461538461539 0.0
712 69.23076923076923 0.0
713 69.23076923076923 0.0
714 73.07692307692308 0.0
715 80.76923076923077 0.0
716 88.46153846153847 0.0
717 80.76923076923077 0.0
718 88.46153846153847 0.0
719 57.69230769230769 0.0
720 73.07692307692308 0.0
721 65.38461538461539 0.0
722 65.38461538461539 0.0
723 73.07692307692308 0.0
724 73.07692307692308 0.0
725 65.38461538461539 0.0
726 65.38461538461539 0.0
727 65.38461538461539 0.0
728 80.76923076923077 0.0
729 73.07692307692308 0.0
730 73.07692307692308 0.0
731 73.07692307692308 0.0
732 80.76923076923077 0.0
733 73.07692307692308 0.0
734 73.07692307692308 0.0
735 73.07692307692308 0.0
736 73.07692307692308 0.0
737 69.23076923076923 0.0
738 73.07692307692308 0.0
739 53.84615384615385 0.0
740 76.92307692307692 0.0
741 69.23076923076923 0.0
742 73.07692307692308 0.0
743 73.07692307692308 0.0
744 73.07692307692308 0.0
745 80.76923076923077 0.0
746 80.76923076923077 0.0
747 80.76923076923077 0.0
748 80.76923076923077 0.0
749 73.07692307692308 0.0
750 73.07692307692308 0.0
751 80.76923076923077 0.0
752 73.07692307692308 0.0
753 73.07692307692308 0.0
754 73.07692307692308 0.0
755 57.69230769230769 0.0
756 73.07692307692308 0.0
757 73.07692307692308 0.0
758 73.07692307692308 0.0
759 57.69230769230769 0.0
760 61.53846153846154 0.0
761 61.53846153846154 0.0
762 69.23076923076923 0.0
763 61.53846153846154 0.0
764 57.69230769230769 0.0
765 57.69230769230769 0.0
766 65.38461538461539 0.0
767 46.15384615384615 0.0
768 65.38461538461539 0.0
769 65.38461538461539 0.0
770 69.23076923076923 0.0
771 69.23076923076923 0.0
772 76.92307692307692 0.0
773 53.84615384615385 0.0
774 65.38461538461539 0.0
775 73.07692307692308 0.0
776 69.23076923076923 0.0
777 61.53846153846154 0.0
778 65.38461538461539 0.0
779 53.84615384615385 0.0
780 65.38461538461539 0.0
781 65.38461538461539 0.0
782 65.38461538461539 0.0
783 80.76923076923077 0.0
784 65.38461538461539 0.0
785 73.07692307692308 0.0
786 73.07692307692308 0.0
787 65.38461538461539 0.0
788 73.07692307692308 0.0
789 65.38461538461539 0.0
790 65.38461538461539 0.0
791 57.69230769230769 0.0
792 57.69230769230769 0.0
793 65.38461538461539 0.0
794 69.23076923076923 0.0
795 61.53846153846154 0.0
796 53.84615384615385 0.0
797 57.69230769230769 0.0
798 53.84615384615385 0.0
799 53.84615384615385 0.0
800 50.0 0.0
801 53.84615384615385 0.0
802 53.84615384615385 0.0
803 61.53846153846154 0.0
804 53.84615384615385 0.0
805 53.84615384615385 0.0
806 69.23076923076923 0.0
807 61.53846153846154 0.0
808 53.84615384615385 0.0
809 69.23076923076923 0.0
810 69.23076923076923 0.0
811 61.53846153846154 0.0
812 69.23076923076923 0.0
813 69.23076923076923 0.0
814 61.53846153846154 0.0
815 61.53846153846154 0.0
816 69.23076923076923 0.0
817 76.92307692307692 0.0
818 69.23076923076923 0.0
819 76.92307692307692 0.0
820 69.23076923076923 0.0
821 76.92307692307692 0.0
822 61.53846153846154 0.0
823 69.23076923076923 0.0
824 76.92307692307692 0.0
825 76.92307692307692 0.0
826 61.53846153846154 0.0
827 61.53846153846154 0.0
828 57.69230769230769 0.0
829 61.53846153846154 0.0
830 53.84615384615385 0.0
831 53.84615384615385 0.0
832 53.84615384615385 0.0
833 61.53846153846154 0.0
834 53.84615384615385 0.0
835 53.84615384615385 0.0
836 46.15384615384615 0.0
837 53.84615384615385 0.0
838 53.84615384615385 0.0
839 46.15384615384615 0.0
840 46.15384615384615 0.0
841 38.46153846153846 0.0
842 46.15384615384615 0.0
843 46.15384615384615 0.0
844 53.84615384615385 0.0
845 46.15384615384615 0.0
846 46.15384615384615 0.0
847 50.0 0.0
848 57.69230769230769 0.0
849 57.69230769230769 0.0
850 57.69230769230769 0.0
851 69.23076923076923 0.0
852 65.38461538461539 0.0
853 57.69230769230769 0.0
854 73.07692307692308 0.0
855 69.23076923076923 0.0
856 69.23076923076923 0.0
857 61.53846153846154 0.0
858 61.53846153846154 0.0
859 69.23076923076923 0.0
860 65.38461538461539 0.0
861 65.38461538461539 0.0
862 65.38461538461539 0.0
863 46.15384615384615 0.0
864 65.38461538461539 0.0
865 53.84615384615385 0.0
866 61.53846153846154 0.0
867 57.69230769230769 0.0
868 50.0 0.0
869 50.0 0.0
870 57.69230769230769 0.0
871 57.69230769230769 0.0
872 57.69230769230769 0.0
873 57.69230769230769 0.0
874 57.69230769230769 0.0
875 76.92307692307692 0.0
876 73.07692307692308 0.0
877 73.07692307692308 0.0
878 69.23076923076923 0.0
879 69.23076923076923 0.0
880 61.53846153846154 0.0
881 69.23076923076923 0.0
882 61.53846153846154 0.0
883 69.23076923076923 0.0
884 69.23076923076923 0.0
885 61.53846153846154 0.0
886 61.53846153846154 0.0
887 61.53846153846154 0.0
888 61.53846153846154 0.0
889 53.84615384615385 0.0
890 46.15384615384615 0.0
891 53.84615384615385 0.0
892 61.53846153846154 0.0
893 61.53846153846154 0.0
894 61.53846153846154 0.0
895 61.53846153846154 0.0
896 69.23076923076923 0.0
897 53.84615384615385 0.0
898 53.84615384615385 0.0
899 57.69230769230769 0.0
900 57.69230769230769 0.0
901 69.23076923076923 0.0
902 65.38461538461539 0.0
903 65.38461538461539 0.0
904 65.38461538461539 0.0
905 65.38461538461539 0.0
906 65.38461538461539 0.0
907 76.92307692307692 0.0
908 61.53846153846154 0.0
909 84.61538461538461 0.0
910 80.76923076923077 0.0
911 76.92307692307692 0.0
912 76.92307692307692 0.0
913 84.61538461538461 0.0
914 84.61538461538461 0.0
915 69.23076923076923 0.0
916 69.23076923076923 0.0
917 76.92307692307692 0.0
918 69.23076923076923 0.0
919 76.92307692307692 0.0
920 65.38461538461539 0.0
921 65.38461538461539 0.0
922 80.76923076923077 0.0
923 76.92307692307692 0.0
924 80.76923076923077 0.0
925 76.92307692307692 0.0
926 69.23076923076923 0.0
927 76.92307692307692 0.0
928 80.76923076923077 0.0
929 61.53846153846154 0.0
930 65.38461538461539 0.0
931 73.07692307692308 0.0
932 65.38461538461539 0.0
933 73.07692307692308 0.0
934 69.23076923076923 0.0
935 65.38461538461539 0.0
936 65.38461538461539 0.0
937 73.07692307692308 0.0
938 73.07692307692308 0.0
939 65.38461538461539 0.0
940 73.07692307692308 0.0
941 61.53846153846154 0.0
942 57.69230769230769 0.0
943 69.23076923076923 0.0
944 69.23076923076923 0.0
945 57.69230769230769 0.0
946 50.0 0.0
947 65.38461538461539 0.0
948 73.07692307692308 0.0
949 73.07692307692308 0.0
950 65.38461538461539 0.0
951 73.07692307692308 0.0
952 73.07692307692308 0.0
953 65.38461538461539 0.0
954 73.07692307692308 0.0
955 69.23076923076923 0.0
956 65.38461538461539 0.0
957 80.76923076923077 0.0
958 73.07692307692308 0.0
959 65.38461538461539 0.0
960 80.76923076923077 0.0
961 65.38461538461539 0.0
962 73.07692307692308 0.0
963 73.07692307692308 0.0
964 73.07692307692308 0.0
965 65.38461538461539 0.0
966 65.38461538461539 0.0
967 73.07692307692308 0.0
968 73.07692307692308 0.0
969 73.07692307692308 0.0
970 73.07692307692308 0.0
971 73.07692307692308 0.0
972 73.07692307692308 0.0
973 73.07692307692308 0.0
974 73.07692307692308 0.0
975 65.38461538461539 0.0
976 65.38461538461539 0.0
977 80.76923076923077 0.0
978 57.69230769230769 0.0
979 65.38461538461539 0.0
980 57.69230769230769 0.0
981 65.38461538461539 0.0
982 65.38461538461539 0.0
983 65.38461538461539 0.0
984 65.38461538461539 0.0
985 73.07692307692308 0.0
986 73.07692307692308 0.0
987 73.07692307692308 0.0
988 80.76923076923077 0.0
989 65.38461538461539 0.0
990 80.76923076923077 0.0
991 84.61538461538461 0.0
992 65.38461538461539 0.0
993 73.07692307692308 0.0
994 80.76923076923077 0.0
995 73.07692307692308 0.0
996 73.07692307692308 0.0
997 65.38461538461539 0.0
998 80.76923076923077 0.0
999 73.07692307692308 0.0
