#frame monomers_% popc_isolated_%
0 53.84615384615385 0.0
1 53.84615384615385 0.0
2 53.84615384615385 0.0
3 53.84615384615385 0.0
4 53.84615384615385 0.0
5 53.84615384615385 0.0
6 53.84615384615385 0.0
7 65.38461538461539 0.0
8 57.69230769230769 0.0
9 61.53846153846154 0.0
10 69.23076923076923 0.0
11 61.53846153846154 0.0
12 69.23076923076923 0.0
13 53.84615384615385 0.0
14 73.07692307692308 0.0
15 69.23076923076923 0.0
16 69.23076923076923 0.0
17 65.38461538461539 0.0
18 65.38461538461539 0.0
19 69.23076923076923 0.0
20 80.76923076923077 0.0
21 69.23076923076923 0.0
22 69.23076923076923 0.0
23 61.53846153846154 0.0
24 61.53846153846154 0.0
25 65.38461538461539 0.0
26 80.76923076923077 0.0
27 69.23076923076923 0.0
28 57.69230769230769 0.0
29 73.07692307692308 0.0
30 57.69230769230769 0.0
31 76.92307692307692 0.0
32 73.07692307692308 0.0
33 69.23076923076923 0.0
34 61.53846153846154 0.0
35 65.38461538461539 0.0
36 57.69230769230769 0.0
37 61.53846153846154 0.0
38 61.53846153846154 0.0
39 61.53846153846154 0.0
40 61.53846153846154 0.0
41 65.38461538461539 0.0
42 65.38461538461539 0.0
43 57.69230769230769 0.0
44 53.84615384615385 0.0
45 65.38461538461539 0.0
46 65.38461538461539 0.0
47 57.69230769230769 0.0
48 73.07692307692308 0.0
49 73.07692307692308 0.0
50 57.69230769230769 0.0
51 50.0 0.0
52 53.84615384615385 0.0
53 53.84615384615385 0.0
54 65.38461538461539 0.0
55 57.69230769230769 0.0
56 50.0 0.0
57 50.0 0.0
58 50.0 0.0
59 42.30769230769231 0.0
60 42.30769230769231 0.0
61 57.69230769230769 0.0
62 50.0 0.0
63 50.0 0.0
64 50.0 0.0
65 57.69230769230769 0.0
66 57.69230769230769 0.0
67 38.46153846153846 0.0
68 57.69230769230769 0.0
69 61.53846153846154 0.0
70 53.84615384615385 0.0
71 57.69230769230769 0.0
72 73.07692307692308 0.0
73 46.15384615384615 0.0
74 53.84615384615385 0.0
75 46.15384615384615 0.0
76 50.0 0.0
77 46.15384615384615 0.0
78 46.15384615384615 0.0
79 57.69230769230769 0.0
80 50.0 0.0
81 46.15384615384615 0.0
82 46.15384615384615 0.0
83 61.53846153846154 0.0
84 57.69230769230769 0.0
85 65.38461538461539 0.0
86 76.92307692307692 0.0
87 65.38461538461539 0.0
88 65.38461538461539 0.0
89 65.38461538461539 0.0
90 73.07692307692308 0.0
91 73.07692307692308 0.0
92 69.23076923076923 0.0
93 69.23076923076923 0.0
94 65.38461538461539 0.0
95 53.84615384615385 0.0
96 65.38461538461539 0.0
97 61.53846153846154 0.0
98 57.69230769230769 0.0
99 65.38461538461539 0.0
100 69.23076923076923 0.0
101 69.23076923076923 0.0
102 73.07692307692308 0.0
103 61.53846153846154 0.0
104 65.38461538461539 0.0
105 69.23076923076923 0.0
106 53.84615384615385 0.0
107 61.53846153846154 0.0
108 65.38461538461539 0.0
109 57.69230769230769 0.0
110 57.69230769230769 0.0
111 61.53846153846154 0.0
112 65.38461538461539 0.0
113 65.38461538461539 0.0
114 65.38461538461539 0.0
115 69.23076923076923 0.0
116 65.38461538461539 0.0
117 53.84615384615385 0.0
118 46.15384615384615 0.0
119 65.38461538461539 0.0
120 65.38461538461539 0.0
121 65.38461538461539 0.0
122 65.38461538461539 0.0
123 65.38461538461539 0.0
124 73.07692307692308 0.0
125 69.23076923076923 0.0
126 73.07692307692308 0.0
127 73.07692307692308 0.0
128 69.23076923076923 0.0
129 61.53846153846154 0.0
130 65.38461538461539 0.0
131 61.53846153846154 0.0
132 57.69230769230769 0.0
133 46.15384615384615 0.0
134 50.0 0.0
135 50.0 0.0
136 61.53846153846154 0.0
137 50.0 0.0
138 53.84615384615385 0.0
139 57.69230769230769 0.0
140 57.69230769230769 0.0
141 46.15384615384615 0.0
142 57.69230769230769 0.0
143 53.84615384615385 0.0
144 46.15384615384615 0.0
145 61.53846153846154 0.0
146 53.84615384615385 0.0
147 65.38461538461539 0.0
148 69.23076923076923 0.0
149 69.23076923076923 0.0
150 69.23076923076923 0.0
151 53.84615384615385 0.0
152 53.84615384615385 0.0
153 53.84615384615385 0.0
154 50.0 0.0
155 46.15384615384615 0.0
156 57.69230769230769 0.0
157 53.84615384615385 0.0
158 57.69230769230769 0.0
159 61.53846153846154 0.0
160 53.84615384615385 0.0
161 61.53846153846154 0.0
162 69.23076923076923 0.0
163 61.53846153846154 0.0
164 53.84615384615385 0.0
165 61.53846153846154 0.0
166 50.0 0.0
167 46.15384615384615 0.0
168 46.15384615384615 0.0
169 46.15384615384615 0.0
170 46.15384615384615 0.0
171 42.30769230769231 0.0
172 46.15384615384615 0.0
173 38.46153846153846 0.0
174 57.69230769230769 0.0
175 30.76923076923077 0.0
176 38.46153846153846 0.0
177 42.30769230769231 0.0
178 46.15384615384615 0.0
179 42.30769230769231 0.0
180 34.61538461538461 0.0
181 46.15384615384615 0.0
182 34.61538461538461 0.0
183 34.61538461538461 0.0
184 42.30769230769231 0.0
185 42.30769230769231 0.0
186 46.15384615384615 0.0
187 46.15384615384615 0.0
188 46.15384615384615 0.0
189 46.15384615384615 0.0
190 46.15384615384615 0.0
191 46.15384615384615 0.0
192 46.15384615384615 0.0
193 38.46153846153846 0.0
194 46.15384615384615 0.0
195 42.30769230769231 0.0
196 46.15384615384615 0.0
197 42.30769230769231 0.0
198 42.30769230769231 0.0
199 42.30769230769231 0.0
200 46.15384615384615 0.0
201 53.84615384615385 0.0
202 46.15384615384615 0.0
203 50.0 0.0
204 53.84615384615385 0.0
205 42.30769230769231 0.0
206 38.46153846153846 0.0
207 42.30769230769231 0.0
208 38.46153846153846 0.0
209 50.0 0.0
210 50.0 0.0
211 38.46153846153846 0.0
212 53.84615384615385 0.0
213 57.69230769230769 0.0
214 53.84615384615385 0.0
215 46.15384615384615 0.0
216 46.15384615384615 0.0
217 53.84615384615385 0.0
218 50.0 0.0
219 42.30769230769231 0.0
220 30.76923076923077 0.0
221 42.30769230769231 0.0
222 34.61538461538461 0.0
223 30.76923076923077 0.0
224 34.61538461538461 0.0
225 34.61538461538461 0.0
226 30.76923076923077 0.0
227 46.15384615384615 0.0
228 34.61538461538461 0.0
229 38.46153846153846 0.0
230 38.46153846153846 0.0
231 34.61538461538461 0.0
232 46.15384615384615 0.0
233 34.61538461538461 0.0
234 34.61538461538461 0.0
235 46.15384615384615 0.0
236 38.46153846153846 0.0
237 46.15384615384615 0.0
238 46.15384615384615 0.0
239 61.53846153846154 0.0
240 53.84615384615385 0.0
241 53.84615384615385 0.0
242 53.84615384615385 0.0
243 61.53846153846154 0.0
244 69.23076923076923 0.0
245 61.53846153846154 0.0
246 61.53846153846154 0.0
247 53.84615384615385 0.0
248 38.46153846153846 0.0
249 38.46153846153846 0.0
250 42.30769230769231 0.0
251 57.69230769230769 0.0
252 38.46153846153846 0.0
253 38.46153846153846 0.0
254 38.46153846153846 0.0
255 50.0 0.0
256 61.53846153846154 0.0
257 50.0 0.0
258 50.0 0.0
259 50.0 0.0
260 50.0 0.0
261 50.0 0.0
262 50.0 0.0
263 42.30769230769231 0.0
264 53.84615384615385 0.0
265 53.84615384615385 0.0
266 50.0 0.0
267 57.69230769230769 0.0
268 57.69230769230769 0.0
269 57.69230769230769 0.0
270 57.69230769230769 0.0
271 57.69230769230769 0.0
272 50.0 0.0
273 50.0 0.0
274 50.0 0.0
275 50.0 0.0
276 46.15384615384615 0.0
277 46.15384615384615 0.0
278 50.0 0.0
279 57.69230769230769 0.0
280 53.84615384615385 0.0
281 46.15384615384615 0.0
282 46.15384615384615 0.0
283 53.84615384615385 0.0
284 61.53846153846154 0.0
285 61.53846153846154 0.0
286 61.53846153846154 0.0
287 61.53846153846154 0.0
288 53.84615384615385 0.0
289 50.0 0.0
290 69.23076923076923 0.0
291 61.53846153846154 0.0
292 65.38461538461539 0.0
293 61.53846153846154 0.0
294 61.53846153846154 0.0
295 65.38461538461539 0.0
296 65.38461538461539 0.0
297 61.53846153846154 0.0
298 50.0 0.0
299 53.84615384615385 0.0
300 61.53846153846154 0.0
301 65.38461538461539 0.0
302 65.38461538461539 0.0
303 61.53846153846154 0.0
304 61.53846153846154 0.0
305 50.0 0.0
306 57.69230769230769 0.0
307 50.0 0.0
308 53.84615384615385 0.0
309 57.69230769230769 0.0
310 57.69230769230769 0.0
311 57.69230769230769 0.0
312 53.84615384615385 0.0
313 38.46153846153846 0.0
314 46.15384615384615 0.0
315 53.84615384615385 0.0
316 42.30769230769231 0.0
317 57.69230769230769 0.0
318 50.0 0.0
319 53.84615384615385 0.0
320 53.84615384615385 0.0
321 46.15384615384615 0.0
322 46.15384615384615 0.0
323 46.15384615384615 0.0
324 46.15384615384615 0.0
325 38.46153846153846 0.0
326 42.30769230769231 0.0
327 50.0 0.0
328 42.30769230769231 0.0
329 50.0 0.0
330 57.69230769230769 0.0
331 57.69230769230769 0.0
332 61.53846153846154 0.0
333 42.30769230769231 0.0
334 53.84615384615385 0.0
335 53.84615384615385 0.0
336 57.69230769230769 0.0
337 53.84615384615385 0.0
338 50.0 0.0
339 61.53846153846154 0.0
340 57.69230769230769 0.0
341 50.0 0.0
342 50.0 0.0
343 50.0 0.0
344 50.0 0.0
345 50.0 0.0
346 42.30769230769231 0.0
347 50.0 0.0
348 50.0 0.0
349 53.84615384615385 0.0
350 42.30769230769231 0.0
351 46.15384615384615 0.0
352 46.15384615384615 0.0
353 46.15384615384615 0.0
354 42.30769230769231 0.0
355 57.69230769230769 0.0
356 53.84615384615385 0.0
357 46.15384615384615 0.0
358 50.0 0.0
359 46.15384615384615 0.0
360 46.15384615384615 0.0
361 46.15384615384615 0.0
362 46.15384615384615 0.0
363 42.30769230769231 0.0
364 50.0 0.0
365 50.0 0.0
366 42.30769230769231 0.0
367 53.84615384615385 0.0
368 53.84615384615385 0.0
369 53.84615384615385 0.0
370 50.0 0.0
371 46.15384615384615 0.0
372 53.84615384615385 0.0
373 46.15384615384615 0.0
374 46.15384615384615 0.0
375 46.15384615384615 0.0
376 53.84615384615385 0.0
377 53.84615384615385 0.0
378 46.15384615384615 0.0
379 46.15384615384615 0.0
380 53.84615384615385 0.0
381 50.0 0.0
382 46.15384615384615 0.0
383 46.15384615384615 0.0
384 46.15384615384615 0.0
385 46.15384615384615 0.0
386 57.69230769230769 0.0
387 53.84615384615385 0.0
388 46.15384615384615 0.0
389 50.0 0.0
390 50.0 0.0
391 50.0 0.0
392 46.15384615384615 0.0
393 50.0 0.0
394 50.0 0.0
395 50.0 0.0
396 50.0 0.0
397 50.0 0.0
398 50.0 0.0
399 50.0 0.0
400 50.0 0.0
401 50.0 0.0
402 50.0 0.0
403 50.0 0.0
404 50.0 0.0
405 50.0 0.0
406 50.0 0.0
407 50.0 0.0
408 50.0 0.0
409 50.0 0.0
410 53.84615384615385 0.0
411 50.0 0.0
412 50.0 0.0
413 50.0 0.0
414 50.0 0.0
415 50.0 0.0
416 34.61538461538461 0.0
417 50.0 0.0
418 50.0 0.0
419 42.30769230769231 0.0
420 50.0 0.0
421 46.15384615384615 0.0
422 50.0 0.0
423 57.69230769230769 0.0
424 50.0 0.0
425 50.0 0.0
426 50.0 0.0
427 50.0 0.0
428 38.46153846153846 0.0
429 46.15384615384615 0.0
430 42.30769230769231 0.0
431 50.0 0.0
432 46.15384615384615 0.0
433 57.69230769230769 0.0
434 42.30769230769231 0.0
435 57.69230769230769 0.0
436 57.69230769230769 0.0
437 57.69230769230769 0.0
438 46.15384615384615 0.0
439 46.15384615384615 0.0
440 46.15384615384615 0.0
441 53.84615384615385 0.0
442 46.15384615384615 0.0
443 38.46153846153846 0.0
444 50.0 0.0
445 46.15384615384615 0.0
446 53.84615384615385 0.0
447 57.69230769230769 0.0
448 53.84615384615385 0.0
449 50.0 0.0
450 50.0 0.0
451 42.30769230769231 0.0
452 26.923076923076923 0.0
453 30.76923076923077 0.0
454 38.46153846153846 0.0
455 34.61538461538461 0.0
456 38.46153846153846 0.0
457 38.46153846153846 0.0
458 42.30769230769231 0.0
459 46.15384615384615 0.0
460 46.15384615384615 0.0
461 38.46153846153846 0.0
462 46.15384615384615 0.0
463 46.15384615384615 0.0
464 46.15384615384615 0.0
465 46.15384615384615 0.0
466 38.46153846153846 0.0
467 50.0 0.0
468 38.46153846153846 0.0
469 46.15384615384615 0.0
470 38.46153846153846 0.0
471 34.61538461538461 0.0
472 38.46153846153846 0.0
473 34.61538461538461 0.0
474 38.46153846153846 0.0
475 38.46153846153846 0.0
476 34.61538461538461 0.0
477 38.46153846153846 0.0
478 42.30769230769231 0.0
479 38.46153846153846 0.0
480 38.46153846153846 0.0
481 38.46153846153846 0.0
482 38.46153846153846 0.0
483 38.46153846153846 0.0
484 50.0 0.0
485 38.46153846153846 0.0
486 38.46153846153846 0.0
487 38.46153846153846 0.0
488 38.46153846153846 0.0
489 42.30769230769231 0.0
490 38.46153846153846 0.0
491 46.15384615384615 0.0
492 42.30769230769231 0.0
493 42.30769230769231 0.0
494 38.46153846153846 0.0
495 38.46153846153846 0.0
496 38.46153846153846 0.0
497 50.0 0.0
498 38.46153846153846 0.0
499 38.46153846153846 0.0
500 42.30769230769231 0.0
501 50.0 0.0
502 42.30769230769231 0.0
503 38.46153846153846 0.0
504 38.46153846153846 0.0
505 46.15384615384615 0.0
506 50.0 0.0
507 50.0 0.0
508 50.0 0.0
509 50.0 0.0
510 42.30769230769231 0.0
511 50.0 0.0
512 50.0 0.0
513 46.15384615384615 0.0
514 57.69230769230769 0.0
515 65.38461538461539 0.0
516 46.15384615384615 0.0
517 57.69230769230769 0.0
518 53.84615384615385 0.0
519 53.84615384615385 0.0
520 61.53846153846154 0.0
521 61.53846153846154 0.0
522 53.84615384615385 0.0
523 46.15384615384615 0.0
524 50.0 0.0
525 53.84615384615385 0.0
526 57.69230769230769 0.0
527 57.69230769230769 0.0
528 57.69230769230769 0.0
529 46.15384615384615 0.0
530 53.84615384615385 0.0
531 69.23076923076923 0.0
532 57.69230769230769 0.0
533 53.84615384615385 0.0
534 46.15384615384615 0.0
535 46.15384615384615 0.0
536 46.15384615384615 0.0
537 53.84615384615385 0.0
538 46.15384615384615 0.0
539 42.30769230769231 0.0
540 42.30769230769231 0.0
541 42.30769230769231 0.0
542 53.84615384615385 0.0
543 46.15384615384615 0.0
544 46.15384615384615 0.0
545 42.30769230769231 0.0
546 50.0 0.0
547 57.69230769230769 0.0
548 46.15384615384615 0.0
549 42.30769230769231 0.0
550 42.30769230769231 0.0
551 46.15384615384615 0.0
552 50.0 0.0
553 50.0 0.0
554 46.15384615384615 0.0
555 46.15384615384615 0.0
556 42.30769230769231 0.0
557 46.15384615384615 0.0
558 53.84615384615385 0.0
559 50.0 0.0
560 50.0 0.0
561 38.46153846153846 0.0
562 34.61538461538461 0.0
563 42.30769230769231 0.0
564 42.30769230769231 0.0
565 38.46153846153846 0.0
566 50.0 0.0
567 38.46153846153846 0.0
568 42.30769230769231 0.0
569 42.30769230769231 0.0
570 34.61538461538461 0.0
571 42.30769230769231 0.0
572 26.923076923076923 0.0
573 42.30769230769231 0.0
574 50.0 0.0
575 42.30769230769231 0.0
576 50.0 0.0
577 57.69230769230769 0.0
578 53.84615384615385 0.0
579 46.15384615384615 0.0
580 46.15384615384615 0.0
581 46.15384615384615 0.0
582 46.15384615384615 0.0
583 46.15384615384615 0.0
584 38.46153846153846 0.0
585 42.30769230769231 0.0
586 42.30769230769231 0.0
587 42.30769230769231 0.0
588 42.30769230769231 0.0
589 42.30769230769231 0.0
590 42.30769230769231 0.0
591 42.30769230769231 0.0
592 38.46153846153846 0.0
593 42.30769230769231 0.0
594 46.15384615384615 0.0
595 46.15384615384615 0.0
596 46.15384615384615 0.0
597 46.15384615384615 0.0
598 46.15384615384615 0.0
599 46.15384615384615 0.0
600 42.30769230769231 0.0
601 53.84615384615385 0.0
602 53.84615384615385 0.0
603 53.84615384615385 0.0
604 46.15384615384615 0.0
605 57.69230769230769 0.0
606 46.15384615384615 0.0
607 42.30769230769231 0.0
608 50.0 0.0
609 50.0 0.0
610 50.0 0.0
611 50.0 0.0
612 53.84615384615385 0.0
613 46.15384615384615 0.0
614 53.84615384615385 0.0
615 53.84615384615385 0.0
616 46.15384615384615 0.0
617 46.15384615384615 0.0
618 50.0 0.0
619 46.15384615384615 0.0
620 46.15384615384615 0.0
621 46.15384615384615 0.0
622 42.30769230769231 0.0
623 42.30769230769231 0.0
624 46.15384615384615 0.0
625 46.15384615384615 0.0
626 42.30769230769231 0.0
627 42.30769230769231 0.0
628 42.30769230769231 0.0
629 50.0 0.0
630 46.15384615384615 0.0
631 46.15384615384615 0.0
632 46.15384615384615 0.0
633 46.15384615384615 0.0
634 50.0 0.0
635 42.30769230769231 0.0
636 46.15384615384615 0.0
637 42.30769230769231 0.0
638 42.30769230769231 0.0
639 46.15384615384615 0.0
640 46.15384615384615 0.0
641 46.15384615384615 0.0
642 42.30769230769231 0.0
643 57.69230769230769 0.0
644 50.0 0.0
645 53.84615384615385 0.0
646 53.84615384615385 0.0
647 53.84615384615385 0.0
648 53.84615384615385 0.0
649 61.53846153846154 0.0
650 53.84615384615385 0.0
651 53.84615384615385 0.0
652 53.84615384615385 0.0
653 57.69230769230769 0.0
654 53.84615384615385 0.0
655 57.69230769230769 0.0
656 53.84615384615385 0.0
657 53.84615384615385 0.0
658 53.84615384615385 0.0
659 57.69230769230769 0.0
660 61.53846153846154 0.0
661 61.53846153846154 0.0
662 50.0 0.0
663 46.15384615384615 0.0
664 53.84615384615385 0.0
665 38.46153846153846 0.0
666 42.30769230769231 0.0
667 42.30769230769231 0.0
668 38.46153846153846 0.0
669 42.30769230769231 0.0
670 42.30769230769231 0.0
671 42.30769230769231 0.0
672 42.30769230769231 0.0
673 46.15384615384615 0.0
674 34.61538461538461 0.0
675 38.46153846153846 0.0
676 46.15384615384615 0.0
677 46.15384615384615 0.0
678 46.15384615384615 0.0
679 46.15384615384615 0.0
680 53.84615384615385 0.0
681 53.84615384615385 0.0
682 42.30769230769231 0.0
683 46.15384615384615 0.0
684 42.30769230769231 0.0
685 46.15384615384615 0.0
686 53.84615384615385 0.0
687 53.84615384615385 0.0
688 53.84615384615385 0.0
689 53.84615384615385 0.0
690 42.30769230769231 0.0
691 46.15384615384615 0.0
692 46.15384615384615 0.0
693 46.15384615384615 0.0
694 61.53846153846154 0.0
695 53.84615384615385 0.0
696 53.84615384615385 0.0
697 53.84615384615385 0.0
698 46.15384615384615 0.0
699 46.15384615384615 0.0
700 46.15384615384615 0.0
701 42.30769230769231 0.0
702 46.15384615384615 0.0
703 46.15384615384615 0.0
704 53.84615384615385 0.0
705 42.30769230769231 0.0
706 46.15384615384615 0.0
707 42.30769230769231 0.0
708 46.15384615384615 0.0
709 42.30769230769231 0.0
710 42.30769230769231 0.0
711 46.15384615384615 0.0
712 42.30769230769231 0.0
713 46.15384615384615 0.0
714 46.15384615384615 0.0
715 46.15384615384615 0.0
716 46.15384615384615 0.0
717 46.15384615384615 0.0
718 46.15384615384615 0.0
719 38.46153846153846 0.0
720 46.15384615384615 0.0
721 46.15384615384615 0.0
722 46.15384615384615 0.0
723 46.15384615384615 0.0
724 46.15384615384615 0.0
725 46.15384615384615 0.0
726 46.15384615384615 0.0
727 46.15384615384615 0.0
728 50.0 0.0
729 50.0 0.0
730 50.0 0.0
731 53.84615384615385 0.0
732 50.0 0.0
733 53.84615384615385 0.0
734 50.0 0.0
735 61.53846153846154 0.0
736 50.0 0.0
737 57.69230769230769 0.0
738 53.84615384615385 0.0
739 50.0 0.0
740 57.69230769230769 0.0
741 50.0 0.0
742 53.84615384615385 0.0
743 42.30769230769231 0.0
744 50.0 0.0
745 42.30769230769231 0.0
746 46.15384615384615 0.0
747 42.30769230769231 0.0
748 42.30769230769231 0.0
749 46.15384615384615 0.0
750 42.30769230769231 0.0
751 46.15384615384615 0.0
752 42.30769230769231 0.0
753 46.15384615384615 0.0
754 46.15384615384615 0.0
755 46.15384615384615 0.0
756 42.30769230769231 0.0
757 46.15384615384615 0.0
758 46.15384615384615 0.0
759 46.15384615384615 0.0
760 50.0 0.0
761 50.0 0.0
762 53.84615384615385 0.0
763 53.84615384615385 0.0
764 53.84615384615385 0.0
765 46.15384615384615 0.0
766 46.15384615384615 0.0
767 53.84615384615385 0.0
768 53.84615384615385 0.0
769 53.84615384615385 0.0
770 57.69230769230769 0.0
771 73.07692307692308 0.0
772 46.15384615384615 0.0
773 69.23076923076923 0.0
774 57.69230769230769 0.0
775 73.07692307692308 0.0
776 65.38461538461539 0.0
777 53.84615384615385 0.0
778 57.69230769230769 0.0
779 53.84615384615385 0.0
780 65.38461538461539 0.0
781 53.84615384615385 0.0
782 57.69230769230769 0.0
783 73.07692307692308 0.0
784 65.38461538461539 0.0
785 61.53846153846154 0.0
786 61.53846153846154 0.0
787 69.23076923076923 0.0
788 69.23076923076923 0.0
789 65.38461538461539 0.0
790 76.92307692307692 0.0
791 65.38461538461539 0.0
792 61.53846153846154 0.0
793 73.07692307692308 0.0
794 73.07692307692308 0.0
795 73.07692307692308 0.0
796 69.23076923076923 0.0
797 65.38461538461539 0.0
798 69.23076923076923 0.0
799 57.69230769230769 0.0
800 50.0 0.0
801 57.69230769230769 0.0
802 50.0 0.0
803 50.0 0.0
804 61.53846153846154 0.0
805 61.53846153846154 0.0
806 50.0 0.0
807 57.69230769230769 0.0
808 50.0 0.0
809 50.0 0.0
810 34.61538461538461 0.0
811 50.0 0.0
812 42.30769230769231 0.0
813 50.0 0.0
814 38.46153846153846 0.0
815 50.0 0.0
816 50.0 0.0
817 65.38461538461539 0.0
818 57.69230769230769 0.0
819 34.61538461538461 0.0
820 50.0 0.0
821 50.0 0.0
822 65.38461538461539 0.0
823 38.46153846153846 0.0
824 46.15384615384615 0.0
825 46.15384615384615 0.0
826 38.46153846153846 0.0
827 53.84615384615385 0.0
828 46.15384615384615 0.0
829 46.15384615384615 0.0
830 46.15384615384615 0.0
831 50.0 0.0
832 46.15384615384615 0.0
833 38.46153846153846 0.0
834 34.61538461538461 0.0
835 46.15384615384615 0.0
836 46.15384615384615 0.0
837 46.15384615384615 0.0
838 46.15384615384615 0.0
839 46.15384615384615 0.0
840 53.84615384615385 0.0
841 53.84615384615385 0.0
842 53.84615384615385 0.0
843 53.84615384615385 0.0
844 38.46153846153846 0.0
845 42.30769230769231 0.0
846 42.30769230769231 0.0
847 46.15384615384615 0.0
848 46.15384615384615 0.0
849 53.84615384615385 0.0
850 53.84615384615385 0.0
851 57.69230769230769 0.0
852 42.30769230769231 0.0
853 57.69230769230769 0.0
854 61.53846153846154 0.0
855 69.23076923076923 0.0
856 61.53846153846154 0.0
857 61.53846153846154 0.0
858 53.84615384615385 0.0
859 53.84615384615385 0.0
860 53.84615384615385 0.0
861 61.53846153846154 0.0
862 53.84615384615385 0.0
863 61.53846153846154 0.0
864 69.23076923076923 0.0
865 61.53846153846154 0.0
866 61.53846153846154 0.0
867 57.69230769230769 0.0
868 61.53846153846154 0.0
869 57.69230769230769 0.0
870 50.0 0.0
871 69.23076923076923 0.0
872 69.23076923076923 0.0
873 53.84615384615385 0.0
874 57.69230769230769 0.0
875 65.38461538461539 0.0
876 57.69230769230769 0.0
877 61.53846153846154 0.0
878 61.53846153846154 0.0
879 69.23076923076923 0.0
880 69.23076923076923 0.0
881 65.38461538461539 0.0
882 61.53846153846154 0.0
883 57.69230769230769 0.0
884 57.69230769230769 0.0
885 57.69230769230769 0.0
886 50.0 0.0
887 57.69230769230769 0.0
888 50.0 0.0
889 50.0 0.0
890 61.53846153846154 0.0
891 50.0 0.0
892 65.38461538461539 0.0
893 61.53846153846154 0.0
894 61.53846153846154 0.0
895 61.53846153846154 0.0
896 53.84615384615385 0.0
897 50.0 0.0
898 65.38461538461539 0.0
899 50.0 0.0
900 57.69230769230769 0.0
901 50.0 0.0
902 50.0 0.0
903 57.69230769230769 0.0
904 53.84615384615385 0.0
905 50.0 0.0
906 57.69230769230769 0.0
907 42.30769230769231 0.0
908 42.30769230769231 0.0
909 42.30769230769231 0.0
910 46.15384615384615 0.0
911 42.30769230769231 0.0
912 50.0 0.0
913 42.30769230769231 0.0
914 34.61538461538461 0.0
915 50.0 0.0
916 61.53846153846154 0.0
917 57.69230769230769 0.0
918 53.84615384615385 0.0
919 42.30769230769231 0.0
920 38.46153846153846 0.0
921 42.30769230769231 0.0
922 46.15384615384615 0.0
923 50.0 0.0
924 53.84615384615385 0.0
925 53.84615384615385 0.0
926 57.69230769230769 0.0
927 53.84615384615385 0.0
928 53.84615384615385 0.0
929 69.23076923076923 0.0
930 57.69230769230769 0.0
931 65.38461538461539 0.0
932 69.23076923076923 0.0
933 65.38461538461539 0.0
934 76.92307692307692 0.0
935 76.92307692307692 0.0
936 76.92307692307692 0.0
937 69.23076923076923 0.0
938 76.92307692307692 0.0
939 84.61538461538461 0.0
940 69.23076923076923 0.0
941 69.23076923076923 0.0
942 69.23076923076923 0.0
943 61.53846153846154 0.0
944 61.53846153846154 0.0
945 57.69230769230769 0.0
946 53.84615384615385 0.0
947 57.69230769230769 0.0
948 61.53846153846154 0.0
949 61.53846153846154 0.0
950 61.53846153846154 0.0
951 61.53846153846154 0.0
952 57.69230769230769 0.0
953 46.15384615384615 0.0
954 53.84615384615385 0.0
955 53.84615384615385 0.0
956 38.46153846153846 0.0
957 46.15384615384615 0.0
958 46.15384615384615 0.0
959 42.30769230769231 0.0
960 53.84615384615385 0.0
961 61.53846153846154 0.0
962 57.69230769230769 0.0
963 61.53846153846154 0.0
964 53.84615384615385 0.0
965 50.0 0.0
966 57.69230769230769 0.0
967 50.0 0.0
968 61.53846153846154 0.0
969 57.69230769230769 0.0
970 61.53846153846154 0.0
971 53.84615384615385 0.0
972 65.38461538461539 0.0
973 50.0 0.0
974 46.15384615384615 0.0
975 65.38461538461539 0.0
976 50.0 0.0
977 46.15384615384615 0.0
978 50.0 0.0
979 53.84615384615385 0.0
980 53.84615384615385 0.0
981 38.46153846153846 0.0
982 46.15384615384615 0.0
983 46.15384615384615 0.0
984 42.30769230769231 0.0
985 50.0 0.0
986 53.84615384615385 0.0
987 53.84615384615385 0.0
988 42.30769230769231 0.0
989 46.15384615384615 0.0
990 53.84615384615385 0.0
991 53.84615384615385 0.0
992 50.0 0.0
993 34.61538461538461 0.0
994 46.15384615384615 0.0
995 38.46153846153846 0.0
996 38.46153846153846 0.0
997 57.69230769230769 0.0
998 50.0 0.0
999 53.84615384615385 0.0
