#frame monomers_% popc_isolated_%
0 46.15384615384615 0.0
1 53.84615384615385 0.0
2 50.0 0.0
3 61.53846153846154 0.0
4 57.69230769230769 0.0
5 57.69230769230769 0.0
6 50.0 0.0
7 65.38461538461539 0.0
8 57.69230769230769 0.0
9 50.0 0.0
10 50.0 0.0
11 57.69230769230769 0.0
12 50.0 0.0
13 50.0 0.0
14 50.0 0.0
15 38.46153846153846 0.0
16 57.69230769230769 0.0
17 53.84615384615385 0.0
18 53.84615384615385 0.0
19 53.84615384615385 0.0
20 50.0 0.0
21 50.0 0.0
22 46.15384615384615 0.0
23 46.15384615384615 0.0
24 46.15384615384615 0.0
25 46.15384615384615 0.0
26 53.84615384615385 0.0
27 46.15384615384615 0.0
28 46.15384615384615 0.0
29 42.30769230769231 0.0
30 46.15384615384615 0.0
31 53.84615384615385 0.0
32 53.84615384615385 0.0
33 53.84615384615385 0.0
34 53.84615384615385 0.0
35 53.84615384615385 0.0
36 50.0 0.0
37 53.84615384615385 0.0
38 53.84615384615385 0.0
39 57.69230769230769 0.0
40 50.0 0.0
41 46.15384615384615 0.0
42 61.53846153846154 0.0
43 57.69230769230769 0.0
44 53.84615384615385 0.0
45 65.38461538461539 0.0
46 65.38461538461539 0.0
47 57.69230769230769 0.0
48 65.38461538461539 0.0
49 57.69230769230769 0.0
50 53.84615384615385 0.0
51 73.07692307692308 0.0
52 76.92307692307692 0.0
53 69.23076923076923 0.0
54 69.23076923076923 0.0
55 69.23076923076923 0.0
56 65.38461538461539 0.0
57 53.84615384615385 0.0
58 57.69230769230769 0.0
59 65.38461538461539 0.0
60 73.07692307692308 0.0
61 65.38461538461539 0.0
62 57.69230769230769 0.0
63 65.38461538461539 0.0
64 57.69230769230769 0.0
65 61.53846153846154 0.0
66 61.53846153846154 0.0
67 57.69230769230769 0.0
68 61.53846153846154 0.0
69 57.69230769230769 0.0
70 50.0 0.0
71 50.0 0.0
72 61.53846153846154 0.0
73 73.07692307692308 0.0
74 61.53846153846154 0.0
75 65.38461538461539 0.0
76 61.53846153846154 0.0
77 53.84615384615385 0.0
78 57.69230769230769 0.0
79 50.0 0.0
80 61.53846153846154 0.0
81 53.84615384615385 0.0
82 69.23076923076923 0.0
83 65.38461538461539 0.0
84 69.23076923076923 0.0
85 57.69230769230769 0.0
86 69.23076923076923 0.0
87 61.53846153846154 0.0
88 69.23076923076923 0.0
89 61.53846153846154 0.0
90 61.53846153846154 0.0
91 69.23076923076923 0.0
92 57.69230769230769 0.0
93 73.07692307692308 0.0
94 73.07692307692308 0.0
95 69.23076923076923 0.0
96 42.30769230769231 0.0
97 57.69230769230769 0.0
98 53.84615384615385 0.0
99 73.07692307692308 0.0
100 61.53846153846154 0.0
101 61.53846153846154 0.0
102 65.38461538461539 0.0
103 57.69230769230769 0.0
104 69.23076923076923 0.0
105 65.38461538461539 0.0
106 50.0 0.0
107 65.38461538461539 0.0
108 61.53846153846154 0.0
109 65.38461538461539 0.0
110 61.53846153846154 0.0
111 65.38461538461539 0.0
112 57.69230769230769 0.0
113 69.23076923076923 0.0
114 65.38461538461539 0.0
115 53.84615384615385 0.0
116 57.69230769230769 0.0
117 69.23076923076923 0.0
118 65.38461538461539 0.0
119 73.07692307692308 0.0
120 61.53846153846154 0.0
121 73.07692307692308 0.0
122 69.23076923076923 0.0
123 57.69230769230769 0.0
124 65.38461538461539 0.0
125 65.38461538461539 0.0
126 69.23076923076923 0.0
127 80.76923076923077 0.0
128 69.23076923076923 0.0
129 73.07692307692308 0.0
130 76.92307692307692 0.0
131 73.07692307692308 0.0
132 69.23076923076923 0.0
133 69.23076923076923 0.0
134 69.23076923076923 0.0
135 73.07692307692308 0.0
136 76.92307692307692 0.0
137 76.92307692307692 0.0
138 69.23076923076923 0.0
139 73.07692307692308 0.0
140 69.23076923076923 0.0
141 80.76923076923077 0.0
142 73.07692307692308 0.0
143 69.23076923076923 0.0
144 65.38461538461539 0.0
145 65.38461538461539 0.0
146 73.07692307692308 0.0
147 61.53846153846154 0.0
148 61.53846153846154 0.0
149 57.69230769230769 0.0
150 61.53846153846154 0.0
151 57.69230769230769 0.0
152 61.53846153846154 0.0
153 65.38461538461539 0.0
154 65.38461538461539 0.0
155 65.38461538461539 0.0
156 65.38461538461539 0.0
157 73.07692307692308 0.0
158 61.53846153846154 0.0
159 57.69230769230769 0.0
160 65.38461538461539 0.0
161 69.23076923076923 0.0
162 73.07692307692308 0.0
163 69.23076923076923 0.0
164 65.38461538461539 0.0
165 69.23076923076923 0.0
166 73.07692307692308 0.0
167 76.92307692307692 0.0
168 76.92307692307692 0.0
169 73.07692307692308 0.0
170 73.07692307692308 0.0
171 73.07692307692308 0.0
172 76.92307692307692 0.0
173 73.07692307692308 0.0
174 73.07692307692308 0.0
175 76.92307692307692 0.0
176 73.07692307692308 0.0
177 73.07692307692308 0.0
178 73.07692307692308 0.0
179 73.07692307692308 0.0
180 73.07692307692308 0.0
181 69.23076923076923 0.0
182 69.23076923076923 0.0
183 73.07692307692308 0.0
184 76.92307692307692 0.0
185 69.23076923076923 0.0
186 69.23076923076923 0.0
187 76.92307692307692 0.0
188 69.23076923076923 0.0
189 69.23076923076923 0.0
190 80.76923076923077 0.0
191 73.07692307692308 0.0
192 73.07692307692308 0.0
193 76.92307692307692 0.0
194 80.76923076923077 0.0
195 80.76923076923077 0.0
196 76.92307692307692 0.0
197 69.23076923076923 0.0
198 80.76923076923077 0.0
199 80.76923076923077 0.0
200 80.76923076923077 0.0
201 76.92307692307692 0.0
202 76.92307692307692 0.0
203 69.23076923076923 0.0
204 80.76923076923077 0.0
205 80.76923076923077 0.0
206 69.23076923076923 0.0
207 69.23076923076923 0.0
208 80.76923076923077 0.0
209 73.07692307692308 0.0
210 65.38461538461539 0.0
211 76.92307692307692 0.0
212 76.92307692307692 0.0
213 73.07692307692308 0.0
214 73.07692307692308 0.0
215 73.07692307692308 0.0
216 73.07692307692308 0.0
217 76.92307692307692 0.0
218 73.07692307692308 0.0
219 80.76923076923077 0.0
220 76.92307692307692 0.0
221 69.23076923076923 0.0
222 84.61538461538461 0.0
223 76.92307692307692 0.0
224 84.61538461538461 0.0
225 76.92307692307692 0.0
226 76.92307692307692 0.0
227 76.92307692307692 0.0
228 92.3076923076923 0.0
229 80.76923076923077 0.0
230 80.76923076923077 0.0
231 69.23076923076923 0.0
232 73.07692307692308 0.0
233 84.61538461538461 0.0
234 76.92307692307692 0.0
235 73.07692307692308 0.0
236 73.07692307692308 0.0
237 69.23076923076923 0.0
238 73.07692307692308 0.0
239 65.38461538461539 0.0
240 57.69230769230769 0.0
241 57.69230769230769 0.0
242 57.69230769230769 0.0
243 73.07692307692308 0.0
244 73.07692307692308 0.0
245 73.07692307692308 0.0
246 73.07692307692308 0.0
247 73.07692307692308 0.0
248 80.76923076923077 0.0
249 84.61538461538461 0.0
250 80.76923076923077 0.0
251 84.61538461538461 0.0
252 76.92307692307692 0.0
253 69.23076923076923 0.0
254 84.61538461538461 0.0
255 69.23076923076923 0.0
256 69.23076923076923 0.0
257 76.92307692307692 0.0
258 76.92307692307692 0.0
259 76.92307692307692 0.0
260 76.92307692307692 0.0
261 76.92307692307692 0.0
262 92.3076923076923 0.0
263 65.38461538461539 0.0
264 84.61538461538461 0.0
265 76.92307692307692 0.0
266 92.3076923076923 0.0
267 84.61538461538461 0.0
268 69.23076923076923 0.0
269 84.61538461538461 0.0
270 76.92307692307692 0.0
271 76.92307692307692 0.0
272 76.92307692307692 0.0
273 61.53846153846154 0.0
274 73.07692307692308 0.0
275 84.61538461538461 0.0
276 84.61538461538461 0.0
277 69.23076923076923 0.0
278 76.92307692307692 0.0
279 84.61538461538461 0.0
280 84.61538461538461 0.0
281 73.07692307692308 0.0
282 73.07692307692308 0.0
283 65.38461538461539 0.0
284 65.38461538461539 0.0
285 76.92307692307692 0.0
286 73.07692307692308 0.0
287 80.76923076923077 0.0
288 84.61538461538461 0.0
289 69.23076923076923 0.0
290 84.61538461538461 0.0
291 73.07692307692308 0.0
292 76.92307692307692 0.0
293 76.92307692307692 0.0
294 76.92307692307692 0.0
295 69.23076923076923 0.0
296 76.92307692307692 0.0
297 65.38461538461539 0.0
298 84.61538461538461 0.0
299 69.23076923076923 0.0
300 65.38461538461539 0.0
301 69.23076923076923 0.0
302 73.07692307692308 0.0
303 73.07692307692308 0.0
304 73.07692307692308 0.0
305 80.76923076923077 0.0
306 80.76923076923077 0.0
307 80.76923076923077 0.0
308 69.23076923076923 0.0
309 69.23076923076923 0.0
310 76.92307692307692 0.0
311 73.07692307692308 0.0
312 61.53846153846154 0.0
313 65.38461538461539 0.0
314 69.23076923076923 0.0
315 61.53846153846154 0.0
316 53.84615384615385 0.0
317 69.23076923076923 0.0
318 61.53846153846154 0.0
319 65.38461538461539 0.0
320 53.84615384615385 0.0
321 57.69230769230769 0.0
322 57.69230769230769 0.0
323 53.84615384615385 0.0
324 53.84615384615385 0.0
325 53.84615384615385 0.0
326 61.53846153846154 0.0
327 53.84615384615385 0.0
328 61.53846153846154 0.0
329 69.23076923076923 0.0
330 73.07692307692308 0.0
331 65.38461538461539 0.0
332 61.53846153846154 0.0
333 73.07692307692308 0.0
334 73.07692307692308 0.0
335 69.23076923076923 0.0
336 69.23076923076923 0.0
337 76.92307692307692 0.0
338 69.23076923076923 0.0
339 65.38461538461539 0.0
340 65.38461538461539 0.0
341 69.23076923076923 0.0
342 76.92307692307692 0.0
343 61.53846153846154 0.0
344 69.23076923076923 0.0
345 69.23076923076923 0.0
346 61.53846153846154 0.0
347 69.23076923076923 0.0
348 69.23076923076923 0.0
349 76.92307692307692 0.0
350 76.92307692307692 0.0
351 69.23076923076923 0.0
352 76.92307692307692 0.0
353 69.23076923076923 0.0
354 61.53846153846154 0.0
355 69.23076923076923 0.0
356 69.23076923076923 0.0
357 61.53846153846154 0.0
358 69.23076923076923 0.0
359 61.53846153846154 0.0
360 57.69230769230769 0.0
361 61.53846153846154 0.0
362 73.07692307692308 0.0
363 73.07692307692308 0.0
364 73.07692307692308 0.0
365 69.23076923076923 0.0
366 61.53846153846154 0.0
367 69.23076923076923 0.0
368 76.92307692307692 0.0
369 65.38461538461539 0.0
370 73.07692307692308 0.0
371 69.23076923076923 0.0
372 65.38461538461539 0.0
373 65.38461538461539 0.0
374 76.92307692307692 0.0
375 76.92307692307692 0.0
376 69.23076923076923 0.0
377 84.61538461538461 0.0
378 84.61538461538461 0.0
379 61.53846153846154 0.0
380 76.92307692307692 0.0
381 65.38461538461539 0.0
382 57.69230769230769 0.0
383 73.07692307692308 0.0
384 57.69230769230769 0.0
385 69.23076923076923 0.0
386 84.61538461538461 0.0
387 84.61538461538461 0.0
388 84.61538461538461 0.0
389 69.23076923076923 0.0
390 69.23076923076923 0.0
391 73.07692307692308 0.0
392 73.07692307692308 0.0
393 65.38461538461539 0.0
394 61.53846153846154 0.0
395 69.23076923076923 0.0
396 84.61538461538461 0.0
397 92.3076923076923 0.0
398 76.92307692307692 0.0
399 76.92307692307692 0.0
400 76.92307692307692 0.0
401 61.53846153846154 0.0
402 84.61538461538461 0.0
403 73.07692307692308 0.0
404 84.61538461538461 0.0
405 92.3076923076923 0.0
406 92.3076923076923 0.0
407 88.46153846153847 0.0
408 84.61538461538461 0.0
409 84.61538461538461 0.0
410 92.3076923076923 0.0
411 84.61538461538461 0.0
412 80.76923076923077 0.0
413 80.76923076923077 0.0
414 92.3076923076923 0.0
415 92.3076923076923 0.0
416 88.46153846153847 0.0
417 84.61538461538461 0.0
418 84.61538461538461 0.0
419 84.61538461538461 0.0
420 84.61538461538461 0.0
421 84.61538461538461 0.0
422 84.61538461538461 0.0
423 92.3076923076923 0.0
424 76.92307692307692 0.0
425 84.61538461538461 0.0
426 80.76923076923077 0.0
427 92.3076923076923 0.0
428 80.76923076923077 0.0
429 84.61538461538461 0.0
430 84.61538461538461 0.0
431 84.61538461538461 0.0
432 84.61538461538461 0.0
433 92.3076923076923 0.0
434 92.3076923076923 0.0
435 84.61538461538461 0.0
436 92.3076923076923 0.0
437 92.3076923076923 0.0
438 92.3076923076923 0.0
439 92.3076923076923 0.0
440 92.3076923076923 0.0
441 84.61538461538461 0.0
442 84.61538461538461 0.0
443 92.3076923076923 0.0
444 92.3076923076923 0.0
445 76.92307692307692 0.0
446 84.61538461538461 0.0
447 84.61538461538461 0.0
448 76.92307692307692 0.0
449 76.92307692307692 0.0
450 84.61538461538461 0.0
451 76.92307692307692 0.0
452 84.61538461538461 0.0
453 92.3076923076923 0.0
454 76.92307692307692 0.0
455 76.92307692307692 0.0
456 84.61538461538461 0.0
457 76.92307692307692 0.0
458 84.61538461538461 0.0
459 84.61538461538461 0.0
460 73.07692307692308 0.0
461 76.92307692307692 0.0
462 76.92307692307692 0.0
463 65.38461538461539 0.0
464 69.23076923076923 0.0
465 65.38461538461539 0.0
466 61.53846153846154 0.0
467 76.92307692307692 0.0
468 84.61538461538461 0.0
469 76.92307692307692 0.0
470 73.07692307692308 0.0
471 76.92307692307692 0.0
472 76.92307692307692 0.0
473 76.92307692307692 0.0
474 76.92307692307692 0.0
475 65.38461538461539 0.0
476 73.07692307692308 0.0
477 76.92307692307692 0.0
478 76.92307692307692 0.0
479 73.07692307692308 0.0
480 73.07692307692308 0.0
481 73.07692307692308 0.0
482 73.07692307692308 0.0
483 76.92307692307692 0.0
484 76.92307692307692 0.0
485 76.92307692307692 0.0
486 73.07692307692308 0.0
487 80.76923076923077 0.0
488 84.61538461538461 0.0
489 80.76923076923077 0.0
490 73.07692307692308 0.0
491 76.92307692307692 0.0
492 76.92307692307692 0.0
493 84.61538461538461 0.0
494 69.23076923076923 0.0
495 69.23076923076923 0.0
496 69.23076923076923 0.0
497 73.07692307692308 0.0
498 69.23076923076923 0.0
499 76.92307692307692 0.0
500 84.61538461538461 0.0
501 80.76923076923077 0.0
502 73.07692307692308 0.0
503 61.53846153846154 0.0
504 84.61538461538461 0.0
505 76.92307692307692 0.0
506 69.23076923076923 0.0
507 76.92307692307692 0.0
508 69.23076923076923 0.0
509 92.3076923076923 0.0
510 84.61538461538461 0.0
511 92.3076923076923 0.0
512 84.61538461538461 0.0
513 84.61538461538461 0.0
514 84.61538461538461 0.0
515 76.92307692307692 0.0
516 84.61538461538461 0.0
517 84.61538461538461 0.0
518 76.92307692307692 0.0
519 69.23076923076923 0.0
520 76.92307692307692 0.0
521 76.92307692307692 0.0
522 76.92307692307692 0.0
523 73.07692307692308 0.0
524 69.23076923076923 0.0
525 69.23076923076923 0.0
526 69.23076923076923 0.0
527 84.61538461538461 0.0
528 69.23076923076923 0.0
529 76.92307692307692 0.0
530 65.38461538461539 0.0
531 69.23076923076923 0.0
532 69.23076923076923 0.0
533 61.53846153846154 0.0
534 61.53846153846154 0.0
535 69.23076923076923 0.0
536 76.92307692307692 0.0
537 57.69230769230769 0.0
538 69.23076923076923 0.0
539 69.23076923076923 0.0
540 73.07692307692308 0.0
541 76.92307692307692 0.0
542 65.38461538461539 0.0
543 73.07692307692308 0.0
544 84.61538461538461 0.0
545 84.61538461538461 0.0
546 76.92307692307692 0.0
547 76.92307692307692 0.0
548 76.92307692307692 0.0
549 76.92307692307692 0.0
550 76.92307692307692 0.0
551 69.23076923076923 0.0
552 76.92307692307692 0.0
553 65.38461538461539 0.0
554 76.92307692307692 0.0
555 76.92307692307692 0.0
556 76.92307692307692 0.0
557 76.92307692307692 0.0
558 65.38461538461539 0.0
559 57.69230769230769 0.0
560 69.23076923076923 0.0
561 61.53846153846154 0.0
562 69.23076923076923 0.0
563 61.53846153846154 0.0
564 69.23076923076923 0.0
565 69.23076923076923 0.0
566 57.69230769230769 0.0
567 61.53846153846154 0.0
568 73.07692307692308 0.0
569 76.92307692307692 0.0
570 76.92307692307692 0.0
571 76.92307692307692 0.0
572 65.38461538461539 0.0
573 65.38461538461539 0.0
574 61.53846153846154 0.0
575 61.53846153846154 0.0
576 65.38461538461539 0.0
577 53.84615384615385 0.0
578 57.69230769230769 0.0
579 57.69230769230769 0.0
580 57.69230769230769 0.0
581 65.38461538461539 0.0
582 65.38461538461539 0.0
583 65.38461538461539 0.0
584 84.61538461538461 0.0
585 84.61538461538461 0.0
586 73.07692307692308 0.0
587 80.76923076923077 0.0
588 76.92307692307692 0.0
589 69.23076923076923 0.0
590 73.07692307692308 0.0
591 76.92307692307692 0.0
592 76.92307692307692 0.0
593 80.76923076923077 0.0
594 76.92307692307692 0.0
595 73.07692307692308 0.0
596 69.23076923076923 0.0
597 76.92307692307692 0.0
598 76.92307692307692 0.0
599 69.23076923076923 0.0
600 84.61538461538461 0.0
601 76.92307692307692 0.0
602 76.92307692307692 0.0
603 80.76923076923077 0.0
604 80.76923076923077 0.0
605 76.92307692307692 0.0
606 80.76923076923077 0.0
607 73.07692307692308 0.0
608 84.61538461538461 0.0
609 61.53846153846154 0.0
610 65.38461538461539 0.0
611 65.38461538461539 0.0
612 65.38461538461539 0.0
613 69.23076923076923 0.0
614 69.23076923076923 0.0
615 65.38461538461539 0.0
616 73.07692307692308 0.0
617 73.07692307692308 0.0
618 73.07692307692308 0.0
619 65.38461538461539 0.0
620 73.07692307692308 0.0
621 80.76923076923077 0.0
622 73.07692307692308 0.0
623 73.07692307692308 0.0
624 69.23076923076923 0.0
625 73.07692307692308 0.0
626 76.92307692307692 0.0
627 65.38461538461539 0.0
628 73.07692307692308 0.0
629 69.23076923076923 0.0
630 69.23076923076923 0.0
631 65.38461538461539 0.0
632 69.23076923076923 0.0
633 69.23076923076923 0.0
634 73.07692307692308 0.0
635 61.53846153846154 0.0
636 61.53846153846154 0.0
637 61.53846153846154 0.0
638 69.23076923076923 0.0
639 73.07692307692308 0.0
640 69.23076923076923 0.0
641 57.69230769230769 0.0
642 65.38461538461539 0.0
643 61.53846153846154 0.0
644 57.69230769230769 0.0
645 65.38461538461539 0.0
646 57.69230769230769 0.0
647 46.15384615384615 0.0
648 53.84615384615385 0.0
649 42.30769230769231 0.0
650 53.84615384615385 0.0
651 46.15384615384615 0.0
652 50.0 0.0
653 57.69230769230769 0.0
654 57.69230769230769 0.0
655 65.38461538461539 0.0
656 65.38461538461539 0.0
657 65.38461538461539 0.0
658 61.53846153846154 0.0
659 61.53846153846154 0.0
660 61.53846153846154 0.0
661 61.53846153846154 0.0
662 61.53846153846154 0.0
663 61.53846153846154 0.0
664 53.84615384615385 0.0
665 53.84615384615385 0.0
666 53.84615384615385 0.0
667 61.53846153846154 0.0
668 61.53846153846154 0.0
669 53.84615384615385 0.0
670 53.84615384615385 0.0
671 53.84615384615385 0.0
672 65.38461538461539 0.0
673 65.38461538461539 0.0
674 65.38461538461539 0.0
675 69.23076923076923 0.0
676 61.53846153846154 0.0
677 69.23076923076923 0.0
678 65.38461538461539 0.0
679 61.53846153846154 0.0
680 61.53846153846154 0.0
681 53.84615384615385 0.0
682 61.53846153846154 0.0
683 65.38461538461539 0.0
684 69.23076923076923 0.0
685 73.07692307692308 0.0
686 73.07692307692308 0.0
687 65.38461538461539 0.0
688 65.38461538461539 0.0
689 57.69230769230769 0.0
690 57.69230769230769 0.0
691 57.69230769230769 0.0
692 65.38461538461539 0.0
693 76.92307692307692 0.0
694 73.07692307692308 0.0
695 65.38461538461539 0.0
696 69.23076923076923 0.0
697 69.23076923076923 0.0
698 69.23076923076923 0.0
699 69.23076923076923 0.0
700 57.69230769230769 0.0
701 69.23076923076923 0.0
702 69.23076923076923 0.0
703 69.23076923076923 0.0
704 61.53846153846154 0.0
705 80.76923076923077 0.0
706 61.53846153846154 0.0
707 69.23076923076923 0.0
708 69.23076923076923 0.0
709 65.38461538461539 0.0
710 69.23076923076923 0.0
711 57.69230769230769 0.0
712 69.23076923076923 0.0
713 69.23076923076923 0.0
714 73.07692307692308 0.0
715 69.23076923076923 0.0
716 61.53846153846154 0.0
717 65.38461538461539 0.0
718 65.38461538461539 0.0
719 65.38461538461539 0.0
720 69.23076923076923 0.0
721 65.38461538461539 0.0
722 65.38461538461539 0.0
723 65.38461538461539 0.0
724 61.53846153846154 0.0
725 53.84615384615385 0.0
726 65.38461538461539 0.0
727 69.23076923076923 0.0
728 57.69230769230769 0.0
729 57.69230769230769 0.0
730 53.84615384615385 0.0
731 57.69230769230769 0.0
732 69.23076923076923 0.0
733 57.69230769230769 0.0
734 61.53846153846154 0.0
735 57.69230769230769 0.0
736 57.69230769230769 0.0
737 69.23076923076923 0.0
738 65.38461538461539 0.0
739 65.38461538461539 0.0
740 65.38461538461539 0.0
741 57.69230769230769 0.0
742 65.38461538461539 0.0
743 65.38461538461539 0.0
744 65.38461538461539 0.0
745 57.69230769230769 0.0
746 57.69230769230769 0.0
747 57.69230769230769 0.0
748 57.69230769230769 0.0
749 50.0 0.0
750 57.69230769230769 0.0
751 46.15384615384615 0.0
752 50.0 0.0
753 65.38461538461539 0.0
754 42.30769230769231 0.0
755 42.30769230769231 0.0
756 50.0 0.0
757 57.69230769230769 0.0
758 57.69230769230769 0.0
759 50.0 0.0
760 57.69230769230769 0.0
761 57.69230769230769 0.0
762 53.84615384615385 0.0
763 61.53846153846154 0.0
764 57.69230769230769 0.0
765 46.15384615384615 0.0
766 57.69230769230769 0.0
767 57.69230769230769 0.0
768 57.69230769230769 0.0
769 61.53846153846154 0.0
770 61.53846153846154 0.0
771 61.53846153846154 0.0
772 69.23076923076923 0.0
773 57.69230769230769 0.0
774 61.53846153846154 0.0
775 57.69230769230769 0.0
776 53.84615384615385 0.0
777 57.69230769230769 0.0
778 65.38461538461539 0.0
779 50.0 0.0
780 46.15384615384615 0.0
781 50.0 0.0
782 53.84615384615385 0.0
783 50.0 0.0
784 53.84615384615385 0.0
785 46.15384615384615 0.0
786 46.15384615384615 0.0
787 42.30769230769231 0.0
788 46.15384615384615 0.0
789 46.15384615384615 0.0
790 50.0 0.0
791 53.84615384615385 0.0
792 53.84615384615385 0.0
793 50.0 0.0
794 50.0 0.0
795 53.84615384615385 0.0
796 42.30769230769231 0.0
797 53.84615384615385 0.0
798 42.30769230769231 0.0
799 46.15384615384615 0.0
800 57.69230769230769 0.0
801 57.69230769230769 0.0
802 61.53846153846154 0.0
803 46.15384615384615 0.0
804 50.0 0.0
805 50.0 0.0
806 50.0 0.0
807 57.69230769230769 0.0
808 57.69230769230769 0.0
809 65.38461538461539 0.0
810 57.69230769230769 0.0
811 50.0 0.0
812 65.38461538461539 0.0
813 57.69230769230769 0.0
814 65.38461538461539 0.0
815 65.38461538461539 0.0
816 57.69230769230769 0.0
817 65.38461538461539 0.0
818 65.38461538461539 0.0
819 61.53846153846154 0.0
820 61.53846153846154 0.0
821 61.53846153846154 0.0
822 65.38461538461539 0.0
823 61.53846153846154 0.0
824 65.38461538461539 0.0
825 57.69230769230769 0.0
826 57.69230769230769 0.0
827 50.0 0.0
828 65.38461538461539 0.0
829 50.0 0.0
830 57.69230769230769 0.0
831 42.30769230769231 0.0
832 42.30769230769231 0.0
833 42.30769230769231 0.0
834 50.0 0.0
835 50.0 0.0
836 50.0 0.0
837 50.0 0.0
838 50.0 0.0
839 57.69230769230769 0.0
840 65.38461538461539 0.0
841 61.53846153846154 0.0
842 61.53846153846154 0.0
843 57.69230769230769 0.0
844 65.38461538461539 0.0
845 65.38461538461539 0.0
846 53.84615384615385 0.0
847 57.69230769230769 0.0
848 61.53846153846154 0.0
849 61.53846153846154 0.0
850 57.69230769230769 0.0
851 65.38461538461539 0.0
852 65.38461538461539 0.0
853 57.69230769230769 0.0
854 53.84615384615385 0.0
855 57.69230769230769 0.0
856 61.53846153846154 0.0
857 57.69230769230769 0.0
858 61.53846153846154 0.0
859 57.69230769230769 0.0
860 65.38461538461539 0.0
861 69.23076923076923 0.0
862 65.38461538461539 0.0
863 57.69230769230769 0.0
864 69.23076923076923 0.0
865 73.07692307692308 0.0
866 69.23076923076923 0.0
867 73.07692307692308 0.0
868 69.23076923076923 0.0
869 69.23076923076923 0.0
870 61.53846153846154 0.0
871 73.07692307692308 0.0
872 57.69230769230769 0.0
873 73.07692307692308 0.0
874 65.38461538461539 0.0
875 53.84615384615385 0.0
876 65.38461538461539 0.0
877 61.53846153846154 0.0
878 61.53846153846154 0.0
879 69.23076923076923 0.0
880 65.38461538461539 0.0
881 69.23076923076923 0.0
882 69.23076923076923 0.0
883 69.23076923076923 0.0
884 69.23076923076923 0.0
885 61.53846153846154 0.0
886 61.53846153846154 0.0
887 61.53846153846154 0.0
888 57.69230769230769 0.0
889 61.53846153846154 0.0
890 69.23076923076923 0.0
891 73.07692307692308 0.0
892 73.07692307692308 0.0
893 73.07692307692308 0.0
894 73.07692307692308 0.0
895 73.07692307692308 0.0
896 69.23076923076923 0.0
897 69.23076923076923 0.0
898 73.07692307692308 0.0
899 73.07692307692308 0.0
900 73.07692307692308 0.0
901 73.07692307692308 0.0
902 73.07692307692308 0.0
903 69.23076923076923 0.0
904 69.23076923076923 0.0
905 73.07692307692308 0.0
906 69.23076923076923 0.0
907 65.38461538461539 0.0
908 65.38461538461539 0.0
909 80.76923076923077 0.0
910 61.53846153846154 0.0
911 65.38461538461539 0.0
912 80.76923076923077 0.0
913 61.53846153846154 0.0
914 61.53846153846154 0.0
915 61.53846153846154 0.0
916 61.53846153846154 0.0
917 53.84615384615385 0.0
918 69.23076923076923 0.0
919 69.23076923076923 0.0
920 69.23076923076923 0.0
921 69.23076923076923 0.0
922 69.23076923076923 0.0
923 69.23076923076923 0.0
924 69.23076923076923 0.0
925 69.23076923076923 0.0
926 69.23076923076923 0.0
927 69.23076923076923 0.0
928 61.53846153846154 0.0
929 61.53846153846154 0.0
930 69.23076923076923 0.0
931 69.23076923076923 0.0
932 69.23076923076923 0.0
933 69.23076923076923 0.0
934 69.23076923076923 0.0
935 73.07692307692308 0.0
936 69.23076923076923 0.0
937 57.69230769230769 0.0
938 65.38461538461539 0.0
939 61.53846153846154 0.0
940 65.38461538461539 0.0
941 69.23076923076923 0.0
942 61.53846153846154 0.0
943 69.23076923076923 0.0
944 69.23076923076923 0.0
945 65.38461538461539 0.0
946 65.38461538461539 0.0
947 65.38461538461539 0.0
948 57.69230769230769 0.0
949 61.53846153846154 0.0
950 57.69230769230769 0.0
951 61.53846153846154 0.0
952 69.23076923076923 0.0
953 73.07692307692308 0.0
954 73.07692307692308 0.0
955 65.38461538461539 0.0
956 61.53846153846154 0.0
957 65.38461538461539 0.0
958 80.76923076923077 0.0
959 65.38461538461539 0.0
960 80.76923076923077 0.0
961 80.76923076923077 0.0
962 73.07692307692308 0.0
963 76.92307692307692 0.0
964 73.07692307692308 0.0
965 80.76923076923077 0.0
966 73.07692307692308 0.0
967 73.07692307692308 0.0
968 73.07692307692308 0.0
969 73.07692307692308 0.0
970 80.76923076923077 0.0
971 65.38461538461539 0.0
972 69.23076923076923 0.0
973 80.76923076923077 0.0
974 80.76923076923077 0.0
975 69.23076923076923 0.0
976 61.53846153846154 0.0
977 50.0 0.0
978 57.69230769230769 0.0
979 57.69230769230769 0.0
980 61.53846153846154 0.0
981 73.07692307692308 0.0
982 84.61538461538461 0.0
983 73.07692307692308 0.0
984 61.53846153846154 0.0
985 76.92307692307692 0.0
986 69.23076923076923 0.0
987 69.23076923076923 0.0
988 57.69230769230769 0.0
989 61.53846153846154 0.0
990 61.53846153846154 0.0
991 61.53846153846154 0.0
992 73.07692307692308 0.0
993 80.76923076923077 0.0
994 73.07692307692308 0.0
995 65.38461538461539 0.0
996 73.07692307692308 0.0
997 69.23076923076923 0.0
998 69.23076923076923 0.0
999 65.38461538461539 0.0
