#frame monomers_% popc_isolated_%
0 65.38461538461539 0.0
1 65.38461538461539 0.0
2 57.69230769230769 0.0
3 65.38461538461539 0.0
4 65.38461538461539 0.0
5 65.38461538461539 0.0
6 57.69230769230769 0.0
7 50.0 0.0
8 57.69230769230769 0.0
9 73.07692307692308 0.0
10 65.38461538461539 0.0
11 73.07692307692308 0.0
12 65.38461538461539 0.0
13 65.38461538461539 0.0
14 73.07692307692308 0.0
15 73.07692307692308 0.0
16 65.38461538461539 0.0
17 65.38461538461539 0.0
18 76.92307692307692 0.0
19 73.07692307692308 0.0
20 73.07692307692308 0.0
21 73.07692307692308 0.0
22 73.07692307692308 0.0
23 73.07692307692308 0.0
24 65.38461538461539 0.0
25 65.38461538461539 0.0
26 73.07692307692308 0.0
27 65.38461538461539 0.0
28 73.07692307692308 0.0
29 73.07692307692308 0.0
30 65.38461538461539 0.0
31 65.38461538461539 0.0
32 73.07692307692308 0.0
33 61.53846153846154 0.0
34 69.23076923076923 0.0
35 65.38461538461539 0.0
36 69.23076923076923 0.0
37 61.53846153846154 0.0
38 61.53846153846154 0.0
39 61.53846153846154 0.0
40 69.23076923076923 0.0
41 69.23076923076923 0.0
42 69.23076923076923 0.0
43 61.53846153846154 0.0
44 57.69230769230769 0.0
45 65.38461538461539 0.0
46 73.07692307692308 0.0
47 76.92307692307692 0.0
48 69.23076923076923 0.0
49 76.92307692307692 0.0
50 69.23076923076923 0.0
51 65.38461538461539 0.0
52 53.84615384615385 0.0
53 57.69230769230769 0.0
54 57.69230769230769 0.0
55 76.92307692307692 0.0
56 69.23076923076923 0.0
57 65.38461538461539 0.0
58 57.69230769230769 0.0
59 61.53846153846154 0.0
60 69.23076923076923 0.0
61 53.84615384615385 0.0
62 53.84615384615385 0.0
63 57.69230769230769 0.0
64 53.84615384615385 0.0
65 53.84615384615385 0.0
66 61.53846153846154 0.0
67 50.0 0.0
68 50.0 0.0
69 53.84615384615385 0.0
70 65.38461538461539 0.0
71 57.69230769230769 0.0
72 57.69230769230769 0.0
73 53.84615384615385 0.0
74 34.61538461538461 0.0
75 50.0 0.0
76 46.15384615384615 0.0
77 57.69230769230769 0.0
78 57.69230769230769 0.0
79 69.23076923076923 0.0
80 53.84615384615385 0.0
81 57.69230769230769 0.0
82 61.53846153846154 0.0
83 69.23076923076923 0.0
84 69.23076923076923 0.0
85 50.0 0.0
86 57.69230769230769 0.0
87 65.38461538461539 0.0
88 65.38461538461539 0.0
89 53.84615384615385 0.0
90 69.23076923076923 0.0
91 57.69230769230769 0.0
92 57.69230769230769 0.0
93 57.69230769230769 0.0
94 57.69230769230769 0.0
95 61.53846153846154 0.0
96 65.38461538461539 0.0
97 57.69230769230769 0.0
98 50.0 0.0
99 61.53846153846154 0.0
100 57.69230769230769 0.0
101 65.38461538461539 0.0
102 61.53846153846154 0.0
103 53.84615384615385 0.0
104 53.84615384615385 0.0
105 57.69230769230769 0.0
106 57.69230769230769 0.0
107 50.0 0.0
108 57.69230769230769 0.0
109 53.84615384615385 0.0
110 53.84615384615385 0.0
111 53.84615384615385 0.0
112 53.84615384615385 0.0
113 53.84615384615385 0.0
114 53.84615384615385 0.0
115 53.84615384615385 0.0
116 53.84615384615385 0.0
117 53.84615384615385 0.0
118 46.15384615384615 0.0
119 53.84615384615385 0.0
120 46.15384615384615 0.0
121 53.84615384615385 0.0
122 53.84615384615385 0.0
123 57.69230769230769 0.0
124 50.0 0.0
125 38.46153846153846 0.0
126 46.15384615384615 0.0
127 46.15384615384615 0.0
128 53.84615384615385 0.0
129 53.84615384615385 0.0
130 57.69230769230769 0.0
131 53.84615384615385 0.0
132 53.84615384615385 0.0
133 53.84615384615385 0.0
134 53.84615384615385 0.0
135 53.84615384615385 0.0
136 53.84615384615385 0.0
137 53.84615384615385 0.0
138 53.84615384615385 0.0
139 53.84615384615385 0.0
140 53.84615384615385 0.0
141 57.69230769230769 0.0
142 53.84615384615385 0.0
143 61.53846153846154 0.0
144 46.15384615384615 0.0
145 57.69230769230769 0.0
146 46.15384615384615 0.0
147 46.15384615384615 0.0
148 53.84615384615385 0.0
149 57.69230769230769 0.0
150 53.84615384615385 0.0
151 42.30769230769231 0.0
152 50.0 0.0
153 50.0 0.0
154 42.30769230769231 0.0
155 50.0 0.0
156 50.0 0.0
157 53.84615384615385 0.0
158 42.30769230769231 0.0
159 46.15384615384615 0.0
160 46.15384615384615 0.0
161 57.69230769230769 0.0
162 46.15384615384615 0.0
163 50.0 0.0
164 50.0 0.0
165 50.0 0.0
166 50.0 0.0
167 46.15384615384615 0.0
168 50.0 0.0
169 46.15384615384615 0.0
170 50.0 0.0
171 42.30769230769231 0.0
172 42.30769230769231 0.0
173 46.15384615384615 0.0
174 57.69230769230769 0.0
175 42.30769230769231 0.0
176 46.15384615384615 0.0
177 46.15384615384615 0.0
178 53.84615384615385 0.0
179 57.69230769230769 0.0
180 53.84615384615385 0.0
181 46.15384615384615 0.0
182 53.84615384615385 0.0
183 53.84615384615385 0.0
184 61.53846153846154 0.0
185 53.84615384615385 0.0
186 57.69230769230769 0.0
187 53.84615384615385 0.0
188 46.15384615384615 0.0
189 53.84615384615385 0.0
190 53.84615384615385 0.0
191 53.84615384615385 0.0
192 53.84615384615385 0.0
193 46.15384615384615 0.0
194 53.84615384615385 0.0
195 53.84615384615385 0.0
196 53.84615384615385 0.0
197 53.84615384615385 0.0
198 61.53846153846154 0.0
199 53.84615384615385 0.0
200 61.53846153846154 0.0
201 53.84615384615385 0.0
202 53.84615384615385 0.0
203 61.53846153846154 0.0
204 50.0 0.0
205 50.0 0.0
206 61.53846153846154 0.0
207 61.53846153846154 0.0
208 53.84615384615385 0.0
209 61.53846153846154 0.0
210 53.84615384615385 0.0
211 53.84615384615385 0.0
212 57.69230769230769 0.0
213 65.38461538461539 0.0
214 65.38461538461539 0.0
215 69.23076923076923 0.0
216 65.38461538461539 0.0
217 65.38461538461539 0.0
218 57.69230769230769 0.0
219 65.38461538461539 0.0
220 53.84615384615385 0.0
221 61.53846153846154 0.0
222 57.69230769230769 0.0
223 61.53846153846154 0.0
224 53.84615384615385 0.0
225 61.53846153846154 0.0
226 73.07692307692308 0.0
227 61.53846153846154 0.0
228 73.07692307692308 0.0
229 65.38461538461539 0.0
230 65.38461538461539 0.0
231 65.38461538461539 0.0
232 73.07692307692308 0.0
233 73.07692307692308 0.0
234 65.38461538461539 0.0
235 57.69230769230769 0.0
236 73.07692307692308 0.0
237 65.38461538461539 0.0
238 65.38461538461539 0.0
239 65.38461538461539 0.0
240 65.38461538461539 0.0
241 73.07692307692308 0.0
242 69.23076923076923 0.0
243 73.07692307692308 0.0
244 65.38461538461539 0.0
245 73.07692307692308 0.0
246 50.0 0.0
247 53.84615384615385 0.0
248 61.53846153846154 0.0
249 73.07692307692308 0.0
250 76.92307692307692 0.0
251 73.07692307692308 0.0
252 80.76923076923077 0.0
253 65.38461538461539 0.0
254 73.07692307692308 0.0
255 73.07692307692308 0.0
256 65.38461538461539 0.0
257 65.38461538461539 0.0
258 65.38461538461539 0.0
259 65.38461538461539 0.0
260 65.38461538461539 0.0
261 73.07692307692308 0.0
262 73.07692307692308 0.0
263 65.38461538461539 0.0
264 80.76923076923077 0.0
265 69.23076923076923 0.0
266 73.07692307692308 0.0
267 80.76923076923077 0.0
268 65.38461538461539 0.0
269 80.76923076923077 0.0
270 65.38461538461539 0.0
271 65.38461538461539 0.0
272 65.38461538461539 0.0
273 65.38461538461539 0.0
274 73.07692307692308 0.0
275 65.38461538461539 0.0
276 80.76923076923077 0.0
277 73.07692307692308 0.0
278 65.38461538461539 0.0
279 80.76923076923077 0.0
280 73.07692307692308 0.0
281 73.07692307692308 0.0
282 73.07692307692308 0.0
283 73.07692307692308 0.0
284 69.23076923076923 0.0
285 73.07692307692308 0.0
286 69.23076923076923 0.0
287 65.38461538461539 0.0
288 65.38461538461539 0.0
289 65.38461538461539 0.0
290 65.38461538461539 0.0
291 65.38461538461539 0.0
292 61.53846153846154 0.0
293 69.23076923076923 0.0
294 65.38461538461539 0.0
295 61.53846153846154 0.0
296 61.53846153846154 0.0
297 61.53846153846154 0.0
298 53.84615384615385 0.0
299 46.15384615384615 0.0
300 57.69230769230769 0.0
301 53.84615384615385 0.0
302 53.84615384615385 0.0
303 65.38461538461539 0.0
304 65.38461538461539 0.0
305 57.69230769230769 0.0
306 57.69230769230769 0.0
307 57.69230769230769 0.0
308 69.23076923076923 0.0
309 57.69230769230769 0.0
310 57.69230769230769 0.0
311 57.69230769230769 0.0
312 53.84615384615385 0.0
313 53.84615384615385 0.0
314 57.69230769230769 0.0
315 57.69230769230769 0.0
316 65.38461538461539 0.0
317 65.38461538461539 0.0
318 65.38461538461539 0.0
319 53.84615384615385 0.0
320 53.84615384615385 0.0
321 61.53846153846154 0.0
322 69.23076923076923 0.0
323 61.53846153846154 0.0
324 73.07692307692308 0.0
325 57.69230769230769 0.0
326 65.38461538461539 0.0
327 61.53846153846154 0.0
328 69.23076923076923 0.0
329 65.38461538461539 0.0
330 57.69230769230769 0.0
331 61.53846153846154 0.0
332 69.23076923076923 0.0
333 57.69230769230769 0.0
334 61.53846153846154 0.0
335 57.69230769230769 0.0
336 61.53846153846154 0.0
337 61.53846153846154 0.0
338 53.84615384615385 0.0
339 57.69230769230769 0.0
340 61.53846153846154 0.0
341 57.69230769230769 0.0
342 42.30769230769231 0.0
343 50.0 0.0
344 42.30769230769231 0.0
345 57.69230769230769 0.0
346 57.69230769230769 0.0
347 50.0 0.0
348 57.69230769230769 0.0
349 65.38461538461539 0.0
350 73.07692307692308 0.0
351 57.69230769230769 0.0
352 38.46153846153846 0.0
353 46.15384615384615 0.0
354 46.15384615384615 0.0
355 50.0 0.0
356 57.69230769230769 0.0
357 46.15384615384615 0.0
358 53.84615384615385 0.0
359 53.84615384615385 0.0
360 53.84615384615385 0.0
361 61.53846153846154 0.0
362 57.69230769230769 0.0
363 50.0 0.0
364 50.0 0.0
365 61.53846153846154 0.0
366 53.84615384615385 0.0
367 53.84615384615385 0.0
368 57.69230769230769 0.0
369 61.53846153846154 0.0
370 53.84615384615385 0.0
371 65.38461538461539 0.0
372 53.84615384615385 0.0
373 46.15384615384615 0.0
374 57.69230769230769 0.0
375 50.0 0.0
376 57.69230769230769 0.0
377 53.84615384615385 0.0
378 57.69230769230769 0.0
379 53.84615384615385 0.0
380 53.84615384615385 0.0
381 46.15384615384615 0.0
382 57.69230769230769 0.0
383 57.69230769230769 0.0
384 57.69230769230769 0.0
385 57.69230769230769 0.0
386 53.84615384615385 0.0
387 65.38461538461539 0.0
388 57.69230769230769 0.0
389 57.69230769230769 0.0
390 61.53846153846154 0.0
391 61.53846153846154 0.0
392 53.84615384615385 0.0
393 53.84615384615385 0.0
394 50.0 0.0
395 53.84615384615385 0.0
396 57.69230769230769 0.0
397 53.84615384615385 0.0
398 46.15384615384615 0.0
399 53.84615384615385 0.0
400 50.0 0.0
401 46.15384615384615 0.0
402 50.0 0.0
403 38.46153846153846 0.0
404 53.84615384615385 0.0
405 42.30769230769231 0.0
406 53.84615384615385 0.0
407 38.46153846153846 0.0
408 42.30769230769231 0.0
409 42.30769230769231 0.0
410 42.30769230769231 0.0
411 38.46153846153846 0.0
412 42.30769230769231 0.0
413 38.46153846153846 0.0
414 38.46153846153846 0.0
415 38.46153846153846 0.0
416 57.69230769230769 0.0
417 46.15384615384615 0.0
418 42.30769230769231 0.0
419 42.30769230769231 0.0
420 42.30769230769231 0.0
421 65.38461538461539 0.0
422 53.84615384615385 0.0
423 42.30769230769231 0.0
424 46.15384615384615 0.0
425 42.30769230769231 0.0
426 42.30769230769231 0.0
427 42.30769230769231 0.0
428 42.30769230769231 0.0
429 50.0 0.0
430 42.30769230769231 0.0
431 50.0 0.0
432 50.0 0.0
433 50.0 0.0
434 57.69230769230769 0.0
435 50.0 0.0
436 50.0 0.0
437 50.0 0.0
438 50.0 0.0
439 57.69230769230769 0.0
440 50.0 0.0
441 42.30769230769231 0.0
442 50.0 0.0
443 50.0 0.0
444 50.0 0.0
445 50.0 0.0
446 42.30769230769231 0.0
447 42.30769230769231 0.0
448 57.69230769230769 0.0
449 50.0 0.0
450 57.69230769230769 0.0
451 50.0 0.0
452 65.38461538461539 0.0
453 57.69230769230769 0.0
454 57.69230769230769 0.0
455 65.38461538461539 0.0
456 61.53846153846154 0.0
457 57.69230769230769 0.0
458 57.69230769230769 0.0
459 53.84615384615385 0.0
460 65.38461538461539 0.0
461 57.69230769230769 0.0
462 57.69230769230769 0.0
463 57.69230769230769 0.0
464 57.69230769230769 0.0
465 57.69230769230769 0.0
466 50.0 0.0
467 57.69230769230769 0.0
468 61.53846153846154 0.0
469 50.0 0.0
470 65.38461538461539 0.0
471 42.30769230769231 0.0
472 57.69230769230769 0.0
473 50.0 0.0
474 46.15384615384615 0.0
475 53.84615384615385 0.0
476 42.30769230769231 0.0
477 42.30769230769231 0.0
478 42.30769230769231 0.0
479 50.0 0.0
480 50.0 0.0
481 34.61538461538461 0.0
482 46.15384615384615 0.0
483 57.69230769230769 0.0
484 46.15384615384615 0.0
485 50.0 0.0
486 42.30769230769231 0.0
487 50.0 0.0
488 50.0 0.0
489 57.69230769230769 0.0
490 57.69230769230769 0.0
491 65.38461538461539 0.0
492 57.69230769230769 0.0
493 57.69230769230769 0.0
494 57.69230769230769 0.0
495 57.69230769230769 0.0
496 57.69230769230769 0.0
497 65.38461538461539 0.0
498 65.38461538461539 0.0
499 65.38461538461539 0.0
500 65.38461538461539 0.0
501 65.38461538461539 0.0
502 65.38461538461539 0.0
503 57.69230769230769 0.0
504 57.69230769230769 0.0
505 50.0 0.0
506 65.38461538461539 0.0
507 57.69230769230769 0.0
508 50.0 0.0
509 50.0 0.0
510 65.38461538461539 0.0
511 57.69230769230769 0.0
512 65.38461538461539 0.0
513 50.0 0.0
514 42.30769230769231 0.0
515 50.0 0.0
516 50.0 0.0
517 50.0 0.0
518 57.69230769230769 0.0
519 50.0 0.0
520 65.38461538461539 0.0
521 57.69230769230769 0.0
522 57.69230769230769 0.0
523 57.69230769230769 0.0
524 50.0 0.0
525 50.0 0.0
526 50.0 0.0
527 50.0 0.0
528 50.0 0.0
529 50.0 0.0
530 57.69230769230769 0.0
531 50.0 0.0
532 57.69230769230769 0.0
533 50.0 0.0
534 50.0 0.0
535 50.0 0.0
536 57.69230769230769 0.0
537 50.0 0.0
538 50.0 0.0
539 50.0 0.0
540 38.46153846153846 0.0
541 42.30769230769231 0.0
542 46.15384615384615 0.0
543 42.30769230769231 0.0
544 42.30769230769231 0.0
545 46.15384615384615 0.0
546 50.0 0.0
547 53.84615384615385 0.0
548 53.84615384615385 0.0
549 46.15384615384615 0.0
550 61.53846153846154 0.0
551 53.84615384615385 0.0
552 53.84615384615385 0.0
553 53.84615384615385 0.0
554 50.0 0.0
555 50.0 0.0
556 57.69230769230769 0.0
557 57.69230769230769 0.0
558 53.84615384615385 0.0
559 57.69230769230769 0.0
560 57.69230769230769 0.0
561 65.38461538461539 0.0
562 50.0 0.0
563 57.69230769230769 0.0
564 50.0 0.0
565 57.69230769230769 0.0
566 50.0 0.0
567 57.69230769230769 0.0
568 50.0 0.0
569 57.69230769230769 0.0
570 57.69230769230769 0.0
571 53.84615384615385 0.0
572 53.84615384615385 0.0
573 61.53846153846154 0.0
574 61.53846153846154 0.0
575 57.69230769230769 0.0
576 53.84615384615385 0.0
577 69.23076923076923 0.0
578 61.53846153846154 0.0
579 61.53846153846154 0.0
580 65.38461538461539 0.0
581 69.23076923076923 0.0
582 69.23076923076923 0.0
583 69.23076923076923 0.0
584 61.53846153846154 0.0
585 50.0 0.0
586 53.84615384615385 0.0
587 53.84615384615385 0.0
588 57.69230769230769 0.0
589 53.84615384615385 0.0
590 50.0 0.0
591 57.69230769230769 0.0
592 57.69230769230769 0.0
593 53.84615384615385 0.0
594 61.53846153846154 0.0
595 61.53846153846154 0.0
596 53.84615384615385 0.0
597 53.84615384615385 0.0
598 69.23076923076923 0.0
599 65.38461538461539 0.0
600 53.84615384615385 0.0
601 61.53846153846154 0.0
602 61.53846153846154 0.0
603 65.38461538461539 0.0
604 69.23076923076923 0.0
605 69.23076923076923 0.0
606 65.38461538461539 0.0
607 76.92307692307692 0.0
608 61.53846153846154 0.0
609 57.69230769230769 0.0
610 61.53846153846154 0.0
611 61.53846153846154 0.0
612 61.53846153846154 0.0
613 61.53846153846154 0.0
614 61.53846153846154 0.0
615 61.53846153846154 0.0
616 61.53846153846154 0.0
617 53.84615384615385 0.0
618 61.53846153846154 0.0
619 53.84615384615385 0.0
620 53.84615384615385 0.0
621 50.0 0.0
622 50.0 0.0
623 50.0 0.0
624 57.69230769230769 0.0
625 42.30769230769231 0.0
626 46.15384615384615 0.0
627 50.0 0.0
628 38.46153846153846 0.0
629 26.923076923076923 0.0
630 50.0 0.0
631 61.53846153846154 0.0
632 53.84615384615385 0.0
633 65.38461538461539 0.0
634 57.69230769230769 0.0
635 57.69230769230769 0.0
636 57.69230769230769 0.0
637 50.0 0.0
638 57.69230769230769 0.0
639 50.0 0.0
640 50.0 0.0
641 50.0 0.0
642 53.84615384615385 0.0
643 50.0 0.0
644 61.53846153846154 0.0
645 50.0 0.0
646 57.69230769230769 0.0
647 65.38461538461539 0.0
648 57.69230769230769 0.0
649 53.84615384615385 0.0
650 46.15384615384615 0.0
651 42.30769230769231 0.0
652 65.38461538461539 0.0
653 53.84615384615385 0.0
654 50.0 0.0
655 69.23076923076923 0.0
656 65.38461538461539 0.0
657 46.15384615384615 0.0
658 65.38461538461539 0.0
659 57.69230769230769 0.0
660 46.15384615384615 0.0
661 61.53846153846154 0.0
662 61.53846153846154 0.0
663 57.69230769230769 0.0
664 65.38461538461539 0.0
665 61.53846153846154 0.0
666 73.07692307692308 0.0
667 57.69230769230769 0.0
668 65.38461538461539 0.0
669 57.69230769230769 0.0
670 53.84615384615385 0.0
671 46.15384615384615 0.0
672 61.53846153846154 0.0
673 65.38461538461539 0.0
674 57.69230769230769 0.0
675 57.69230769230769 0.0
676 57.69230769230769 0.0
677 53.84615384615385 0.0
678 53.84615384615385 0.0
679 57.69230769230769 0.0
680 61.53846153846154 0.0
681 46.15384615384615 0.0
682 46.15384615384615 0.0
683 46.15384615384615 0.0
684 46.15384615384615 0.0
685 50.0 0.0
686 38.46153846153846 0.0
687 38.46153846153846 0.0
688 46.15384615384615 0.0
689 46.15384615384615 0.0
690 46.15384615384615 0.0
691 57.69230769230769 0.0
692 53.84615384615385 0.0
693 53.84615384615385 0.0
694 57.69230769230769 0.0
695 46.15384615384615 0.0
696 50.0 0.0
697 53.84615384615385 0.0
698 50.0 0.0
699 50.0 0.0
700 57.69230769230769 0.0
701 50.0 0.0
702 53.84615384615385 0.0
703 53.84615384615385 0.0
704 53.84615384615385 0.0
705 50.0 0.0
706 53.84615384615385 0.0
707 61.53846153846154 0.0
708 53.84615384615385 0.0
709 61.53846153846154 0.0
710 61.53846153846154 0.0
711 53.84615384615385 0.0
712 57.69230769230769 0.0
713 65.38461538461539 0.0
714 61.53846153846154 0.0
715 57.69230769230769 0.0
716 53.84615384615385 0.0
717 53.84615384615385 0.0
718 46.15384615384615 0.0
719 50.0 0.0
720 53.84615384615385 0.0
721 50.0 0.0
722 50.0 0.0
723 46.15384615384615 0.0
724 53.84615384615385 0.0
725 53.84615384615385 0.0
726 53.84615384615385 0.0
727 46.15384615384615 0.0
728 50.0 0.0
729 53.84615384615385 0.0
730 50.0 0.0
731 50.0 0.0
732 50.0 0.0
733 61.53846153846154 0.0
734 65.38461538461539 0.0
735 53.84615384615385 0.0
736 53.84615384615385 0.0
737 50.0 0.0
738 50.0 0.0
739 46.15384615384615 0.0
740 46.15384615384615 0.0
741 42.30769230769231 0.0
742 42.30769230769231 0.0
743 53.84615384615385 0.0
744 57.69230769230769 0.0
745 73.07692307692308 0.0
746 46.15384615384615 0.0
747 53.84615384615385 0.0
748 57.69230769230769 0.0
749 57.69230769230769 0.0
750 61.53846153846154 0.0
751 38.46153846153846 0.0
752 38.46153846153846 0.0
753 53.84615384615385 0.0
754 46.15384615384615 0.0
755 46.15384615384615 0.0
756 50.0 0.0
757 53.84615384615385 0.0
758 57.69230769230769 0.0
759 50.0 0.0
760 42.30769230769231 0.0
761 53.84615384615385 0.0
762 50.0 0.0
763 53.84615384615385 0.0
764 53.84615384615385 0.0
765 53.84615384615385 0.0
766 50.0 0.0
767 50.0 0.0
768 46.15384615384615 0.0
769 46.15384615384615 0.0
770 57.69230769230769 0.0
771 53.84615384615385 0.0
772 53.84615384615385 0.0
773 42.30769230769231 0.0
774 46.15384615384615 0.0
775 50.0 0.0
776 53.84615384615385 0.0
777 57.69230769230769 0.0
778 53.84615384615385 0.0
779 69.23076923076923 0.0
780 65.38461538461539 0.0
781 50.0 0.0
782 53.84615384615385 0.0
783 46.15384615384615 0.0
784 61.53846153846154 0.0
785 46.15384615384615 0.0
786 57.69230769230769 0.0
787 53.84615384615385 0.0
788 57.69230769230769 0.0
789 46.15384615384615 0.0
790 53.84615384615385 0.0
791 50.0 0.0
792 50.0 0.0
793 53.84615384615385 0.0
794 42.30769230769231 0.0
795 57.69230769230769 0.0
796 50.0 0.0
797 50.0 0.0
798 53.84615384615385 0.0
799 53.84615384615385 0.0
800 50.0 0.0
801 50.0 0.0
802 46.15384615384615 0.0
803 53.84615384615385 0.0
804 50.0 0.0
805 61.53846153846154 0.0
806 61.53846153846154 0.0
807 61.53846153846154 0.0
808 53.84615384615385 0.0
809 50.0 0.0
810 46.15384615384615 0.0
811 46.15384615384615 0.0
812 42.30769230769231 0.0
813 50.0 0.0
814 50.0 0.0
815 53.84615384615385 0.0
816 61.53846153846154 0.0
817 53.84615384615385 0.0
818 42.30769230769231 0.0
819 53.84615384615385 0.0
820 46.15384615384615 0.0
821 38.46153846153846 0.0
822 53.84615384615385 0.0
823 50.0 0.0
824 50.0 0.0
825 53.84615384615385 0.0
826 50.0 0.0
827 57.69230769230769 0.0
828 65.38461538461539 0.0
829 65.38461538461539 0.0
830 61.53846153846154 0.0
831 53.84615384615385 0.0
832 57.69230769230769 0.0
833 57.69230769230769 0.0
834 65.38461538461539 0.0
835 65.38461538461539 0.0
836 57.69230769230769 0.0
837 53.84615384615385 0.0
838 65.38461538461539 0.0
839 61.53846153846154 0.0
840 61.53846153846154 0.0
841 61.53846153846154 0.0
842 65.38461538461539 0.0
843 61.53846153846154 0.0
844 61.53846153846154 0.0
845 50.0 0.0
846 50.0 0.0
847 61.53846153846154 0.0
848 57.69230769230769 0.0
849 53.84615384615385 0.0
850 61.53846153846154 0.0
851 65.38461538461539 0.0
852 65.38461538461539 0.0
853 57.69230769230769 0.0
854 57.69230769230769 0.0
855 57.69230769230769 0.0
856 57.69230769230769 0.0
857 57.69230769230769 0.0
858 46.15384615384615 0.0
859 50.0 0.0
860 50.0 0.0
861 50.0 0.0
862 50.0 0.0
863 46.15384615384615 0.0
864 46.15384615384615 0.0
865 61.53846153846154 0.0
866 57.69230769230769 0.0
867 53.84615384615385 0.0
868 50.0 0.0
869 50.0 0.0
870 57.69230769230769 0.0
871 50.0 0.0
872 50.0 0.0
873 50.0 0.0
874 65.38461538461539 0.0
875 57.69230769230769 0.0
876 61.53846153846154 0.0
877 61.53846153846154 0.0
878 65.38461538461539 0.0
879 65.38461538461539 0.0
880 57.69230769230769 0.0
881 65.38461538461539 0.0
882 57.69230769230769 0.0
883 46.15384615384615 0.0
884 50.0 0.0
885 46.15384615384615 0.0
886 46.15384615384615 0.0
887 50.0 0.0
888 50.0 0.0
889 46.15384615384615 0.0
890 50.0 0.0
891 50.0 0.0
892 57.69230769230769 0.0
893 50.0 0.0
894 57.69230769230769 0.0
895 50.0 0.0
896 46.15384615384615 0.0
897 50.0 0.0
898 42.30769230769231 0.0
899 42.30769230769231 0.0
900 50.0 0.0
901 50.0 0.0
902 50.0 0.0
903 50.0 0.0
904 50.0 0.0
905 42.30769230769231 0.0
906 50.0 0.0
907 57.69230769230769 0.0
908 53.84615384615385 0.0
909 57.69230769230769 0.0
910 50.0 0.0
911 57.69230769230769 0.0
912 57.69230769230769 0.0
913 57.69230769230769 0.0
914 42.30769230769231 0.0
915 50.0 0.0
916 57.69230769230769 0.0
917 57.69230769230769 0.0
918 61.53846153846154 0.0
919 57.69230769230769 0.0
920 53.84615384615385 0.0
921 53.84615384615385 0.0
922 61.53846153846154 0.0
923 57.69230769230769 0.0
924 50.0 0.0
925 50.0 0.0
926 50.0 0.0
927 50.0 0.0
928 53.84615384615385 0.0
929 50.0 0.0
930 50.0 0.0
931 42.30769230769231 0.0
932 38.46153846153846 0.0
933 42.30769230769231 0.0
934 50.0 0.0
935 53.84615384615385 0.0
936 57.69230769230769 0.0
937 50.0 0.0
938 42.30769230769231 0.0
939 46.15384615384615 0.0
940 53.84615384615385 0.0
941 50.0 0.0
942 53.84615384615385 0.0
943 50.0 0.0
944 53.84615384615385 0.0
945 46.15384615384615 0.0
946 53.84615384615385 0.0
947 53.84615384615385 0.0
948 50.0 0.0
949 50.0 0.0
950 50.0 0.0
951 50.0 0.0
952 50.0 0.0
953 53.84615384615385 0.0
954 61.53846153846154 0.0
955 57.69230769230769 0.0
956 61.53846153846154 0.0
957 57.69230769230769 0.0
958 61.53846153846154 0.0
959 61.53846153846154 0.0
960 53.84615384615385 0.0
961 61.53846153846154 0.0
962 53.84615384615385 0.0
963 61.53846153846154 0.0
964 57.69230769230769 0.0
965 57.69230769230769 0.0
966 61.53846153846154 0.0
967 57.69230769230769 0.0
968 53.84615384615385 0.0
969 65.38461538461539 0.0
970 57.69230769230769 0.0
971 65.38461538461539 0.0
972 65.38461538461539 0.0
973 53.84615384615385 0.0
974 42.30769230769231 0.0
975 46.15384615384615 0.0
976 42.30769230769231 0.0
977 42.30769230769231 0.0
978 50.0 0.0
979 53.84615384615385 0.0
980 50.0 0.0
981 46.15384615384615 0.0
982 50.0 0.0
983 42.30769230769231 0.0
984 42.30769230769231 0.0
985 50.0 0.0
986 50.0 0.0
987 46.15384615384615 0.0
988 50.0 0.0
989 50.0 0.0
990 50.0 0.0
991 46.15384615384615 0.0
992 42.30769230769231 0.0
993 50.0 0.0
994 57.69230769230769 0.0
995 46.15384615384615 0.0
996 53.84615384615385 0.0
997 57.69230769230769 0.0
998 57.69230769230769 0.0
999 50.0 0.0
