#frame monomers_% popc_isolated_%
0 57.69230769230769 0.0
1 57.69230769230769 0.0
2 61.53846153846154 0.0
3 61.53846153846154 0.0
4 69.23076923076923 0.0
5 76.92307692307692 0.0
6 76.92307692307692 0.0
7 76.92307692307692 0.0
8 76.92307692307692 0.0
9 73.07692307692308 0.0
10 69.23076923076923 0.0
11 69.23076923076923 0.0
12 76.92307692307692 0.0
13 76.92307692307692 0.0
14 69.23076923076923 0.0
15 69.23076923076923 0.0
16 76.92307692307692 0.0
17 84.61538461538461 0.0
18 65.38461538461539 0.0
19 69.23076923076923 0.0
20 84.61538461538461 0.0
21 84.61538461538461 0.0
22 76.92307692307692 0.0
23 76.92307692307692 0.0
24 69.23076923076923 0.0
25 61.53846153846154 0.0
26 69.23076923076923 0.0
27 76.92307692307692 0.0
28 84.61538461538461 0.0
29 76.92307692307692 0.0
30 76.92307692307692 0.0
31 76.92307692307692 0.0
32 76.92307692307692 0.0
33 73.07692307692308 0.0
34 84.61538461538461 0.0
35 84.61538461538461 0.0
36 76.92307692307692 0.0
37 76.92307692307692 0.0
38 80.76923076923077 0.0
39 61.53846153846154 0.0
40 73.07692307692308 0.0
41 76.92307692307692 0.0
42 76.92307692307692 0.0
43 73.07692307692308 0.0
44 84.61538461538461 0.0
45 84.61538461538461 0.0
46 84.61538461538461 0.0
47 84.61538461538461 0.0
48 84.61538461538461 0.0
49 84.61538461538461 0.0
50 76.92307692307692 0.0
51 84.61538461538461 0.0
52 76.92307692307692 0.0
53 76.92307692307692 0.0
54 69.23076923076923 0.0
55 73.07692307692308 0.0
56 73.07692307692308 0.0
57 69.23076923076923 0.0
58 69.23076923076923 0.0
59 76.92307692307692 0.0
60 76.92307692307692 0.0
61 76.92307692307692 0.0
62 76.92307692307692 0.0
63 76.92307692307692 0.0
64 76.92307692307692 0.0
65 76.92307692307692 0.0
66 76.92307692307692 0.0
67 69.23076923076923 0.0
68 76.92307692307692 0.0
69 76.92307692307692 0.0
70 76.92307692307692 0.0
71 76.92307692307692 0.0
72 84.61538461538461 0.0
73 84.61538461538461 0.0
74 84.61538461538461 0.0
75 76.92307692307692 0.0
76 76.92307692307692 0.0
77 76.92307692307692 0.0
78 84.61538461538461 0.0
79 76.92307692307692 0.0
80 61.53846153846154 0.0
81 53.84615384615385 0.0
82 57.69230769230769 0.0
83 57.69230769230769 0.0
84 50.0 0.0
85 65.38461538461539 0.0
86 65.38461538461539 0.0
87 57.69230769230769 0.0
88 65.38461538461539 0.0
89 65.38461538461539 0.0
90 65.38461538461539 0.0
91 65.38461538461539 0.0
92 73.07692307692308 0.0
93 57.69230769230769 0.0
94 65.38461538461539 0.0
95 69.23076923076923 0.0
96 69.23076923076923 0.0
97 76.92307692307692 0.0
98 84.61538461538461 0.0
99 76.92307692307692 0.0
100 69.23076923076923 0.0
101 76.92307692307692 0.0
102 76.92307692307692 0.0
103 69.23076923076923 0.0
104 69.23076923076923 0.0
105 57.69230769230769 0.0
106 50.0 0.0
107 57.69230769230769 0.0
108 57.69230769230769 0.0
109 76.92307692307692 0.0
110 76.92307692307692 0.0
111 65.38461538461539 0.0
112 57.69230769230769 0.0
113 61.53846153846154 0.0
114 65.38461538461539 0.0
115 76.92307692307692 0.0
116 76.92307692307692 0.0
117 69.23076923076923 0.0
118 76.92307692307692 0.0
119 73.07692307692308 0.0
120 73.07692307692308 0.0
121 76.92307692307692 0.0
122 69.23076923076923 0.0
123 76.92307692307692 0.0
124 69.23076923076923 0.0
125 76.92307692307692 0.0
126 69.23076923076923 0.0
127 61.53846153846154 0.0
128 69.23076923076923 0.0
129 61.53846153846154 0.0
130 65.38461538461539 0.0
131 65.38461538461539 0.0
132 76.92307692307692 0.0
133 69.23076923076923 0.0
134 61.53846153846154 0.0
135 53.84615384615385 0.0
136 53.84615384615385 0.0
137 69.23076923076923 0.0
138 61.53846153846154 0.0
139 69.23076923076923 0.0
140 61.53846153846154 0.0
141 73.07692307692308 0.0
142 76.92307692307692 0.0
143 76.92307692307692 0.0
144 76.92307692307692 0.0
145 76.92307692307692 0.0
146 76.92307692307692 0.0
147 69.23076923076923 0.0
148 61.53846153846154 0.0
149 53.84615384615385 0.0
150 61.53846153846154 0.0
151 53.84615384615385 0.0
152 53.84615384615385 0.0
153 61.53846153846154 0.0
154 53.84615384615385 0.0
155 61.53846153846154 0.0
156 61.53846153846154 0.0
157 61.53846153846154 0.0
158 69.23076923076923 0.0
159 69.23076923076923 0.0
160 61.53846153846154 0.0
161 61.53846153846154 0.0
162 61.53846153846154 0.0
163 61.53846153846154 0.0
164 61.53846153846154 0.0
165 61.53846153846154 0.0
166 69.23076923076923 0.0
167 61.53846153846154 0.0
168 69.23076923076923 0.0
169 76.92307692307692 0.0
170 61.53846153846154 0.0
171 69.23076923076923 0.0
172 61.53846153846154 0.0
173 69.23076923076923 0.0
174 69.23076923076923 0.0
175 69.23076923076923 0.0
176 61.53846153846154 0.0
177 61.53846153846154 0.0
178 61.53846153846154 0.0
179 69.23076923076923 0.0
180 53.84615384615385 0.0
181 50.0 0.0
182 69.23076923076923 0.0
183 53.84615384615385 0.0
184 53.84615384615385 0.0
185 53.84615384615385 0.0
186 53.84615384615385 0.0
187 61.53846153846154 0.0
188 61.53846153846154 0.0
189 61.53846153846154 0.0
190 69.23076923076923 0.0
191 61.53846153846154 0.0
192 61.53846153846154 0.0
193 61.53846153846154 0.0
194 69.23076923076923 0.0
195 69.23076923076923 0.0
196 69.23076923076923 0.0
197 57.69230769230769 0.0
198 65.38461538461539 0.0
199 61.53846153846154 0.0
200 61.53846153846154 0.0
201 61.53846153846154 0.0
202 69.23076923076923 0.0
203 61.53846153846154 0.0
204 53.84615384615385 0.0
205 53.84615384615385 0.0
206 50.0 0.0
207 46.15384615384615 0.0
208 42.30769230769231 0.0
209 50.0 0.0
210 38.46153846153846 0.0
211 53.84615384615385 0.0
212 65.38461538461539 0.0
213 57.69230769230769 0.0
214 65.38461538461539 0.0
215 57.69230769230769 0.0
216 69.23076923076923 0.0
217 69.23076923076923 0.0
218 61.53846153846154 0.0
219 57.69230769230769 0.0
220 50.0 0.0
221 53.84615384615385 0.0
222 53.84615384615385 0.0
223 57.69230769230769 0.0
224 57.69230769230769 0.0
225 53.84615384615385 0.0
226 57.69230769230769 0.0
227 53.84615384615385 0.0
228 65.38461538461539 0.0
229 73.07692307692308 0.0
230 65.38461538461539 0.0
231 65.38461538461539 0.0
232 69.23076923076923 0.0
233 69.23076923076923 0.0
234 69.23076923076923 0.0
235 76.92307692307692 0.0
236 61.53846153846154 0.0
237 69.23076923076923 0.0
238 69.23076923076923 0.0
239 61.53846153846154 0.0
240 61.53846153846154 0.0
241 57.69230769230769 0.0
242 53.84615384615385 0.0
243 53.84615384615385 0.0
244 61.53846153846154 0.0
245 57.69230769230769 0.0
246 46.15384615384615 0.0
247 61.53846153846154 0.0
248 53.84615384615385 0.0
249 61.53846153846154 0.0
250 61.53846153846154 0.0
251 53.84615384615385 0.0
252 69.23076923076923 0.0
253 69.23076923076923 0.0
254 53.84615384615385 0.0
255 61.53846153846154 0.0
256 61.53846153846154 0.0
257 69.23076923076923 0.0
258 53.84615384615385 0.0
259 69.23076923076923 0.0
260 61.53846153846154 0.0
261 61.53846153846154 0.0
262 61.53846153846154 0.0
263 61.53846153846154 0.0
264 61.53846153846154 0.0
265 76.92307692307692 0.0
266 61.53846153846154 0.0
267 61.53846153846154 0.0
268 76.92307692307692 0.0
269 76.92307692307692 0.0
270 76.92307692307692 0.0
271 69.23076923076923 0.0
272 69.23076923076923 0.0
273 76.92307692307692 0.0
274 69.23076923076923 0.0
275 76.92307692307692 0.0
276 61.53846153846154 0.0
277 46.15384615384615 0.0
278 61.53846153846154 0.0
279 53.84615384615385 0.0
280 69.23076923076923 0.0
281 69.23076923076923 0.0
282 76.92307692307692 0.0
283 76.92307692307692 0.0
284 61.53846153846154 0.0
285 69.23076923076923 0.0
286 84.61538461538461 0.0
287 61.53846153846154 0.0
288 61.53846153846154 0.0
289 69.23076923076923 0.0
290 61.53846153846154 0.0
291 69.23076923076923 0.0
292 61.53846153846154 0.0
293 69.23076923076923 0.0
294 69.23076923076923 0.0
295 69.23076923076923 0.0
296 69.23076923076923 0.0
297 76.92307692307692 0.0
298 76.92307692307692 0.0
299 76.92307692307692 0.0
300 76.92307692307692 0.0
301 69.23076923076923 0.0
302 61.53846153846154 0.0
303 69.23076923076923 0.0
304 69.23076923076923 0.0
305 76.92307692307692 0.0
306 69.23076923076923 0.0
307 69.23076923076923 0.0
308 61.53846153846154 0.0
309 69.23076923076923 0.0
310 69.23076923076923 0.0
311 76.92307692307692 0.0
312 61.53846153846154 0.0
313 73.07692307692308 0.0
314 76.92307692307692 0.0
315 73.07692307692308 0.0
316 73.07692307692308 0.0
317 69.23076923076923 0.0
318 69.23076923076923 0.0
319 69.23076923076923 0.0
320 61.53846153846154 0.0
321 69.23076923076923 0.0
322 61.53846153846154 0.0
323 61.53846153846154 0.0
324 69.23076923076923 0.0
325 76.92307692307692 0.0
326 69.23076923076923 0.0
327 76.92307692307692 0.0
328 76.92307692307692 0.0
329 76.92307692307692 0.0
330 76.92307692307692 0.0
331 73.07692307692308 0.0
332 65.38461538461539 0.0
333 76.92307692307692 0.0
334 76.92307692307692 0.0
335 84.61538461538461 0.0
336 76.92307692307692 0.0
337 53.84615384615385 0.0
338 61.53846153846154 0.0
339 69.23076923076923 0.0
340 69.23076923076923 0.0
341 69.23076923076923 0.0
342 61.53846153846154 0.0
343 69.23076923076923 0.0
344 69.23076923076923 0.0
345 53.84615384615385 0.0
346 61.53846153846154 0.0
347 53.84615384615385 0.0
348 61.53846153846154 0.0
349 53.84615384615385 0.0
350 69.23076923076923 0.0
351 61.53846153846154 0.0
352 61.53846153846154 0.0
353 61.53846153846154 0.0
354 61.53846153846154 0.0
355 50.0 0.0
356 50.0 0.0
357 57.69230769230769 0.0
358 50.0 0.0
359 57.69230769230769 0.0
360 69.23076923076923 0.0
361 53.84615384615385 0.0
362 46.15384615384615 0.0
363 53.84615384615385 0.0
364 53.84615384615385 0.0
365 53.84615384615385 0.0
366 61.53846153846154 0.0
367 61.53846153846154 0.0
368 61.53846153846154 0.0
369 76.92307692307692 0.0
370 61.53846153846154 0.0
371 61.53846153846154 0.0
372 61.53846153846154 0.0
373 61.53846153846154 0.0
374 65.38461538461539 0.0
375 61.53846153846154 0.0
376 65.38461538461539 0.0
377 53.84615384615385 0.0
378 61.53846153846154 0.0
379 69.23076923076923 0.0
380 65.38461538461539 0.0
381 65.38461538461539 0.0
382 69.23076923076923 0.0
383 65.38461538461539 0.0
384 61.53846153846154 0.0
385 57.69230769230769 0.0
386 53.84615384615385 0.0
387 69.23076923076923 0.0
388 65.38461538461539 0.0
389 61.53846153846154 0.0
390 73.07692307692308 0.0
391 76.92307692307692 0.0
392 73.07692307692308 0.0
393 69.23076923076923 0.0
394 76.92307692307692 0.0
395 76.92307692307692 0.0
396 69.23076923076923 0.0
397 76.92307692307692 0.0
398 69.23076923076923 0.0
399 76.92307692307692 0.0
400 76.92307692307692 0.0
401 76.92307692307692 0.0
402 76.92307692307692 0.0
403 76.92307692307692 0.0
404 76.92307692307692 0.0
405 76.92307692307692 0.0
406 76.92307692307692 0.0
407 84.61538461538461 0.0
408 84.61538461538461 0.0
409 76.92307692307692 0.0
410 84.61538461538461 0.0
411 92.3076923076923 0.0
412 84.61538461538461 0.0
413 76.92307692307692 0.0
414 84.61538461538461 0.0
415 84.61538461538461 0.0
416 84.61538461538461 0.0
417 76.92307692307692 0.0
418 69.23076923076923 0.0
419 61.53846153846154 0.0
420 61.53846153846154 0.0
421 84.61538461538461 0.0
422 76.92307692307692 0.0
423 73.07692307692308 0.0
424 76.92307692307692 0.0
425 73.07692307692308 0.0
426 76.92307692307692 0.0
427 76.92307692307692 0.0
428 92.3076923076923 0.0
429 76.92307692307692 0.0
430 92.3076923076923 0.0
431 92.3076923076923 0.0
432 76.92307692307692 0.0
433 84.61538461538461 0.0
434 92.3076923076923 0.0
435 92.3076923076923 0.0
436 84.61538461538461 0.0
437 92.3076923076923 0.0
438 92.3076923076923 0.0
439 84.61538461538461 0.0
440 69.23076923076923 0.0
441 84.61538461538461 0.0
442 84.61538461538461 0.0
443 84.61538461538461 0.0
444 69.23076923076923 0.0
445 76.92307692307692 0.0
446 76.92307692307692 0.0
447 84.61538461538461 0.0
448 84.61538461538461 0.0
449 84.61538461538461 0.0
450 84.61538461538461 0.0
451 92.3076923076923 0.0
452 92.3076923076923 0.0
453 84.61538461538461 0.0
454 76.92307692307692 0.0
455 84.61538461538461 0.0
456 84.61538461538461 0.0
457 76.92307692307692 0.0
458 76.92307692307692 0.0
459 92.3076923076923 0.0
460 76.92307692307692 0.0
461 84.61538461538461 0.0
462 80.76923076923077 0.0
463 84.61538461538461 0.0
464 76.92307692307692 0.0
465 84.61538461538461 0.0
466 76.92307692307692 0.0
467 76.92307692307692 0.0
468 69.23076923076923 0.0
469 76.92307692307692 0.0
470 69.23076923076923 0.0
471 69.23076923076923 0.0
472 65.38461538461539 0.0
473 69.23076923076923 0.0
474 65.38461538461539 0.0
475 73.07692307692308 0.0
476 73.07692307692308 0.0
477 76.92307692307692 0.0
478 76.92307692307692 0.0
479 73.07692307692308 0.0
480 76.92307692307692 0.0
481 92.3076923076923 0.0
482 92.3076923076923 0.0
483 92.3076923076923 0.0
484 84.61538461538461 0.0
485 88.46153846153847 0.0
486 88.46153846153847 0.0
487 84.61538461538461 0.0
488 92.3076923076923 0.0
489 92.3076923076923 0.0
490 92.3076923076923 0.0
491 84.61538461538461 0.0
492 84.61538461538461 0.0
493 84.61538461538461 0.0
494 69.23076923076923 0.0
495 92.3076923076923 0.0
496 76.92307692307692 0.0
497 69.23076923076923 0.0
498 69.23076923076923 0.0
499 84.61538461538461 0.0
500 69.23076923076923 0.0
501 76.92307692307692 0.0
502 73.07692307692308 0.0
503 73.07692307692308 0.0
504 73.07692307692308 0.0
505 73.07692307692308 0.0
506 73.07692307692308 0.0
507 76.92307692307692 0.0
508 84.61538461538461 0.0
509 84.61538461538461 0.0
510 92.3076923076923 0.0
511 76.92307692307692 0.0
512 92.3076923076923 0.0
513 84.61538461538461 0.0
514 76.92307692307692 0.0
515 92.3076923076923 0.0
516 80.76923076923077 0.0
517 84.61538461538461 0.0
518 84.61538461538461 0.0
519 73.07692307692308 0.0
520 92.3076923076923 0.0
521 69.23076923076923 0.0
522 84.61538461538461 0.0
523 92.3076923076923 0.0
524 92.3076923076923 0.0
525 92.3076923076923 0.0
526 76.92307692307692 0.0
527 76.92307692307692 0.0
528 84.61538461538461 0.0
529 92.3076923076923 0.0
530 92.3076923076923 0.0
531 92.3076923076923 0.0
532 92.3076923076923 0.0
533 84.61538461538461 0.0
534 92.3076923076923 0.0
535 100.0 0.0
536 100.0 0.0
537 100.0 0.0
538 100.0 0.0
539 100.0 0.0
540 100.0 0.0
541 100.0 0.0
542 100.0 0.0
543 100.0 0.0
544 100.0 0.0
545 92.3076923076923 0.0
546 92.3076923076923 0.0
547 92.3076923076923 0.0
548 92.3076923076923 0.0
549 84.61538461538461 0.0
550 92.3076923076923 0.0
551 92.3076923076923 0.0
552 100.0 0.0
553 100.0 0.0
554 92.3076923076923 0.0
555 92.3076923076923 0.0
556 100.0 0.0
557 92.3076923076923 0.0
558 84.61538461538461 0.0
559 80.76923076923077 0.0
560 80.76923076923077 0.0
561 84.61538461538461 0.0
562 84.61538461538461 0.0
563 84.61538461538461 0.0
564 84.61538461538461 0.0
565 84.61538461538461 0.0
566 92.3076923076923 0.0
567 92.3076923076923 0.0
568 84.61538461538461 0.0
569 100.0 0.0
570 92.3076923076923 0.0
571 84.61538461538461 0.0
572 92.3076923076923 0.0
573 76.92307692307692 0.0
574 92.3076923076923 0.0
575 84.61538461538461 0.0
576 84.61538461538461 0.0
577 92.3076923076923 0.0
578 84.61538461538461 0.0
579 84.61538461538461 0.0
580 76.92307692307692 0.0
581 92.3076923076923 0.0
582 92.3076923076923 0.0
583 84.61538461538461 0.0
584 84.61538461538461 0.0
585 84.61538461538461 0.0
586 92.3076923076923 0.0
587 92.3076923076923 0.0
588 92.3076923076923 0.0
589 92.3076923076923 0.0
590 92.3076923076923 0.0
591 84.61538461538461 0.0
592 76.92307692307692 0.0
593 84.61538461538461 0.0
594 84.61538461538461 0.0
595 92.3076923076923 0.0
596 76.92307692307692 0.0
597 80.76923076923077 0.0
598 84.61538461538461 0.0
599 80.76923076923077 0.0
600 80.76923076923077 0.0
601 92.3076923076923 0.0
602 92.3076923076923 0.0
603 92.3076923076923 0.0
604 76.92307692307692 0.0
605 84.61538461538461 0.0
606 84.61538461538461 0.0
607 84.61538461538461 0.0
608 84.61538461538461 0.0
609 92.3076923076923 0.0
610 92.3076923076923 0.0
611 92.3076923076923 0.0
612 92.3076923076923 0.0
613 84.61538461538461 0.0
614 92.3076923076923 0.0
615 92.3076923076923 0.0
616 92.3076923076923 0.0
617 84.61538461538461 0.0
618 84.61538461538461 0.0
619 84.61538461538461 0.0
620 84.61538461538461 0.0
621 84.61538461538461 0.0
622 92.3076923076923 0.0
623 92.3076923076923 0.0
624 84.61538461538461 0.0
625 92.3076923076923 0.0
626 92.3076923076923 0.0
627 84.61538461538461 0.0
628 80.76923076923077 0.0
629 84.61538461538461 0.0
630 84.61538461538461 0.0
631 92.3076923076923 0.0
632 92.3076923076923 0.0
633 84.61538461538461 0.0
634 76.92307692307692 0.0
635 84.61538461538461 0.0
636 76.92307692307692 0.0
637 76.92307692307692 0.0
638 84.61538461538461 0.0
639 84.61538461538461 0.0
640 92.3076923076923 0.0
641 84.61538461538461 0.0
642 92.3076923076923 0.0
643 92.3076923076923 0.0
644 92.3076923076923 0.0
645 92.3076923076923 0.0
646 92.3076923076923 0.0
647 92.3076923076923 0.0
648 92.3076923076923 0.0
649 92.3076923076923 0.0
650 92.3076923076923 0.0
651 92.3076923076923 0.0
652 84.61538461538461 0.0
653 92.3076923076923 0.0
654 92.3076923076923 0.0
655 92.3076923076923 0.0
656 84.61538461538461 0.0
657 84.61538461538461 0.0
658 84.61538461538461 0.0
659 76.92307692307692 0.0
660 73.07692307692308 0.0
661 69.23076923076923 0.0
662 76.92307692307692 0.0
663 76.92307692307692 0.0
664 76.92307692307692 0.0
665 69.23076923076923 0.0
666 76.92307692307692 0.0
667 69.23076923076923 0.0
668 69.23076923076923 0.0
669 65.38461538461539 0.0
670 69.23076923076923 0.0
671 69.23076923076923 0.0
672 69.23076923076923 0.0
673 61.53846153846154 0.0
674 69.23076923076923 0.0
675 69.23076923076923 0.0
676 84.61538461538461 0.0
677 76.92307692307692 0.0
678 80.76923076923077 0.0
679 80.76923076923077 0.0
680 80.76923076923077 0.0
681 80.76923076923077 0.0
682 73.07692307692308 0.0
683 80.76923076923077 0.0
684 80.76923076923077 0.0
685 80.76923076923077 0.0
686 80.76923076923077 0.0
687 84.61538461538461 0.0
688 84.61538461538461 0.0
689 84.61538461538461 0.0
690 76.92307692307692 0.0
691 76.92307692307692 0.0
692 76.92307692307692 0.0
693 76.92307692307692 0.0
694 76.92307692307692 0.0
695 76.92307692307692 0.0
696 76.92307692307692 0.0
697 76.92307692307692 0.0
698 76.92307692307692 0.0
699 76.92307692307692 0.0
700 73.07692307692308 0.0
701 73.07692307692308 0.0
702 84.61538461538461 0.0
703 76.92307692307692 0.0
704 76.92307692307692 0.0
705 84.61538461538461 0.0
706 92.3076923076923 0.0
707 84.61538461538461 0.0
708 84.61538461538461 0.0
709 92.3076923076923 0.0
710 92.3076923076923 0.0
711 100.0 0.0
712 92.3076923076923 0.0
713 100.0 0.0
714 100.0 0.0
715 100.0 0.0
716 92.3076923076923 0.0
717 100.0 0.0
718 100.0 0.0
719 100.0 0.0
720 100.0 0.0
721 100.0 0.0
722 92.3076923076923 0.0
723 100.0 0.0
724 92.3076923076923 0.0
725 84.61538461538461 0.0
726 84.61538461538461 0.0
727 92.3076923076923 0.0
728 92.3076923076923 0.0
729 100.0 0.0
730 100.0 0.0
731 92.3076923076923 0.0
732 84.61538461538461 0.0
733 84.61538461538461 0.0
734 88.46153846153847 0.0
735 88.46153846153847 0.0
736 88.46153846153847 0.0
737 88.46153846153847 0.0
738 80.76923076923077 0.0
739 92.3076923076923 0.0
740 92.3076923076923 0.0
741 92.3076923076923 0.0
742 100.0 0.0
743 100.0 0.0
744 88.46153846153847 0.0
745 100.0 0.0
746 84.61538461538461 0.0
747 92.3076923076923 0.0
748 100.0 0.0
749 100.0 0.0
750 100.0 0.0
751 92.3076923076923 0.0
752 92.3076923076923 0.0
753 92.3076923076923 0.0
754 92.3076923076923 0.0
755 92.3076923076923 0.0
756 92.3076923076923 0.0
757 84.61538461538461 0.0
758 84.61538461538461 0.0
759 73.07692307692308 0.0
760 69.23076923076923 0.0
761 69.23076923076923 0.0
762 69.23076923076923 0.0
763 84.61538461538461 0.0
764 69.23076923076923 0.0
765 84.61538461538461 0.0
766 92.3076923076923 0.0
767 92.3076923076923 0.0
768 92.3076923076923 0.0
769 84.61538461538461 0.0
770 69.23076923076923 0.0
771 69.23076923076923 0.0
772 69.23076923076923 0.0
773 76.92307692307692 0.0
774 92.3076923076923 0.0
775 92.3076923076923 0.0
776 80.76923076923077 0.0
777 92.3076923076923 0.0
778 92.3076923076923 0.0
779 84.61538461538461 0.0
780 92.3076923076923 0.0
781 92.3076923076923 0.0
782 92.3076923076923 0.0
783 92.3076923076923 0.0
784 84.61538461538461 0.0
785 76.92307692307692 0.0
786 84.61538461538461 0.0
787 76.92307692307692 0.0
788 76.92307692307692 0.0
789 84.61538461538461 0.0
790 84.61538461538461 0.0
791 92.3076923076923 0.0
792 76.92307692307692 0.0
793 92.3076923076923 0.0
794 92.3076923076923 0.0
795 80.76923076923077 0.0
796 84.61538461538461 0.0
797 80.76923076923077 0.0
798 84.61538461538461 0.0
799 92.3076923076923 0.0
800 84.61538461538461 0.0
801 73.07692307692308 0.0
802 80.76923076923077 0.0
803 92.3076923076923 0.0
804 80.76923076923077 0.0
805 84.61538461538461 0.0
806 84.61538461538461 0.0
807 92.3076923076923 0.0
808 84.61538461538461 0.0
809 84.61538461538461 0.0
810 92.3076923076923 0.0
811 84.61538461538461 0.0
812 92.3076923076923 0.0
813 84.61538461538461 0.0
814 84.61538461538461 0.0
815 73.07692307692308 0.0
816 84.61538461538461 0.0
817 84.61538461538461 0.0
818 84.61538461538461 0.0
819 84.61538461538461 0.0
820 76.92307692307692 0.0
821 76.92307692307692 0.0
822 76.92307692307692 0.0
823 84.61538461538461 0.0
824 84.61538461538461 0.0
825 76.92307692307692 0.0
826 73.07692307692308 0.0
827 73.07692307692308 0.0
828 73.07692307692308 0.0
829 76.92307692307692 0.0
830 76.92307692307692 0.0
831 84.61538461538461 0.0
832 84.61538461538461 0.0
833 84.61538461538461 0.0
834 76.92307692307692 0.0
835 76.92307692307692 0.0
836 84.61538461538461 0.0
837 76.92307692307692 0.0
838 84.61538461538461 0.0
839 80.76923076923077 0.0
840 76.92307692307692 0.0
841 76.92307692307692 0.0
842 73.07692307692308 0.0
843 92.3076923076923 0.0
844 76.92307692307692 0.0
845 76.92307692307692 0.0
846 69.23076923076923 0.0
847 76.92307692307692 0.0
848 76.92307692307692 0.0
849 69.23076923076923 0.0
850 61.53846153846154 0.0
851 57.69230769230769 0.0
852 76.92307692307692 0.0
853 76.92307692307692 0.0
854 69.23076923076923 0.0
855 76.92307692307692 0.0
856 69.23076923076923 0.0
857 61.53846153846154 0.0
858 84.61538461538461 0.0
859 69.23076923076923 0.0
860 61.53846153846154 0.0
861 69.23076923076923 0.0
862 69.23076923076923 0.0
863 84.61538461538461 0.0
864 76.92307692307692 0.0
865 84.61538461538461 0.0
866 84.61538461538461 0.0
867 69.23076923076923 0.0
868 69.23076923076923 0.0
869 76.92307692307692 0.0
870 84.61538461538461 0.0
871 84.61538461538461 0.0
872 76.92307692307692 0.0
873 76.92307692307692 0.0
874 76.92307692307692 0.0
875 76.92307692307692 0.0
876 84.61538461538461 0.0
877 76.92307692307692 0.0
878 76.92307692307692 0.0
879 76.92307692307692 0.0
880 84.61538461538461 0.0
881 76.92307692307692 0.0
882 92.3076923076923 0.0
883 92.3076923076923 0.0
884 84.61538461538461 0.0
885 84.61538461538461 0.0
886 69.23076923076923 0.0
887 76.92307692307692 0.0
888 84.61538461538461 0.0
889 73.07692307692308 0.0
890 73.07692307692308 0.0
891 84.61538461538461 0.0
892 84.61538461538461 0.0
893 69.23076923076923 0.0
894 84.61538461538461 0.0
895 84.61538461538461 0.0
896 84.61538461538461 0.0
897 84.61538461538461 0.0
898 84.61538461538461 0.0
899 84.61538461538461 0.0
900 76.92307692307692 0.0
901 84.61538461538461 0.0
902 76.92307692307692 0.0
903 84.61538461538461 0.0
904 84.61538461538461 0.0
905 92.3076923076923 0.0
906 92.3076923076923 0.0
907 76.92307692307692 0.0
908 76.92307692307692 0.0
909 84.61538461538461 0.0
910 76.92307692307692 0.0
911 76.92307692307692 0.0
912 76.92307692307692 0.0
913 61.53846153846154 0.0
914 69.23076923076923 0.0
915 61.53846153846154 0.0
916 53.84615384615385 0.0
917 65.38461538461539 0.0
918 65.38461538461539 0.0
919 57.69230769230769 0.0
920 69.23076923076923 0.0
921 69.23076923076923 0.0
922 76.92307692307692 0.0
923 69.23076923076923 0.0
924 84.61538461538461 0.0
925 69.23076923076923 0.0
926 76.92307692307692 0.0
927 69.23076923076923 0.0
928 69.23076923076923 0.0
929 76.92307692307692 0.0
930 76.92307692307692 0.0
931 69.23076923076923 0.0
932 53.84615384615385 0.0
933 69.23076923076923 0.0
934 61.53846153846154 0.0
935 76.92307692307692 0.0
936 73.07692307692308 0.0
937 61.53846153846154 0.0
938 61.53846153846154 0.0
939 61.53846153846154 0.0
940 53.84615384615385 0.0
941 65.38461538461539 0.0
942 69.23076923076923 0.0
943 76.92307692307692 0.0
944 65.38461538461539 0.0
945 69.23076923076923 0.0
946 84.61538461538461 0.0
947 84.61538461538461 0.0
948 84.61538461538461 0.0
949 84.61538461538461 0.0
950 76.92307692307692 0.0
951 76.92307692307692 0.0
952 69.23076923076923 0.0
953 69.23076923076923 0.0
954 73.07692307692308 0.0
955 76.92307692307692 0.0
956 76.92307692307692 0.0
957 73.07692307692308 0.0
958 69.23076923076923 0.0
959 84.61538461538461 0.0
960 84.61538461538461 0.0
961 84.61538461538461 0.0
962 84.61538461538461 0.0
963 69.23076923076923 0.0
964 69.23076923076923 0.0
965 76.92307692307692 0.0
966 76.92307692307692 0.0
967 61.53846153846154 0.0
968 69.23076923076923 0.0
969 69.23076923076923 0.0
970 69.23076923076923 0.0
971 69.23076923076923 0.0
972 69.23076923076923 0.0
973 69.23076923076923 0.0
974 69.23076923076923 0.0
975 76.92307692307692 0.0
976 76.92307692307692 0.0
977 84.61538461538461 0.0
978 84.61538461538461 0.0
979 84.61538461538461 0.0
980 84.61538461538461 0.0
981 84.61538461538461 0.0
982 84.61538461538461 0.0
983 84.61538461538461 0.0
984 84.61538461538461 0.0
985 73.07692307692308 0.0
986 69.23076923076923 0.0
987 76.92307692307692 0.0
988 76.92307692307692 0.0
989 76.92307692307692 0.0
990 69.23076923076923 0.0
991 65.38461538461539 0.0
992 76.92307692307692 0.0
993 69.23076923076923 0.0
994 76.92307692307692 0.0
995 73.07692307692308 0.0
996 84.61538461538461 0.0
997 76.92307692307692 0.0
998 73.07692307692308 0.0
999 76.92307692307692 0.0
