#frame monomers_% popc_isolated_%
0 57.69230769230769 0.0
1 65.38461538461539 0.0
2 65.38461538461539 0.0
3 53.84615384615385 0.0
4 65.38461538461539 0.0
5 73.07692307692308 0.0
6 76.92307692307692 0.0
7 76.92307692307692 0.0
8 76.92307692307692 0.0
9 76.92307692307692 0.0
10 76.92307692307692 0.0
11 76.92307692307692 0.0
12 76.92307692307692 0.0
13 76.92307692307692 0.0
14 76.92307692307692 0.0
15 69.23076923076923 0.0
16 76.92307692307692 0.0
17 76.92307692307692 0.0
18 76.92307692307692 0.0
19 76.92307692307692 0.0
20 76.92307692307692 0.0
21 76.92307692307692 0.0
22 76.92307692307692 0.0
23 69.23076923076923 0.0
24 76.92307692307692 0.0
25 76.92307692307692 0.0
26 76.92307692307692 0.0
27 84.61538461538461 0.0
28 84.61538461538461 0.0
29 76.92307692307692 0.0
30 76.92307692307692 0.0
31 84.61538461538461 0.0
32 76.92307692307692 0.0
33 76.92307692307692 0.0
34 76.92307692307692 0.0
35 69.23076923076923 0.0
36 69.23076923076923 0.0
37 69.23076923076923 0.0
38 76.92307692307692 0.0
39 76.92307692307692 0.0
40 69.23076923076923 0.0
41 76.92307692307692 0.0
42 76.92307692307692 0.0
43 69.23076923076923 0.0
44 73.07692307692308 0.0
45 69.23076923076923 0.0
46 69.23076923076923 0.0
47 69.23076923076923 0.0
48 61.53846153846154 0.0
49 65.38461538461539 0.0
50 76.92307692307692 0.0
51 73.07692307692308 0.0
52 69.23076923076923 0.0
53 69.23076923076923 0.0
54 69.23076923076923 0.0
55 53.84615384615385 0.0
56 57.69230769230769 0.0
57 61.53846153846154 0.0
58 69.23076923076923 0.0
59 69.23076923076923 0.0
60 76.92307692307692 0.0
61 76.92307692307692 0.0
62 57.69230769230769 0.0
63 73.07692307692308 0.0
64 69.23076923076923 0.0
65 73.07692307692308 0.0
66 76.92307692307692 0.0
67 73.07692307692308 0.0
68 65.38461538461539 0.0
69 69.23076923076923 0.0
70 69.23076923076923 0.0
71 69.23076923076923 0.0
72 65.38461538461539 0.0
73 69.23076923076923 0.0
74 65.38461538461539 0.0
75 76.92307692307692 0.0
76 76.92307692307692 0.0
77 76.92307692307692 0.0
78 76.92307692307692 0.0
79 76.92307692307692 0.0
80 69.23076923076923 0.0
81 69.23076923076923 0.0
82 76.92307692307692 0.0
83 76.92307692307692 0.0
84 76.92307692307692 0.0
85 76.92307692307692 0.0
86 69.23076923076923 0.0
87 69.23076923076923 0.0
88 69.23076923076923 0.0
89 65.38461538461539 0.0
90 69.23076923076923 0.0
91 65.38461538461539 0.0
92 65.38461538461539 0.0
93 65.38461538461539 0.0
94 73.07692307692308 0.0
95 61.53846153846154 0.0
96 73.07692307692308 0.0
97 65.38461538461539 0.0
98 61.53846153846154 0.0
99 53.84615384615385 0.0
100 65.38461538461539 0.0
101 57.69230769230769 0.0
102 65.38461538461539 0.0
103 73.07692307692308 0.0
104 73.07692307692308 0.0
105 69.23076923076923 0.0
106 69.23076923076923 0.0
107 61.53846153846154 0.0
108 53.84615384615385 0.0
109 46.15384615384615 0.0
110 42.30769230769231 0.0
111 46.15384615384615 0.0
112 61.53846153846154 0.0
113 53.84615384615385 0.0
114 46.15384615384615 0.0
115 61.53846153846154 0.0
116 50.0 0.0
117 42.30769230769231 0.0
118 46.15384615384615 0.0
119 46.15384615384615 0.0
120 53.84615384615385 0.0
121 46.15384615384615 0.0
122 53.84615384615385 0.0
123 42.30769230769231 0.0
124 65.38461538461539 0.0
125 42.30769230769231 0.0
126 42.30769230769231 0.0
127 57.69230769230769 0.0
128 50.0 0.0
129 50.0 0.0
130 50.0 0.0
131 57.69230769230769 0.0
132 50.0 0.0
133 57.69230769230769 0.0
134 57.69230769230769 0.0
135 57.69230769230769 0.0
136 57.69230769230769 0.0
137 57.69230769230769 0.0
138 65.38461538461539 0.0
139 65.38461538461539 0.0
140 61.53846153846154 0.0
141 65.38461538461539 0.0
142 65.38461538461539 0.0
143 53.84615384615385 0.0
144 61.53846153846154 0.0
145 61.53846153846154 0.0
146 53.84615384615385 0.0
147 42.30769230769231 0.0
148 61.53846153846154 0.0
149 53.84615384615385 0.0
150 53.84615384615385 0.0
151 61.53846153846154 0.0
152 50.0 0.0
153 50.0 0.0
154 57.69230769230769 0.0
155 50.0 0.0
156 69.23076923076923 0.0
157 61.53846153846154 0.0
158 42.30769230769231 0.0
159 38.46153846153846 0.0
160 46.15384615384615 0.0
161 34.61538461538461 0.0
162 38.46153846153846 0.0
163 53.84615384615385 0.0
164 57.69230769230769 0.0
165 38.46153846153846 0.0
166 46.15384615384615 0.0
167 46.15384615384615 0.0
168 50.0 0.0
169 61.53846153846154 0.0
170 53.84615384615385 0.0
171 61.53846153846154 0.0
172 69.23076923076923 0.0
173 46.15384615384615 0.0
174 50.0 0.0
175 61.53846153846154 0.0
176 53.84615384615385 0.0
177 46.15384615384615 0.0
178 65.38461538461539 0.0
179 53.84615384615385 0.0
180 53.84615384615385 0.0
181 26.923076923076923 0.0
182 30.76923076923077 0.0
183 46.15384615384615 0.0
184 42.30769230769231 0.0
185 42.30769230769231 0.0
186 46.15384615384615 0.0
187 46.15384615384615 0.0
188 46.15384615384615 0.0
189 46.15384615384615 0.0
190 46.15384615384615 0.0
191 46.15384615384615 0.0
192 53.84615384615385 0.0
193 46.15384615384615 0.0
194 42.30769230769231 0.0
195 42.30769230769231 0.0
196 53.84615384615385 0.0
197 34.61538461538461 0.0
198 46.15384615384615 0.0
199 42.30769230769231 0.0
200 34.61538461538461 0.0
201 30.76923076923077 0.0
202 42.30769230769231 0.0
203 50.0 0.0
204 42.30769230769231 0.0
205 50.0 0.0
206 42.30769230769231 0.0
207 34.61538461538461 0.0
208 42.30769230769231 0.0
209 42.30769230769231 0.0
210 42.30769230769231 0.0
211 42.30769230769231 0.0
212 53.84615384615385 0.0
213 53.84615384615385 0.0
214 38.46153846153846 0.0
215 46.15384615384615 0.0
216 53.84615384615385 0.0
217 42.30769230769231 0.0
218 46.15384615384615 0.0
219 38.46153846153846 0.0
220 46.15384615384615 0.0
221 42.30769230769231 0.0
222 46.15384615384615 0.0
223 42.30769230769231 0.0
224 46.15384615384615 0.0
225 46.15384615384615 0.0
226 46.15384615384615 0.0
227 53.84615384615385 0.0
228 61.53846153846154 0.0
229 53.84615384615385 0.0
230 46.15384615384615 0.0
231 53.84615384615385 0.0
232 50.0 0.0
233 50.0 0.0
234 50.0 0.0
235 38.46153846153846 0.0
236 50.0 0.0
237 50.0 0.0
238 50.0 0.0
239 53.84615384615385 0.0
240 46.15384615384615 0.0
241 42.30769230769231 0.0
242 50.0 0.0
243 53.84615384615385 0.0
244 38.46153846153846 0.0
245 50.0 0.0
246 53.84615384615385 0.0
247 53.84615384615385 0.0
248 53.84615384615385 0.0
249 50.0 0.0
250 46.15384615384615 0.0
251 50.0 0.0
252 46.15384615384615 0.0
253 50.0 0.0
254 50.0 0.0
255 61.53846153846154 0.0
256 65.38461538461539 0.0
257 50.0 0.0
258 53.84615384615385 0.0
259 69.23076923076923 0.0
260 57.69230769230769 0.0
261 61.53846153846154 0.0
262 61.53846153846154 0.0
263 73.07692307692308 0.0
264 69.23076923076923 0.0
265 76.92307692307692 0.0
266 73.07692307692308 0.0
267 57.69230769230769 0.0
268 65.38461538461539 0.0
269 53.84615384615385 0.0
270 61.53846153846154 0.0
271 46.15384615384615 0.0
272 53.84615384615385 0.0
273 61.53846153846154 0.0
274 57.69230769230769 0.0
275 53.84615384615385 0.0
276 61.53846153846154 0.0
277 65.38461538461539 0.0
278 53.84615384615385 0.0
279 53.84615384615385 0.0
280 53.84615384615385 0.0
281 65.38461538461539 0.0
282 57.69230769230769 0.0
283 65.38461538461539 0.0
284 50.0 0.0
285 57.69230769230769 0.0
286 65.38461538461539 0.0
287 57.69230769230769 0.0
288 57.69230769230769 0.0
289 57.69230769230769 0.0
290 61.53846153846154 0.0
291 69.23076923076923 0.0
292 69.23076923076923 0.0
293 57.69230769230769 0.0
294 53.84615384615385 0.0
295 61.53846153846154 0.0
296 50.0 0.0
297 53.84615384615385 0.0
298 50.0 0.0
299 50.0 0.0
300 57.69230769230769 0.0
301 50.0 0.0
302 50.0 0.0
303 50.0 0.0
304 57.69230769230769 0.0
305 57.69230769230769 0.0
306 46.15384615384615 0.0
307 53.84615384615385 0.0
308 61.53846153846154 0.0
309 61.53846153846154 0.0
310 53.84615384615385 0.0
311 53.84615384615385 0.0
312 42.30769230769231 0.0
313 53.84615384615385 0.0
314 50.0 0.0
315 53.84615384615385 0.0
316 42.30769230769231 0.0
317 57.69230769230769 0.0
318 61.53846153846154 0.0
319 53.84615384615385 0.0
320 46.15384615384615 0.0
321 69.23076923076923 0.0
322 61.53846153846154 0.0
323 69.23076923076923 0.0
324 61.53846153846154 0.0
325 46.15384615384615 0.0
326 61.53846153846154 0.0
327 61.53846153846154 0.0
328 53.84615384615385 0.0
329 46.15384615384615 0.0
330 69.23076923076923 0.0
331 61.53846153846154 0.0
332 61.53846153846154 0.0
333 53.84615384615385 0.0
334 53.84615384615385 0.0
335 53.84615384615385 0.0
336 50.0 0.0
337 53.84615384615385 0.0
338 53.84615384615385 0.0
339 53.84615384615385 0.0
340 53.84615384615385 0.0
341 46.15384615384615 0.0
342 46.15384615384615 0.0
343 69.23076923076923 0.0
344 61.53846153846154 0.0
345 53.84615384615385 0.0
346 61.53846153846154 0.0
347 61.53846153846154 0.0
348 69.23076923076923 0.0
349 69.23076923076923 0.0
350 61.53846153846154 0.0
351 57.69230769230769 0.0
352 61.53846153846154 0.0
353 57.69230769230769 0.0
354 61.53846153846154 0.0
355 61.53846153846154 0.0
356 53.84615384615385 0.0
357 53.84615384615385 0.0
358 57.69230769230769 0.0
359 57.69230769230769 0.0
360 61.53846153846154 0.0
361 61.53846153846154 0.0
362 57.69230769230769 0.0
363 53.84615384615385 0.0
364 61.53846153846154 0.0
365 53.84615384615385 0.0
366 61.53846153846154 0.0
367 53.84615384615385 0.0
368 50.0 0.0
369 46.15384615384615 0.0
370 50.0 0.0
371 50.0 0.0
372 46.15384615384615 0.0
373 57.69230769230769 0.0
374 57.69230769230769 0.0
375 57.69230769230769 0.0
376 42.30769230769231 0.0
377 34.61538461538461 0.0
378 53.84615384615385 0.0
379 50.0 0.0
380 50.0 0.0
381 50.0 0.0
382 42.30769230769231 0.0
383 50.0 0.0
384 50.0 0.0
385 53.84615384615385 0.0
386 53.84615384615385 0.0
387 53.84615384615385 0.0
388 53.84615384615385 0.0
389 57.69230769230769 0.0
390 57.69230769230769 0.0
391 57.69230769230769 0.0
392 53.84615384615385 0.0
393 57.69230769230769 0.0
394 50.0 0.0
395 50.0 0.0
396 50.0 0.0
397 50.0 0.0
398 42.30769230769231 0.0
399 57.69230769230769 0.0
400 61.53846153846154 0.0
401 61.53846153846154 0.0
402 53.84615384615385 0.0
403 46.15384615384615 0.0
404 53.84615384615385 0.0
405 53.84615384615385 0.0
406 73.07692307692308 0.0
407 65.38461538461539 0.0
408 50.0 0.0
409 42.30769230769231 0.0
410 57.69230769230769 0.0
411 50.0 0.0
412 50.0 0.0
413 46.15384615384615 0.0
414 50.0 0.0
415 57.69230769230769 0.0
416 57.69230769230769 0.0
417 57.69230769230769 0.0
418 53.84615384615385 0.0
419 53.84615384615385 0.0
420 46.15384615384615 0.0
421 38.46153846153846 0.0
422 57.69230769230769 0.0
423 57.69230769230769 0.0
424 50.0 0.0
425 57.69230769230769 0.0
426 57.69230769230769 0.0
427 50.0 0.0
428 50.0 0.0
429 50.0 0.0
430 50.0 0.0
431 46.15384615384615 0.0
432 46.15384615384615 0.0
433 38.46153846153846 0.0
434 46.15384615384615 0.0
435 38.46153846153846 0.0
436 46.15384615384615 0.0
437 38.46153846153846 0.0
438 38.46153846153846 0.0
439 46.15384615384615 0.0
440 53.84615384615385 0.0
441 50.0 0.0
442 46.15384615384615 0.0
443 46.15384615384615 0.0
444 53.84615384615385 0.0
445 53.84615384615385 0.0
446 57.69230769230769 0.0
447 53.84615384615385 0.0
448 65.38461538461539 0.0
449 57.69230769230769 0.0
450 65.38461538461539 0.0
451 69.23076923076923 0.0
452 65.38461538461539 0.0
453 65.38461538461539 0.0
454 65.38461538461539 0.0
455 69.23076923076923 0.0
456 65.38461538461539 0.0
457 69.23076923076923 0.0
458 65.38461538461539 0.0
459 73.07692307692308 0.0
460 69.23076923076923 0.0
461 69.23076923076923 0.0
462 69.23076923076923 0.0
463 57.69230769230769 0.0
464 65.38461538461539 0.0
465 65.38461538461539 0.0
466 61.53846153846154 0.0
467 65.38461538461539 0.0
468 65.38461538461539 0.0
469 57.69230769230769 0.0
470 57.69230769230769 0.0
471 53.84615384615385 0.0
472 57.69230769230769 0.0
473 53.84615384615385 0.0
474 61.53846153846154 0.0
475 65.38461538461539 0.0
476 65.38461538461539 0.0
477 69.23076923076923 0.0
478 65.38461538461539 0.0
479 69.23076923076923 0.0
480 69.23076923076923 0.0
481 73.07692307692308 0.0
482 65.38461538461539 0.0
483 65.38461538461539 0.0
484 65.38461538461539 0.0
485 57.69230769230769 0.0
486 65.38461538461539 0.0
487 61.53846153846154 0.0
488 61.53846153846154 0.0
489 61.53846153846154 0.0
490 57.69230769230769 0.0
491 61.53846153846154 0.0
492 61.53846153846154 0.0
493 61.53846153846154 0.0
494 61.53846153846154 0.0
495 61.53846153846154 0.0
496 50.0 0.0
497 57.69230769230769 0.0
498 61.53846153846154 0.0
499 57.69230769230769 0.0
500 61.53846153846154 0.0
501 53.84615384615385 0.0
502 65.38461538461539 0.0
503 69.23076923076923 0.0
504 69.23076923076923 0.0
505 73.07692307692308 0.0
506 73.07692307692308 0.0
507 61.53846153846154 0.0
508 69.23076923076923 0.0
509 69.23076923076923 0.0
510 65.38461538461539 0.0
511 69.23076923076923 0.0
512 57.69230769230769 0.0
513 57.69230769230769 0.0
514 61.53846153846154 0.0
515 61.53846153846154 0.0
516 50.0 0.0
517 57.69230769230769 0.0
518 50.0 0.0
519 50.0 0.0
520 50.0 0.0
521 42.30769230769231 0.0
522 50.0 0.0
523 50.0 0.0
524 57.69230769230769 0.0
525 42.30769230769231 0.0
526 26.923076923076923 0.0
527 50.0 0.0
528 34.61538461538461 0.0
529 50.0 0.0
530 42.30769230769231 0.0
531 50.0 0.0
532 42.30769230769231 0.0
533 42.30769230769231 0.0
534 42.30769230769231 0.0
535 42.30769230769231 0.0
536 42.30769230769231 0.0
537 38.46153846153846 0.0
538 50.0 0.0
539 53.84615384615385 0.0
540 50.0 0.0
541 53.84615384615385 0.0
542 53.84615384615385 0.0
543 53.84615384615385 0.0
544 42.30769230769231 0.0
545 50.0 0.0
546 53.84615384615385 0.0
547 42.30769230769231 0.0
548 46.15384615384615 0.0
549 42.30769230769231 0.0
550 50.0 0.0
551 65.38461538461539 0.0
552 50.0 0.0
553 57.69230769230769 0.0
554 65.38461538461539 0.0
555 57.69230769230769 0.0
556 65.38461538461539 0.0
557 57.69230769230769 0.0
558 53.84615384615385 0.0
559 57.69230769230769 0.0
560 50.0 0.0
561 50.0 0.0
562 42.30769230769231 0.0
563 46.15384615384615 0.0
564 57.69230769230769 0.0
565 42.30769230769231 0.0
566 57.69230769230769 0.0
567 50.0 0.0
568 46.15384615384615 0.0
569 46.15384615384615 0.0
570 53.84615384615385 0.0
571 46.15384615384615 0.0
572 53.84615384615385 0.0
573 57.69230769230769 0.0
574 50.0 0.0
575 53.84615384615385 0.0
576 50.0 0.0
577 50.0 0.0
578 53.84615384615385 0.0
579 50.0 0.0
580 57.69230769230769 0.0
581 50.0 0.0
582 57.69230769230769 0.0
583 61.53846153846154 0.0
584 57.69230769230769 0.0
585 53.84615384615385 0.0
586 65.38461538461539 0.0
587 57.69230769230769 0.0
588 57.69230769230769 0.0
589 50.0 0.0
590 50.0 0.0
591 50.0 0.0
592 61.53846153846154 0.0
593 50.0 0.0
594 50.0 0.0
595 50.0 0.0
596 53.84615384615385 0.0
597 53.84615384615385 0.0
598 46.15384615384615 0.0
599 42.30769230769231 0.0
600 42.30769230769231 0.0
601 50.0 0.0
602 46.15384615384615 0.0
603 53.84615384615385 0.0
604 46.15384615384615 0.0
605 61.53846153846154 0.0
606 50.0 0.0
607 57.69230769230769 0.0
608 61.53846153846154 0.0
609 61.53846153846154 0.0
610 42.30769230769231 0.0
611 65.38461538461539 0.0
612 46.15384615384615 0.0
613 53.84615384615385 0.0
614 53.84615384615385 0.0
615 57.69230769230769 0.0
616 50.0 0.0
617 38.46153846153846 0.0
618 42.30769230769231 0.0
619 42.30769230769231 0.0
620 42.30769230769231 0.0
621 53.84615384615385 0.0
622 53.84615384615385 0.0
623 61.53846153846154 0.0
624 61.53846153846154 0.0
625 65.38461538461539 0.0
626 53.84615384615385 0.0
627 65.38461538461539 0.0
628 61.53846153846154 0.0
629 69.23076923076923 0.0
630 46.15384615384615 0.0
631 53.84615384615385 0.0
632 53.84615384615385 0.0
633 53.84615384615385 0.0
634 53.84615384615385 0.0
635 69.23076923076923 0.0
636 57.69230769230769 0.0
637 50.0 0.0
638 57.69230769230769 0.0
639 57.69230769230769 0.0
640 69.23076923076923 0.0
641 61.53846153846154 0.0
642 61.53846153846154 0.0
643 61.53846153846154 0.0
644 50.0 0.0
645 53.84615384615385 0.0
646 46.15384615384615 0.0
647 42.30769230769231 0.0
648 65.38461538461539 0.0
649 53.84615384615385 0.0
650 50.0 0.0
651 57.69230769230769 0.0
652 53.84615384615385 0.0
653 69.23076923076923 0.0
654 61.53846153846154 0.0
655 46.15384615384615 0.0
656 53.84615384615385 0.0
657 50.0 0.0
658 42.30769230769231 0.0
659 42.30769230769231 0.0
660 53.84615384615385 0.0
661 50.0 0.0
662 50.0 0.0
663 50.0 0.0
664 46.15384615384615 0.0
665 42.30769230769231 0.0
666 42.30769230769231 0.0
667 46.15384615384615 0.0
668 38.46153846153846 0.0
669 46.15384615384615 0.0
670 53.84615384615385 0.0
671 50.0 0.0
672 53.84615384615385 0.0
673 46.15384615384615 0.0
674 46.15384615384615 0.0
675 50.0 0.0
676 53.84615384615385 0.0
677 53.84615384615385 0.0
678 34.61538461538461 0.0
679 42.30769230769231 0.0
680 46.15384615384615 0.0
681 46.15384615384615 0.0
682 46.15384615384615 0.0
683 50.0 0.0
684 38.46153846153846 0.0
685 38.46153846153846 0.0
686 46.15384615384615 0.0
687 50.0 0.0
688 38.46153846153846 0.0
689 42.30769230769231 0.0
690 50.0 0.0
691 50.0 0.0
692 42.30769230769231 0.0
693 50.0 0.0
694 53.84615384615385 0.0
695 50.0 0.0
696 46.15384615384615 0.0
697 57.69230769230769 0.0
698 57.69230769230769 0.0
699 57.69230769230769 0.0
700 53.84615384615385 0.0
701 38.46153846153846 0.0
702 50.0 0.0
703 50.0 0.0
704 53.84615384615385 0.0
705 50.0 0.0
706 50.0 0.0
707 38.46153846153846 0.0
708 34.61538461538461 0.0
709 46.15384615384615 0.0
710 46.15384615384615 0.0
711 46.15384615384615 0.0
712 42.30769230769231 0.0
713 53.84615384615385 0.0
714 50.0 0.0
715 50.0 0.0
716 46.15384615384615 0.0
717 50.0 0.0
718 38.46153846153846 0.0
719 30.76923076923077 0.0
720 46.15384615384615 0.0
721 38.46153846153846 0.0
722 53.84615384615385 0.0
723 46.15384615384615 0.0
724 57.69230769230769 0.0
725 46.15384615384615 0.0
726 46.15384615384615 0.0
727 34.61538461538461 0.0
728 38.46153846153846 0.0
729 34.61538461538461 0.0
730 46.15384615384615 0.0
731 53.84615384615385 0.0
732 46.15384615384615 0.0
733 46.15384615384615 0.0
734 46.15384615384615 0.0
735 61.53846153846154 0.0
736 53.84615384615385 0.0
737 50.0 0.0
738 69.23076923076923 0.0
739 57.69230769230769 0.0
740 53.84615384615385 0.0
741 69.23076923076923 0.0
742 46.15384615384615 0.0
743 50.0 0.0
744 57.69230769230769 0.0
745 53.84615384615385 0.0
746 61.53846153846154 0.0
747 61.53846153846154 0.0
748 53.84615384615385 0.0
749 53.84615384615385 0.0
750 57.69230769230769 0.0
751 65.38461538461539 0.0
752 53.84615384615385 0.0
753 61.53846153846154 0.0
754 57.69230769230769 0.0
755 57.69230769230769 0.0
756 57.69230769230769 0.0
757 61.53846153846154 0.0
758 53.84615384615385 0.0
759 53.84615384615385 0.0
760 61.53846153846154 0.0
761 69.23076923076923 0.0
762 53.84615384615385 0.0
763 57.69230769230769 0.0
764 46.15384615384615 0.0
765 53.84615384615385 0.0
766 57.69230769230769 0.0
767 46.15384615384615 0.0
768 30.76923076923077 0.0
769 50.0 0.0
770 42.30769230769231 0.0
771 61.53846153846154 0.0
772 57.69230769230769 0.0
773 73.07692307692308 0.0
774 73.07692307692308 0.0
775 53.84615384615385 0.0
776 50.0 0.0
777 57.69230769230769 0.0
778 46.15384615384615 0.0
779 53.84615384615385 0.0
780 50.0 0.0
781 50.0 0.0
782 61.53846153846154 0.0
783 61.53846153846154 0.0
784 57.69230769230769 0.0
785 69.23076923076923 0.0
786 61.53846153846154 0.0
787 65.38461538461539 0.0
788 53.84615384615385 0.0
789 61.53846153846154 0.0
790 53.84615384615385 0.0
791 61.53846153846154 0.0
792 69.23076923076923 0.0
793 69.23076923076923 0.0
794 69.23076923076923 0.0
795 61.53846153846154 0.0
796 61.53846153846154 0.0
797 57.69230769230769 0.0
798 57.69230769230769 0.0
799 61.53846153846154 0.0
800 50.0 0.0
801 50.0 0.0
802 61.53846153846154 0.0
803 46.15384615384615 0.0
804 57.69230769230769 0.0
805 46.15384615384615 0.0
806 42.30769230769231 0.0
807 50.0 0.0
808 50.0 0.0
809 50.0 0.0
810 42.30769230769231 0.0
811 50.0 0.0
812 38.46153846153846 0.0
813 50.0 0.0
814 42.30769230769231 0.0
815 46.15384615384615 0.0
816 34.61538461538461 0.0
817 38.46153846153846 0.0
818 38.46153846153846 0.0
819 42.30769230769231 0.0
820 42.30769230769231 0.0
821 50.0 0.0
822 46.15384615384615 0.0
823 34.61538461538461 0.0
824 34.61538461538461 0.0
825 34.61538461538461 0.0
826 30.76923076923077 0.0
827 34.61538461538461 0.0
828 30.76923076923077 0.0
829 38.46153846153846 0.0
830 38.46153846153846 0.0
831 34.61538461538461 0.0
832 42.30769230769231 0.0
833 42.30769230769231 0.0
834 38.46153846153846 0.0
835 38.46153846153846 0.0
836 34.61538461538461 0.0
837 34.61538461538461 0.0
838 42.30769230769231 0.0
839 42.30769230769231 0.0
840 42.30769230769231 0.0
841 42.30769230769231 0.0
842 42.30769230769231 0.0
843 53.84615384615385 0.0
844 42.30769230769231 0.0
845 50.0 0.0
846 61.53846153846154 0.0
847 57.69230769230769 0.0
848 50.0 0.0
849 53.84615384615385 0.0
850 50.0 0.0
851 46.15384615384615 0.0
852 50.0 0.0
853 50.0 0.0
854 42.30769230769231 0.0
855 50.0 0.0
856 46.15384615384615 0.0
857 38.46153846153846 0.0
858 30.76923076923077 0.0
859 46.15384615384615 0.0
860 65.38461538461539 0.0
861 46.15384615384615 0.0
862 50.0 0.0
863 53.84615384615385 0.0
864 53.84615384615385 0.0
865 42.30769230769231 0.0
866 42.30769230769231 0.0
867 38.46153846153846 0.0
868 46.15384615384615 0.0
869 34.61538461538461 0.0
870 30.76923076923077 0.0
871 42.30769230769231 0.0
872 42.30769230769231 0.0
873 38.46153846153846 0.0
874 42.30769230769231 0.0
875 46.15384615384615 0.0
876 50.0 0.0
877 42.30769230769231 0.0
878 53.84615384615385 0.0
879 42.30769230769231 0.0
880 50.0 0.0
881 38.46153846153846 0.0
882 46.15384615384615 0.0
883 50.0 0.0
884 42.30769230769231 0.0
885 38.46153846153846 0.0
886 50.0 0.0
887 46.15384615384615 0.0
888 38.46153846153846 0.0
889 46.15384615384615 0.0
890 34.61538461538461 0.0
891 46.15384615384615 0.0
892 42.30769230769231 0.0
893 42.30769230769231 0.0
894 38.46153846153846 0.0
895 34.61538461538461 0.0
896 42.30769230769231 0.0
897 42.30769230769231 0.0
898 34.61538461538461 0.0
899 38.46153846153846 0.0
900 30.76923076923077 0.0
901 34.61538461538461 0.0
902 38.46153846153846 0.0
903 46.15384615384615 0.0
904 38.46153846153846 0.0
905 30.76923076923077 0.0
906 50.0 0.0
907 42.30769230769231 0.0
908 38.46153846153846 0.0
909 42.30769230769231 0.0
910 42.30769230769231 0.0
911 42.30769230769231 0.0
912 46.15384615384615 0.0
913 38.46153846153846 0.0
914 30.76923076923077 0.0
915 42.30769230769231 0.0
916 34.61538461538461 0.0
917 30.76923076923077 0.0
918 34.61538461538461 0.0
919 38.46153846153846 0.0
920 38.46153846153846 0.0
921 38.46153846153846 0.0
922 42.30769230769231 0.0
923 38.46153846153846 0.0
924 42.30769230769231 0.0
925 38.46153846153846 0.0
926 42.30769230769231 0.0
927 42.30769230769231 0.0
928 30.76923076923077 0.0
929 38.46153846153846 0.0
930 38.46153846153846 0.0
931 38.46153846153846 0.0
932 34.61538461538461 0.0
933 42.30769230769231 0.0
934 38.46153846153846 0.0
935 34.61538461538461 0.0
936 42.30769230769231 0.0
937 38.46153846153846 0.0
938 46.15384615384615 0.0
939 46.15384615384615 0.0
940 46.15384615384615 0.0
941 42.30769230769231 0.0
942 61.53846153846154 0.0
943 46.15384615384615 0.0
944 46.15384615384615 0.0
945 57.69230769230769 0.0
946 53.84615384615385 0.0
947 57.69230769230769 0.0
948 46.15384615384615 0.0
949 50.0 0.0
950 57.69230769230769 0.0
951 50.0 0.0
952 53.84615384615385 0.0
953 53.84615384615385 0.0
954 50.0 0.0
955 50.0 0.0
956 46.15384615384615 0.0
957 42.30769230769231 0.0
958 50.0 0.0
959 50.0 0.0
960 42.30769230769231 0.0
961 42.30769230769231 0.0
962 46.15384615384615 0.0
963 50.0 0.0
964 50.0 0.0
965 65.38461538461539 0.0
966 53.84615384615385 0.0
967 46.15384615384615 0.0
968 50.0 0.0
969 34.61538461538461 0.0
970 42.30769230769231 0.0
971 53.84615384615385 0.0
972 38.46153846153846 0.0
973 42.30769230769231 0.0
974 46.15384615384615 0.0
975 42.30769230769231 0.0
976 46.15384615384615 0.0
977 50.0 0.0
978 53.84615384615385 0.0
979 50.0 0.0
980 57.69230769230769 0.0
981 50.0 0.0
982 42.30769230769231 0.0
983 38.46153846153846 0.0
984 50.0 0.0
985 46.15384615384615 0.0
986 46.15384615384615 0.0
987 57.69230769230769 0.0
988 50.0 0.0
989 50.0 0.0
990 46.15384615384615 0.0
991 42.30769230769231 0.0
992 46.15384615384615 0.0
993 50.0 0.0
994 42.30769230769231 0.0
995 46.15384615384615 0.0
996 46.15384615384615 0.0
997 50.0 0.0
998 42.30769230769231 0.0
999 38.46153846153846 0.0
