#resid average_duration max_duration persistent_contacts
1 5.857142857142857 57 42
10 6.125 30 8
11 8.962962962962964 67 54
12 4.705882352941177 10 17
13 7.903225806451613 43 31
14 9.975609756097562 87 41
15 20.866666666666667 104 15
16 24.24074074074074 361 54
17 5.142857142857143 21 28
18 4.033333333333333 18 30
19 4.925925925925926 10 27
2 6.682926829268292 34 41
20 10.756756756756756 104 37
21 7.603448275862069 67 58
22 4.961538461538462 15 26
23 14.418604651162791 274 43
24 12.53125 122 32
25 8.857142857142858 43 14
26 4.1 15 40
3 4.578947368421052 21 38
4 14.91304347826087 122 46
5 4.3428571428571425 22 35
6 5.724137931034483 22 29
7 16.75 361 68
8 4.428571428571429 10 21
9 4.129032258064516 9 31
#TOTAL_CONTACTS 4777 for 1000 frames
