#resid average_duration max_duration persistent_contacts
1 4.04 9 25
10 39.041666666666664 216 24
11 3.5 6 22
12 6.333333333333333 26 15
13 42.85 216 20
14 2.0 2 1
15 6.933333333333334 31 15
16 15.894736842105264 167 57
17 4.518518518518518 13 27
18 4.636363636363637 9 11
19 6.130434782608695 23 23
2 17.15 201 40
20 20.060606060606062 167 33
21 11.571428571428571 35 7
22 4.260869565217392 14 23
23 17.53846153846154 201 39
24 8.35 50 20
25 8.416666666666666 44 36
26 7.651162790697675 44 43
3 7.434782608695652 57 23
4 13.921052631578947 124 38
5 8.863636363636363 113 22
6 9.956521739130435 113 23
7 5.448275862068965 23 29
8 5.1923076923076925 14 26
9 4.947368421052632 31 38
#TOTAL_CONTACTS 4308 for 1000 frames
