#resid average_duration max_duration persistent_contacts
1 4.790697674418604 15 43
10 8.238095238095237 67 42
11 15.36 144 25
12 4.645833333333333 20 48
13 5.404761904761905 43 42
14 11.704918032786885 148 61
15 5.5 20 48
16 12.911764705882353 144 34
17 4.071428571428571 14 14
18 7.090909090909091 21 11
19 4.0 8 12
2 8.238095238095237 59 21
20 4.574074074074074 15 54
21 14.891566265060241 140 83
22 5.103448275862069 18 29
23 6.2 21 15
24 4.9523809523809526 14 21
25 3.0 3 1
26 18.680555555555557 251 72
3 7.3 43 10
4 6.172413793103448 47 29
5 16.4 122 55
6 27.428571428571427 251 35
7 4.193548387096774 13 31
8 8.76923076923077 140 78
9 9.85483870967742 76 62
#TOTAL_CONTACTS 5341 for 1000 frames
