#resid average_duration max_duration persistent_contacts
1 17.4 147 30
10 7.75 52 44
11 10.575342465753424 152 73
12 6.333333333333333 15 3
13 4.2727272727272725 17 22
14 4.916666666666667 19 12
15 14.153846153846153 173 52
16 18.732558139534884 232 86
17 4.125 9 8
18 4.333333333333333 15 9
19 3.6 9 10
2 16.42 249 100
20 19.70909090909091 237 55
21 8.0 81 53
22 18.807692307692307 147 26
23 16.659259259259258 232 135
24 26.904761904761905 219 21
25 4.0 7 5
26 5.296296296296297 25 27
3 20.11627906976744 237 43
4 10.1875 152 80
5 5.115384615384615 33 26
6 22.833333333333332 219 24
7 14.030303030303031 98 33
8 13.648 173 125
9 12.791044776119403 249 134
#TOTAL_CONTACTS 9130 for 1000 frames
