-69.5 1.271920e-05
-68.5 1.416415e-05
-67.5 1.909383e-04
-66.5 3.437128e-04
-65.5 8.550421e-04
-64.5 1.178915e-03
-63.5 1.446822e-03
-62.5 1.848025e-03
-61.5 2.508466e-03
-60.5 2.647641e-03
-59.5 2.522586e-03
-58.5 2.669862e-03
-57.5 2.609670e-03
-56.5 2.469584e-03
-55.5 2.565252e-03
-54.5 2.477192e-03
-53.5 2.398940e-03
-52.5 2.830583e-03
-51.5 2.840267e-03
-50.5 2.935139e-03
-49.5 3.047674e-03
-48.5 2.904575e-03
-47.5 2.969058e-03
-46.5 3.109978e-03
-45.5 2.813604e-03
-44.5 2.596371e-03
-43.5 2.334489e-03
-42.5 2.310217e-03
-41.5 2.324287e-03
-40.5 2.326180e-03
-39.5 2.371251e-03
-38.5 2.912255e-03
-37.5 2.830176e-03
-36.5 3.199442e-03
-35.5 3.137659e-03
-34.5 3.122922e-03
-33.5 3.202128e-03
-32.5 2.833703e-03
-31.5 2.792566e-03
-30.5 2.526272e-03
-29.5 2.362128e-03
-28.5 2.368908e-03
-27.5 1.727577e-03
-26.5 1.530603e-03
-25.5 1.299373e-03
-24.5 1.178911e-03
-23.5 1.053103e-03
-22.5 1.275306e-03
-21.5 1.290202e-03
-20.5 2.259035e-03
-19.5 3.376103e-03
-18.5 5.733668e-03
-17.5 9.097642e-03
-16.5 1.544169e-02
-15.5 2.424387e-02
-14.5 3.306197e-02
-13.5 3.719146e-02
-12.5 3.540414e-02
-11.5 2.931580e-02
-10.5 2.299055e-02
 -9.5 1.627720e-02
 -8.5 9.412103e-03
 -7.5 5.181168e-03
 -6.5 2.690130e-03
 -5.5 8.917250e-04
 -4.5 2.734516e-04
 -3.5 6.946463e-05
 -2.5 2.967878e-05
 -1.5 7.028132e-06
 -0.5 3.708608e-06
  0.5 3.530142e-05
  1.5 8.214890e-05
  2.5 1.770781e-04
  3.5 4.785100e-04
  4.5 1.511244e-03
  5.5 3.669536e-03
  6.5 7.622148e-03
  7.5 1.396330e-02
  8.5 2.334597e-02
  9.5 3.453709e-02
 10.5 4.552346e-02
 11.5 5.298484e-02
 12.5 5.623833e-02
 13.5 5.439453e-02
 14.5 4.798831e-02
 15.5 3.614978e-02
 16.5 2.436920e-02
 17.5 1.533847e-02
 18.5 9.153531e-03
 19.5 5.669235e-03
 20.5 3.975034e-03
 21.5 3.298773e-03
 22.5 3.135540e-03
 23.5 3.270656e-03
 24.5 3.657220e-03
 25.5 4.036360e-03
 26.5 4.490421e-03
 27.5 4.979455e-03
 28.5 4.557859e-03
 29.5 4.671065e-03
 30.5 4.665014e-03
 31.5 4.715955e-03
 32.5 4.677904e-03
 33.5 4.382714e-03
 34.5 4.024362e-03
 35.5 3.748506e-03
 36.5 3.718341e-03
 37.5 3.466533e-03
 38.5 3.818590e-03
 39.5 3.836313e-03
 40.5 4.082619e-03
 41.5 3.953133e-03
 42.5 4.093262e-03
 43.5 4.282400e-03
 44.5 4.483514e-03
 45.5 4.290736e-03
 46.5 4.218447e-03
 47.5 5.019590e-03
 48.5 5.208977e-03
 49.5 5.787805e-03
 50.5 6.242651e-03
 51.5 6.278725e-03
 52.5 5.905047e-03
 53.5 6.198751e-03
 54.5 6.017636e-03
 55.5 6.190982e-03
 56.5 5.461219e-03
 57.5 5.249262e-03
 58.5 4.767395e-03
 59.5 4.490968e-03
 60.5 3.924919e-03
 61.5 3.677528e-03
 62.5 3.273715e-03
 63.5 2.994229e-03
 64.5 2.700972e-03
 65.5 2.064624e-03
 66.5 1.689334e-03
 67.5 1.220429e-03
 68.5 8.977332e-04
 69.5 5.108433e-04
 70.5 2.715181e-04
 71.5 8.909544e-05
 72.5 3.482306e-05
 73.5 4.616329e-07
